Total time: 0.0217871
is_optimal: true
optimality_bound: 1
successive_bounds: [1.00188, 1.00188, 1.00188, 1.00125, 1.00125, 1.00125, 1.00125, 1.00125, 1.00125, 1.00125, 1, 1]
successive_runtimes: [0.0102573, 0.0110207, 0.0117633, 0.0127928, 0.0136452, 0.0145325, 0.0153712, 0.0176834, 0.0188888, 0.0203369, 0.0217871]
num_agents: 30
time_individual_plan: 0.00859205
time_first_plan: 0.000920417
num_max_agents_in_window_first_iteration: 2
num_recWAMPF: 11
timing_recWAMPF:
    total_RecWAMPF: 0.0124443
    num_windows: 42
    num_max_agents_in_window: 2
    timing_gari:
        total_GARI: 0.00835792
        time_path_btw_starts: 0.000165485
        Stage1:
            total_Stage1:0.000640385
            time_add_x_to_o: 0.000191992
            time_clear_x: 2.8318e-05
            timing_AStarSearchUntil:
                total_astar_search_until:0.000277364
                num_values_f_less_fmax:144
                ASU Exp:
                    total_ASUExp:0.000276053
                    time_top_o:4.2283e-05
                    time_check_in_c:1.6732e-05
                    time_add_parent:0
                    num_neighbors:0
                    time_add_neighbors_to_o:0
        Stage2:
            total_Stage2:0.00170735
            num_len_path:47
            time_expanding_s:2.8359e-05
            timing_AStarSearchUntil:
                total_astar_search_until:0.00158846
                num_values_f_less_fmax:179
                ASU Exp:
                    total_ASUExp:0.00158734
                    time_top_o:5.4476e-05
                    time_check_in_c:5.0682e-05
                    time_add_parent:0.000115739
                    num_neighbors:1343
                    time_add_neighbors_to_o:0.000853702
        Stage3:
            total_Stage3:0.00552683
            num_until_goal_expanded:959
            timing_S3Exp:
                total_S3Exp: 0.00467313
                time_top_o: 0.000236476
                time_check_in_c: 0.00019483
                time_add_parent: 0.000478781
                num_neighbors: 4043
                time_add_neighbors_to_o: 0.00256
    timing_PIOW_overlapping:
        total_PIOW: 4.996e-06
        num_windows: 40
        time_check_overlap: 2.739e-06
        num_overlapping_windows: 0
        time_merge_windows: 0
        time_remove_window: 0
        time_remove_window: 0
        timing_PlanIn:
            total_PlanIn:0
            num_until_goal_expanded:0
            timing_expansions:
                total_S3Exp: 0
                time_top_o: 0
                time_check_in_c: 0
                time_add_parent: 0
                num_neighbors: 0
                time_add_neighbors_to_o: 0
    num_new_collisions: 2
    timing_PIOW_new_collisions:
        total_PIOW: 0.000369536
        num_windows: 1
        time_check_overlap: 1.623e-06
        num_overlapping_windows: 0
        time_merge_windows: 0
        time_remove_window: 0
        time_remove_window: 6.73e-07
        timing_PlanIn:
            total_PlanIn:0.00036356
            num_until_goal_expanded:75
            timing_expansions:
                total_S3Exp: 0.00035559
                time_top_o: 1.4756e-05
                time_check_in_c: 2.0136e-05
                time_add_parent: 4.5481e-05
                num_neighbors: 181
                time_add_neighbors_to_o: 0.000139685
    num_windows_should_quit: 0
    time_should_quit: 7.02e-07
    time_remove_window: 0
Complete!
