Total time: 0.0469965
is_optimal: true
optimality_bound: 1
successive_bounds: [1.00079, 1.00079, 1.00079, 1.00079, 1.00079, 1.00079, 1.00079, 1.00079, 1.00079, 1.00079, 1.00079, 1.00079, 1.00079, 1.00079, 1.00079, 1.00079, 1.00079, 1.00079, 1.00079, 1.00079, 1.00079, 1.00079, 1]
successive_runtimes: [0.0146588, 0.0153585, 0.0176102, 0.0198663, 0.0210345, 0.0218585, 0.0227311, 0.0235599, 0.0258752, 0.0271352, 0.0281437, 0.0291696, 0.0302046, 0.0348978, 0.0364335, 0.0378108, 0.0392428, 0.0407604, 0.0423399, 0.04393, 0.0456013, 0.0469965]
num_agents: 20
time_individual_plan: 0.0113322
time_first_plan: 0.00205349
num_max_agents_in_window_first_iteration: 2
num_recWAMPF: 22
timing_recWAMPF:
    total_RecWAMPF: 0.0343807
    num_windows: 43
    num_max_agents_in_window: 2
    timing_gari:
        total_GARI: 0.0268659
        time_path_btw_starts: 0.00029596
        Stage1:
            total_Stage1:0.00431813
            time_add_x_to_o: 0.000299749
            time_clear_x: 4.8554e-05
            timing_AStarSearchUntil:
                total_astar_search_until:0.00231514
                num_values_f_less_fmax:133
                ASU Exp:
                    total_ASUExp:0.00231278
                    time_top_o:0.000101187
                    time_check_in_c:2.5483e-05
                    time_add_parent:0
                    num_neighbors:0
                    time_add_neighbors_to_o:0
        Stage2:
            total_Stage2:0.0124696
            num_len_path:47
            time_expanding_s:5.5186e-05
            timing_AStarSearchUntil:
                total_astar_search_until:0.0112153
                num_values_f_less_fmax:291
                ASU Exp:
                    total_ASUExp:0.0112132
                    time_top_o:0.000220218
                    time_check_in_c:0.000121185
                    time_add_parent:0.000320307
                    num_neighbors:4027
                    time_add_neighbors_to_o:0.00464535
        Stage3:
            total_Stage3:0.00884295
            num_until_goal_expanded:135
            timing_S3Exp:
                total_S3Exp: 0.00228185
                time_top_o: 0.000123543
                time_check_in_c: 5.9824e-05
                time_add_parent: 0.000105836
                num_neighbors: 1175
                time_add_neighbors_to_o: 0.00128346
    timing_PIOW_overlapping:
        total_PIOW: 1.64e-06
        num_windows: 21
        time_check_overlap: 0
        num_overlapping_windows: 0
        time_merge_windows: 0
        time_remove_window: 0
        time_remove_window: 0
        timing_PlanIn:
            total_PlanIn:0
            num_until_goal_expanded:0
            timing_expansions:
                total_S3Exp: 0
                time_top_o: 0
                time_check_in_c: 0
                time_add_parent: 0
                num_neighbors: 0
                time_add_neighbors_to_o: 0
    num_new_collisions: 1
    timing_PIOW_new_collisions:
        total_PIOW: 0.00170626
        num_windows: 0
        time_check_overlap: 0
        num_overlapping_windows: 0
        time_merge_windows: 0
        time_remove_window: 0
        time_remove_window: 5.82e-07
        timing_PlanIn:
            total_PlanIn:0.00169337
            num_until_goal_expanded:58
            timing_expansions:
                total_S3Exp: 0.00167539
                time_top_o: 3.03e-05
                time_check_in_c: 2.9858e-05
                time_add_parent: 6.4595e-05
                num_neighbors: 1062
                time_add_neighbors_to_o: 0.00126166
    num_windows_should_quit: 1
    time_should_quit: 1.237e-06
    time_remove_window: 1.496e-06
Complete!
