Total time: 0.0691981
is_optimal: true
optimality_bound: 1
successive_bounds: [1.00202, 1.00202, 1.00202, 1.00202, 1.00202, 1.00202, 1.00202, 1.00101, 1.00101, 1.00101, 1.00101, 1.00101, 1.00101, 1.00101, 1.00101, 1.00101, 1.00101, 1.00101, 1.00101, 1.00101, 1.00101, 1.00101, 1.00101, 1.00101, 1.00101, 1.00101, 1.00101, 1.00101, 1]
successive_runtimes: [0.0204629, 0.0217504, 0.0231288, 0.0243595, 0.0255313, 0.0271439, 0.0293805, 0.0398028, 0.0418764, 0.0432225, 0.0447488, 0.0462334, 0.0476099, 0.0489493, 0.0502975, 0.0516695, 0.0532341, 0.0550448, 0.0564113, 0.0577864, 0.059122, 0.0606112, 0.0619541, 0.0632971, 0.064762, 0.0661944, 0.0678341, 0.069198]
num_agents: 30
time_individual_plan: 0.017491
time_first_plan: 0.00154313
num_max_agents_in_window_first_iteration: 2
num_recWAMPF: 28
timing_recWAMPF:
    total_RecWAMPF: 0.0502637
    num_windows: 72
    num_max_agents_in_window: 2
    timing_gari:
        total_GARI: 0.0329578
        time_path_btw_starts: 0.000521339
        Stage1:
            total_Stage1:0.00293245
            time_add_x_to_o: 0.000400044
            time_clear_x: 8.2946e-05
            timing_AStarSearchUntil:
                total_astar_search_until:9.6489e-05
                num_values_f_less_fmax:30
                ASU Exp:
                    total_ASUExp:9.2031e-05
                    time_top_o:1.899e-05
                    time_check_in_c:6.044e-06
                    time_add_parent:0
                    num_neighbors:0
                    time_add_neighbors_to_o:0
        Stage2:
            total_Stage2:0.0143218
            num_len_path:85
            time_expanding_s:0.000104051
            timing_AStarSearchUntil:
                total_astar_search_until:0.0124487
                num_values_f_less_fmax:287
                ASU Exp:
                    total_ASUExp:0.0124451
                    time_top_o:0.000263126
                    time_check_in_c:0.000137814
                    time_add_parent:0.000354699
                    num_neighbors:5345
                    time_add_neighbors_to_o:0.00597063
        Stage3:
            total_Stage3:0.0131249
            num_until_goal_expanded:232
            timing_S3Exp:
                total_S3Exp: 0.00513771
                time_top_o: 0.000167087
                time_check_in_c: 0.000106894
                time_add_parent: 0.000196695
                num_neighbors: 3015
                time_add_neighbors_to_o: 0.00352895
    timing_PIOW_overlapping:
        total_PIOW: 7.206e-06
        num_windows: 51
        time_check_overlap: 1.88e-06
        num_overlapping_windows: 0
        time_merge_windows: 0
        time_remove_window: 0
        time_remove_window: 0
        timing_PlanIn:
            total_PlanIn:0
            num_until_goal_expanded:0
            timing_expansions:
                total_S3Exp: 0
                time_top_o: 0
                time_check_in_c: 0
                time_add_parent: 0
                num_neighbors: 0
                time_add_neighbors_to_o: 0
    num_new_collisions: 2
    timing_PIOW_new_collisions:
        total_PIOW: 0.000641355
        num_windows: 1
        time_check_overlap: 1.553e-06
        num_overlapping_windows: 0
        time_merge_windows: 0
        time_remove_window: 0
        time_remove_window: 1.3e-06
        timing_PlanIn:
            total_PlanIn:0.000572005
            num_until_goal_expanded:18
            timing_expansions:
                total_S3Exp: 0.000556584
                time_top_o: 9.176e-06
                time_check_in_c: 9.131e-06
                time_add_parent: 2.2422e-05
                num_neighbors: 307
                time_add_neighbors_to_o: 0.000399317
    num_windows_should_quit: 2
    time_should_quit: 2.344e-06
    time_remove_window: 1.778e-06
Complete!
