Total time: 0.0321754
is_optimal: true
optimality_bound: 1
successive_bounds: [1.00321, 1.00321, 1.00321, 1.00321, 1.00321, 1.00321, 1.0016, 1.0016, 1.0016, 1.0016, 1.0016, 1.0016, 1.0016, 1.0016, 1.0016, 1.0016, 1, 1]
successive_runtimes: [0.0103413, 0.0111784, 0.0119675, 0.012939, 0.0141197, 0.0158605, 0.0179982, 0.0194415, 0.0207103, 0.0218489, 0.0232117, 0.0244996, 0.0257302, 0.0270009, 0.0282938, 0.0301411, 0.0321754]
num_agents: 20
time_individual_plan: 0.00833208
time_first_plan: 0.000865983
num_max_agents_in_window_first_iteration: 2
num_recWAMPF: 17
timing_recWAMPF:
    total_RecWAMPF: 0.022692
    num_windows: 66
    num_max_agents_in_window: 2
    timing_gari:
        total_GARI: 0.0189066
        time_path_btw_starts: 0.00033215
        Stage1:
            total_Stage1:0.00139369
            time_add_x_to_o: 0.000496066
            time_clear_x: 9.0025e-05
            timing_AStarSearchUntil:
                total_astar_search_until:0.000319457
                num_values_f_less_fmax:166
                ASU Exp:
                    total_ASUExp:0.000316305
                    time_top_o:7.7663e-05
                    time_check_in_c:2.8364e-05
                    time_add_parent:0
                    num_neighbors:0
                    time_add_neighbors_to_o:0
        Stage2:
            total_Stage2:0.0036078
            num_len_path:55
            time_expanding_s:6.1539e-05
            timing_AStarSearchUntil:
                total_astar_search_until:0.00326834
                num_values_f_less_fmax:147
                ASU Exp:
                    total_ASUExp:0.0032656
                    time_top_o:7.5486e-05
                    time_check_in_c:6.5036e-05
                    time_add_parent:0.000142649
                    num_neighbors:2435
                    time_add_neighbors_to_o:0.00216411
        Stage3:
            total_Stage3:0.0129225
            num_until_goal_expanded:1391
            timing_S3Exp:
                total_S3Exp: 0.0101707
                time_top_o: 0.000514119
                time_check_in_c: 0.000435542
                time_add_parent: 0.0010324
                num_neighbors: 5394
                time_add_neighbors_to_o: 0.00512738
    timing_PIOW_overlapping:
        total_PIOW: 9.599e-06
        num_windows: 64
        time_check_overlap: 4.458e-06
        num_overlapping_windows: 0
        time_merge_windows: 0
        time_remove_window: 0
        time_remove_window: 0
        timing_PlanIn:
            total_PlanIn:0
            num_until_goal_expanded:0
            timing_expansions:
                total_S3Exp: 0
                time_top_o: 0
                time_check_in_c: 0
                time_add_parent: 0
                num_neighbors: 0
                time_add_neighbors_to_o: 0
    num_new_collisions: 2
    timing_PIOW_new_collisions:
        total_PIOW: 0.000545143
        num_windows: 1
        time_check_overlap: 3.36e-07
        num_overlapping_windows: 0
        time_merge_windows: 0
        time_remove_window: 0
        time_remove_window: 1.11e-06
        timing_PlanIn:
            total_PlanIn:0.000538889
            num_until_goal_expanded:55
            timing_expansions:
                total_S3Exp: 0.000521858
                time_top_o: 1.7753e-05
                time_check_in_c: 2.4145e-05
                time_add_parent: 5.0468e-05
                num_neighbors: 221
                time_add_neighbors_to_o: 0.000240396
    num_windows_should_quit: 0
    time_should_quit: 1.647e-06
    time_remove_window: 0
Complete!
