Total time: 0.0717353
is_optimal: true
optimality_bound: 1
successive_bounds: [1.00155, 1.00155, 1.00155, 1.00155, 1.00155, 1.00155, 1.00155, 1.00155, 1.00155, 1.00155, 1.00155, 1.00155, 1.00155, 1.00155, 1.00155, 1.00155, 1.00155, 1.00155, 1.00155, 1, 1]
successive_runtimes: [0.00782799, 0.00822024, 0.00875485, 0.0091653, 0.00960857, 0.0100763, 0.0105658, 0.0117478, 0.012488, 0.0151959, 0.0164028, 0.0177676, 0.0192149, 0.0210518, 0.023163, 0.0254702, 0.0269775, 0.0295614, 0.0549567, 0.0717352]
num_agents: 20
time_individual_plan: 0.00646951
time_first_plan: 0.000470625
num_max_agents_in_window_first_iteration: 2
num_recWAMPF: 20
timing_recWAMPF:
    total_RecWAMPF: 0.0643703
    num_windows: 39
    num_max_agents_in_window: 2
    timing_gari:
        total_GARI: 0.0611221
        time_path_btw_starts: 0.000196471
        Stage1:
            total_Stage1:0.0181175
            time_add_x_to_o: 0.000518331
            time_clear_x: 0.000104751
            timing_AStarSearchUntil:
                total_astar_search_until:0.0160087
                num_values_f_less_fmax:266
                ASU Exp:
                    total_ASUExp:0.0160071
                    time_top_o:0.000168019
                    time_check_in_c:3.7464e-05
                    time_add_parent:0
                    num_neighbors:0
                    time_add_neighbors_to_o:0
        Stage2:
            total_Stage2:0.009689
            num_len_path:40
            time_expanding_s:4.4689e-05
            timing_AStarSearchUntil:
                total_astar_search_until:0.00848202
                num_values_f_less_fmax:235
                ASU Exp:
                    total_ASUExp:0.00848068
                    time_top_o:0.000133367
                    time_check_in_c:7.4336e-05
                    time_add_parent:0.000175865
                    num_neighbors:4080
                    time_add_neighbors_to_o:0.00306697
        Stage3:
            total_Stage3:0.0323693
            num_until_goal_expanded:1741
            timing_S3Exp:
                total_S3Exp: 0.0274117
                time_top_o: 0.00100249
                time_check_in_c: 0.000564969
                time_add_parent: 0.00125364
                num_neighbors: 35111
                time_add_neighbors_to_o: 0.0207648
    timing_PIOW_overlapping:
        total_PIOW: 1.127e-06
        num_windows: 19
        time_check_overlap: 0
        num_overlapping_windows: 0
        time_merge_windows: 0
        time_remove_window: 0
        time_remove_window: 0
        timing_PlanIn:
            total_PlanIn:0
            num_until_goal_expanded:0
            timing_expansions:
                total_S3Exp: 0
                time_top_o: 0
                time_check_in_c: 0
                time_add_parent: 0
                num_neighbors: 0
                time_add_neighbors_to_o: 0
    num_new_collisions: 1
    timing_PIOW_new_collisions:
        total_PIOW: 0.000286719
        num_windows: 0
        time_check_overlap: 0
        num_overlapping_windows: 0
        time_merge_windows: 0
        time_remove_window: 0
        time_remove_window: 4.18e-07
        timing_PlanIn:
            total_PlanIn:0.000283204
            num_until_goal_expanded:13
            timing_expansions:
                total_S3Exp: 0.000276396
                time_top_o: 4.399e-06
                time_check_in_c: 5.208e-06
                time_add_parent: 1.1047e-05
                num_neighbors: 212
                time_add_neighbors_to_o: 0.00019592
    num_windows_should_quit: 0
    time_should_quit: 8.09e-07
    time_remove_window: 0
Complete!
