Total time: 604.168
is_optimal: true
optimality_bound: 1
successive_bounds: [1.00455, 1.00455, 1.00455, 1.00341, 1.00285, 1.00285, 1.00285, 1.00171, 1.00171, 1.00171, 1.00171, 1.00114, 1.00114, 1.00114, 1.00114, 1]
successive_runtimes: [0.0265092, 0.0288525, 0.0320054, 0.0358913, 0.0392915, 0.0424948, 0.0488541, 0.053578, 0.0600884, 0.0653775, 0.0983634, 0.263318, 0.307791, 0.36527, 604.168]
num_agents: 30
time_individual_plan: 0.0224186
time_first_plan: 0.00266533
num_max_agents_in_window_first_iteration: 2
num_recWAMPF: 15
timing_recWAMPF:
    total_RecWAMPF: 604.145
    num_windows: 159
    num_max_agents_in_window: 4
    timing_gari:
        total_GARI: 0.242032
        time_path_btw_starts: 0.000940979
        Stage1:
            total_Stage1:0.124452
            time_add_x_to_o: 0.0018474
            time_clear_x: 0.000339457
            timing_AStarSearchUntil:
                total_astar_search_until:0.115583
                num_values_f_less_fmax:734
                ASU Exp:
                    total_ASUExp:0.115575
                    time_top_o:0.000639178
                    time_check_in_c:0.00028479
                    time_add_parent:0
                    num_neighbors:0
                    time_add_neighbors_to_o:0
        Stage2:
            total_Stage2:0.0268811
            num_len_path:161
            time_expanding_s:0.000212855
            timing_AStarSearchUntil:
                total_astar_search_until:0.0214456
                num_values_f_less_fmax:724
                ASU Exp:
                    total_ASUExp:0.0214384
                    time_top_o:0.00043177
                    time_check_in_c:0.000268554
                    time_add_parent:0.000729165
                    num_neighbors:11181
                    time_add_neighbors_to_o:0.0106373
        Stage3:
            total_Stage3:0.0858639
            num_until_goal_expanded:3401
            timing_S3Exp:
                total_S3Exp: 0.0561627
                time_top_o: 0.00228674
                time_check_in_c: 0.00122918
                time_add_parent: 0.00287508
                num_neighbors: 51151
                time_add_neighbors_to_o: 0.0402954
    timing_PIOW_overlapping:
        total_PIOW: 603.894
        num_windows: 461
        time_check_overlap: 3.5877e-05
        num_overlapping_windows: 5
        time_merge_windows: 1.5489e-05
        time_remove_window: 1.727e-06
        time_remove_window: 1.5104e-05
        timing_PlanIn:
            total_PlanIn:602.099
            num_until_goal_expanded:1866754
            timing_expansions:
                total_S3Exp: 602.099
                time_top_o: 5.3425
                time_check_in_c: 1.24013
                time_add_parent: 2.15201
                num_neighbors: 816738528
                time_add_neighbors_to_o: 556.815
    num_new_collisions: 6
    timing_PIOW_new_collisions:
        total_PIOW: 0.00129009
        num_windows: 15
        time_check_overlap: 1.897e-06
        num_overlapping_windows: 0
        time_merge_windows: 0
        time_remove_window: 0
        time_remove_window: 2.553e-06
        timing_PlanIn:
            total_PlanIn:0.00126918
            num_until_goal_expanded:83
            timing_expansions:
                total_S3Exp: 0.00123699
                time_top_o: 3.2969e-05
                time_check_in_c: 4.3351e-05
                time_add_parent: 9.8656e-05
                num_neighbors: 513
                time_add_neighbors_to_o: 0.000732514
    num_windows_should_quit: 1
    time_should_quit: 4.019e-06
    time_remove_window: 2.62e-07
Complete!
