Total time: 0.0221692
is_optimal: true
optimality_bound: 1
successive_bounds: [1.00143, 1.00143, 1.00143, 1.00143, 1.00143, 1.00143, 1.00143, 1.00143, 1.00143, 1.00143, 1.00143, 1.00143, 1.00143, 1.00143, 1.00143, 1, 1]
successive_runtimes: [0.0120773, 0.0126045, 0.0131068, 0.0136406, 0.0141857, 0.0147491, 0.0154813, 0.0162185, 0.016955, 0.0177003, 0.0183671, 0.0191255, 0.0199068, 0.0206436, 0.0214028, 0.0221692]
num_agents: 20
time_individual_plan: 0.0100609
time_first_plan: 0.000573745
num_max_agents_in_window_first_iteration: 2
num_recWAMPF: 16
timing_recWAMPF:
    total_RecWAMPF: 0.0106563
    num_windows: 31
    num_max_agents_in_window: 2
    timing_gari:
        total_GARI: 0.00559909
        time_path_btw_starts: 0.000223227
        Stage1:
            total_Stage1:0.000293257
            time_add_x_to_o: 0.000149086
            time_clear_x: 1.6121e-05
            timing_AStarSearchUntil:
                total_astar_search_until:7.5878e-05
                num_values_f_less_fmax:44
                ASU Exp:
                    total_ASUExp:7.3957e-05
                    time_top_o:2.9416e-05
                    time_check_in_c:1.0419e-05
                    time_add_parent:0
                    num_neighbors:0
                    time_add_neighbors_to_o:0
        Stage2:
            total_Stage2:0.000616069
            num_len_path:30
            time_expanding_s:3.5205e-05
            timing_AStarSearchUntil:
                total_astar_search_until:0.000545863
                num_values_f_less_fmax:45
                ASU Exp:
                    total_ASUExp:0.000544187
                    time_top_o:2.3486e-05
                    time_check_in_c:2.897e-05
                    time_add_parent:6.2947e-05
                    num_neighbors:210
                    time_add_neighbors_to_o:0.000258853
        Stage3:
            total_Stage3:0.00407785
            num_until_goal_expanded:292
            timing_S3Exp:
                total_S3Exp: 0.00348133
                time_top_o: 0.00013628
                time_check_in_c: 0.000124625
                time_add_parent: 0.000288093
                num_neighbors: 1519
                time_add_neighbors_to_o: 0.00190051
    timing_PIOW_overlapping:
        total_PIOW: 1.222e-06
        num_windows: 15
        time_check_overlap: 0
        num_overlapping_windows: 0
        time_merge_windows: 0
        time_remove_window: 0
        time_remove_window: 0
        timing_PlanIn:
            total_PlanIn:0
            num_until_goal_expanded:0
            timing_expansions:
                total_S3Exp: 0
                time_top_o: 0
                time_check_in_c: 0
                time_add_parent: 0
                num_neighbors: 0
                time_add_neighbors_to_o: 0
    num_new_collisions: 1
    timing_PIOW_new_collisions:
        total_PIOW: 0.000263534
        num_windows: 0
        time_check_overlap: 0
        num_overlapping_windows: 0
        time_merge_windows: 0
        time_remove_window: 0
        time_remove_window: 5.43e-07
        timing_PlanIn:
            total_PlanIn:0.000259575
            num_until_goal_expanded:15
            timing_expansions:
                total_S3Exp: 0.00024884
                time_top_o: 7.289e-06
                time_check_in_c: 9.731e-06
                time_add_parent: 2.0441e-05
                num_neighbors: 51
                time_add_neighbors_to_o: 8.4054e-05
    num_windows_should_quit: 0
    time_should_quit: 1.107e-06
    time_remove_window: 0
Complete!
