Total time: 0.406451
is_optimal: true
optimality_bound: 1
successive_bounds: [1.00579, 1.00492, 1.00405, 1.00405, 1.00347, 1.00347, 1.00347, 1.00347, 1.00347, 1.00347, 1.00347, 1.00347, 1.00347, 1.00347, 1.00347, 1.00347, 1.00347, 1.00347, 1.00347, 1.00347, 1.00347, 1.00347, 1.00347, 1.00347, 1.00347, 1.00347, 1.00347, 1]
successive_runtimes: [0.046306, 0.0579342, 0.0664029, 0.074054, 0.381134, 0.382407, 0.383529, 0.384664, 0.385745, 0.386819, 0.387901, 0.38899, 0.390096, 0.391182, 0.392286, 0.393411, 0.394547, 0.395686, 0.396852, 0.398019, 0.399187, 0.400379, 0.401576, 0.402777, 0.403997, 0.405222, 0.406451]
num_agents: 50
time_individual_plan: 0.0278495
time_first_plan: 0.0170376
num_max_agents_in_window_first_iteration: 2
num_recWAMPF: 27
timing_recWAMPF:
    total_RecWAMPF: 0.377173
    num_windows: 145
    num_max_agents_in_window: 3
    timing_gari:
        total_GARI: 0.0245656
        time_path_btw_starts: 0.000790366
        Stage1:
            total_Stage1:0.00185878
            time_add_x_to_o: 0.000853496
            time_clear_x: 0.000175882
            timing_AStarSearchUntil:
                total_astar_search_until:0.000291642
                num_values_f_less_fmax:125
                ASU Exp:
                    total_ASUExp:0.000285106
                    time_top_o:6.4414e-05
                    time_check_in_c:2.5553e-05
                    time_add_parent:0
                    num_neighbors:0
                    time_add_neighbors_to_o:0
        Stage2:
            total_Stage2:0.00691651
            num_len_path:144
            time_expanding_s:0.000143039
            timing_AStarSearchUntil:
                total_astar_search_until:0.00650278
                num_values_f_less_fmax:287
                ASU Exp:
                    total_ASUExp:0.00649783
                    time_top_o:0.000143612
                    time_check_in_c:0.00012339
                    time_add_parent:0.000291796
                    num_neighbors:4494
                    time_add_neighbors_to_o:0.00465601
        Stage3:
            total_Stage3:0.0110309
            num_until_goal_expanded:1032
            timing_S3Exp:
                total_S3Exp: 0.00867587
                time_top_o: 0.000431925
                time_check_in_c: 0.000330324
                time_add_parent: 0.00070979
                num_neighbors: 5200
                time_add_neighbors_to_o: 0.00474868
    timing_PIOW_overlapping:
        total_PIOW: 0.305356
        num_windows: 680
        time_check_overlap: 3.512e-05
        num_overlapping_windows: 11
        time_merge_windows: 1.6854e-05
        time_remove_window: 2.012e-06
        time_remove_window: 1.6189e-05
        timing_PlanIn:
            total_PlanIn:0.300606
            num_until_goal_expanded:4689
            timing_expansions:
                total_S3Exp: 0.30055
                time_top_o: 0.00415547
                time_check_in_c: 0.00147574
                time_add_parent: 0.00353695
                num_neighbors: 409257
                time_add_neighbors_to_o: 0.258928
    num_new_collisions: 15
    timing_PIOW_new_collisions:
        total_PIOW: 0.00741691
        num_windows: 110
        time_check_overlap: 7.797e-06
        num_overlapping_windows: 1
        time_merge_windows: 1.992e-06
        time_remove_window: 2.38e-07
        time_remove_window: 3.853e-06
        timing_PlanIn:
            total_PlanIn:0.00732225
            num_until_goal_expanded:344
            timing_expansions:
                total_S3Exp: 0.0072404
                time_top_o: 0.000146374
                time_check_in_c: 0.000171594
                time_add_parent: 0.000380842
                num_neighbors: 4103
                time_add_neighbors_to_o: 0.00511232
    num_windows_should_quit: 3
    time_should_quit: 4.503e-06
    time_remove_window: 3.88e-07
Complete!
