Total time: 0.0190816
is_optimal: true
optimality_bound: 1
successive_bounds: [1.00155, 1.00155, 1.00155, 1.00155, 1.00155, 1.00155, 1.00155, 1.00155, 1.00155, 1.00155, 1.00155, 1, 1]
successive_runtimes: [0.0132344, 0.0138925, 0.0144377, 0.0152391, 0.015652, 0.0160675, 0.0165029, 0.0169253, 0.0173449, 0.017771, 0.0181994, 0.0190816]
num_agents: 20
time_individual_plan: 0.0113242
time_first_plan: 0.000576113
num_max_agents_in_window_first_iteration: 2
num_recWAMPF: 12
timing_recWAMPF:
    total_RecWAMPF: 0.00641721
    num_windows: 23
    num_max_agents_in_window: 2
    timing_gari:
        total_GARI: 0.00345942
        time_path_btw_starts: 0.000109612
        Stage1:
            total_Stage1:0.000285681
            time_add_x_to_o: 0.000111738
            time_clear_x: 2.4288e-05
            timing_AStarSearchUntil:
                total_astar_search_until:2.4207e-05
                num_values_f_less_fmax:14
                ASU Exp:
                    total_ASUExp:2.2856e-05
                    time_top_o:8.097e-06
                    time_check_in_c:2.8e-06
                    time_add_parent:0
                    num_neighbors:0
                    time_add_neighbors_to_o:0
        Stage2:
            total_Stage2:0.00063301
            num_len_path:12
            time_expanding_s:1.6814e-05
            timing_AStarSearchUntil:
                total_astar_search_until:0.000540237
                num_values_f_less_fmax:18
                ASU Exp:
                    total_ASUExp:0.000539113
                    time_top_o:1.2209e-05
                    time_check_in_c:1.0888e-05
                    time_add_parent:2.4123e-05
                    num_neighbors:420
                    time_add_neighbors_to_o:0.000380854
        Stage3:
            total_Stage3:0.00217888
            num_until_goal_expanded:71
            timing_S3Exp:
                total_S3Exp: 0.00172042
                time_top_o: 3.3774e-05
                time_check_in_c: 3.3166e-05
                time_add_parent: 5.6326e-05
                num_neighbors: 1077
                time_add_neighbors_to_o: 0.00128659
    timing_PIOW_overlapping:
        total_PIOW: 1.095e-06
        num_windows: 11
        time_check_overlap: 0
        num_overlapping_windows: 0
        time_merge_windows: 0
        time_remove_window: 0
        time_remove_window: 0
        timing_PlanIn:
            total_PlanIn:0
            num_until_goal_expanded:0
            timing_expansions:
                total_S3Exp: 0
                time_top_o: 0
                time_check_in_c: 0
                time_add_parent: 0
                num_neighbors: 0
                time_add_neighbors_to_o: 0
    num_new_collisions: 1
    timing_PIOW_new_collisions:
        total_PIOW: 0.000317864
        num_windows: 0
        time_check_overlap: 0
        num_overlapping_windows: 0
        time_merge_windows: 0
        time_remove_window: 0
        time_remove_window: 5.1e-07
        timing_PlanIn:
            total_PlanIn:0.000313238
            num_until_goal_expanded:10
            timing_expansions:
                total_S3Exp: 0.00029804
                time_top_o: 5.222e-06
                time_check_in_c: 5.252e-06
                time_add_parent: 1.2426e-05
                num_neighbors: 169
                time_add_neighbors_to_o: 0.000208979
    num_windows_should_quit: 0
    time_should_quit: 7.78e-07
    time_remove_window: 0
Complete!
