Total time: 0.057504
is_optimal: true
optimality_bound: 1
successive_bounds: [1.00686, 1.0061, 1.0061, 1.0061, 1.00457, 1]
successive_runtimes: [0.025965, 0.0312089, 0.0363071, 0.0421591, 0.0575039]
num_agents: 40
time_individual_plan: 0.0169597
time_first_plan: 0.00753318
num_max_agents_in_window_first_iteration: 2
num_recWAMPF: 5
timing_recWAMPF:
    total_RecWAMPF: 0.0390637
    num_windows: 66
    num_max_agents_in_window: 3
    timing_gari:
        total_GARI: 0.0194503
        time_path_btw_starts: 0.000453741
        Stage1:
            total_Stage1:0.00116623
            time_add_x_to_o: 0.000654794
            time_clear_x: 0.000122171
            timing_AStarSearchUntil:
                total_astar_search_until:0.000246674
                num_values_f_less_fmax:150
                ASU Exp:
                    total_ASUExp:0.000243167
                    time_top_o:8.4228e-05
                    time_check_in_c:2.9297e-05
                    time_add_parent:0
                    num_neighbors:0
                    time_add_neighbors_to_o:0
        Stage2:
            total_Stage2:0.0103242
            num_len_path:65
            time_expanding_s:7.8858e-05
            timing_AStarSearchUntil:
                total_astar_search_until:0.0101645
                num_values_f_less_fmax:350
                ASU Exp:
                    total_ASUExp:0.0101617
                    time_top_o:0.000229502
                    time_check_in_c:0.00016072
                    time_add_parent:0.000391678
                    num_neighbors:6273
                    time_add_neighbors_to_o:0.0067009
        Stage3:
            total_Stage3:0.00624633
            num_until_goal_expanded:538
            timing_S3Exp:
                total_S3Exp: 0.00516231
                time_top_o: 0.000308986
                time_check_in_c: 0.000224664
                time_add_parent: 0.000509288
                num_neighbors: 2185
                time_add_neighbors_to_o: 0.0027299
    timing_PIOW_overlapping:
        total_PIOW: 0.00785804
        num_windows: 297
        time_check_overlap: 1.9103e-05
        num_overlapping_windows: 8
        time_merge_windows: 1.3737e-05
        time_remove_window: 1.404e-06
        time_remove_window: 1.301e-05
        timing_PlanIn:
            total_PlanIn:0.00772622
            num_until_goal_expanded:408
            timing_expansions:
                total_S3Exp: 0.00768959
                time_top_o: 0.000186028
                time_check_in_c: 0.000175005
                time_add_parent: 0.000445821
                num_neighbors: 3934
                time_add_neighbors_to_o: 0.00522378
    num_new_collisions: 9
    timing_PIOW_new_collisions:
        total_PIOW: 0.00317928
        num_windows: 36
        time_check_overlap: 4.526e-06
        num_overlapping_windows: 0
        time_merge_windows: 0
        time_remove_window: 0
        time_remove_window: 3.629e-06
        timing_PlanIn:
            total_PlanIn:0.00313326
            num_until_goal_expanded:202
            timing_expansions:
                total_S3Exp: 0.00308013
                time_top_o: 9.0889e-05
                time_check_in_c: 0.000110664
                time_add_parent: 0.000244142
                num_neighbors: 1169
                time_add_neighbors_to_o: 0.00179023
    num_windows_should_quit: 1
    time_should_quit: 1.924e-06
    time_remove_window: 2.11e-07
Complete!
