Total time: 1.78939
is_optimal: true
optimality_bound: 1
successive_bounds: [1.04831, 1.04831, 1.00337, 1.00337, 1.00337, 1.00337, 1.00337, 1.00337, 1.00337, 1.00337, 1.00337, 1.00337, 1.00337, 1.00337, 1.00337, 1.00225, 1.00225, 1.00225, 1.00225, 1.00225, 1.00225, 1.00225, 1.00225, 1.00225, 1.00225, 1.00225, 1.00112, 1.00112, 1.00112, 1.00112, 1.00112, 1.00112, 1.00112, 1.00112, 1.00112, 1.00112, 1.00112, 1.00112, 1, 1]
successive_runtimes: [0.02958, 0.0456741, 0.0721779, 0.078729, 0.0824529, 0.0861901, 0.0908403, 0.0957017, 0.100902, 0.109246, 0.114818, 0.125014, 0.143287, 0.155589, 0.188855, 0.344903, 0.607032, 0.652251, 0.732557, 0.79822, 0.855554, 0.929045, 1.00912, 1.1206, 1.17876, 1.21902, 1.71239, 1.72318, 1.73047, 1.73788, 1.7465, 1.75727, 1.76485, 1.77268, 1.7754, 1.77919, 1.78247, 1.78561, 1.78939]
num_agents: 30
time_individual_plan: 0.0169053
time_first_plan: 0.011181
num_max_agents_in_window_first_iteration: 2
num_recWAMPF: 39
timing_recWAMPF:
    total_RecWAMPF: 1.77098
    num_windows: 240
    num_max_agents_in_window: 3
    timing_gari:
        total_GARI: 1.61077
        time_path_btw_starts: 0.00120166
        Stage1:
            total_Stage1:0.416978
            time_add_x_to_o: 0.00960873
            time_clear_x: 0.0017004
            timing_AStarSearchUntil:
                total_astar_search_until:0.341639
                num_values_f_less_fmax:3213
                ASU Exp:
                    total_ASUExp:0.341626
                    time_top_o:0.00227587
                    time_check_in_c:0.00128082
                    time_add_parent:0
                    num_neighbors:0
                    time_add_neighbors_to_o:0
        Stage2:
            total_Stage2:0.834359
            num_len_path:242
            time_expanding_s:0.000498026
            timing_AStarSearchUntil:
                total_astar_search_until:0.797025
                num_values_f_less_fmax:6724
                ASU Exp:
                    total_ASUExp:0.797016
                    time_top_o:0.00524123
                    time_check_in_c:0.0026937
                    time_add_parent:0.00664852
                    num_neighbors:96480
                    time_add_neighbors_to_o:0.0697218
        Stage3:
            total_Stage3:0.342954
            num_until_goal_expanded:11295
            timing_S3Exp:
                total_S3Exp: 0.0854035
                time_top_o: 0.00457517
                time_check_in_c: 0.0031265
                time_add_parent: 0.00733949
                num_neighbors: 69684
                time_add_neighbors_to_o: 0.0485118
    timing_PIOW_overlapping:
        total_PIOW: 5.8902e-05
        num_windows: 414
        time_check_overlap: 3.6041e-05
        num_overlapping_windows: 0
        time_merge_windows: 0
        time_remove_window: 0
        time_remove_window: 0
        timing_PlanIn:
            total_PlanIn:0
            num_until_goal_expanded:0
            timing_expansions:
                total_S3Exp: 0
                time_top_o: 0
                time_check_in_c: 0
                time_add_parent: 0
                num_neighbors: 0
                time_add_neighbors_to_o: 0
    num_new_collisions: 5
    timing_PIOW_new_collisions:
        total_PIOW: 0.142089
        num_windows: 10
        time_check_overlap: 1.255e-06
        num_overlapping_windows: 1
        time_merge_windows: 1.495e-06
        time_remove_window: 3.44e-07
        time_remove_window: 2.215e-06
        timing_PlanIn:
            total_PlanIn:0.139832
            num_until_goal_expanded:2798
            timing_expansions:
                total_S3Exp: 0.139801
                time_top_o: 0.00200149
                time_check_in_c: 0.00100408
                time_add_parent: 0.00243218
                num_neighbors: 188261
                time_add_neighbors_to_o: 0.118644
    num_windows_should_quit: 3
    time_should_quit: 6.798e-06
    time_remove_window: 4.32e-07
Complete!
