Total time: 3.06869
is_optimal: true
optimality_bound: 1
successive_bounds: [1.00123, 1.00123, 1.00123, 1.00123, 1.00123, 1.00123, 1.00123, 1, 1]
successive_runtimes: [0.0182641, 0.0191658, 0.0200462, 0.0370851, 0.0557793, 0.0858066, 0.130613, 3.06869]
num_agents: 20
time_individual_plan: 0.015444
time_first_plan: 0.00139984
num_max_agents_in_window_first_iteration: 2
num_recWAMPF: 8
timing_recWAMPF:
    total_RecWAMPF: 3.05182
    num_windows: 21
    num_max_agents_in_window: 4
    timing_gari:
        total_GARI: 3.00081
        time_path_btw_starts: 0.000211683
        Stage1:
            total_Stage1:0.0712768
            time_add_x_to_o: 0.00241813
            time_clear_x: 0.000662279
            timing_AStarSearchUntil:
                total_astar_search_until:0.0666213
                num_values_f_less_fmax:558
                ASU Exp:
                    total_ASUExp:0.06662
                    time_top_o:0.000626251
                    time_check_in_c:0.000120955
                    time_add_parent:0
                    num_neighbors:0
                    time_add_neighbors_to_o:0
        Stage2:
            total_Stage2:2.83079
            num_len_path:22
            time_expanding_s:0.000127876
            timing_AStarSearchUntil:
                total_astar_search_until:2.82928
                num_values_f_less_fmax:4765
                ASU Exp:
                    total_ASUExp:2.82928
                    time_top_o:0.00810194
                    time_check_in_c:0.00150543
                    time_add_parent:0.0046133
                    num_neighbors:275653
                    time_add_neighbors_to_o:0.170255
        Stage3:
            total_Stage3:0.0971699
            num_until_goal_expanded:1871
            timing_S3Exp:
                total_S3Exp: 0.0619614
                time_top_o: 0.00142413
                time_check_in_c: 0.00061627
                time_add_parent: 0.0017104
                num_neighbors: 66106
                time_add_neighbors_to_o: 0.0477579
    timing_PIOW_overlapping:
        total_PIOW: 0.0160895
        num_windows: 17
        time_check_overlap: 1.164e-06
        num_overlapping_windows: 1
        time_merge_windows: 3.014e-06
        time_remove_window: 1.4e-07
        time_remove_window: 2.874e-06
        timing_PlanIn:
            total_PlanIn:0.0160082
            num_until_goal_expanded:499
            timing_expansions:
                total_S3Exp: 0.016001
                time_top_o: 0.000397653
                time_check_in_c: 0.000242267
                time_add_parent: 0.000651414
                num_neighbors: 9753
                time_add_neighbors_to_o: 0.0115018
    num_new_collisions: 3
    timing_PIOW_new_collisions:
        total_PIOW: 0.032316
        num_windows: 2
        time_check_overlap: 1.693e-06
        num_overlapping_windows: 1
        time_merge_windows: 1.516e-06
        time_remove_window: 1.36e-07
        time_remove_window: 1.136e-06
        timing_PlanIn:
            total_PlanIn:0.0320168
            num_until_goal_expanded:1419
            timing_expansions:
                total_S3Exp: 0.0319921
                time_top_o: 0.000433557
                time_check_in_c: 0.000435435
                time_add_parent: 0.000897376
                num_neighbors: 36103
                time_add_neighbors_to_o: 0.0258086
    num_windows_should_quit: 0
    time_should_quit: 6.42e-07
    time_remove_window: 0
Complete!
