Total time: 363.844
is_optimal: false
optimality_bound: 1.00103
successive_bounds: [1.00257, 1.00257, 1.00257, 1.00206, 1.00206, 1.00206, 1.00206, 1.00206, 1.00206, 1.00103, 1.00103, 1.00103, 1.00103, 1.00103, 1.00103, 1.00103]
successive_runtimes: [0.028806, 0.031718, 0.0347942, 0.0390906, 0.0435032, 0.0485837, 0.0535001, 0.0637335, 0.0710972, 0.882352, 4.52912, 5.20901, 6.04246, 7.54152, 8.4075, 363.844]
num_agents: 30
time_individual_plan: 0.0234744
time_first_plan: 0.00392646
num_max_agents_in_window_first_iteration: 2
num_recWAMPF: 16
timing_recWAMPF:
    total_RecWAMPF: 363.819
    num_windows: 142
    num_max_agents_in_window: 4
    timing_gari:
        total_GARI: 363.222
        time_path_btw_starts: 0.000905867
        Stage1:
            total_Stage1:6.13974
            time_add_x_to_o: 0.0231147
            time_clear_x: 0.00677315
            timing_AStarSearchUntil:
                total_astar_search_until:6.06144
                num_values_f_less_fmax:5130
                ASU Exp:
                    total_ASUExp:6.06143
                    time_top_o:0.0107257
                    time_check_in_c:0.00317195
                    time_add_parent:0
                    num_neighbors:0
                    time_add_neighbors_to_o:0
        Stage2:
            total_Stage2:355.209
            num_len_path:155
            time_expanding_s:0.002362
            timing_AStarSearchUntil:
                total_astar_search_until:355.184
                num_values_f_less_fmax:20924
                ASU Exp:
                    total_ASUExp:355.184
                    time_top_o:0.088309
                    time_check_in_c:0.0200389
                    time_add_parent:0.034185
                    num_neighbors:5668480
                    time_add_neighbors_to_o:5.25591
        Stage3:
            total_Stage3:1.83306
            num_until_goal_expanded:10499
            timing_S3Exp:
                total_S3Exp: 1.0504
                time_top_o: 0.00963391
                time_check_in_c: 0.00324767
                time_add_parent: 0.0080835
                num_neighbors: 1590832
                time_add_neighbors_to_o: 0.951855
    timing_PIOW_overlapping:
        total_PIOW: 4.7813e-05
        num_windows: 321
        time_check_overlap: 2.7685e-05
        num_overlapping_windows: 0
        time_merge_windows: 0
        time_remove_window: 0
        time_remove_window: 0
        timing_PlanIn:
            total_PlanIn:0
            num_until_goal_expanded:0
            timing_expansions:
                total_S3Exp: 0
                time_top_o: 0
                time_check_in_c: 0
                time_add_parent: 0
                num_neighbors: 0
                time_add_neighbors_to_o: 0
    num_new_collisions: 6
    timing_PIOW_new_collisions:
        total_PIOW: 0.586371
        num_windows: 17
        time_check_overlap: 2.079e-06
        num_overlapping_windows: 2
        time_merge_windows: 2.961e-06
        time_remove_window: 5.84e-07
        time_remove_window: 2.759e-06
        timing_PlanIn:
            total_PlanIn:0.579919
            num_until_goal_expanded:10088
            timing_expansions:
                total_S3Exp: 0.579881
                time_top_o: 0.0130942
                time_check_in_c: 0.00370299
                time_add_parent: 0.00949392
                num_neighbors: 792123
                time_add_neighbors_to_o: 0.488803
    num_windows_should_quit: 0
    time_should_quit: 4.265e-06
    time_remove_window: 0
Complete!
