Total time: 545.389
is_optimal: true
optimality_bound: 1
successive_bounds: [1.01698, 1.00321, 1.00321, 1.00321, 1.00321, 1.00321, 1.00275, 1.00275, 1.00275, 1.00275, 1.00275, 1.00275, 1.00092, 1.00092, 1, 1]
successive_runtimes: [0.0316689, 0.038984, 0.0431735, 0.0459759, 0.0488251, 0.0542445, 0.0770227, 0.0817739, 0.0864074, 0.0920834, 0.0988171, 0.107673, 125.596, 342.225, 545.389]
num_agents: 30
time_individual_plan: 0.024865
time_first_plan: 0.00539923
num_max_agents_in_window_first_iteration: 2
num_recWAMPF: 15
timing_recWAMPF:
    total_RecWAMPF: 545.362
    num_windows: 138
    num_max_agents_in_window: 6
    timing_gari:
        total_GARI: 419.879
        time_path_btw_starts: 0.000964519
        Stage1:
            total_Stage1:9.33827
            time_add_x_to_o: 1.42464
            time_clear_x: 0.926226
            timing_AStarSearchUntil:
                total_astar_search_until:0.00176335
                num_values_f_less_fmax:399
                ASU Exp:
                    total_ASUExp:0.00175492
                    time_top_o:0.000213931
                    time_check_in_c:7.7044e-05
                    time_add_parent:0
                    num_neighbors:0
                    time_add_neighbors_to_o:0
        Stage2:
            total_Stage2:9.61489
            num_len_path:142
            time_expanding_s:0.00377937
            timing_AStarSearchUntil:
                total_astar_search_until:2.62585
                num_values_f_less_fmax:1241
                ASU Exp:
                    total_ASUExp:2.62584
                    time_top_o:0.000829154
                    time_check_in_c:0.000492781
                    time_add_parent:0.0034091
                    num_neighbors:21740
                    time_add_neighbors_to_o:0.244589
        Stage3:
            total_Stage3:398.594
            num_until_goal_expanded:120726
            timing_S3Exp:
                total_S3Exp: 259.127
                time_top_o: 0.308502
                time_check_in_c: 0.0443588
                time_add_parent: 2.85527
                num_neighbors: 235386116
                time_add_neighbors_to_o: 250.831
    timing_PIOW_overlapping:
        total_PIOW: 0.0242291
        num_windows: 360
        time_check_overlap: 3.0459e-05
        num_overlapping_windows: 3
        time_merge_windows: 6.68e-06
        time_remove_window: 4.82e-07
        time_remove_window: 6.389e-06
        timing_PlanIn:
            total_PlanIn:0.0239638
            num_until_goal_expanded:984
            timing_expansions:
                total_S3Exp: 0.0239489
                time_top_o: 0.000450079
                time_check_in_c: 0.000308481
                time_add_parent: 0.00088339
                num_neighbors: 16898
                time_add_neighbors_to_o: 0.0181059
    num_new_collisions: 7
    timing_PIOW_new_collisions:
        total_PIOW: 125.45
        num_windows: 20
        time_check_overlap: 3.056e-06
        num_overlapping_windows: 2
        time_merge_windows: 4.936e-06
        time_remove_window: 5.77e-07
        time_remove_window: 3.558e-06
        timing_PlanIn:
            total_PlanIn:124.393
            num_until_goal_expanded:94550
            timing_expansions:
                total_S3Exp: 124.393
                time_top_o: 0.184879
                time_check_in_c: 0.0434663
                time_add_parent: 0.128093
                num_neighbors: 127067130
                time_add_neighbors_to_o: 118.632
    num_windows_should_quit: 0
    time_should_quit: 3.903e-06
    time_remove_window: 0
Complete!
