Total time: 3.90155
is_optimal: false
optimality_bound: 1.0032
successive_bounds: [1.00721, 1.00721, 1.00721, 1.00721, 1.00561, 1.00481, 1.00481, 1.00481, 1.004, 1.0032, 1.0032, 1.0032, 1.0032, 1.0032, 1.0032, 1.0032]
successive_runtimes: [0.0216033, 0.025558, 0.0305749, 0.0353292, 0.0456191, 0.0530237, 0.0616542, 0.0718701, 0.415575, 0.792328, 1.04972, 1.39717, 1.74515, 2.22608, 2.99934, 3.90155]
num_agents: 40
time_individual_plan: 0.0128611
time_first_plan: 0.00779061
num_max_agents_in_window_first_iteration: 3
num_recWAMPF: 16
timing_recWAMPF:
    total_RecWAMPF: 3.88773
    num_windows: 258
    num_max_agents_in_window: 6
    timing_gari:
        total_GARI: 3.19843
        time_path_btw_starts: 0.00127854
        Stage1:
            total_Stage1:0.55303
            time_add_x_to_o: 0.0259207
            time_clear_x: 0.00873995
            timing_AStarSearchUntil:
                total_astar_search_until:0.430564
                num_values_f_less_fmax:2144
                ASU Exp:
                    total_ASUExp:0.430554
                    time_top_o:0.0025692
                    time_check_in_c:0.000879814
                    time_add_parent:0
                    num_neighbors:0
                    time_add_neighbors_to_o:0
        Stage2:
            total_Stage2:0.1294
            num_len_path:251
            time_expanding_s:0.0012623
            timing_AStarSearchUntil:
                total_astar_search_until:0.0926656
                num_values_f_less_fmax:1289
                ASU Exp:
                    total_ASUExp:0.0926573
                    time_top_o:0.000683271
                    time_check_in_c:0.0003973
                    time_add_parent:0.00120811
                    num_neighbors:21941
                    time_add_neighbors_to_o:0.0154299
        Stage3:
            total_Stage3:2.49899
            num_until_goal_expanded:12655
            timing_S3Exp:
                total_S3Exp: 1.58819
                time_top_o: 0.00785997
                time_check_in_c: 0.00431493
                time_add_parent: 0.0126863
                num_neighbors: 1736033
                time_add_neighbors_to_o: 1.46305
    timing_PIOW_overlapping:
        total_PIOW: 0.155118
        num_windows: 1083
        time_check_overlap: 6.0954e-05
        num_overlapping_windows: 2
        time_merge_windows: 4.525e-06
        time_remove_window: 4.99e-07
        time_remove_window: 4.358e-06
        timing_PlanIn:
            total_PlanIn:0.151213
            num_until_goal_expanded:946
            timing_expansions:
                total_S3Exp: 0.1512
                time_top_o: 0.000615614
                time_check_in_c: 0.000309097
                time_add_parent: 0.000928112
                num_neighbors: 125935
                time_add_neighbors_to_o: 0.135621
    num_new_collisions: 15
    timing_PIOW_new_collisions:
        total_PIOW: 0.520893
        num_windows: 115
        time_check_overlap: 9.984e-06
        num_overlapping_windows: 6
        time_merge_windows: 1.2037e-05
        time_remove_window: 1.707e-06
        time_remove_window: 3.157e-06
        timing_PlanIn:
            total_PlanIn:0.514021
            num_until_goal_expanded:6723
            timing_expansions:
                total_S3Exp: 0.513945
                time_top_o: 0.0054839
                time_check_in_c: 0.00203397
                time_add_parent: 0.00591174
                num_neighbors: 599253
                time_add_neighbors_to_o: 0.437223
    num_windows_should_quit: 0
    time_should_quit: 8.101e-06
    time_remove_window: 0
Complete!
