Total time: 0.187881
is_optimal: true
optimality_bound: 1
successive_bounds: [1.00147, 1.00147, 1.00147, 1.00147, 1.00147, 1.00147, 1.00147, 1.00147, 1.00147, 1.00147, 1.00147, 1.00147, 1.00147, 1.00147, 1.00147, 1.00147, 1.00147, 1.00147, 1.00147, 1.00147, 1.00147, 1.00147, 1, 1]
successive_runtimes: [0.00870275, 0.00900891, 0.00930731, 0.00955594, 0.0105544, 0.0110042, 0.0114504, 0.0123931, 0.0133834, 0.0144125, 0.0154895, 0.0166178, 0.0175128, 0.020618, 0.0223008, 0.0241879, 0.0288483, 0.0332904, 0.0376836, 0.042274, 0.0468128, 0.0510898, 0.187881]
num_agents: 10
time_individual_plan: 0.00699938
time_first_plan: 0.000273985
num_max_agents_in_window_first_iteration: 2
num_recWAMPF: 23
timing_recWAMPF:
    total_RecWAMPF: 0.179439
    num_windows: 45
    num_max_agents_in_window: 2
    timing_gari:
        total_GARI: 0.177751
        time_path_btw_starts: 0.000355298
        Stage1:
            total_Stage1:0.0100223
            time_add_x_to_o: 0.000581743
            time_clear_x: 0.000127522
            timing_AStarSearchUntil:
                total_astar_search_until:0.00702858
                num_values_f_less_fmax:162
                ASU Exp:
                    total_ASUExp:0.00702562
                    time_top_o:0.000154796
                    time_check_in_c:3.6151e-05
                    time_add_parent:0
                    num_neighbors:0
                    time_add_neighbors_to_o:0
        Stage2:
            total_Stage2:0.150566
            num_len_path:52
            time_expanding_s:8.0075e-05
            timing_AStarSearchUntil:
                total_astar_search_until:0.148653
                num_values_f_less_fmax:962
                ASU Exp:
                    total_ASUExp:0.14865
                    time_top_o:0.00111425
                    time_check_in_c:0.000437007
                    time_add_parent:0.00110421
                    num_neighbors:20070
                    time_add_neighbors_to_o:0.0201015
        Stage3:
            total_Stage3:0.0157161
            num_until_goal_expanded:269
            timing_S3Exp:
                total_S3Exp: 0.00768896
                time_top_o: 0.000208505
                time_check_in_c: 0.00011786
                time_add_parent: 0.000245942
                num_neighbors: 4509
                time_add_neighbors_to_o: 0.00590269
    timing_PIOW_overlapping:
        total_PIOW: 1.722e-06
        num_windows: 22
        time_check_overlap: 0
        num_overlapping_windows: 0
        time_merge_windows: 0
        time_remove_window: 0
        time_remove_window: 0
        timing_PlanIn:
            total_PlanIn:0
            num_until_goal_expanded:0
            timing_expansions:
                total_S3Exp: 0
                time_top_o: 0
                time_check_in_c: 0
                time_add_parent: 0
                num_neighbors: 0
                time_add_neighbors_to_o: 0
    num_new_collisions: 1
    timing_PIOW_new_collisions:
        total_PIOW: 0.000171106
        num_windows: 0
        time_check_overlap: 0
        num_overlapping_windows: 0
        time_merge_windows: 0
        time_remove_window: 0
        time_remove_window: 4.93e-07
        timing_PlanIn:
            total_PlanIn:0.000167109
            num_until_goal_expanded:4
            timing_expansions:
                total_S3Exp: 0.000156184
                time_top_o: 2.566e-06
                time_check_in_c: 2.682e-06
                time_add_parent: 6.245e-06
                num_neighbors: 60
                time_add_neighbors_to_o: 0.000102362
    num_windows_should_quit: 0
    time_should_quit: 1.324e-06
    time_remove_window: 0
Complete!
