Total time: 2.82868
is_optimal: false
optimality_bound: 1.00088
successive_bounds: [1.00307, 1.00307, 1.00263, 1.00263, 1.00263, 1.00263, 1.00263, 1.00176, 1.00132, 1.00088, 1.00088, 1.00088, 1.00088, 1.00088, 1.00088, 1.00088, 1.00088, 1.00088, 1.00088, 1.00088, 1.00088, 1.00088, 1.00088]
successive_runtimes: [0.0212108, 0.0239662, 0.0267705, 0.029428, 0.0323189, 0.0352079, 0.0381132, 0.04118, 0.046466, 0.0501176, 0.0536972, 0.0572277, 0.0610611, 0.0646224, 0.0684847, 0.0725326, 0.076817, 0.081593, 0.0861228, 0.0909855, 0.0980043, 0.106097, 2.82868]
num_agents: 30
time_individual_plan: 0.0161945
time_first_plan: 0.00367213
num_max_agents_in_window_first_iteration: 3
num_recWAMPF: 23
timing_recWAMPF:
    total_RecWAMPF: 2.81112
    num_windows: 224
    num_max_agents_in_window: 4
    timing_gari:
        total_GARI: 0.0857671
        time_path_btw_starts: 0.00151839
        Stage1:
            total_Stage1:0.0042684
            time_add_x_to_o: 0.00105301
            time_clear_x: 0.000190516
            timing_AStarSearchUntil:
                total_astar_search_until:0.000672488
                num_values_f_less_fmax:273
                ASU Exp:
                    total_ASUExp:0.000661112
                    time_top_o:0.000149091
                    time_check_in_c:5.1114e-05
                    time_add_parent:0
                    num_neighbors:0
                    time_add_neighbors_to_o:0
        Stage2:
            total_Stage2:0.0199978
            num_len_path:245
            time_expanding_s:0.000267852
            timing_AStarSearchUntil:
                total_astar_search_until:0.0183295
                num_values_f_less_fmax:757
                ASU Exp:
                    total_ASUExp:0.0183196
                    time_top_o:0.000448075
                    time_check_in_c:0.000317535
                    time_add_parent:0.000737939
                    num_neighbors:10320
                    time_add_neighbors_to_o:0.00862503
        Stage3:
            total_Stage3:0.0551168
            num_until_goal_expanded:2499
            timing_S3Exp:
                total_S3Exp: 0.0416417
                time_top_o: 0.00152937
                time_check_in_c: 0.000863293
                time_add_parent: 0.00199017
                num_neighbors: 27612
                time_add_neighbors_to_o: 0.0288988
    timing_PIOW_overlapping:
        total_PIOW: 2.70917
        num_windows: 554
        time_check_overlap: 4.7185e-05
        num_overlapping_windows: 1
        time_merge_windows: 1.721e-06
        time_remove_window: 3.82e-07
        time_remove_window: 1.635e-06
        timing_PlanIn:
            total_PlanIn:2.66895
            num_until_goal_expanded:9907
            timing_expansions:
                total_S3Exp: 2.66895
                time_top_o: 0.0101656
                time_check_in_c: 0.00336344
                time_add_parent: 0.0100787
                num_neighbors: 3549620
                time_add_neighbors_to_o: 2.48011
    num_new_collisions: 6
    timing_PIOW_new_collisions:
        total_PIOW: 0.00150892
        num_windows: 19
        time_check_overlap: 1.907e-06
        num_overlapping_windows: 1
        time_merge_windows: 4.106e-06
        time_remove_window: 1.39e-07
        time_remove_window: 2.498e-06
        timing_PlanIn:
            total_PlanIn:0.0014788
            num_until_goal_expanded:69
            timing_expansions:
                total_S3Exp: 0.00144237
                time_top_o: 2.8633e-05
                time_check_in_c: 3.4176e-05
                time_add_parent: 8.3706e-05
                num_neighbors: 628
                time_add_neighbors_to_o: 0.000917314
    num_windows_should_quit: 0
    time_should_quit: 6.705e-06
    time_remove_window: 0
Complete!
