Total time: 29.9977
is_optimal: false
optimality_bound: 1.00357
successive_bounds: [1.011, 1.01011, 1.00357, 1.00357]
successive_runtimes: [0.0617083, 0.0732073, 0.0974848, 29.9977]
num_agents: 50
time_individual_plan: 0.0457296
time_first_plan: 0.0146744
num_max_agents_in_window_first_iteration: 3
num_recWAMPF: 4
timing_recWAMPF:
    total_RecWAMPF: 29.9507
    num_windows: 64
    num_max_agents_in_window: 7
    timing_gari:
        total_GARI: 0.0238819
        time_path_btw_starts: 0.000389218
        Stage1:
            total_Stage1:0.00355684
            time_add_x_to_o: 0.00188044
            time_clear_x: 0.000297116
            timing_AStarSearchUntil:
                total_astar_search_until:0.00115743
                num_values_f_less_fmax:723
                ASU Exp:
                    total_ASUExp:0.00115461
                    time_top_o:0.000307027
                    time_check_in_c:0.000124653
                    time_add_parent:0
                    num_neighbors:0
                    time_add_neighbors_to_o:0
        Stage2:
            total_Stage2:0.00677262
            num_len_path:64
            time_expanding_s:9.4057e-05
            timing_AStarSearchUntil:
                total_astar_search_until:0.00658031
                num_values_f_less_fmax:693
                ASU Exp:
                    total_ASUExp:0.0065782
                    time_top_o:0.000294521
                    time_check_in_c:0.000302195
                    time_add_parent:0.000680938
                    num_neighbors:4132
                    time_add_neighbors_to_o:0.00354719
        Stage3:
            total_Stage3:0.0107288
            num_until_goal_expanded:873
            timing_S3Exp:
                total_S3Exp: 0.00939735
                time_top_o: 0.000310675
                time_check_in_c: 0.000290146
                time_add_parent: 0.000662846
                num_neighbors: 7447
                time_add_neighbors_to_o: 0.00602076
    timing_PIOW_overlapping:
        total_PIOW: 4.12926
        num_windows: 281
        time_check_overlap: 1.5035e-05
        num_overlapping_windows: 3
        time_merge_windows: 5.546e-06
        time_remove_window: 6.96e-07
        time_remove_window: 5.26e-06
        timing_PlanIn:
            total_PlanIn:4.08755
            num_until_goal_expanded:4143
            timing_expansions:
                total_S3Exp: 4.08754
                time_top_o: 0.00796507
                time_check_in_c: 0.00150634
                time_add_parent: 0.00457692
                num_neighbors: 4900388
                time_add_neighbors_to_o: 3.86111
    num_new_collisions: 15
    timing_PIOW_new_collisions:
        total_PIOW: 25.7858
        num_windows: 98
        time_check_overlap: 7.843e-06
        num_overlapping_windows: 4
        time_merge_windows: 8.73e-06
        time_remove_window: 1.007e-06
        time_remove_window: 5.451e-06
        timing_PlanIn:
            total_PlanIn:25.5557
            num_until_goal_expanded:4816
            timing_expansions:
                total_S3Exp: 25.5557
                time_top_o: 0.0128181
                time_check_in_c: 0.00210896
                time_add_parent: 0.00565638
                num_neighbors: 25744715
                time_add_neighbors_to_o: 24.5226
    num_windows_should_quit: 0
    time_should_quit: 2.391e-06
    time_remove_window: 0
Complete!
