Total time: 0.354068
is_optimal: true
optimality_bound: 1
successive_bounds: [1.00397, 1.00397, 1.00397, 1.00309, 1.00309, 1.00132, 1.00044, 1.00044, 1.00044, 1.00044, 1.00044, 1.00044, 1, 1]
successive_runtimes: [0.0254289, 0.0285026, 0.031801, 0.0353031, 0.038147, 0.0424915, 0.0705983, 0.0925867, 0.117707, 0.14549, 0.205591, 0.261902, 0.354068]
num_agents: 30
time_individual_plan: 0.0206225
time_first_plan: 0.00338575
num_max_agents_in_window_first_iteration: 2
num_recWAMPF: 13
timing_recWAMPF:
    total_RecWAMPF: 0.332014
    num_windows: 136
    num_max_agents_in_window: 4
    timing_gari:
        total_GARI: 0.29776
        time_path_btw_starts: 0.000947908
        Stage1:
            total_Stage1:0.0586478
            time_add_x_to_o: 0.00215004
            time_clear_x: 0.000500214
            timing_AStarSearchUntil:
                total_astar_search_until:0.0515496
                num_values_f_less_fmax:748
                ASU Exp:
                    total_ASUExp:0.0515421
                    time_top_o:0.000719516
                    time_check_in_c:0.000143904
                    time_add_parent:0
                    num_neighbors:0
                    time_add_neighbors_to_o:0
        Stage2:
            total_Stage2:0.127532
            num_len_path:148
            time_expanding_s:0.000276397
            timing_AStarSearchUntil:
                total_astar_search_until:0.123259
                num_values_f_less_fmax:1407
                ASU Exp:
                    total_ASUExp:0.123252
                    time_top_o:0.00124428
                    time_check_in_c:0.000535378
                    time_add_parent:0.00131893
                    num_neighbors:26122
                    time_add_neighbors_to_o:0.0190969
        Stage3:
            total_Stage3:0.10628
            num_until_goal_expanded:1727
            timing_S3Exp:
                total_S3Exp: 0.0830375
                time_top_o: 0.00107666
                time_check_in_c: 0.00095337
                time_add_parent: 0.00136263
                num_neighbors: 85421
                time_add_neighbors_to_o: 0.0724971
    timing_PIOW_overlapping:
        total_PIOW: 0.00988869
        num_windows: 361
        time_check_overlap: 2.7202e-05
        num_overlapping_windows: 1
        time_merge_windows: 3.104e-06
        time_remove_window: 1.85e-07
        time_remove_window: 2.984e-06
        timing_PlanIn:
            total_PlanIn:0.00976334
            num_until_goal_expanded:304
            timing_expansions:
                total_S3Exp: 0.00975673
                time_top_o: 0.000221869
                time_check_in_c: 0.00012572
                time_add_parent: 0.000340205
                num_neighbors: 6127
                time_add_neighbors_to_o: 0.00737021
    num_new_collisions: 7
    timing_PIOW_new_collisions:
        total_PIOW: 0.0165229
        num_windows: 20
        time_check_overlap: 4.024e-06
        num_overlapping_windows: 1
        time_merge_windows: 1.916e-06
        time_remove_window: 2.42e-07
        time_remove_window: 2.665e-06
        timing_PlanIn:
            total_PlanIn:0.0163744
            num_until_goal_expanded:372
            timing_expansions:
                total_S3Exp: 0.016328
                time_top_o: 0.000260622
                time_check_in_c: 0.000172625
                time_add_parent: 0.000421069
                num_neighbors: 10208
                time_add_neighbors_to_o: 0.0131586
    num_windows_should_quit: 0
    time_should_quit: 3.499e-06
    time_remove_window: 0
Complete!
