Total time: 0.0265876
is_optimal: true
optimality_bound: 1
successive_bounds: [1.00183, 1.00183, 1.00183, 1.00183, 1.00183, 1.00183, 1.00183, 1.00183, 1.00183, 1.00183, 1.00183, 1.00183, 1.00183, 1.00183, 1.00183, 1]
successive_runtimes: [0.00859892, 0.00914656, 0.00971317, 0.0103322, 0.0109776, 0.0136072, 0.0148674, 0.0164857, 0.0178746, 0.0192245, 0.0205842, 0.0220756, 0.0235991, 0.0251903, 0.0265876]
num_agents: 20
time_individual_plan: 0.00700629
time_first_plan: 0.000570148
num_max_agents_in_window_first_iteration: 2
num_recWAMPF: 15
timing_recWAMPF:
    total_RecWAMPF: 0.018553
    num_windows: 38
    num_max_agents_in_window: 3
    timing_gari:
        total_GARI: 0.013586
        time_path_btw_starts: 0.000183575
        Stage1:
            total_Stage1:0.0009826
            time_add_x_to_o: 0.000243158
            time_clear_x: 6.0125e-05
            timing_AStarSearchUntil:
                total_astar_search_until:0.000156215
                num_values_f_less_fmax:38
                ASU Exp:
                    total_ASUExp:0.000154517
                    time_top_o:1.8698e-05
                    time_check_in_c:6.308e-06
                    time_add_parent:0
                    num_neighbors:0
                    time_add_neighbors_to_o:0
        Stage2:
            total_Stage2:0.00179798
            num_len_path:29
            time_expanding_s:3.1766e-05
            timing_AStarSearchUntil:
                total_astar_search_until:0.00145214
                num_values_f_less_fmax:59
                ASU Exp:
                    total_ASUExp:0.00145064
                    time_top_o:2.9945e-05
                    time_check_in_c:2.3285e-05
                    time_add_parent:5.3926e-05
                    num_neighbors:1111
                    time_add_neighbors_to_o:0.000951991
        Stage3:
            total_Stage3:0.010225
            num_until_goal_expanded:214
            timing_S3Exp:
                total_S3Exp: 0.00715472
                time_top_o: 9.9571e-05
                time_check_in_c: 6.1312e-05
                time_add_parent: 0.000143851
                num_neighbors: 6132
                time_add_neighbors_to_o: 0.00595692
    timing_PIOW_overlapping:
        total_PIOW: 0.00208057
        num_windows: 28
        time_check_overlap: 1.056e-06
        num_overlapping_windows: 1
        time_merge_windows: 2.351e-06
        time_remove_window: 1.28e-07
        time_remove_window: 2.253e-06
        timing_PlanIn:
            total_PlanIn:0.00205539
            num_until_goal_expanded:59
            timing_expansions:
                total_S3Exp: 0.00205089
                time_top_o: 2.6614e-05
                time_check_in_c: 2.2272e-05
                time_add_parent: 5.4126e-05
                num_neighbors: 1473
                time_add_neighbors_to_o: 0.00164924
    num_new_collisions: 2
    timing_PIOW_new_collisions:
        total_PIOW: 0.000353541
        num_windows: 1
        time_check_overlap: 1.83e-07
        num_overlapping_windows: 0
        time_merge_windows: 0
        time_remove_window: 0
        time_remove_window: 6.69e-07
        timing_PlanIn:
            total_PlanIn:0.000347573
            num_until_goal_expanded:12
            timing_expansions:
                total_S3Exp: 0.000332816
                time_top_o: 4.584e-06
                time_check_in_c: 5.514e-06
                time_add_parent: 1.1141e-05
                num_neighbors: 225
                time_add_neighbors_to_o: 0.0002497
    num_windows_should_quit: 1
    time_should_quit: 8.42e-07
    time_remove_window: 1.05e-07
Complete!
