Total time: 0.0537906
is_optimal: true
optimality_bound: 1
successive_bounds: [1.0021, 1.00052, 1.00052, 1.00052, 1.00052, 1.00052, 1.00052, 1.00052, 1.00052, 1.00052, 1.00052, 1.00052, 1.00052, 1, 1]
successive_runtimes: [0.0183769, 0.0207031, 0.021963, 0.0232269, 0.0245796, 0.0259225, 0.027301, 0.0287847, 0.0335067, 0.0358048, 0.0380405, 0.0403537, 0.0436793, 0.0537906]
num_agents: 30
time_individual_plan: 0.0153729
time_first_plan: 0.00157823
num_max_agents_in_window_first_iteration: 2
num_recWAMPF: 14
timing_recWAMPF:
    total_RecWAMPF: 0.0369839
    num_windows: 68
    num_max_agents_in_window: 4
    timing_gari:
        total_GARI: 0.0170115
        time_path_btw_starts: 0.000490161
        Stage1:
            total_Stage1:0.00101968
            time_add_x_to_o: 0.000278909
            time_clear_x: 5.5035e-05
            timing_AStarSearchUntil:
                total_astar_search_until:0.000205579
                num_values_f_less_fmax:33
                ASU Exp:
                    total_ASUExp:0.000201739
                    time_top_o:2.8812e-05
                    time_check_in_c:8.281e-06
                    time_add_parent:0
                    num_neighbors:0
                    time_add_neighbors_to_o:0
        Stage2:
            total_Stage2:0.00237905
            num_len_path:65
            time_expanding_s:9.1256e-05
            timing_AStarSearchUntil:
                total_astar_search_until:0.00199424
                num_values_f_less_fmax:88
                ASU Exp:
                    total_ASUExp:0.00199084
                    time_top_o:5.8898e-05
                    time_check_in_c:5.0534e-05
                    time_add_parent:0.00011411
                    num_neighbors:1096
                    time_add_neighbors_to_o:0.00125113
        Stage3:
            total_Stage3:0.0120143
            num_until_goal_expanded:439
            timing_S3Exp:
                total_S3Exp: 0.00910159
                time_top_o: 0.000263616
                time_check_in_c: 0.000171812
                time_add_parent: 0.000399673
                num_neighbors: 4953
                time_add_neighbors_to_o: 0.00639882
    timing_PIOW_overlapping:
        total_PIOW: 0.00331909
        num_windows: 89
        time_check_overlap: 1.0593e-05
        num_overlapping_windows: 1
        time_merge_windows: 2.652e-06
        time_remove_window: 1.91e-07
        time_remove_window: 2.524e-06
        timing_PlanIn:
            total_PlanIn:0.00327534
            num_until_goal_expanded:157
            timing_expansions:
                total_S3Exp: 0.00326919
                time_top_o: 8.8238e-05
                time_check_in_c: 6.7458e-05
                time_add_parent: 0.000181649
                num_neighbors: 1354
                time_add_neighbors_to_o: 0.00220787
    num_new_collisions: 4
    timing_PIOW_new_collisions:
        total_PIOW: 0.00787363
        num_windows: 6
        time_check_overlap: 1.518e-06
        num_overlapping_windows: 1
        time_merge_windows: 1.917e-06
        time_remove_window: 1.88e-07
        time_remove_window: 1.772e-06
        timing_PlanIn:
            total_PlanIn:0.00778196
            num_until_goal_expanded:126
            timing_expansions:
                total_S3Exp: 0.00774616
                time_top_o: 7.1451e-05
                time_check_in_c: 5.9671e-05
                time_add_parent: 0.000160812
                num_neighbors: 3944
                time_add_neighbors_to_o: 0.00654582
    num_windows_should_quit: 0
    time_should_quit: 2.143e-06
    time_remove_window: 0
Complete!
