Total time: 98.8987
is_optimal: false
optimality_bound: 1.00161
successive_bounds: [1.00563, 1.00402, 1.00402, 1.00402, 1.00402, 1.00241, 1.00241, 1.00241, 1.00241, 1.00241, 1.00161, 1.00161, 1.00161, 1.00161]
successive_runtimes: [0.0181816, 0.0200456, 0.021876, 0.0237221, 0.0263214, 0.0352342, 0.0378942, 0.0413085, 0.0444762, 0.0480295, 0.0588662, 0.0633906, 0.0670855, 98.8987]
num_agents: 20
time_individual_plan: 0.0152055
time_first_plan: 0.00181746
num_max_agents_in_window_first_iteration: 2
num_recWAMPF: 14
timing_recWAMPF:
    total_RecWAMPF: 98.8823
    num_windows: 129
    num_max_agents_in_window: 4
    timing_gari:
        total_GARI: 0.0446136
        time_path_btw_starts: 0.000765411
        Stage1:
            total_Stage1:0.00271917
            time_add_x_to_o: 0.000868918
            time_clear_x: 0.00018013
            timing_AStarSearchUntil:
                total_astar_search_until:0.0004787
                num_values_f_less_fmax:160
                ASU Exp:
                    total_ASUExp:0.000472195
                    time_top_o:8.0653e-05
                    time_check_in_c:2.8094e-05
                    time_add_parent:0
                    num_neighbors:0
                    time_add_neighbors_to_o:0
        Stage2:
            total_Stage2:0.0161612
            num_len_path:138
            time_expanding_s:0.000140218
            timing_AStarSearchUntil:
                total_astar_search_until:0.0153502
                num_values_f_less_fmax:557
                ASU Exp:
                    total_ASUExp:0.015345
                    time_top_o:0.000335283
                    time_check_in_c:0.000218233
                    time_add_parent:0.000550693
                    num_neighbors:8954
                    time_add_neighbors_to_o:0.00859187
        Stage3:
            total_Stage3:0.0236497
            num_until_goal_expanded:1620
            timing_S3Exp:
                total_S3Exp: 0.0175837
                time_top_o: 0.000861528
                time_check_in_c: 0.00053098
                time_add_parent: 0.00119946
                num_neighbors: 11464
                time_add_neighbors_to_o: 0.0110349
    timing_PIOW_overlapping:
        total_PIOW: 98.8296
        num_windows: 306
        time_check_overlap: 2.4002e-05
        num_overlapping_windows: 1
        time_merge_windows: 1.756e-06
        time_remove_window: 2.62e-07
        time_remove_window: 1.668e-06
        timing_PlanIn:
            total_PlanIn:98.2835
            num_until_goal_expanded:302544
            timing_expansions:
                total_S3Exp: 98.2835
                time_top_o: 0.811124
                time_check_in_c: 0.206939
                time_add_parent: 0.366803
                num_neighbors: 129114083
                time_add_neighbors_to_o: 90.3196
    num_new_collisions: 6
    timing_PIOW_new_collisions:
        total_PIOW: 0.00479172
        num_windows: 17
        time_check_overlap: 3.208e-06
        num_overlapping_windows: 1
        time_merge_windows: 2.418e-06
        time_remove_window: 1.53e-07
        time_remove_window: 2.242e-06
        timing_PlanIn:
            total_PlanIn:0.00473742
            num_until_goal_expanded:174
            timing_expansions:
                total_S3Exp: 0.00470277
                time_top_o: 7.3002e-05
                time_check_in_c: 6.6878e-05
                time_add_parent: 0.000165614
                num_neighbors: 3105
                time_add_neighbors_to_o: 0.00362324
    num_windows_should_quit: 1
    time_should_quit: 3.216e-06
    time_remove_window: 1.72e-07
Complete!
