Total time: 277.819
is_optimal: false
optimality_bound: 1.00301
successive_bounds: [1.00402, 1.00368, 1.00368, 1.00335, 1.00335, 1.00335, 1.00335, 1.00335, 1.00335, 1.00301, 1.00301, 1.00301, 1.00301]
successive_runtimes: [0.0306751, 0.0355163, 0.0406255, 0.0672063, 0.0774284, 0.0881708, 0.130941, 0.167661, 0.185043, 42.1045, 91.1717, 222.234, 277.819]
num_agents: 40
time_individual_plan: 0.0195191
time_first_plan: 0.00967111
num_max_agents_in_window_first_iteration: 2
num_recWAMPF: 13
timing_recWAMPF:
    total_RecWAMPF: 277.798
    num_windows: 86
    num_max_agents_in_window: 5
    timing_gari:
        total_GARI: 271.756
        time_path_btw_starts: 0.000596482
        Stage1:
            total_Stage1:186.399
            time_add_x_to_o: 0.148855
            time_clear_x: 0.108924
            timing_AStarSearchUntil:
                total_astar_search_until:185.574
                num_values_f_less_fmax:2911
                ASU Exp:
                    total_ASUExp:185.574
                    time_top_o:0.0171184
                    time_check_in_c:0.00236988
                    time_add_parent:0
                    num_neighbors:0
                    time_add_neighbors_to_o:0
        Stage2:
            total_Stage2:78.4567
            num_len_path:85
            time_expanding_s:0.00326366
            timing_AStarSearchUntil:
                total_astar_search_until:77.8907
                num_values_f_less_fmax:8256
                ASU Exp:
                    total_ASUExp:77.8907
                    time_top_o:0.0284029
                    time_check_in_c:0.00670444
                    time_add_parent:0.0185529
                    num_neighbors:2630451
                    time_add_neighbors_to_o:2.24593
        Stage3:
            total_Stage3:6.6866
            num_until_goal_expanded:5568
            timing_S3Exp:
                total_S3Exp: 3.49938
                time_top_o: 0.00992404
                time_check_in_c: 0.00164219
                time_add_parent: 0.00627156
                num_neighbors: 4342398
                time_add_neighbors_to_o: 3.42709
    timing_PIOW_overlapping:
        total_PIOW: 0.00789851
        num_windows: 260
        time_check_overlap: 1.6577e-05
        num_overlapping_windows: 7
        time_merge_windows: 1.185e-05
        time_remove_window: 1.227e-06
        time_remove_window: 1.1115e-05
        timing_PlanIn:
            total_PlanIn:0.00778456
            num_until_goal_expanded:385
            timing_expansions:
                total_S3Exp: 0.00775187
                time_top_o: 0.000184717
                time_check_in_c: 0.000183479
                time_add_parent: 0.000433525
                num_neighbors: 3703
                time_add_neighbors_to_o: 0.00534535
    num_new_collisions: 11
    timing_PIOW_new_collisions:
        total_PIOW: 6.01689
        num_windows: 42
        time_check_overlap: 4.47e-06
        num_overlapping_windows: 2
        time_merge_windows: 2.729e-06
        time_remove_window: 6.64e-07
        time_remove_window: 4.286e-06
        timing_PlanIn:
            total_PlanIn:5.94129
            num_until_goal_expanded:5605
            timing_expansions:
                total_S3Exp: 5.94123
                time_top_o: 0.00663559
                time_check_in_c: 0.00177362
                time_add_parent: 0.00575332
                num_neighbors: 7061124
                time_add_neighbors_to_o: 5.64938
    num_windows_should_quit: 0
    time_should_quit: 4.813e-06
    time_remove_window: 0
Complete!
