Total time: 1.08034
is_optimal: true
optimality_bound: 1
successive_bounds: [1.00444, 1.00444, 1.00389, 1.00278, 1.00167, 1.00167, 1.00167, 1.00167, 1.00167, 1.00167, 1.00167, 1.00111, 1.00111, 1.00111, 1.00056, 1.00056, 1, 1]
successive_runtimes: [0.0138129, 0.0161346, 0.0263669, 0.0389852, 0.0502435, 0.0586026, 0.0675434, 0.0895712, 0.103905, 0.118939, 0.13603, 0.162505, 0.180505, 0.198688, 0.797315, 0.927596, 1.08034]
num_agents: 50
time_individual_plan: 0.00914061
time_first_plan: 0.00415974
num_max_agents_in_window_first_iteration: 2
num_recWAMPF: 17
timing_recWAMPF:
    total_RecWAMPF: 1.07068
    num_windows: 261
    num_max_agents_in_window: 3
    timing_gari:
        total_GARI: 0.469334
        time_path_btw_starts: 0.00111557
        Stage1:
            total_Stage1:0.139322
            time_add_x_to_o: 0.0476536
            time_clear_x: 0.00558192
            timing_AStarSearchUntil:
                total_astar_search_until:0.0860697
                num_values_f_less_fmax:3424
                ASU Exp:
                    total_ASUExp:0.086063
                    time_top_o:0.00169769
                    time_check_in_c:0.000553644
                    time_add_parent:0.000905315
                    num_neighbors:187086
                    time_add_neighbors_to_o:0.0795424
        Stage2:
            total_Stage2:0.031303
            num_len_path:300
            time_expanding_s:0.000334963
            timing_AStarSearchUntil:
                total_astar_search_until:0.0308575
                num_values_f_less_fmax:1751
                ASU Exp:
                    total_ASUExp:0.030852
                    time_top_o:0.00053461
                    time_check_in_c:0.000336654
                    time_add_parent:0.000520797
                    num_neighbors:64897
                    time_add_neighbors_to_o:0.0275322
        Stage3:
            total_Stage3:0.29754
            num_until_goal_expanded:2337
            timing_S3Exp:
                total_S3Exp: 0.0430697
                time_top_o: 0.000787828
                time_check_in_c: 0.000370905
                time_add_parent: 0.000843803
                num_neighbors: 100695
                time_add_neighbors_to_o: 0.0359716
    timing_PIOW_overlapping:
        total_PIOW: 0.584674
        num_windows: 1016
        time_check_overlap: 3.9439e-05
        num_overlapping_windows: 2
        time_merge_windows: 3.542e-06
        time_remove_window: 5.62e-07
        time_remove_window: 3.439e-06
        timing_PlanIn:
            total_PlanIn:0.584603
            num_until_goal_expanded:8417
            timing_expansions:
                total_S3Exp: 0.584598
                time_top_o: 0.00409343
                time_check_in_c: 0.00170309
                time_add_parent: 0.0039964
                num_neighbors: 931585
                time_add_neighbors_to_o: 0.539542
    num_new_collisions: 9
    timing_PIOW_new_collisions:
        total_PIOW: 0.00105439
        num_windows: 72
        time_check_overlap: 1.981e-06
        num_overlapping_windows: 0
        time_merge_windows: 0
        time_remove_window: 0
        time_remove_window: 4.271e-06
        timing_PlanIn:
            total_PlanIn:0.00103956
            num_until_goal_expanded:106
            timing_expansions:
                total_S3Exp: 0.00102459
                time_top_o: 1.4506e-05
                time_check_in_c: 1.8414e-05
                time_add_parent: 2.7739e-05
                num_neighbors: 1549
                time_add_neighbors_to_o: 0.000786453
    num_windows_should_quit: 0
    time_should_quit: 1.2958e-05
    time_remove_window: 0
Complete!
