Total time: 1.3706
is_optimal: true
optimality_bound: 1
successive_bounds: [1.00303, 1.00303, 1.00303, 1.00228, 1.00228, 1.00228, 1.00152, 1.00114, 1.00114, 1.00076, 1.00076, 1.00076, 1.00076, 1.00076, 1.00076, 1.00076, 1.00076, 1.00076, 1.00076, 1.00076, 1.00076, 1.00076, 1.00076, 1.00076, 1.00076, 1.00076, 1.00076, 1.00076, 1.00076, 1, 1]
successive_runtimes: [0.0250223, 0.0381001, 0.0584973, 0.0842479, 0.106101, 0.130678, 0.164619, 0.192832, 0.212002, 0.231712, 0.245256, 0.258482, 0.271011, 0.282895, 0.294863, 0.307054, 0.319929, 0.332212, 0.344539, 0.357319, 0.370268, 0.383531, 0.397328, 0.410263, 0.424022, 0.437492, 0.823853, 0.950645, 1.18753, 1.3706]
num_agents: 40
time_individual_plan: 0.0181725
time_first_plan: 0.00584813
num_max_agents_in_window_first_iteration: 3
num_recWAMPF: 30
timing_recWAMPF:
    total_RecWAMPF: 1.35142
    num_windows: 250
    num_max_agents_in_window: 3
    timing_gari:
        total_GARI: 1.31952
        time_path_btw_starts: 0.00489833
        Stage1:
            total_Stage1:0.356047
            time_add_x_to_o: 0.130623
            time_clear_x: 0.0247256
            timing_AStarSearchUntil:
                total_astar_search_until:0.200677
                num_values_f_less_fmax:13058
                ASU Exp:
                    total_ASUExp:0.200669
                    time_top_o:0.00812628
                    time_check_in_c:0.00345229
                    time_add_parent:0.00222757
                    num_neighbors:414308
                    time_add_neighbors_to_o:0.174222
        Stage2:
            total_Stage2:0.0569875
            num_len_path:269
            time_expanding_s:0.000482973
            timing_AStarSearchUntil:
                total_astar_search_until:0.0563734
                num_values_f_less_fmax:2381
                ASU Exp:
                    total_ASUExp:0.0563679
                    time_top_o:0.000898614
                    time_check_in_c:0.000521668
                    time_add_parent:0.000723929
                    num_neighbors:124506
                    time_add_neighbors_to_o:0.0514028
        Stage3:
            total_Stage3:0.90152
            num_until_goal_expanded:13103
            timing_S3Exp:
                total_S3Exp: 0.503353
                time_top_o: 0.0105318
                time_check_in_c: 0.00255912
                time_add_parent: 0.00577663
                num_neighbors: 1017497
                time_add_neighbors_to_o: 0.463515
    timing_PIOW_overlapping:
        total_PIOW: 0.0141102
        num_windows: 530
        time_check_overlap: 2.943e-05
        num_overlapping_windows: 2
        time_merge_windows: 4.244e-06
        time_remove_window: 4.35e-07
        time_remove_window: 4.104e-06
        timing_PlanIn:
            total_PlanIn:0.0140563
            num_until_goal_expanded:213
            timing_expansions:
                total_S3Exp: 0.0140509
                time_top_o: 7.1299e-05
                time_check_in_c: 4.7933e-05
                time_add_parent: 7.4892e-05
                num_neighbors: 21175
                time_add_neighbors_to_o: 0.0127195
    num_new_collisions: 7
    timing_PIOW_new_collisions:
        total_PIOW: 0.00327243
        num_windows: 40
        time_check_overlap: 2.519e-06
        num_overlapping_windows: 1
        time_merge_windows: 0
        time_remove_window: 0.0207646
        time_remove_window: 3.463e-06
        timing_PlanIn:
            total_PlanIn:0.00325232
            num_until_goal_expanded:127
            timing_expansions:
                total_S3Exp: 0.00321665
                time_top_o: 3.1028e-05
                time_check_in_c: 3.9073e-05
                time_add_parent: 6.0647e-05
                num_neighbors: 2912
                time_add_neighbors_to_o: 0.00263203
    num_windows_should_quit: 0
    time_should_quit: 1.6167e-05
    time_remove_window: 0
Complete!
