Total time: 2.19286
is_optimal: false
optimality_bound: 1.00087
successive_bounds: [1.00611, 1.00552, 1.00262, 1.00262, 1.00233, 1.00233, 1.00204, 1.00204, 1.00204, 1.00087, 1.00087]
successive_runtimes: [0.0367115, 0.0488616, 1.55644, 1.60721, 1.67649, 1.75125, 1.84074, 1.91731, 1.99884, 2.09254, 2.19286]
num_agents: 50
time_individual_plan: 0.0219109
time_first_plan: 0.0137936
num_max_agents_in_window_first_iteration: 3
num_recWAMPF: 11
timing_recWAMPF:
    total_RecWAMPF: 2.16994
    num_windows: 204
    num_max_agents_in_window: 4
    timing_gari:
        total_GARI: 0.649849
        time_path_btw_starts: 0.00128546
        Stage1:
            total_Stage1:0.290384
            time_add_x_to_o: 0.130511
            time_clear_x: 0.0415788
            timing_AStarSearchUntil:
                total_astar_search_until:0.118279
                num_values_f_less_fmax:8384
                ASU Exp:
                    total_ASUExp:0.118274
                    time_top_o:0.0041708
                    time_check_in_c:0.00326701
                    time_add_parent:0.00518451
                    num_neighbors:217546
                    time_add_neighbors_to_o:0.0946152
        Stage2:
            total_Stage2:0.0228563
            num_len_path:209
            time_expanding_s:0.000132561
            timing_AStarSearchUntil:
                total_astar_search_until:0.0226418
                num_values_f_less_fmax:1407
                ASU Exp:
                    total_ASUExp:0.0226374
                    time_top_o:0.000416997
                    time_check_in_c:0.000270999
                    time_add_parent:0.000392327
                    num_neighbors:45666
                    time_add_neighbors_to_o:0.020081
        Stage3:
            total_Stage3:0.332825
            num_until_goal_expanded:5900
            timing_S3Exp:
                total_S3Exp: 0.254356
                time_top_o: 0.00268478
                time_check_in_c: 0.00123099
                time_add_parent: 0.00246869
                num_neighbors: 546160
                time_add_neighbors_to_o: 0.239367
    timing_PIOW_overlapping:
        total_PIOW: 0.00440082
        num_windows: 971
        time_check_overlap: 3.4204e-05
        num_overlapping_windows: 1
        time_merge_windows: 2.079e-06
        time_remove_window: 3.94e-07
        time_remove_window: 2.029e-06
        timing_PlanIn:
            total_PlanIn:0.00434038
            num_until_goal_expanded:86
            timing_expansions:
                total_S3Exp: 0.00433773
                time_top_o: 2.2424e-05
                time_check_in_c: 1.5789e-05
                time_add_parent: 2.3042e-05
                num_neighbors: 7670
                time_add_neighbors_to_o: 0.0038228
    num_new_collisions: 15
    timing_PIOW_new_collisions:
        total_PIOW: 1.49903
        num_windows: 241
        time_check_overlap: 9.041e-06
        num_overlapping_windows: 5
        time_merge_windows: 3.594e-06
        time_remove_window: 0.155009
        time_remove_window: 1.6668e-05
        timing_PlanIn:
            total_PlanIn:1.49896
            num_until_goal_expanded:99863
            timing_expansions:
                total_S3Exp: 0.077998
                time_top_o: 0.026688
                time_check_in_c: 0.0198961
                time_add_parent: 0.0244698
                num_neighbors: 2672270
                time_add_neighbors_to_o: 1.11315
    num_windows_should_quit: 0
    time_should_quit: 1.6572e-05
    time_remove_window: 0
Complete!
