Total time: 0.0112083
is_optimal: true
optimality_bound: 1
successive_bounds: [1.00173, 1.00173, 1.00173, 1.00173, 1.00173, 1.00173, 1.00173, 1.00173, 1.00173, 1.00173, 1.00173, 1, 1]
successive_runtimes: [0.00488379, 0.00526775, 0.00554446, 0.00589113, 0.00619589, 0.00656454, 0.00698545, 0.00747281, 0.00817133, 0.00901613, 0.00990108, 0.0112083]
num_agents: 20
time_individual_plan: 0.00394031
time_first_plan: 0.000426867
num_max_agents_in_window_first_iteration: 2
num_recWAMPF: 12
timing_recWAMPF:
    total_RecWAMPF: 0.00674938
    num_windows: 69
    num_max_agents_in_window: 2
    timing_gari:
        total_GARI: 0.00539293
        time_path_btw_starts: 0.000130604
        Stage1:
            total_Stage1:0.00256378
            time_add_x_to_o: 0.00115879
            time_clear_x: 0.000142134
            timing_AStarSearchUntil:
                total_astar_search_until:0.00125926
                num_values_f_less_fmax:308
                ASU Exp:
                    total_ASUExp:0.00125778
                    time_top_o:7.5922e-05
                    time_check_in_c:7.698e-05
                    time_add_parent:4.6497e-05
                    num_neighbors:2438
                    time_add_neighbors_to_o:0.000904193
        Stage2:
            total_Stage2:0.00147001
            num_len_path:69
            time_expanding_s:2.7076e-05
            timing_AStarSearchUntil:
                total_astar_search_until:0.00142715
                num_values_f_less_fmax:120
                ASU Exp:
                    total_ASUExp:0.00142576
                    time_top_o:2.7658e-05
                    time_check_in_c:2.7074e-05
                    time_add_parent:3.2014e-05
                    num_neighbors:3129
                    time_add_neighbors_to_o:0.00120332
        Stage3:
            total_Stage3:0.00121963
            num_until_goal_expanded:101
            timing_S3Exp:
                total_S3Exp: 0.000694198
                time_top_o: 1.5179e-05
                time_check_in_c: 1.1233e-05
                time_add_parent: 2.0672e-05
                num_neighbors: 946
                time_add_neighbors_to_o: 0.000466342
    timing_PIOW_overlapping:
        total_PIOW: 5.227e-06
        num_windows: 99
        time_check_overlap: 2.419e-06
        num_overlapping_windows: 0
        time_merge_windows: 0
        time_remove_window: 0
        time_remove_window: 0
        timing_PlanIn:
            total_PlanIn:0
            num_until_goal_expanded:0
            timing_expansions:
                total_S3Exp: 0
                time_top_o: 0
                time_check_in_c: 0
                time_add_parent: 0
                num_neighbors: 0
                time_add_neighbors_to_o: 0
    num_new_collisions: 3
    timing_PIOW_new_collisions:
        total_PIOW: 0.000273603
        num_windows: 6
        time_check_overlap: 2.46e-07
        num_overlapping_windows: 0
        time_merge_windows: 0
        time_remove_window: 0
        time_remove_window: 7.89e-07
        timing_PlanIn:
            total_PlanIn:0.000269854
            num_until_goal_expanded:31
            timing_expansions:
                total_S3Exp: 0.000264079
                time_top_o: 4.98e-06
                time_check_in_c: 5.559e-06
                time_add_parent: 8.889e-06
                num_neighbors: 416
                time_add_neighbors_to_o: 0.000196495
    num_windows_should_quit: 0
    time_should_quit: 1.765e-06
    time_remove_window: 0
Complete!
