Total time: 90.7721
is_optimal: false
optimality_bound: 1.00167
successive_bounds: [1.00334, 1.00223, 1.00167, 1.00167, 1.00167, 1.00167, 1.00167, 1.00167, 1.00167, 1.00167, 1.00167, 1.00167, 1.00167, 1.00167, 1.00167, 1.00167, 1.00167, 1.00167, 1.00167, 1.00167, 1.00167, 1.00167, 1.00167, 1.00167, 1.00167, 1.00167, 1.00167, 1.00167, 1.00167, 1.00167, 1.00167, 1.00167, 1.00167, 1.00167, 1.00167, 1.00167]
successive_runtimes: [9.23227, 21.9854, 34.7114, 44.0078, 44.0364, 44.0596, 44.1607, 44.2485, 44.3366, 44.4137, 44.4975, 44.5895, 44.6894, 44.7972, 44.901, 45.0543, 45.1889, 45.3305, 45.4806, 45.6401, 45.8084, 45.9854, 46.1723, 46.3684, 46.5742, 46.7927, 47.0188, 47.3037, 47.553, 52.9009, 54.668, 55.9412, 57.9351, 59.7714, 69.3715, 90.7721]
num_agents: 50
time_individual_plan: 0.00602682
time_first_plan: 9.22572
num_max_agents_in_window_first_iteration: 4
num_recWAMPF: 36
timing_recWAMPF:
    total_RecWAMPF: 90.7656
    num_windows: 237
    num_max_agents_in_window: 4
    timing_gari:
        total_GARI: 72.2181
        time_path_btw_starts: 0.000703904
        Stage1:
            total_Stage1:49.1974
            time_add_x_to_o: 6.40693
            time_clear_x: 2.52546
            timing_AStarSearchUntil:
                total_astar_search_until:40.265
                num_values_f_less_fmax:139308
                ASU Exp:
                    total_ASUExp:40.265
                    time_top_o:0.249041
                    time_check_in_c:1.03157
                    time_add_parent:0.0837847
                    num_neighbors:58134977
                    time_add_neighbors_to_o:38.6477
        Stage2:
            total_Stage2:0.954345
            num_len_path:200
            time_expanding_s:0.000213657
            timing_AStarSearchUntil:
                total_astar_search_until:0.953967
                num_values_f_less_fmax:2354
                ASU Exp:
                    total_ASUExp:0.953961
                    time_top_o:0.00232401
                    time_check_in_c:0.000750562
                    time_add_parent:0.00313593
                    num_neighbors:1525775
                    time_add_neighbors_to_o:0.942499
        Stage3:
            total_Stage3:22.0655
            num_until_goal_expanded:21490
            timing_S3Exp:
                total_S3Exp: 5.95804
                time_top_o: 0.0254828
                time_check_in_c: 0.00647113
                time_add_parent: 0.0171474
                num_neighbors: 8244367
                time_add_neighbors_to_o: 5.8537
    timing_PIOW_overlapping:
        total_PIOW: 9.29557
        num_windows: 457
        time_check_overlap: 2.9331e-05
        num_overlapping_windows: 5
        time_merge_windows: 9.449e-06
        time_remove_window: 1.438e-06
        time_remove_window: 9.227e-06
        timing_PlanIn:
            total_PlanIn:9.29551
            num_until_goal_expanded:25007
            timing_expansions:
                total_S3Exp: 9.2955
                time_top_o: 0.0426384
                time_check_in_c: 0.0100746
                time_add_parent: 0.0143852
                num_neighbors: 14904048
                time_add_neighbors_to_o: 8.80732
    num_new_collisions: 10
    timing_PIOW_new_collisions:
        total_PIOW: 9.22287
        num_windows: 74
        time_check_overlap: 3.247e-06
        num_overlapping_windows: 2
        time_merge_windows: 0
        time_remove_window: 0.0204749
        time_remove_window: 6.029e-06
        timing_PlanIn:
            total_PlanIn:9.22285
            num_until_goal_expanded:24684
            timing_expansions:
                total_S3Exp: 9.22282
                time_top_o: 0.040858
                time_check_in_c: 0.0101764
                time_add_parent: 0.0141447
                num_neighbors: 14836002
                time_add_neighbors_to_o: 8.7389
    num_windows_should_quit: 1
    time_should_quit: 1.7426e-05
    time_remove_window: 2.51e-07
Complete!
