Total time: 5.41892
is_optimal: false
optimality_bound: 1.0021
successive_bounds: [1.0042, 1.00315, 1.00315, 1.00315, 1.00315, 1.00315, 1.00315, 1.00315, 1.00315, 1.00315, 1.0021, 1.0021, 1.0021, 1.0021, 1.0021, 1.0021, 1.0021]
successive_runtimes: [0.00571356, 0.00671938, 0.00761677, 0.00854624, 0.00943193, 0.0103213, 0.0112279, 0.0122487, 0.0132658, 0.014209, 0.359876, 0.689279, 1.55489, 3.19475, 4.08363, 4.8122, 5.41892]
num_agents: 30
time_individual_plan: 0.00392974
time_first_plan: 0.00121377
num_max_agents_in_window_first_iteration: 2
num_recWAMPF: 17
timing_recWAMPF:
    total_RecWAMPF: 5.41442
    num_windows: 91
    num_max_agents_in_window: 3
    timing_gari:
        total_GARI: 5.06431
        time_path_btw_starts: 0.000193517
        Stage1:
            total_Stage1:1.0326
            time_add_x_to_o: 0.445492
            time_clear_x: 0.133309
            timing_AStarSearchUntil:
                total_astar_search_until:0.453787
                num_values_f_less_fmax:23374
                ASU Exp:
                    total_ASUExp:0.453784
                    time_top_o:0.0251199
                    time_check_in_c:0.0238041
                    time_add_parent:0.00331735
                    num_neighbors:766396
                    time_add_neighbors_to_o:0.385571
        Stage2:
            total_Stage2:0.0024476
            num_len_path:82
            time_expanding_s:4.2702e-05
            timing_AStarSearchUntil:
                total_astar_search_until:0.00237599
                num_values_f_less_fmax:155
                ASU Exp:
                    total_ASUExp:0.00237404
                    time_top_o:4.0083e-05
                    time_check_in_c:4.1571e-05
                    time_add_parent:4.5613e-05
                    num_neighbors:4629
                    time_add_neighbors_to_o:0.00206751
        Stage3:
            total_Stage3:4.02906
            num_until_goal_expanded:36794
            timing_S3Exp:
                total_S3Exp: 2.60808
                time_top_o: 0.0453315
                time_check_in_c: 0.00954898
                time_add_parent: 0.0205186
                num_neighbors: 4164268
                time_add_neighbors_to_o: 2.47367
    timing_PIOW_overlapping:
        total_PIOW: 0.345172
        num_windows: 164
        time_check_overlap: 5.18e-06
        num_overlapping_windows: 3
        time_merge_windows: 5.736e-06
        time_remove_window: 9.36e-07
        time_remove_window: 5.513e-06
        timing_PlanIn:
            total_PlanIn:0.345148
            num_until_goal_expanded:6351
            timing_expansions:
                total_S3Exp: 0.345137
                time_top_o: 0.00388428
                time_check_in_c: 0.00121763
                time_add_parent: 0.00213424
                num_neighbors: 678973
                time_add_neighbors_to_o: 0.311664
    num_new_collisions: 4
    timing_PIOW_new_collisions:
        total_PIOW: 0.000571551
        num_windows: 12
        time_check_overlap: 4.46e-07
        num_overlapping_windows: 0
        time_merge_windows: 0
        time_remove_window: 0
        time_remove_window: 1.52e-06
        timing_PlanIn:
            total_PlanIn:0.000561417
            num_until_goal_expanded:69
            timing_expansions:
                total_S3Exp: 0.000553936
                time_top_o: 9.542e-06
                time_check_in_c: 1.1893e-05
                time_add_parent: 1.8063e-05
                num_neighbors: 856
                time_add_neighbors_to_o: 0.000408483
    num_windows_should_quit: 0
    time_should_quit: 3.39e-06
    time_remove_window: 0
Complete!
