Total time: 11.6313
is_optimal: false
optimality_bound: 1.00157
successive_bounds: [1.00785, 1.00576, 1.00471, 1.00366, 1.00262, 1.00262, 1.00262, 1.00262, 1.00262, 1.00209, 1.00209, 1.00209, 1.00209, 1.00157, 1.00157, 1.00157, 1.00157]
successive_runtimes: [0.00790677, 0.0124855, 0.0165354, 0.0206201, 0.024298, 0.0271941, 0.0297738, 0.0324123, 0.0354376, 0.166253, 0.201014, 0.231237, 0.279103, 2.59052, 5.40766, 8.49505, 11.6313]
num_agents: 30
time_individual_plan: 0.00443262
time_first_plan: 0.00295969
num_max_agents_in_window_first_iteration: 2
num_recWAMPF: 17
timing_recWAMPF:
    total_RecWAMPF: 11.6264
    num_windows: 273
    num_max_agents_in_window: 4
    timing_gari:
        total_GARI: 9.23252
        time_path_btw_starts: 0.00709129
        Stage1:
            total_Stage1:7.87813
            time_add_x_to_o: 1.94627
            time_clear_x: 0.740365
            timing_AStarSearchUntil:
                total_astar_search_until:5.19147
                num_values_f_less_fmax:38357
                ASU Exp:
                    total_ASUExp:5.19146
                    time_top_o:0.0589715
                    time_check_in_c:0.201623
                    time_add_parent:0.0112231
                    num_neighbors:8282953
                    time_add_neighbors_to_o:4.87408
        Stage2:
            total_Stage2:0.0113808
            num_len_path:295
            time_expanding_s:0.000884217
            timing_AStarSearchUntil:
                total_astar_search_until:0.0103966
                num_values_f_less_fmax:609
                ASU Exp:
                    total_ASUExp:0.0103909
                    time_top_o:0.000167051
                    time_check_in_c:0.000254219
                    time_add_parent:0.000197065
                    num_neighbors:19035
                    time_add_neighbors_to_o:0.00906328
        Stage3:
            total_Stage3:1.33348
            num_until_goal_expanded:3152
            timing_S3Exp:
                total_S3Exp: 0.0911383
                time_top_o: 0.000984281
                time_check_in_c: 0.00052418
                time_add_parent: 0.00101517
                num_neighbors: 59349
                time_add_neighbors_to_o: 0.0369842
    timing_PIOW_overlapping:
        total_PIOW: 2.38705
        num_windows: 1117
        time_check_overlap: 3.5539e-05
        num_overlapping_windows: 2
        time_merge_windows: 3.621e-06
        time_remove_window: 7.33e-07
        time_remove_window: 3.52e-06
        timing_PlanIn:
            total_PlanIn:2.38698
            num_until_goal_expanded:11576
            timing_expansions:
                total_S3Exp: 2.38698
                time_top_o: 0.0112527
                time_check_in_c: 0.00313592
                time_add_parent: 0.00596143
                num_neighbors: 4015957
                time_add_neighbors_to_o: 2.24466
    num_new_collisions: 9
    timing_PIOW_new_collisions:
        total_PIOW: 0.00171817
        num_windows: 72
        time_check_overlap: 2.102e-06
        num_overlapping_windows: 0
        time_merge_windows: 0
        time_remove_window: 0
        time_remove_window: 4.478e-06
        timing_PlanIn:
            total_PlanIn:0.00170207
            num_until_goal_expanded:250
            timing_expansions:
                total_S3Exp: 0.00168731
                time_top_o: 2.9122e-05
                time_check_in_c: 4.775e-05
                time_add_parent: 6.4345e-05
                num_neighbors: 2352
                time_add_neighbors_to_o: 0.00116659
    num_windows_should_quit: 0
    time_should_quit: 1.1906e-05
    time_remove_window: 0
Complete!
