Total time: 0.042337
is_optimal: true
optimality_bound: 1
successive_bounds: [1.00198, 1.00198, 1.00198, 1.00198, 1.00198, 1.00198, 1.00198, 1.00198, 1.00198, 1.00198, 1.00198, 1.00198, 1.00198, 1.00198, 1.00198, 1.00099, 1.00099, 1.00099, 1.00099, 1.00099, 1.00099, 1.00099, 1.00099, 1.00099, 1.00099, 1.00099, 1.00099, 1.00099, 1.00099, 1.00099, 1, 1]
successive_runtimes: [0.00852331, 0.00944834, 0.010318, 0.0112049, 0.01209, 0.0129817, 0.013866, 0.0147326, 0.0155991, 0.0164954, 0.0173837, 0.0182798, 0.0192137, 0.0201335, 0.0210593, 0.0225641, 0.0237266, 0.0249308, 0.0260661, 0.0270729, 0.0280849, 0.0326824, 0.034772, 0.0364162, 0.037348, 0.0381559, 0.0389683, 0.0397856, 0.0405553, 0.0412931, 0.042337]
num_agents: 30
time_individual_plan: 0.00660757
time_first_plan: 0.000923012
num_max_agents_in_window_first_iteration: 2
num_recWAMPF: 31
timing_recWAMPF:
    total_RecWAMPF: 0.0347294
    num_windows: 122
    num_max_agents_in_window: 2
    timing_gari:
        total_GARI: 0.0218341
        time_path_btw_starts: 0.000343265
        Stage1:
            total_Stage1:0.00442048
            time_add_x_to_o: 0.00272268
            time_clear_x: 0.0003523
            timing_AStarSearchUntil:
                total_astar_search_until:0.00133477
                num_values_f_less_fmax:405
                ASU Exp:
                    total_ASUExp:0.00133023
                    time_top_o:0.000158662
                    time_check_in_c:8.7467e-05
                    time_add_parent:2.9254e-05
                    num_neighbors:1640
                    time_add_neighbors_to_o:0.000870598
        Stage2:
            total_Stage2:0.00579575
            num_len_path:84
            time_expanding_s:5.72e-05
            timing_AStarSearchUntil:
                total_astar_search_until:0.0056847
                num_values_f_less_fmax:279
                ASU Exp:
                    total_ASUExp:0.00568062
                    time_top_o:0.000117119
                    time_check_in_c:9.7879e-05
                    time_add_parent:0.000129778
                    num_neighbors:7500
                    time_add_neighbors_to_o:0.00485356
        Stage3:
            total_Stage3:0.011244
            num_until_goal_expanded:657
            timing_S3Exp:
                total_S3Exp: 0.00620855
                time_top_o: 0.000217393
                time_check_in_c: 0.000150938
                time_add_parent: 0.000297472
                num_neighbors: 5954
                time_add_neighbors_to_o: 0.00415135
    timing_PIOW_overlapping:
        total_PIOW: 1.2319e-05
        num_windows: 120
        time_check_overlap: 4.94e-06
        num_overlapping_windows: 0
        time_merge_windows: 0
        time_remove_window: 0
        time_remove_window: 0
        timing_PlanIn:
            total_PlanIn:0
            num_until_goal_expanded:0
            timing_expansions:
                total_S3Exp: 0
                time_top_o: 0
                time_check_in_c: 0
                time_add_parent: 0
                num_neighbors: 0
                time_add_neighbors_to_o: 0
    num_new_collisions: 2
    timing_PIOW_new_collisions:
        total_PIOW: 0.000368155
        num_windows: 2
        time_check_overlap: 2.92e-07
        num_overlapping_windows: 0
        time_merge_windows: 0
        time_remove_window: 0
        time_remove_window: 1.368e-06
        timing_PlanIn:
            total_PlanIn:0.000359165
            num_until_goal_expanded:20
            timing_expansions:
                total_S3Exp: 0.00035103
                time_top_o: 6.011e-06
                time_check_in_c: 7.056e-06
                time_add_parent: 1.1541e-05
                num_neighbors: 280
                time_add_neighbors_to_o: 0.000244258
    num_windows_should_quit: 0
    time_should_quit: 4.961e-06
    time_remove_window: 0
Complete!
