Total time: 52.6623
is_optimal: false
optimality_bound: 1.00113
successive_bounds: [1.00816, 1.0045, 1.0045, 1.00394, 1.00338, 1.00338, 1.00281, 1.00225, 1.00225, 1.00225, 1.00225, 1.00169, 1.00169, 1.00169, 1.00169, 1.00169, 1.00169, 1.00113, 1.00113, 1.00113, 1.00113, 1.00113, 1.00113, 1.00113, 1.00113]
successive_runtimes: [0.0160766, 4.85925, 10.6461, 16.5873, 21.4556, 24.2215, 25.5785, 26.9234, 28.266, 29.6084, 30.9477, 32.2949, 33.635, 34.9742, 36.6376, 38.2814, 39.6205, 40.9806, 42.3729, 43.9337, 45.4742, 47.5078, 49.2672, 50.9226, 52.6623]
num_agents: 50
time_individual_plan: 0.00881558
time_first_plan: 0.00674464
num_max_agents_in_window_first_iteration: 2
num_recWAMPF: 25
timing_recWAMPF:
    total_RecWAMPF: 52.6529
    num_windows: 466
    num_max_agents_in_window: 6
    timing_gari:
        total_GARI: 47.0719
        time_path_btw_starts: 0.00926104
        Stage1:
            total_Stage1:15.2779
            time_add_x_to_o: 4.58211
            time_clear_x: 1.89248
            timing_AStarSearchUntil:
                total_astar_search_until:8.8033
                num_values_f_less_fmax:25152
                ASU Exp:
                    total_ASUExp:8.80328
                    time_top_o:0.0344337
                    time_check_in_c:0.138015
                    time_add_parent:0.217183
                    num_neighbors:14460645
                    time_add_neighbors_to_o:8.36723
        Stage2:
            total_Stage2:0.174456
            num_len_path:429
            time_expanding_s:0.00552515
            timing_AStarSearchUntil:
                total_astar_search_until:0.168566
                num_values_f_less_fmax:5267
                ASU Exp:
                    total_ASUExp:0.168555
                    time_top_o:0.00237165
                    time_check_in_c:0.00231008
                    time_add_parent:0.003202
                    num_neighbors:241145
                    time_add_neighbors_to_o:0.145618
        Stage3:
            total_Stage3:31.6093
            num_until_goal_expanded:12029
            timing_S3Exp:
                total_S3Exp: 0.967634
                time_top_o: 0.00591747
                time_check_in_c: 0.00190777
                time_add_parent: 0.00454038
                num_neighbors: 742092
                time_add_neighbors_to_o: 0.587691
    timing_PIOW_overlapping:
        total_PIOW: 4.8745
        num_windows: 2324
        time_check_overlap: 0.000113738
        num_overlapping_windows: 8
        time_merge_windows: 1.2922e-05
        time_remove_window: 2.78e-06
        time_remove_window: 1.2442e-05
        timing_PlanIn:
            total_PlanIn:4.8743
            num_until_goal_expanded:5391
            timing_expansions:
                total_S3Exp: 4.87427
                time_top_o: 0.00701148
                time_check_in_c: 0.00133041
                time_add_parent: 0.00240265
                num_neighbors: 7684536
                time_add_neighbors_to_o: 4.6599
    num_new_collisions: 18
    timing_PIOW_new_collisions:
        total_PIOW: 0.687047
        num_windows: 284
        time_check_overlap: 1.0291e-05
        num_overlapping_windows: 2
        time_merge_windows: 0
        time_remove_window: 90.767
        time_remove_window: 5.891e-06
        timing_PlanIn:
            total_PlanIn:0.686991
            num_until_goal_expanded:2660
            timing_expansions:
                total_S3Exp: 0.686957
                time_top_o: 0.00132945
                time_check_in_c: 0.000531459
                time_add_parent: 0.000908675
                num_neighbors: 798341
                time_add_neighbors_to_o: 0.658929
    num_windows_should_quit: 0
    time_should_quit: 2.8487e-05
    time_remove_window: 0
Complete!
