Total time: 10.9911
is_optimal: true
optimality_bound: 1
successive_bounds: [1.00295, 1.00295, 1.00295, 1.00295, 1.00295, 1.00295, 1.00197, 1, 1]
successive_runtimes: [0.0234236, 0.0306676, 0.0386012, 0.0470753, 0.0576435, 0.0681193, 0.334758, 10.9911]
num_agents: 30
time_individual_plan: 0.00340784
time_first_plan: 0.0194975
num_max_agents_in_window_first_iteration: 3
num_recWAMPF: 8
timing_recWAMPF:
    total_RecWAMPF: 10.9871
    num_windows: 41
    num_max_agents_in_window: 4
    timing_gari:
        total_GARI: 10.7
        time_path_btw_starts: 0.000834855
        Stage1:
            total_Stage1:8.59824
            time_add_x_to_o: 0.0751408
            time_clear_x: 0.0122683
            timing_AStarSearchUntil:
                total_astar_search_until:8.51083
                num_values_f_less_fmax:45360
                ASU Exp:
                    total_ASUExp:8.51083
                    time_top_o:0.0714274
                    time_check_in_c:0.0248963
                    time_add_parent:0.0274275
                    num_neighbors:13231021
                    time_add_neighbors_to_o:8.26951
        Stage2:
            total_Stage2:0.00269678
            num_len_path:39
            time_expanding_s:1.9471e-05
            timing_AStarSearchUntil:
                total_astar_search_until:0.00265901
                num_values_f_less_fmax:77
                ASU Exp:
                    total_ASUExp:0.00265809
                    time_top_o:2.3859e-05
                    time_check_in_c:1.5177e-05
                    time_add_parent:2.6996e-05
                    num_neighbors:5248
                    time_add_neighbors_to_o:0.00249171
        Stage3:
            total_Stage3:2.09824
            num_until_goal_expanded:165
            timing_S3Exp:
                total_S3Exp: 0.319734
                time_top_o: 0.000119076
                time_check_in_c: 3.61e-05
                time_add_parent: 5.8096e-05
                num_neighbors: 13969
                time_add_neighbors_to_o: 0.0151073
    timing_PIOW_overlapping:
        total_PIOW: 0.266045
        num_windows: 56
        time_check_overlap: 2.584e-06
        num_overlapping_windows: 1
        time_merge_windows: 2.2e-06
        time_remove_window: 8.84e-07
        time_remove_window: 2.148e-06
        timing_PlanIn:
            total_PlanIn:0.266033
            num_until_goal_expanded:1359
            timing_expansions:
                total_S3Exp: 0.26603
                time_top_o: 0.00144003
                time_check_in_c: 0.00032434
                time_add_parent: 0.000517967
                num_neighbors: 440815
                time_add_neighbors_to_o: 0.250244
    num_new_collisions: 4
    timing_PIOW_new_collisions:
        total_PIOW: 0.0190128
        num_windows: 13
        time_check_overlap: 7.16e-07
        num_overlapping_windows: 1
        time_merge_windows: 0
        time_remove_window: 0.00451317
        time_remove_window: 1.31e-06
        timing_PlanIn:
            total_PlanIn:0.0190046
            num_until_goal_expanded:292
            timing_expansions:
                total_S3Exp: 0.0189898
                time_top_o: 0.000105185
                time_check_in_c: 4.9221e-05
                time_add_parent: 8.0975e-05
                num_neighbors: 33729
                time_add_neighbors_to_o: 0.0175144
    num_windows_should_quit: 0
    time_should_quit: 2.802e-06
    time_remove_window: 0
Complete!
