Total time: 52.6257
is_optimal: false
optimality_bound: 1.00138
successive_bounds: [1.00526, 1.00526, 1.0047, 1.00415, 1.0036, 1.0036, 1.00249, 1.00249, 1.00221, 1.00194, 1.00194, 1.00166, 1.00166, 1.00166, 1.00166, 1.00166, 1.00166, 1.00166, 1.00166, 1.00166, 1.00166, 1.00166, 1.00166, 1.00166, 1.00166, 1.00138]
successive_runtimes: [0.0108755, 0.0136744, 0.0166375, 0.0216196, 0.0261694, 0.0306815, 0.0421283, 0.0468292, 0.0510574, 0.053339, 0.0552362, 0.0596746, 0.0641589, 0.067665, 0.0708696, 0.0741287, 0.0773733, 0.0802917, 0.0833575, 0.0865207, 0.089554, 0.0924649, 0.0954468, 0.0993412, 0.103356, 52.6257]
num_agents: 50
time_individual_plan: 0.00597992
time_first_plan: 0.00437342
num_max_agents_in_window_first_iteration: 2
num_recWAMPF: 26
timing_recWAMPF:
    total_RecWAMPF: 52.6192
    num_windows: 405
    num_max_agents_in_window: 5
    timing_gari:
        total_GARI: 0.0666026
        time_path_btw_starts: 0.000960339
        Stage1:
            total_Stage1:0.0162602
            time_add_x_to_o: 0.0117562
            time_clear_x: 0.00149547
            timing_AStarSearchUntil:
                total_astar_search_until:0.00298854
                num_values_f_less_fmax:1732
                ASU Exp:
                    total_ASUExp:0.00297965
                    time_top_o:0.000371154
                    time_check_in_c:0.000216683
                    time_add_parent:0.00017359
                    num_neighbors:5050
                    time_add_neighbors_to_o:0.00175545
        Stage2:
            total_Stage2:0.0136047
            num_len_path:372
            time_expanding_s:0.000326184
            timing_AStarSearchUntil:
                total_astar_search_until:0.0131691
                num_values_f_less_fmax:779
                ASU Exp:
                    total_ASUExp:0.0131609
                    time_top_o:0.000202889
                    time_check_in_c:0.00037929
                    time_add_parent:0.000271405
                    num_neighbors:28731
                    time_add_neighbors_to_o:0.0113944
        Stage3:
            total_Stage3:0.0354154
            num_until_goal_expanded:2011
            timing_S3Exp:
                total_S3Exp: 0.0155064
                time_top_o: 0.000439286
                time_check_in_c: 0.000260198
                time_add_parent: 0.000487742
                num_neighbors: 23870
                time_add_neighbors_to_o: 0.0114449
    timing_PIOW_overlapping:
        total_PIOW: 0.0126035
        num_windows: 1695
        time_check_overlap: 5.4113e-05
        num_overlapping_windows: 5
        time_merge_windows: 4.835e-06
        time_remove_window: 8.77e-07
        time_remove_window: 4.615e-06
        timing_PlanIn:
            total_PlanIn:0.0125014
            num_until_goal_expanded:324
            timing_expansions:
                total_S3Exp: 0.0124921
                time_top_o: 6.1713e-05
                time_check_in_c: 5.2785e-05
                time_add_parent: 8.3042e-05
                num_neighbors: 22370
                time_add_neighbors_to_o: 0.0112916
    num_new_collisions: 13
    timing_PIOW_new_collisions:
        total_PIOW: 52.5203
        num_windows: 140
        time_check_overlap: 4.45e-06
        num_overlapping_windows: 2
        time_merge_windows: 0
        time_remove_window: 0.215527
        time_remove_window: 8.282e-06
        timing_PlanIn:
            total_PlanIn:52.5203
            num_until_goal_expanded:19875
            timing_expansions:
                total_S3Exp: 52.5203
                time_top_o: 0.0294542
                time_check_in_c: 0.0072146
                time_add_parent: 0.0110227
                num_neighbors: 69546660
                time_add_neighbors_to_o: 50.6796
    num_windows_should_quit: 0
    time_should_quit: 1.4939e-05
    time_remove_window: 0
Complete!
