Total time: 0.0392415
is_optimal: true
optimality_bound: 1
successive_bounds: [1.00364, 1.00312, 1.00312, 1.00312, 1.00312, 1.00312, 1.00312, 1.00312, 1.00312, 1.00312, 1.00312, 1.00208, 1.00208, 1.00208, 1.00208, 1.00208, 1.00208, 1.00208, 1.00208, 1.00208, 1.00104, 1.00104, 1.00104, 1.00104, 1.00104, 1.00104, 1, 1]
successive_runtimes: [0.00553472, 0.00643496, 0.00721212, 0.00803791, 0.00889035, 0.00982817, 0.0113538, 0.0123223, 0.0133844, 0.0144213, 0.01577, 0.0171553, 0.0184331, 0.019841, 0.0210784, 0.0222729, 0.0235323, 0.0249122, 0.0262822, 0.0275557, 0.0305299, 0.0319647, 0.0332833, 0.0346246, 0.036129, 0.0375817, 0.0392414]
num_agents: 30
time_individual_plan: 0.00416426
time_first_plan: 0.00085864
num_max_agents_in_window_first_iteration: 2
num_recWAMPF: 27
timing_recWAMPF:
    total_RecWAMPF: 0.0345616
    num_windows: 212
    num_max_agents_in_window: 2
    timing_gari:
        total_GARI: 0.0269801
        time_path_btw_starts: 0.000452942
        Stage1:
            total_Stage1:0.00914087
            time_add_x_to_o: 0.00365971
            time_clear_x: 0.000428379
            timing_AStarSearchUntil:
                total_astar_search_until:0.00504192
                num_values_f_less_fmax:875
                ASU Exp:
                    total_ASUExp:0.00502307
                    time_top_o:0.000210512
                    time_check_in_c:0.000165066
                    time_add_parent:0.000138494
                    num_neighbors:10770
                    time_add_neighbors_to_o:0.00391426
        Stage2:
            total_Stage2:0.00522232
            num_len_path:210
            time_expanding_s:8.6625e-05
            timing_AStarSearchUntil:
                total_astar_search_until:0.0050843
                num_values_f_less_fmax:435
                ASU Exp:
                    total_ASUExp:0.00507991
                    time_top_o:0.000106505
                    time_check_in_c:8.5905e-05
                    time_add_parent:0.000142874
                    num_neighbors:11092
                    time_add_neighbors_to_o:0.00427257
        Stage3:
            total_Stage3:0.0121353
            num_until_goal_expanded:574
            timing_S3Exp:
                total_S3Exp: 0.0045503
                time_top_o: 0.000112606
                time_check_in_c: 7.2496e-05
                time_add_parent: 0.00014136
                num_neighbors: 7037
                time_add_neighbors_to_o: 0.00316339
    timing_PIOW_overlapping:
        total_PIOW: 2.6006e-05
        num_windows: 416
        time_check_overlap: 1.526e-05
        num_overlapping_windows: 0
        time_merge_windows: 0
        time_remove_window: 0
        time_remove_window: 0
        timing_PlanIn:
            total_PlanIn:0
            num_until_goal_expanded:0
            timing_expansions:
                total_S3Exp: 0
                time_top_o: 0
                time_check_in_c: 0
                time_add_parent: 0
                num_neighbors: 0
                time_add_neighbors_to_o: 0
    num_new_collisions: 4
    timing_PIOW_new_collisions:
        total_PIOW: 0.000374291
        num_windows: 12
        time_check_overlap: 4.61e-07
        num_overlapping_windows: 0
        time_merge_windows: 0
        time_remove_window: 0
        time_remove_window: 1.283e-06
        timing_PlanIn:
            total_PlanIn:0.000368669
            num_until_goal_expanded:39
            timing_expansions:
                total_S3Exp: 0.000359532
                time_top_o: 5.88e-06
                time_check_in_c: 6.721e-06
                time_add_parent: 1.0824e-05
                num_neighbors: 593
                time_add_neighbors_to_o: 0.000263044
    num_windows_should_quit: 0
    time_should_quit: 5.402e-06
    time_remove_window: 0
Complete!
