Total time: 0.0115381
is_optimal: true
optimality_bound: 1
successive_bounds: [1.00148, 1.00148, 1.00148, 1.00148, 1.00148, 1.00148, 1, 1]
successive_runtimes: [0.00316214, 0.00403551, 0.00510499, 0.00647233, 0.00807536, 0.00990432, 0.0115381]
num_agents: 20
time_individual_plan: 0.00218849
time_first_plan: 0.000453516
num_max_agents_in_window_first_iteration: 2
num_recWAMPF: 7
timing_recWAMPF:
    total_RecWAMPF: 0.00882819
    num_windows: 13
    num_max_agents_in_window: 2
    timing_gari:
        total_GARI: 0.00773977
        time_path_btw_starts: 2.8932e-05
        Stage1:
            total_Stage1:0.00413646
            time_add_x_to_o: 0.0015563
            time_clear_x: 0.000207661
            timing_AStarSearchUntil:
                total_astar_search_until:0.00237169
                num_values_f_less_fmax:1875
                ASU Exp:
                    total_ASUExp:0.00237139
                    time_top_o:0.000447976
                    time_check_in_c:0.000285605
                    time_add_parent:9.8171e-05
                    num_neighbors:2412
                    time_add_neighbors_to_o:0.000876025
        Stage2:
            total_Stage2:0.000237794
            num_len_path:12
            time_expanding_s:4.552e-06
            timing_AStarSearchUntil:
                total_astar_search_until:0.000229323
                num_values_f_less_fmax:18
                ASU Exp:
                    total_ASUExp:0.000229031
                    time_top_o:4.018e-06
                    time_check_in_c:3.372e-06
                    time_add_parent:4.415e-06
                    num_neighbors:540
                    time_add_neighbors_to_o:0.000199491
        Stage3:
            total_Stage3:0.0033344
            num_until_goal_expanded:747
            timing_S3Exp:
                total_S3Exp: 0.00276561
                time_top_o: 0.00016528
                time_check_in_c: 0.000105934
                time_add_parent: 0.00020602
                num_neighbors: 4504
                time_add_neighbors_to_o: 0.00171858
    timing_PIOW_overlapping:
        total_PIOW: 1.78e-07
        num_windows: 6
        time_check_overlap: 0
        num_overlapping_windows: 0
        time_merge_windows: 0
        time_remove_window: 0
        time_remove_window: 0
        timing_PlanIn:
            total_PlanIn:0
            num_until_goal_expanded:0
            timing_expansions:
                total_S3Exp: 0
                time_top_o: 0
                time_check_in_c: 0
                time_add_parent: 0
                num_neighbors: 0
                time_add_neighbors_to_o: 0
    num_new_collisions: 1
    timing_PIOW_new_collisions:
        total_PIOW: 0.000272594
        num_windows: 0
        time_check_overlap: 0
        num_overlapping_windows: 0
        time_merge_windows: 0
        time_remove_window: 0
        time_remove_window: 3.38e-07
        timing_PlanIn:
            total_PlanIn:0.000271018
            num_until_goal_expanded:51
            timing_expansions:
                total_S3Exp: 0.000266547
                time_top_o: 6.02e-06
                time_check_in_c: 9.322e-06
                time_add_parent: 1.3224e-05
                num_neighbors: 373
                time_add_neighbors_to_o: 0.000168805
    num_windows_should_quit: 0
    time_should_quit: 3.3e-07
    time_remove_window: 0
Complete!
