Total time: 0.00388664
is_optimal: true
optimality_bound: 1
successive_bounds: [1.00297, 1.00297, 1.00297, 1.00297, 1.00297, 1.00297, 1.00297, 1.00297, 1.00297, 1.00297, 1.00297, 1.00297, 1.00297, 1.00297, 1, 1]
successive_runtimes: [0.00185787, 0.00198849, 0.00210815, 0.00223042, 0.00235615, 0.0024917, 0.00262577, 0.00282307, 0.00296641, 0.00306602, 0.00315833, 0.00326409, 0.00336997, 0.00346843, 0.00388662]
num_agents: 10
time_individual_plan: 0.00120427
time_first_plan: 0.000124237
num_max_agents_in_window_first_iteration: 2
num_recWAMPF: 15
timing_recWAMPF:
    total_RecWAMPF: 0.0021511
    num_windows: 29
    num_max_agents_in_window: 2
    timing_gari:
        total_GARI: 0.00173608
        time_path_btw_starts: 7.8892e-05
        Stage1:
            total_Stage1:0.000144783
            time_add_x_to_o: 0.000127324
            time_clear_x: 1.4637e-05
            timing_AStarSearchUntil:
                total_astar_search_until:1.295e-06
                num_values_f_less_fmax:0
                ASU Exp:
                    total_ASUExp:6.51e-07
                    time_top_o:0
                    time_check_in_c:0
                    time_add_parent:0
                    num_neighbors:0
                    time_add_neighbors_to_o:0
        Stage2:
            total_Stage2:0.000495445
            num_len_path:22
            time_expanding_s:1.331e-05
            timing_AStarSearchUntil:
                total_astar_search_until:0.000474828
                num_values_f_less_fmax:38
                ASU Exp:
                    total_ASUExp:0.000474243
                    time_top_o:8.848e-06
                    time_check_in_c:6.899e-06
                    time_add_parent:1.2798e-05
                    num_neighbors:940
                    time_add_neighbors_to_o:0.000401228
        Stage3:
            total_Stage3:0.00101302
            num_until_goal_expanded:71
            timing_S3Exp:
                total_S3Exp: 0.000683455
                time_top_o: 1.295e-05
                time_check_in_c: 9.601e-06
                time_add_parent: 1.4067e-05
                num_neighbors: 935
                time_add_neighbors_to_o: 0.000534181
    timing_PIOW_overlapping:
        total_PIOW: 3.34e-07
        num_windows: 14
        time_check_overlap: 0
        num_overlapping_windows: 0
        time_merge_windows: 0
        time_remove_window: 0
        time_remove_window: 0
        timing_PlanIn:
            total_PlanIn:0
            num_until_goal_expanded:0
            timing_expansions:
                total_S3Exp: 0
                time_top_o: 0
                time_check_in_c: 0
                time_add_parent: 0
                num_neighbors: 0
                time_add_neighbors_to_o: 0
    num_new_collisions: 1
    timing_PIOW_new_collisions:
        total_PIOW: 9.8647e-05
        num_windows: 0
        time_check_overlap: 0
        num_overlapping_windows: 0
        time_merge_windows: 0
        time_remove_window: 0
        time_remove_window: 2.32e-07
        timing_PlanIn:
            total_PlanIn:9.6722e-05
            num_until_goal_expanded:7
            timing_expansions:
                total_S3Exp: 9.3656e-05
                time_top_o: 1.517e-06
                time_check_in_c: 1.537e-06
                time_add_parent: 2.616e-06
                num_neighbors: 120
                time_add_neighbors_to_o: 7.3759e-05
    num_windows_should_quit: 0
    time_should_quit: 7.2e-07
    time_remove_window: 0
Complete!
