Total time: 0.0929261
is_optimal: false
optimality_bound: 1.00095
successive_bounds: [1.00413, 1.00413, 1.00159, 1.00159, 1.00159, 1.00159, 1.00159, 1.00159, 1.00159, 1.00095]
successive_runtimes: [0.0371714, 0.0418316, 0.0468145, 0.0509382, 0.0550539, 0.059171, 0.064408, 0.068763, 0.080542, 0.092926]
num_agents: 40
time_individual_plan: 0.00735505
time_first_plan: 0.0293038
num_max_agents_in_window_first_iteration: 3
num_recWAMPF: 10
timing_recWAMPF:
    total_RecWAMPF: 0.0850556
    num_windows: 167
    num_max_agents_in_window: 3
    timing_gari:
        total_GARI: 0.0440692
        time_path_btw_starts: 0.000411041
        Stage1:
            total_Stage1:0.00855988
            time_add_x_to_o: 0.00697968
            time_clear_x: 0.000703906
            timing_AStarSearchUntil:
                total_astar_search_until:0.000867071
                num_values_f_less_fmax:460
                ASU Exp:
                    total_ASUExp:0.000863348
                    time_top_o:8.9841e-05
                    time_check_in_c:5.3687e-05
                    time_add_parent:3.1919e-05
                    num_neighbors:1316
                    time_add_neighbors_to_o:0.000500155
        Stage2:
            total_Stage2:0.00302907
            num_len_path:147
            time_expanding_s:0.000205134
            timing_AStarSearchUntil:
                total_astar_search_until:0.002767
                num_values_f_less_fmax:187
                ASU Exp:
                    total_ASUExp:0.00276368
                    time_top_o:5.6188e-05
                    time_check_in_c:3.6582e-05
                    time_add_parent:8.2652e-05
                    num_neighbors:6047
                    time_add_neighbors_to_o:0.00233099
        Stage3:
            total_Stage3:0.0316203
            num_until_goal_expanded:1275
            timing_S3Exp:
                total_S3Exp: 0.00806033
                time_top_o: 0.000257622
                time_check_in_c: 0.000192917
                time_add_parent: 0.000305613
                num_neighbors: 10448
                time_add_neighbors_to_o: 0.00526024
    timing_PIOW_overlapping:
        total_PIOW: 0.00754091
        num_windows: 709
        time_check_overlap: 2.4198e-05
        num_overlapping_windows: 1
        time_merge_windows: 2.197e-06
        time_remove_window: 3.22e-07
        time_remove_window: 2.114e-06
        timing_PlanIn:
            total_PlanIn:0.00749674
            num_until_goal_expanded:298
            timing_expansions:
                total_S3Exp: 0.00749459
                time_top_o: 6.3915e-05
                time_check_in_c: 4.8044e-05
                time_add_parent: 8.3519e-05
                num_neighbors: 13253
                time_add_neighbors_to_o: 0.00653965
    num_new_collisions: 10
    timing_PIOW_new_collisions:
        total_PIOW: 0.0276527
        num_windows: 76
        time_check_overlap: 2.787e-06
        num_overlapping_windows: 1
        time_merge_windows: 0
        time_remove_window: 0.00944959
        time_remove_window: 4.288e-06
        timing_PlanIn:
            total_PlanIn:0.0276306
            num_until_goal_expanded:634
            timing_expansions:
                total_S3Exp: 0.0275929
                time_top_o: 0.00019495
                time_check_in_c: 0.000114353
                time_add_parent: 0.000170855
                num_neighbors: 50229
                time_add_neighbors_to_o: 0.0250048
    num_windows_should_quit: 0
    time_should_quit: 7.313e-06
    time_remove_window: 0
Complete!
