Total time: 57.8732
is_optimal: false
optimality_bound: 1.00372
successive_bounds: [1.00769, 1.0062, 1.00571, 1.00546, 1.00447, 1.00447, 1.00422, 1.00422, 1.00372, 1.00372]
successive_runtimes: [0.0342794, 0.0777422, 0.120269, 0.295685, 0.540118, 0.728529, 0.859627, 1.06042, 5.32419, 57.8732]
num_agents: 60
time_individual_plan: 0.0135152
time_first_plan: 0.0197585
num_max_agents_in_window_first_iteration: 3
num_recWAMPF: 10
timing_recWAMPF:
    total_RecWAMPF: 57.8587
    num_windows: 249
    num_max_agents_in_window: 5
    timing_gari:
        total_GARI: 53.4974
        time_path_btw_starts: 0.0182105
        Stage1:
            total_Stage1:16.5594
            time_add_x_to_o: 1.76843
            time_clear_x: 0.360419
            timing_AStarSearchUntil:
                total_astar_search_until:14.4306
                num_values_f_less_fmax:21989
                ASU Exp:
                    total_ASUExp:14.4306
                    time_top_o:0.0377181
                    time_check_in_c:0.284595
                    time_add_parent:0.00956255
                    num_neighbors:21907431
                    time_add_neighbors_to_o:14.0382
        Stage2:
            total_Stage2:33.6822
            num_len_path:224
            time_expanding_s:0.000199308
            timing_AStarSearchUntil:
                total_astar_search_until:33.6819
                num_values_f_less_fmax:14812
                ASU Exp:
                    total_ASUExp:33.6819
                    time_top_o:0.0308744
                    time_check_in_c:0.00805577
                    time_add_parent:0.0084143
                    num_neighbors:62356367
                    time_add_neighbors_to_o:33.5949
        Stage3:
            total_Stage3:3.2373
            num_until_goal_expanded:7199
            timing_S3Exp:
                total_S3Exp: 2.35969
                time_top_o: 0.00582956
                time_check_in_c: 0.00239639
                time_add_parent: 0.00383319
                num_neighbors: 4011935
                time_add_neighbors_to_o: 2.33491
    timing_PIOW_overlapping:
        total_PIOW: 4.3324
        num_windows: 1667
        time_check_overlap: 6.1383e-05
        num_overlapping_windows: 7
        time_merge_windows: 1.2852e-05
        time_remove_window: 2.753e-06
        time_remove_window: 1.2373e-05
        timing_PlanIn:
            total_PlanIn:4.33228
            num_until_goal_expanded:3490
            timing_expansions:
                total_S3Exp: 4.33225
                time_top_o: 0.00415411
                time_check_in_c: 0.00104702
                time_add_parent: 0.00158552
                num_neighbors: 7453054
                time_add_neighbors_to_o: 4.1311
    num_new_collisions: 19
    timing_PIOW_new_collisions:
        total_PIOW: 0.0108881
        num_windows: 326
        time_check_overlap: 1.4277e-05
        num_overlapping_windows: 1
        time_merge_windows: 0
        time_remove_window: 0.0186882
        time_remove_window: 2.1125e-05
        timing_PlanIn:
            total_PlanIn:0.0108034
            num_until_goal_expanded:398
            timing_expansions:
                total_S3Exp: 0.0107462
                time_top_o: 9.9741e-05
                time_check_in_c: 0.00012048
                time_add_parent: 0.000183267
                num_neighbors: 10745
                time_add_neighbors_to_o: 0.00898518
    num_windows_should_quit: 0
    time_should_quit: 2.16e-05
    time_remove_window: 0
Complete!
