Total time: 0.00799182
is_optimal: true
optimality_bound: 1
successive_bounds: [1.00143, 1.00143, 1.00143, 1.00143, 1.00143, 1.00143, 1.00143, 1.00143, 1.00143, 1.00143, 1.00143, 1.00143, 1.00143, 1.00143, 1.00143, 1, 1]
successive_runtimes: [0.00404325, 0.00429939, 0.0045438, 0.00478432, 0.00501906, 0.00525899, 0.00549908, 0.00574544, 0.00598024, 0.00622065, 0.00645986, 0.00672534, 0.00705109, 0.00737395, 0.00768397, 0.00799179]
num_agents: 20
time_individual_plan: 0.00328911
time_first_plan: 0.000227434
num_max_agents_in_window_first_iteration: 2
num_recWAMPF: 16
timing_recWAMPF:
    total_RecWAMPF: 0.00417359
    num_windows: 31
    num_max_agents_in_window: 2
    timing_gari:
        total_GARI: 0.00259029
        time_path_btw_starts: 5.3726e-05
        Stage1:
            total_Stage1:0.00098326
            time_add_x_to_o: 0.000584153
            time_clear_x: 7.9284e-05
            timing_AStarSearchUntil:
                total_astar_search_until:0.000318176
                num_values_f_less_fmax:167
                ASU Exp:
                    total_ASUExp:0.000317507
                    time_top_o:3.637e-05
                    time_check_in_c:1.9133e-05
                    time_add_parent:8.928e-06
                    num_neighbors:606
                    time_add_neighbors_to_o:0.000199336
        Stage2:
            total_Stage2:0.000509125
            num_len_path:30
            time_expanding_s:1.0595e-05
            timing_AStarSearchUntil:
                total_astar_search_until:0.000490731
                num_values_f_less_fmax:45
                ASU Exp:
                    total_ASUExp:0.000490131
                    time_top_o:9.333e-06
                    time_check_in_c:1.0584e-05
                    time_add_parent:1.4406e-05
                    num_neighbors:1190
                    time_add_neighbors_to_o:0.000410262
        Stage3:
            total_Stage3:0.00103956
            num_until_goal_expanded:158
            timing_S3Exp:
                total_S3Exp: 0.000710944
                time_top_o: 2.9465e-05
                time_check_in_c: 2.0571e-05
                time_add_parent: 4.4027e-05
                num_neighbors: 1409
                time_add_neighbors_to_o: 0.000431252
    timing_PIOW_overlapping:
        total_PIOW: 3.34e-07
        num_windows: 15
        time_check_overlap: 0
        num_overlapping_windows: 0
        time_merge_windows: 0
        time_remove_window: 0
        time_remove_window: 0
        timing_PlanIn:
            total_PlanIn:0
            num_until_goal_expanded:0
            timing_expansions:
                total_S3Exp: 0
                time_top_o: 0
                time_check_in_c: 0
                time_add_parent: 0
                num_neighbors: 0
                time_add_neighbors_to_o: 0
    num_new_collisions: 1
    timing_PIOW_new_collisions:
        total_PIOW: 0.000117452
        num_windows: 0
        time_check_overlap: 0
        num_overlapping_windows: 0
        time_merge_windows: 0
        time_remove_window: 0
        time_remove_window: 3.08e-07
        timing_PlanIn:
            total_PlanIn:0.000115959
            num_until_goal_expanded:13
            timing_expansions:
                total_S3Exp: 0.000111548
                time_top_o: 2.314e-06
                time_check_in_c: 2.948e-06
                time_add_parent: 3.998e-06
                num_neighbors: 143
                time_add_neighbors_to_o: 6.523e-05
    num_windows_should_quit: 0
    time_should_quit: 8.99e-07
    time_remove_window: 0
Complete!
