Total time: 1.14024
is_optimal: true
optimality_bound: 1
successive_bounds: [1.00554, 1.00554, 1.00554, 1.00554, 1.00554, 1.00554, 1.00554, 1.00554, 1.0052, 1.0052, 1.0052, 1.0052, 1.00381, 1.00381, 1.00312, 1.00312, 1.00312, 1.00312, 1.00312, 1.00312, 1.00243, 1.00243, 1.00243, 1.00243, 1.00243, 0.99411, 1]
successive_runtimes: [0.00960731, 0.0126362, 0.015603, 0.0187334, 0.022085, 0.0255917, 0.0380446, 0.0585846, 0.0979722, 0.135981, 0.166633, 0.202595, 0.256769, 0.299213, 0.361682, 0.435798, 0.491415, 0.550359, 0.612726, 0.676017, 0.743699, 0.815103, 0.887804, 0.965946, 1.04463, 1.14024]
num_agents: 40
time_individual_plan: 0.00515647
time_first_plan: 0.00387706
num_max_agents_in_window_first_iteration: 2
num_recWAMPF: 26
timing_recWAMPF:
    total_RecWAMPF: 1.1345
    num_windows: 419
    num_max_agents_in_window: 3
    timing_gari:
        total_GARI: 1.10836
        time_path_btw_starts: 0.00181245
        Stage1:
            total_Stage1:0.46509
            time_add_x_to_o: 0.206495
            time_clear_x: 0.0564526
            timing_AStarSearchUntil:
                total_astar_search_until:0.202095
                num_values_f_less_fmax:19661
                ASU Exp:
                    total_ASUExp:0.202082
                    time_top_o:0.0102614
                    time_check_in_c:0.00538519
                    time_add_parent:0.00715783
                    num_neighbors:366885
                    time_add_neighbors_to_o:0.161654
        Stage2:
            total_Stage2:0.0823535
            num_len_path:451
            time_expanding_s:0.000313737
            timing_AStarSearchUntil:
                total_astar_search_until:0.0818581
                num_values_f_less_fmax:5611
                ASU Exp:
                    total_ASUExp:0.0818495
                    time_top_o:0.00173499
                    time_check_in_c:0.00117676
                    time_add_parent:0.00169343
                    num_neighbors:162798
                    time_add_neighbors_to_o:0.0715336
        Stage3:
            total_Stage3:0.559013
            num_until_goal_expanded:10357
            timing_S3Exp:
                total_S3Exp: 0.16185
                time_top_o: 0.00480565
                time_check_in_c: 0.0019947
                time_add_parent: 0.00468938
                num_neighbors: 257881
                time_add_neighbors_to_o: 0.132585
    timing_PIOW_overlapping:
        total_PIOW: 0.00975136
        num_windows: 1694
        time_check_overlap: 7.3715e-05
        num_overlapping_windows: 1
        time_merge_windows: 1.398e-06
        time_remove_window: 2.21e-07
        time_remove_window: 1.349e-06
        timing_PlanIn:
            total_PlanIn:0.00963278
            num_until_goal_expanded:214
            timing_expansions:
                total_S3Exp: 0.00963064
                time_top_o: 5.4285e-05
                time_check_in_c: 3.6453e-05
                time_add_parent: 5.9751e-05
                num_neighbors: 18624
                time_add_neighbors_to_o: 0.00866263
    num_new_collisions: 9
    timing_PIOW_new_collisions:
        total_PIOW: 0.00143234
        num_windows: 72
        time_check_overlap: 1.978e-06
        num_overlapping_windows: 0
        time_merge_windows: 0
        time_remove_window: 0
        time_remove_window: 6.34e-06
        timing_PlanIn:
            total_PlanIn:0.00141532
            num_until_goal_expanded:202
            timing_expansions:
                total_S3Exp: 0.0013981
                time_top_o: 2.4321e-05
                time_check_in_c: 3.5193e-05
                time_add_parent: 5.0088e-05
                num_neighbors: 1987
                time_add_neighbors_to_o: 0.00100978
    num_windows_should_quit: 0
    time_should_quit: 2.1428e-05
    time_remove_window: 0
Complete!
