Total time: 30.0289
is_optimal: false
optimality_bound: 1.00059
successive_bounds: [1.00446, 1.00357, 1.00238, 1.00149, 1.00119, 1.00119, 1.00059, 1.00059, 1.00059, 1.00059, 1.00059, 1.00059, 1.00059, 1.00059]
successive_runtimes: [0.0147856, 0.0174801, 0.0238936, 0.0311057, 0.0385397, 0.0419275, 0.0475541, 0.0658722, 0.072403, 0.0780366, 0.08263, 16.2978, 27.5102, 30.0289]
num_agents: 50
time_individual_plan: 0.0100684
time_first_plan: 0.00405433
num_max_agents_in_window_first_iteration: 2
num_recWAMPF: 14
timing_recWAMPF:
    total_RecWAMPF: 30.0181
    num_windows: 140
    num_max_agents_in_window: 5
    timing_gari:
        total_GARI: 13.7649
        time_path_btw_starts: 0.018837
        Stage1:
            total_Stage1:6.51579
            time_add_x_to_o: 5.38451
            time_clear_x: 1.13107
            timing_AStarSearchUntil:
                total_astar_search_until:0.000207028
                num_values_f_less_fmax:96
                ASU Exp:
                    total_ASUExp:0.000203205
                    time_top_o:2.2822e-05
                    time_check_in_c:1.5075e-05
                    time_add_parent:6.953e-06
                    num_neighbors:261
                    time_add_neighbors_to_o:0.000116028
        Stage2:
            total_Stage2:0.0144688
            num_len_path:114
            time_expanding_s:0.000772221
            timing_AStarSearchUntil:
                total_astar_search_until:0.0136483
                num_values_f_less_fmax:203
                ASU Exp:
                    total_ASUExp:0.013645
                    time_top_o:6.4459e-05
                    time_check_in_c:4.6296e-05
                    time_add_parent:7.4612e-05
                    num_neighbors:13622
                    time_add_neighbors_to_o:0.00789663
        Stage3:
            total_Stage3:7.2148
            num_until_goal_expanded:2495
            timing_S3Exp:
                total_S3Exp: 2.44365
                time_top_o: 0.00184065
                time_check_in_c: 0.000423756
                time_add_parent: 0.00114217
                num_neighbors: 306317
                time_add_neighbors_to_o: 0.710446
    timing_PIOW_overlapping:
        total_PIOW: 0.028926
        num_windows: 488
        time_check_overlap: 1.6632e-05
        num_overlapping_windows: 7
        time_merge_windows: 7.486e-06
        time_remove_window: 1.322e-06
        time_remove_window: 7.107e-06
        timing_PlanIn:
            total_PlanIn:0.0288776
            num_until_goal_expanded:299
            timing_expansions:
                total_S3Exp: 0.0288626
                time_top_o: 7.4415e-05
                time_check_in_c: 5.5876e-05
                time_add_parent: 8.5689e-05
                num_neighbors: 43964
                time_add_neighbors_to_o: 0.0269712
    num_new_collisions: 11
    timing_PIOW_new_collisions:
        total_PIOW: 16.2118
        num_windows: 97
        time_check_overlap: 3.727e-06
        num_overlapping_windows: 1
        time_merge_windows: 0
        time_remove_window: 0.0877877
        time_remove_window: 8.286e-06
        timing_PlanIn:
            total_PlanIn:16.2118
            num_until_goal_expanded:8287
            timing_expansions:
                total_S3Exp: 16.2117
                time_top_o: 0.0104892
                time_check_in_c: 0.00271987
                time_add_parent: 0.00514582
                num_neighbors: 21976523
                time_add_neighbors_to_o: 15.6205
    num_windows_should_quit: 0
    time_should_quit: 7.017e-06
    time_remove_window: 0
Complete!
