Total time: 0.0414872
is_optimal: true
optimality_bound: 1
successive_bounds: [1.00133, 1.00133, 1.00133, 1.00133, 1.00133, 1.00133, 1.00133, 1.00133, 1.00133, 1.00133, 1.00133, 1.00133, 1.00133, 1.00133, 1.00133, 1.00133, 1.00133, 1.00133, 1.00133, 1, 1]
successive_runtimes: [0.00377825, 0.00429458, 0.00478474, 0.00538157, 0.00591148, 0.00648027, 0.00699475, 0.00750442, 0.00805483, 0.00855881, 0.0129151, 0.0198423, 0.0252547, 0.0280961, 0.0302179, 0.0322996, 0.0345092, 0.0366839, 0.0390041, 0.0414872]
num_agents: 20
time_individual_plan: 0.00278465
time_first_plan: 0.000379104
num_max_agents_in_window_first_iteration: 2
num_recWAMPF: 20
timing_recWAMPF:
    total_RecWAMPF: 0.0380848
    num_windows: 39
    num_max_agents_in_window: 2
    timing_gari:
        total_GARI: 0.0357118
        time_path_btw_starts: 8.5798e-05
        Stage1:
            total_Stage1:0.0206598
            time_add_x_to_o: 0.00816237
            time_clear_x: 0.00153437
            timing_AStarSearchUntil:
                total_astar_search_until:0.0109607
                num_values_f_less_fmax:3335
                ASU Exp:
                    total_ASUExp:0.0109597
                    time_top_o:0.000962976
                    time_check_in_c:0.000651143
                    time_add_parent:0.000235871
                    num_neighbors:22140
                    time_add_neighbors_to_o:0.00795268
        Stage2:
            total_Stage2:0.00709096
            num_len_path:49
            time_expanding_s:1.7567e-05
            timing_AStarSearchUntil:
                total_astar_search_until:0.00706216
                num_values_f_less_fmax:517
                ASU Exp:
                    total_ASUExp:0.0070613
                    time_top_o:0.000133315
                    time_check_in_c:9.6119e-05
                    time_add_parent:0.000128637
                    num_neighbors:15348
                    time_add_neighbors_to_o:0.00621186
        Stage3:
            total_Stage3:0.00786815
            num_until_goal_expanded:720
            timing_S3Exp:
                total_S3Exp: 0.00320696
                time_top_o: 0.000168745
                time_check_in_c: 0.000119308
                time_add_parent: 0.000234004
                num_neighbors: 5413
                time_add_neighbors_to_o: 0.0019687
    timing_PIOW_overlapping:
        total_PIOW: 4.27e-07
        num_windows: 19
        time_check_overlap: 0
        num_overlapping_windows: 0
        time_merge_windows: 0
        time_remove_window: 0
        time_remove_window: 0
        timing_PlanIn:
            total_PlanIn:0
            num_until_goal_expanded:0
            timing_expansions:
                total_S3Exp: 0
                time_top_o: 0
                time_check_in_c: 0
                time_add_parent: 0
                num_neighbors: 0
                time_add_neighbors_to_o: 0
    num_new_collisions: 1
    timing_PIOW_new_collisions:
        total_PIOW: 0.000209647
        num_windows: 0
        time_check_overlap: 0
        num_overlapping_windows: 0
        time_merge_windows: 0
        time_remove_window: 0
        time_remove_window: 3.09e-07
        timing_PlanIn:
            total_PlanIn:0.000208155
            num_until_goal_expanded:24
            timing_expansions:
                total_S3Exp: 0.000191551
                time_top_o: 3.438e-06
                time_check_in_c: 4.899e-06
                time_add_parent: 7.52e-06
                num_neighbors: 198
                time_add_neighbors_to_o: 0.000121515
    num_windows_should_quit: 0
    time_should_quit: 8.31e-07
    time_remove_window: 0
Complete!
