Total time: 0.635508
is_optimal: true
optimality_bound: 1
successive_bounds: [1.00351, 1.00351, 1.00351, 1.00351, 1.00351, 1.00251, 1.00251, 1.00251, 1.00251, 1.00251, 1.00251, 1.00251, 1.00201, 1.001, 1.001, 1.001, 1.001, 1.001, 1.001, 1.001, 1.001, 1.001, 1.001, 1, 1]
successive_runtimes: [0.00485855, 0.00571058, 0.00650659, 0.00737245, 0.00822269, 0.0108508, 0.0243877, 0.0620643, 0.0996713, 0.130646, 0.155118, 0.180134, 0.208745, 0.23704, 0.266231, 0.30102, 0.343804, 0.382033, 0.420653, 0.458652, 0.4988, 0.541187, 0.585873, 0.635508]
num_agents: 30
time_individual_plan: 0.00335013
time_first_plan: 0.000969733
num_max_agents_in_window_first_iteration: 2
num_recWAMPF: 24
timing_recWAMPF:
    total_RecWAMPF: 0.631615
    num_windows: 134
    num_max_agents_in_window: 3
    timing_gari:
        total_GARI: 0.61312
        time_path_btw_starts: 0.00058128
        Stage1:
            total_Stage1:0.324919
            time_add_x_to_o: 0.13131
            time_clear_x: 0.0325976
            timing_AStarSearchUntil:
                total_astar_search_until:0.160999
                num_values_f_less_fmax:8691
                ASU Exp:
                    total_ASUExp:0.160995
                    time_top_o:0.00574994
                    time_check_in_c:0.00187784
                    time_add_parent:0.00320147
                    num_neighbors:363706
                    time_add_neighbors_to_o:0.144657
        Stage2:
            total_Stage2:0.0321236
            num_len_path:131
            time_expanding_s:7.7453e-05
            timing_AStarSearchUntil:
                total_astar_search_until:0.0319802
                num_values_f_less_fmax:530
                ASU Exp:
                    total_ASUExp:0.0319772
                    time_top_o:0.000206431
                    time_check_in_c:0.000100271
                    time_add_parent:0.00016361
                    num_neighbors:75599
                    time_add_neighbors_to_o:0.0307246
        Stage3:
            total_Stage3:0.255463
            num_until_goal_expanded:2579
            timing_S3Exp:
                total_S3Exp: 0.0472291
                time_top_o: 0.00109897
                time_check_in_c: 0.000441455
                time_add_parent: 0.00124612
                num_neighbors: 76248
                time_add_neighbors_to_o: 0.0394882
    timing_PIOW_overlapping:
        total_PIOW: 0.0120441
        num_windows: 204
        time_check_overlap: 7.863e-06
        num_overlapping_windows: 2
        time_merge_windows: 3.707e-06
        time_remove_window: 4.13e-07
        time_remove_window: 3.608e-06
        timing_PlanIn:
            total_PlanIn:0.0120231
            num_until_goal_expanded:231
            timing_expansions:
                total_S3Exp: 0.0120185
                time_top_o: 5.4994e-05
                time_check_in_c: 4.3703e-05
                time_add_parent: 6.0397e-05
                num_neighbors: 19621
                time_add_neighbors_to_o: 0.0110198
    num_new_collisions: 4
    timing_PIOW_new_collisions:
        total_PIOW: 0.000407102
        num_windows: 12
        time_check_overlap: 4.24e-07
        num_overlapping_windows: 0
        time_merge_windows: 0
        time_remove_window: 0
        time_remove_window: 1.076e-06
        timing_PlanIn:
            total_PlanIn:0.000402018
            num_until_goal_expanded:51
            timing_expansions:
                total_S3Exp: 0.000394623
                time_top_o: 6.922e-06
                time_check_in_c: 8.96e-06
                time_add_parent: 1.3874e-05
                num_neighbors: 578
                time_add_neighbors_to_o: 0.000281082
    num_windows_should_quit: 0
    time_should_quit: 7.51e-06
    time_remove_window: 0
Complete!
