Total time: 0.0686905
is_optimal: true
optimality_bound: 1
successive_bounds: [1.03709, 1.00193, 1.00193, 1.00193, 1.00096, 1.00096, 1.00096, 1, 1]
successive_runtimes: [0.0116353, 0.0510013, 0.0538201, 0.0571582, 0.0606031, 0.0635884, 0.0665124, 0.0686904]
num_agents: 30
time_individual_plan: 0.0043923
time_first_plan: 0.00672323
num_max_agents_in_window_first_iteration: 2
num_recWAMPF: 8
timing_recWAMPF:
    total_RecWAMPF: 0.0637766
    num_windows: 45
    num_max_agents_in_window: 2
    timing_gari:
        total_GARI: 0.0499816
        time_path_btw_starts: 0.000112197
        Stage1:
            total_Stage1:0.0423114
            time_add_x_to_o: 0.00615585
            time_clear_x: 0.000877903
            timing_AStarSearchUntil:
                total_astar_search_until:0.00490389
                num_values_f_less_fmax:8960
                ASU Exp:
                    total_ASUExp:0.0049028
                    time_top_o:0.00244307
                    time_check_in_c:0.0013602
                    time_add_parent:0.000884697
                    num_neighbors:66571
                    time_add_neighbors_to_o:0.0265398
        Stage2:
            total_Stage2:0.000760802
            num_len_path:43
            time_expanding_s:3.6418e-05
            timing_AStarSearchUntil:
                total_astar_search_until:0.000712461
                num_values_f_less_fmax:61
                ASU Exp:
                    total_ASUExp:0.000711555
                    time_top_o:1.4513e-05
                    time_check_in_c:1.5238e-05
                    time_add_parent:1.8108e-05
                    num_neighbors:1585
                    time_add_neighbors_to_o:0.00059195
        Stage3:
            total_Stage3:0.00679014
            num_until_goal_expanded:1451
            timing_S3Exp:
                total_S3Exp: 0.00548441
                time_top_o: 0.000332488
                time_check_in_c: 0.000187833
                time_add_parent: 0.000388961
                num_neighbors: 8072
                time_add_neighbors_to_o: 0.00299784
    timing_PIOW_overlapping:
        total_PIOW: 3.782e-06
        num_windows: 63
        time_check_overlap: 1.748e-06
        num_overlapping_windows: 0
        time_merge_windows: 0
        time_remove_window: 0
        time_remove_window: 0
        timing_PlanIn:
            total_PlanIn:0
            num_until_goal_expanded:0
            timing_expansions:
                total_S3Exp: 0
                time_top_o: 0
                time_check_in_c: 0
                time_add_parent: 0
                num_neighbors: 0
                time_add_neighbors_to_o: 0
    num_new_collisions: 3
    timing_PIOW_new_collisions:
        total_PIOW: 0.00612566
        num_windows: 6
        time_check_overlap: 4.35e-07
        num_overlapping_windows: 0
        time_merge_windows: 0
        time_remove_window: 0
        time_remove_window: 1.042e-06
        timing_PlanIn:
            total_PlanIn:0.00611979
            num_until_goal_expanded:535
            timing_expansions:
                total_S3Exp: 0.00611389
                time_top_o: 7.405e-05
                time_check_in_c: 0.000139267
                time_add_parent: 0.000133466
                num_neighbors: 11416
                time_add_neighbors_to_o: 0.00496486
    num_windows_should_quit: 0
    time_should_quit: 1.567e-06
    time_remove_window: 0
Complete!
