Total time: 0.0214528
is_optimal: true
optimality_bound: 1
successive_bounds: [1.00291, 1.00146, 1.00146, 1.00146, 1.00146, 1.00146, 1.00146, 1.00146, 1.00146, 1, 1]
successive_runtimes: [0.00353661, 0.00528168, 0.0065673, 0.00799206, 0.00964324, 0.0115108, 0.0135479, 0.016053, 0.0187826, 0.0214527]
num_agents: 20
time_individual_plan: 0.00242131
time_first_plan: 0.000599058
num_max_agents_in_window_first_iteration: 2
num_recWAMPF: 10
timing_recWAMPF:
    total_RecWAMPF: 0.0185133
    num_windows: 38
    num_max_agents_in_window: 2
    timing_gari:
        total_GARI: 0.0169544
        time_path_btw_starts: 9.6145e-05
        Stage1:
            total_Stage1:0.00795775
            time_add_x_to_o: 0.00309025
            time_clear_x: 0.000461866
            timing_AStarSearchUntil:
                total_astar_search_until:0.00440341
                num_values_f_less_fmax:3590
                ASU Exp:
                    total_ASUExp:0.00440237
                    time_top_o:0.00082315
                    time_check_in_c:0.00046532
                    time_add_parent:0.000324421
                    num_neighbors:4275
                    time_add_neighbors_to_o:0.00164085
        Stage2:
            total_Stage2:0.0013793
            num_len_path:38
            time_expanding_s:1.6143e-05
            timing_AStarSearchUntil:
                total_astar_search_until:0.00135252
                num_values_f_less_fmax:113
                ASU Exp:
                    total_ASUExp:0.0013517
                    time_top_o:2.6234e-05
                    time_check_in_c:1.995e-05
                    time_add_parent:2.9239e-05
                    num_neighbors:2991
                    time_add_neighbors_to_o:0.0011579
        Stage3:
            total_Stage3:0.00751261
            num_until_goal_expanded:1533
            timing_S3Exp:
                total_S3Exp: 0.00598062
                time_top_o: 0.000351896
                time_check_in_c: 0.00022387
                time_add_parent: 0.000426809
                num_neighbors: 9264
                time_add_neighbors_to_o: 0.00369706
    timing_PIOW_overlapping:
        total_PIOW: 2.032e-06
        num_windows: 36
        time_check_overlap: 8.88e-07
        num_overlapping_windows: 0
        time_merge_windows: 0
        time_remove_window: 0
        time_remove_window: 0
        timing_PlanIn:
            total_PlanIn:0
            num_until_goal_expanded:0
            timing_expansions:
                total_S3Exp: 0
                time_top_o: 0
                time_check_in_c: 0
                time_add_parent: 0
                num_neighbors: 0
                time_add_neighbors_to_o: 0
    num_new_collisions: 2
    timing_PIOW_new_collisions:
        total_PIOW: 0.000375554
        num_windows: 2
        time_check_overlap: 1.16e-07
        num_overlapping_windows: 0
        time_merge_windows: 0
        time_remove_window: 0
        time_remove_window: 6.78e-07
        timing_PlanIn:
            total_PlanIn:0.00037254
            num_until_goal_expanded:61
            timing_expansions:
                total_S3Exp: 0.000367926
                time_top_o: 7.616e-06
                time_check_in_c: 1.0897e-05
                time_add_parent: 1.5814e-05
                num_neighbors: 526
                time_add_neighbors_to_o: 0.000243621
    num_windows_should_quit: 0
    time_should_quit: 9.53e-07
    time_remove_window: 0
Complete!
