Total time: 1.02809
is_optimal: true
optimality_bound: 1
successive_bounds: [1.00283, 1.00283, 1.00283, 1.00283, 1.00189, 1.00189, 1.00189, 1.00189, 1.00189, 1.00189, 1.00094, 1.00094, 1.00094, 1.00094, 1.00094, 1.00094, 1.00094, 1.00094, 1.00094, 1.00094, 1.00094, 1.00094, 1.00094, 1.00094, 1.00094, 1.00094, 1.00094, 1.00094, 1.00094, 1.00094, 1.00094, 1.00094, 1.00094, 1, 1]
successive_runtimes: [0.00533149, 0.00639125, 0.00746391, 0.00850847, 0.0094593, 0.0101732, 0.0108538, 0.0116168, 0.012324, 0.0131808, 0.0141863, 0.0149816, 0.0157359, 0.0165378, 0.0173589, 0.0182282, 0.0192414, 0.0202028, 0.423006, 0.489133, 0.555194, 0.623174, 0.689412, 0.755653, 0.821816, 0.889125, 0.956189, 1.0224, 1.02302, 1.02367, 1.02428, 1.0249, 1.02551, 1.02809]
num_agents: 30
time_individual_plan: 0.00386184
time_first_plan: 0.000951816
num_max_agents_in_window_first_iteration: 2
num_recWAMPF: 34
timing_recWAMPF:
    total_RecWAMPF: 1.0237
    num_windows: 224
    num_max_agents_in_window: 3
    timing_gari:
        total_GARI: 0.61327
        time_path_btw_starts: 0.000481081
        Stage1:
            total_Stage1:0.00447802
            time_add_x_to_o: 0.00243715
            time_clear_x: 0.000264369
            timing_AStarSearchUntil:
                total_astar_search_until:0.00176472
                num_values_f_less_fmax:470
                ASU Exp:
                    total_ASUExp:0.00175952
                    time_top_o:0.000104814
                    time_check_in_c:0.000105557
                    time_add_parent:6.891e-05
                    num_neighbors:3248
                    time_add_neighbors_to_o:0.00124443
        Stage2:
            total_Stage2:0.00485497
            num_len_path:179
            time_expanding_s:8.6903e-05
            timing_AStarSearchUntil:
                total_astar_search_until:0.0046811
                num_values_f_less_fmax:337
                ASU Exp:
                    total_ASUExp:0.00467656
                    time_top_o:9.3159e-05
                    time_check_in_c:6.8036e-05
                    time_add_parent:0.000108973
                    num_neighbors:9513
                    time_add_neighbors_to_o:0.0039978
        Stage3:
            total_Stage3:0.603418
            num_until_goal_expanded:774
            timing_S3Exp:
                total_S3Exp: 0.0076587
                time_top_o: 0.000192405
                time_check_in_c: 0.000124868
                time_add_parent: 0.000206734
                num_neighbors: 10463
                time_add_neighbors_to_o: 0.00540813
    timing_PIOW_overlapping:
        total_PIOW: 0.401792
        num_windows: 390
        time_check_overlap: 1.7933e-05
        num_overlapping_windows: 1
        time_merge_windows: 1.13e-06
        time_remove_window: 4.08e-07
        time_remove_window: 1.08e-06
        timing_PlanIn:
            total_PlanIn:0.40176
            num_until_goal_expanded:5300
            timing_expansions:
                total_S3Exp: 0.401758
                time_top_o: 0.00253693
                time_check_in_c: 0.000943802
                time_add_parent: 0.00229954
                num_neighbors: 600904
                time_add_neighbors_to_o: 0.373422
    num_new_collisions: 4
    timing_PIOW_new_collisions:
        total_PIOW: 0.000499941
        num_windows: 12
        time_check_overlap: 4.18e-07
        num_overlapping_windows: 0
        time_merge_windows: 0
        time_remove_window: 0
        time_remove_window: 1.073e-06
        timing_PlanIn:
            total_PlanIn:0.00049447
            num_until_goal_expanded:57
            timing_expansions:
                total_S3Exp: 0.000486738
                time_top_o: 7.852e-06
                time_check_in_c: 9.874e-06
                time_add_parent: 1.5329e-05
                num_neighbors: 743
                time_add_neighbors_to_o: 0.000367337
    num_windows_should_quit: 2
    time_should_quit: 7.948e-06
    time_remove_window: 3.89e-07
Complete!
