Total time: 0.379897
is_optimal: false
optimality_bound: 1.00193
successive_bounds: [1.00451, 1.00451, 1.00451, 1.00386, 1.00322, 1.00322, 1.00258, 1.00258, 1.00258, 1.00258, 1.00258, 1.00258, 1.00193]
successive_runtimes: [0.00898492, 0.0111112, 0.0132409, 0.0161162, 0.0207399, 0.0328628, 0.0566249, 0.0706417, 0.0915655, 0.110545, 0.121637, 0.132941, 0.379897]
num_agents: 50
time_individual_plan: 0.00504575
time_first_plan: 0.0034173
num_max_agents_in_window_first_iteration: 2
num_recWAMPF: 13
timing_recWAMPF:
    total_RecWAMPF: 0.374326
    num_windows: 196
    num_max_agents_in_window: 4
    timing_gari:
        total_GARI: 0.108145
        time_path_btw_starts: 0.00142489
        Stage1:
            total_Stage1:0.0625524
            time_add_x_to_o: 0.0308796
            time_clear_x: 0.00389893
            timing_AStarSearchUntil:
                total_astar_search_until:0.0277619
                num_values_f_less_fmax:4398
                ASU Exp:
                    total_ASUExp:0.0277571
                    time_top_o:0.00133282
                    time_check_in_c:0.000970063
                    time_add_parent:0.000706007
                    num_neighbors:57377
                    time_add_neighbors_to_o:0.0222991
        Stage2:
            total_Stage2:0.0146241
            num_len_path:206
            time_expanding_s:0.000375667
            timing_AStarSearchUntil:
                total_astar_search_until:0.0141852
                num_values_f_less_fmax:786
                ASU Exp:
                    total_ASUExp:0.0141813
                    time_top_o:0.00022345
                    time_check_in_c:0.000168415
                    time_add_parent:0.000256366
                    num_neighbors:31455
                    time_add_neighbors_to_o:0.0126832
        Stage3:
            total_Stage3:0.0295057
            num_until_goal_expanded:1801
            timing_S3Exp:
                total_S3Exp: 0.0151157
                time_top_o: 0.00042907
                time_check_in_c: 0.000265528
                time_add_parent: 0.000487851
                num_neighbors: 29390
                time_add_neighbors_to_o: 0.0119234
    timing_PIOW_overlapping:
        total_PIOW: 0.242637
        num_windows: 785
        time_check_overlap: 2.8913e-05
        num_overlapping_windows: 4
        time_merge_windows: 8.415e-06
        time_remove_window: 1.21e-06
        time_remove_window: 8.097e-06
        timing_PlanIn:
            total_PlanIn:0.242573
            num_until_goal_expanded:3166
            timing_expansions:
                total_S3Exp: 0.242561
                time_top_o: 0.0013367
                time_check_in_c: 0.000567145
                time_add_parent: 0.00112551
                num_neighbors: 442999
                time_add_neighbors_to_o: 0.22386
    num_new_collisions: 10
    timing_PIOW_new_collisions:
        total_PIOW: 0.0127253
        num_windows: 93
        time_check_overlap: 3.297e-06
        num_overlapping_windows: 1
        time_merge_windows: 0
        time_remove_window: 0.0797921
        time_remove_window: 6.648e-06
        timing_PlanIn:
            total_PlanIn:0.0127032
            num_until_goal_expanded:194
            timing_expansions:
                total_S3Exp: 0.0126841
                time_top_o: 3.26e-05
                time_check_in_c: 3.9641e-05
                time_add_parent: 5.1742e-05
                num_neighbors: 23648
                time_add_neighbors_to_o: 0.0116829
    num_windows_should_quit: 0
    time_should_quit: 1.1307e-05
    time_remove_window: 0
Complete!
