Total time: 7.88678
is_optimal: false
optimality_bound: 1.00308
successive_bounds: [1.00493, 1.00493, 1.00431, 1.00431, 1.00431, 1.004, 1.004, 1.00339, 1.00339, 1.00339, 1.00339, 1.00308]
successive_runtimes: [0.0180836, 0.0229848, 0.032494, 0.03638, 0.0407758, 0.0445388, 0.0472612, 0.054938, 0.0585044, 0.0615447, 0.064695, 7.88678]
num_agents: 50
time_individual_plan: 0.0104792
time_first_plan: 0.00660347
num_max_agents_in_window_first_iteration: 2
num_recWAMPF: 12
timing_recWAMPF:
    total_RecWAMPF: 7.8753
    num_windows: 145
    num_max_agents_in_window: 5
    timing_gari:
        total_GARI: 0.0323732
        time_path_btw_starts: 0.000620205
        Stage1:
            total_Stage1:0.00982571
            time_add_x_to_o: 0.00665598
            time_clear_x: 0.000822612
            timing_AStarSearchUntil:
                total_astar_search_until:0.00233709
                num_values_f_less_fmax:291
                ASU Exp:
                    total_ASUExp:0.00233305
                    time_top_o:0.000110514
                    time_check_in_c:0.000122434
                    time_add_parent:2.6552e-05
                    num_neighbors:4478
                    time_add_neighbors_to_o:0.00181374
        Stage2:
            total_Stage2:0.0104827
            num_len_path:131
            time_expanding_s:8.1791e-05
            timing_AStarSearchUntil:
                total_astar_search_until:0.0103525
                num_values_f_less_fmax:548
                ASU Exp:
                    total_ASUExp:0.0103489
                    time_top_o:0.000171392
                    time_check_in_c:0.000123498
                    time_add_parent:0.000209176
                    num_neighbors:19529
                    time_add_neighbors_to_o:0.0091521
        Stage3:
            total_Stage3:0.0114196
            num_until_goal_expanded:320
            timing_S3Exp:
                total_S3Exp: 0.00586966
                time_top_o: 9.193e-05
                time_check_in_c: 6.1538e-05
                time_add_parent: 0.000113338
                num_neighbors: 7701
                time_add_neighbors_to_o: 0.00489149
    timing_PIOW_overlapping:
        total_PIOW: 1.33278
        num_windows: 510
        time_check_overlap: 2.0386e-05
        num_overlapping_windows: 8
        time_merge_windows: 1.1805e-05
        time_remove_window: 2.207e-06
        time_remove_window: 1.1191e-05
        timing_PlanIn:
            total_PlanIn:1.33271
            num_until_goal_expanded:4025
            timing_expansions:
                total_S3Exp: 1.33269
                time_top_o: 0.00277535
                time_check_in_c: 0.00113688
                time_add_parent: 0.00216093
                num_neighbors: 1961351
                time_add_neighbors_to_o: 1.26924
    num_new_collisions: 13
    timing_PIOW_new_collisions:
        total_PIOW: 6.49485
        num_windows: 118
        time_check_overlap: 6.611e-06
        num_overlapping_windows: 1
        time_merge_windows: 0
        time_remove_window: 1.39409
        time_remove_window: 1.157e-05
        timing_PlanIn:
            total_PlanIn:6.4948
            num_until_goal_expanded:4754
            timing_expansions:
                total_S3Exp: 6.49476
                time_top_o: 0.00499727
                time_check_in_c: 0.00130536
                time_add_parent: 0.00272156
                num_neighbors: 8684548
                time_add_neighbors_to_o: 6.25556
    num_windows_should_quit: 0
    time_should_quit: 6.692e-06
    time_remove_window: 0
Complete!
