Total time: 0.23697
is_optimal: true
optimality_bound: 1
successive_bounds: [1.00631, 1.00631, 1.00483, 1.00483, 1.00483, 1.00408, 1.00408, 1.00408, 1.00334, 1.00334, 1.0026, 1.00149, 1.00149, 1.00149, 1.00149, 1.00149, 1.00149, 1.00149, 1.00149, 1.00149, 1.00149, 1.00074, 1, 1]
successive_runtimes: [0.0100472, 0.0139212, 0.0190441, 0.0243556, 0.0299618, 0.0372775, 0.0433102, 0.0518783, 0.0631026, 0.0754225, 0.0868611, 0.0967619, 0.106789, 0.117478, 0.128504, 0.139739, 0.15127, 0.164117, 0.177146, 0.190555, 0.204362, 0.219674, 0.23697]
num_agents: 40
time_individual_plan: 0.00544478
time_first_plan: 0.00408714
num_max_agents_in_window_first_iteration: 2
num_recWAMPF: 23
timing_recWAMPF:
    total_RecWAMPF: 0.231005
    num_windows: 495
    num_max_agents_in_window: 2
    timing_gari:
        total_GARI: 0.217023
        time_path_btw_starts: 0.0010157
        Stage1:
            total_Stage1:0.120784
            time_add_x_to_o: 0.0470834
            time_clear_x: 0.00847179
            timing_AStarSearchUntil:
                total_astar_search_until:0.0652011
                num_values_f_less_fmax:21791
                ASU Exp:
                    total_ASUExp:0.0651887
                    time_top_o:0.00671282
                    time_check_in_c:0.0046342
                    time_add_parent:0.00270111
                    num_neighbors:115373
                    time_add_neighbors_to_o:0.0429992
        Stage2:
            total_Stage2:0.0174699
            num_len_path:478
            time_expanding_s:0.000256964
            timing_AStarSearchUntil:
                total_astar_search_until:0.0170417
                num_values_f_less_fmax:1335
                ASU Exp:
                    total_ASUExp:0.0170282
                    time_top_o:0.000387804
                    time_check_in_c:0.000268668
                    time_add_parent:0.000523003
                    num_neighbors:35530
                    time_add_neighbors_to_o:0.0143596
        Stage3:
            total_Stage3:0.0776661
            num_until_goal_expanded:7252
            timing_S3Exp:
                total_S3Exp: 0.0344286
                time_top_o: 0.00188038
                time_check_in_c: 0.00116193
                time_add_parent: 0.00220465
                num_neighbors: 46910
                time_add_neighbors_to_o: 0.0201672
    timing_PIOW_overlapping:
        total_PIOW: 0.000146294
        num_windows: 2662
        time_check_overlap: 8.7945e-05
        num_overlapping_windows: 0
        time_merge_windows: 0
        time_remove_window: 0
        time_remove_window: 0
        timing_PlanIn:
            total_PlanIn:0
            num_until_goal_expanded:0
            timing_expansions:
                total_S3Exp: 0
                time_top_o: 0
                time_check_in_c: 0
                time_add_parent: 0
                num_neighbors: 0
                time_add_neighbors_to_o: 0
    num_new_collisions: 11
    timing_PIOW_new_collisions:
        total_PIOW: 0.00189028
        num_windows: 110
        time_check_overlap: 2.957e-06
        num_overlapping_windows: 0
        time_merge_windows: 0
        time_remove_window: 0
        time_remove_window: 5.097e-06
        timing_PlanIn:
            total_PlanIn:0.00187112
            num_until_goal_expanded:264
            timing_expansions:
                total_S3Exp: 0.0018529
                time_top_o: 3.1749e-05
                time_check_in_c: 4.7345e-05
                time_add_parent: 6.5011e-05
                num_neighbors: 2543
                time_add_neighbors_to_o: 0.00132092
    num_windows_should_quit: 0
    time_should_quit: 2.3655e-05
    time_remove_window: 0
Complete!
