Total time: 5.87748
is_optimal: false
optimality_bound: 1.00071
successive_bounds: [1.00566, 1.00496, 1.00283, 1.00283, 1.00212, 1.00071, 1.00071, 1.00071, 1.00071, 1.00071, 1.00071, 1.00071, 1.00071]
successive_runtimes: [0.0243993, 0.647284, 1.11459, 1.3131, 1.54685, 1.71987, 2.17124, 2.54672, 2.84702, 3.47442, 4.08319, 4.85707, 5.87748]
num_agents: 40
time_individual_plan: 0.0178791
time_first_plan: 0.00566197
num_max_agents_in_window_first_iteration: 3
num_recWAMPF: 13
timing_recWAMPF:
    total_RecWAMPF: 5.85874
    num_windows: 134
    num_max_agents_in_window: 4
    timing_gari:
        total_GARI: 5.2178
        time_path_btw_starts: 0.00561293
        Stage1:
            total_Stage1:2.31374
            time_add_x_to_o: 0.308824
            time_clear_x: 0.0655906
            timing_AStarSearchUntil:
                total_astar_search_until:1.93931
                num_values_f_less_fmax:42415
                ASU Exp:
                    total_ASUExp:1.9393
                    time_top_o:0.0426041
                    time_check_in_c:0.0165763
                    time_add_parent:0.0221724
                    num_neighbors:3412896
                    time_add_neighbors_to_o:1.79692
        Stage2:
            total_Stage2:0.890898
            num_len_path:146
            time_expanding_s:0.000517651
            timing_AStarSearchUntil:
                total_astar_search_until:0.890307
                num_values_f_less_fmax:17353
                ASU Exp:
                    total_ASUExp:0.890303
                    time_top_o:0.015545
                    time_check_in_c:0.00298933
                    time_add_parent:0.00752391
                    num_neighbors:1737895
                    time_add_neighbors_to_o:0.839054
        Stage3:
            total_Stage3:2.00751
            num_until_goal_expanded:4378
            timing_S3Exp:
                total_S3Exp: 0.164034
                time_top_o: 0.00299589
                time_check_in_c: 0.000743406
                time_add_parent: 0.00165328
                num_neighbors: 307671
                time_add_neighbors_to_o: 0.152225
    timing_PIOW_overlapping:
        total_PIOW: 0.0209135
        num_windows: 350
        time_check_overlap: 2.4924e-05
        num_overlapping_windows: 1
        time_merge_windows: 2.314e-06
        time_remove_window: 4.93e-07
        time_remove_window: 2.266e-06
        timing_PlanIn:
            total_PlanIn:0.020873
            num_until_goal_expanded:138
            timing_expansions:
                total_S3Exp: 0.0208703
                time_top_o: 3.939e-05
                time_check_in_c: 2.9529e-05
                time_add_parent: 4.2659e-05
                num_neighbors: 38559
                time_add_neighbors_to_o: 0.019511
    num_new_collisions: 8
    timing_PIOW_new_collisions:
        total_PIOW: 0.612245
        num_windows: 51
        time_check_overlap: 3.317e-06
        num_overlapping_windows: 2
        time_merge_windows: 0
        time_remove_window: 0.0590479
        time_remove_window: 4.775e-06
        timing_PlanIn:
            total_PlanIn:0.612221
            num_until_goal_expanded:14167
            timing_expansions:
                total_S3Exp: 0.612196
                time_top_o: 0.0126728
                time_check_in_c: 0.00347264
                time_add_parent: 0.00618367
                num_neighbors: 1287732
                time_add_neighbors_to_o: 0.539255
    num_windows_should_quit: 0
    time_should_quit: 1.2617e-05
    time_remove_window: 0
Complete!
