Total time: 0.0132179
is_optimal: true
optimality_bound: 1
successive_bounds: [1.00368, 1.00368, 1.00368, 1.00368, 1.00368, 1.00368, 1.00368, 1.00368, 1.00368, 1.00368, 1.00368, 1.00368, 1.00368, 1.00368, 1.00368, 1.00368, 1, 1]
successive_runtimes: [0.00164468, 0.00199309, 0.00229507, 0.00261849, 0.00297436, 0.00335929, 0.0038727, 0.00449926, 0.00511037, 0.00578615, 0.00650975, 0.0074364, 0.00840442, 0.00938174, 0.0104208, 0.0117575, 0.0132179]
num_agents: 10
time_individual_plan: 0.00088967
time_first_plan: 0.000240168
num_max_agents_in_window_first_iteration: 2
num_recWAMPF: 17
timing_recWAMPF:
    total_RecWAMPF: 0.0118108
    num_windows: 33
    num_max_agents_in_window: 2
    timing_gari:
        total_GARI: 0.0112431
        time_path_btw_starts: 6.8385e-05
        Stage1:
            total_Stage1:0.00638194
            time_add_x_to_o: 0.00243126
            time_clear_x: 0.000384903
            timing_AStarSearchUntil:
                total_astar_search_until:0.00356397
                num_values_f_less_fmax:1459
                ASU Exp:
                    total_ASUExp:0.00356315
                    time_top_o:0.000347035
                    time_check_in_c:0.000266733
                    time_add_parent:0.00016154
                    num_neighbors:5805
                    time_add_neighbors_to_o:0.00214822
        Stage2:
            total_Stage2:0.000650915
            num_len_path:32
            time_expanding_s:1.1383e-05
            timing_AStarSearchUntil:
                total_astar_search_until:0.000630251
                num_values_f_less_fmax:48
                ASU Exp:
                    total_ASUExp:0.000629563
                    time_top_o:1.1087e-05
                    time_check_in_c:1.0489e-05
                    time_add_parent:1.1598e-05
                    num_neighbors:1422
                    time_add_neighbors_to_o:0.000549391
        Stage3:
            total_Stage3:0.0041364
            num_until_goal_expanded:625
            timing_S3Exp:
                total_S3Exp: 0.00299322
                time_top_o: 0.000139859
                time_check_in_c: 8.7008e-05
                time_add_parent: 0.000172432
                num_neighbors: 5451
                time_add_neighbors_to_o: 0.0020157
    timing_PIOW_overlapping:
        total_PIOW: 4.24e-07
        num_windows: 16
        time_check_overlap: 0
        num_overlapping_windows: 0
        time_merge_windows: 0
        time_remove_window: 0
        time_remove_window: 0
        timing_PlanIn:
            total_PlanIn:0
            num_until_goal_expanded:0
            timing_expansions:
                total_S3Exp: 0
                time_top_o: 0
                time_check_in_c: 0
                time_add_parent: 0
                num_neighbors: 0
                time_add_neighbors_to_o: 0
    num_new_collisions: 1
    timing_PIOW_new_collisions:
        total_PIOW: 0.000202748
        num_windows: 0
        time_check_overlap: 0
        num_overlapping_windows: 0
        time_merge_windows: 0
        time_remove_window: 0
        time_remove_window: 4.16e-07
        timing_PlanIn:
            total_PlanIn:0.000200814
            num_until_goal_expanded:34
            timing_expansions:
                total_S3Exp: 0.000195975
                time_top_o: 4.235e-06
                time_check_in_c: 6.507e-06
                time_add_parent: 8.864e-06
                num_neighbors: 260
                time_add_neighbors_to_o: 0.000119236
    num_windows_should_quit: 0
    time_should_quit: 6.86e-07
    time_remove_window: 0
Complete!
