Total time: 5.28175
is_optimal: false
optimality_bound: 1.00037
successive_bounds: [1.00367, 1.00367, 1.00294, 1.00294, 1.0022, 1.0022, 1.0022, 1.0022, 1.0022, 1.00147, 1.00147, 1.00147, 1.00073, 1.00073, 1.00073, 1.00073, 1.00073, 1.00073, 1.00073, 1.00073, 1.00073, 1.00073, 1.00037, 1.00037]
successive_runtimes: [0.00742159, 0.00888419, 0.0103057, 0.011772, 0.0133815, 0.0151429, 0.0169444, 0.0188649, 0.0208646, 0.0231584, 0.0470349, 0.0654557, 0.101273, 0.137433, 0.16703, 0.199983, 0.237967, 0.313362, 0.927715, 1.42614, 2.0807, 3.06801, 4.0185, 5.28175]
num_agents: 40
time_individual_plan: 0.0047588
time_first_plan: 0.00213794
num_max_agents_in_window_first_iteration: 2
num_recWAMPF: 24
timing_recWAMPF:
    total_RecWAMPF: 5.27646
    num_windows: 291
    num_max_agents_in_window: 4
    timing_gari:
        total_GARI: 5.22863
        time_path_btw_starts: 0.000700192
        Stage1:
            total_Stage1:2.93653
            time_add_x_to_o: 0.778223
            time_clear_x: 0.221167
            timing_AStarSearchUntil:
                total_astar_search_until:1.93712
                num_values_f_less_fmax:42729
                ASU Exp:
                    total_ASUExp:1.93711
                    time_top_o:0.0474426
                    time_check_in_c:0.0168312
                    time_add_parent:0.0301831
                    num_neighbors:3094476
                    time_add_neighbors_to_o:1.79923
        Stage2:
            total_Stage2:0.524169
            num_len_path:270
            time_expanding_s:0.000154668
            timing_AStarSearchUntil:
                total_astar_search_until:0.523884
                num_values_f_less_fmax:7513
                ASU Exp:
                    total_ASUExp:0.523878
                    time_top_o:0.00335838
                    time_check_in_c:0.00149525
                    time_add_parent:0.00372751
                    num_neighbors:850170
                    time_add_neighbors_to_o:0.504002
        Stage3:
            total_Stage3:1.76718
            num_until_goal_expanded:18611
            timing_S3Exp:
                total_S3Exp: 0.329001
                time_top_o: 0.0111156
                time_check_in_c: 0.00320209
                time_add_parent: 0.00944802
                num_neighbors: 668028
                time_add_neighbors_to_o: 0.278996
    timing_PIOW_overlapping:
        total_PIOW: 0.0268257
        num_windows: 906
        time_check_overlap: 3.9384e-05
        num_overlapping_windows: 2
        time_merge_windows: 3.183e-06
        time_remove_window: 6.26e-07
        time_remove_window: 3.084e-06
        timing_PlanIn:
            total_PlanIn:0.0267571
            num_until_goal_expanded:444
            timing_expansions:
                total_S3Exp: 0.0267526
                time_top_o: 0.000124695
                time_check_in_c: 8.1523e-05
                time_add_parent: 0.000133469
                num_neighbors: 43763
                time_add_neighbors_to_o: 0.0246063
    num_new_collisions: 8
    timing_PIOW_new_collisions:
        total_PIOW: 0.00922602
        num_windows: 52
        time_check_overlap: 2.003e-06
        num_overlapping_windows: 1
        time_merge_windows: 0
        time_remove_window: 1.41844
        time_remove_window: 2.997e-06
        timing_PlanIn:
            total_PlanIn:0.00921099
            num_until_goal_expanded:156
            timing_expansions:
                total_S3Exp: 0.00919649
                time_top_o: 3.2721e-05
                time_check_in_c: 3.0543e-05
                time_add_parent: 4.2349e-05
                num_neighbors: 11817
                time_add_neighbors_to_o: 0.00853546
    num_windows_should_quit: 1
    time_should_quit: 1.3275e-05
    time_remove_window: 3.17e-07
Complete!
