Total time: 7.65069
is_optimal: false
optimality_bound: 1.00403
successive_bounds: [1.00604, 1.00604, 1.00604, 1.00604, 1.00504, 1.00453, 1.00403, 1.00403, 1.00403, 1.00403, 1.00403, 1.00403, 1.00403, 1.00403]
successive_runtimes: [0.00540805, 0.00718881, 0.00909907, 0.0113089, 0.268479, 0.971204, 2.30429, 3.26008, 4.15147, 4.95875, 5.70958, 6.41421, 7.11556, 7.65069]
num_agents: 30
time_individual_plan: 0.00333115
time_first_plan: 0.00155698
num_max_agents_in_window_first_iteration: 2
num_recWAMPF: 14
timing_recWAMPF:
    total_RecWAMPF: 7.64683
    num_windows: 112
    num_max_agents_in_window: 4
    timing_gari:
        total_GARI: 7.38282
        time_path_btw_starts: 0.0163847
        Stage1:
            total_Stage1:3.92437
            time_add_x_to_o: 1.40316
            time_clear_x: 0.53332
            timing_AStarSearchUntil:
                total_astar_search_until:1.98787
                num_values_f_less_fmax:14434
                ASU Exp:
                    total_ASUExp:1.98787
                    time_top_o:0.0195437
                    time_check_in_c:0.0311522
                    time_add_parent:0.0243201
                    num_neighbors:3489389
                    time_add_neighbors_to_o:1.89604
        Stage2:
            total_Stage2:0.0168848
            num_len_path:104
            time_expanding_s:6.7009e-05
            timing_AStarSearchUntil:
                total_astar_search_until:0.016763
                num_values_f_less_fmax:542
                ASU Exp:
                    total_ASUExp:0.0167604
                    time_top_o:0.000192608
                    time_check_in_c:0.000146639
                    time_add_parent:0.000214711
                    num_neighbors:26640
                    time_add_neighbors_to_o:0.015527
        Stage3:
            total_Stage3:3.42411
            num_until_goal_expanded:5243
            timing_S3Exp:
                total_S3Exp: 1.0046
                time_top_o: 0.00601053
                time_check_in_c: 0.00167373
                time_add_parent: 0.00252674
                num_neighbors: 1501251
                time_add_neighbors_to_o: 0.938655
    timing_PIOW_overlapping:
        total_PIOW: 0.259578
        num_windows: 278
        time_check_overlap: 1.387e-05
        num_overlapping_windows: 4
        time_merge_windows: 6.562e-06
        time_remove_window: 1.337e-06
        time_remove_window: 6.316e-06
        timing_PlanIn:
            total_PlanIn:0.259539
            num_until_goal_expanded:1438
            timing_expansions:
                total_S3Exp: 0.259527
                time_top_o: 0.000790602
                time_check_in_c: 0.000344943
                time_add_parent: 0.000464729
                num_neighbors: 486645
                time_add_neighbors_to_o: 0.243252
    num_new_collisions: 7
    timing_PIOW_new_collisions:
        total_PIOW: 0.000894712
        num_windows: 42
        time_check_overlap: 1.083e-06
        num_overlapping_windows: 0
        time_merge_windows: 0
        time_remove_window: 0
        time_remove_window: 2.048e-06
        timing_PlanIn:
            total_PlanIn:0.000874735
            num_until_goal_expanded:117
            timing_expansions:
                total_S3Exp: 0.00086332
                time_top_o: 1.4068e-05
                time_check_in_c: 2.2203e-05
                time_add_parent: 3.0727e-05
                num_neighbors: 1202
                time_add_neighbors_to_o: 0.000594619
    num_windows_should_quit: 0
    time_should_quit: 6.397e-06
    time_remove_window: 0
Complete!
