Total time: 0.00658888
is_optimal: true
optimality_bound: 1
successive_bounds: [1.00152, 1.00152, 1.00152, 1.00152, 1.00152, 1.00152, 1.00152, 1.00152, 1.00152, 1.00152, 1.00152, 1.00152, 1.00152, 1.00152, 1.00152, 1.00152, 1.00152, 1.00152, 1, 1]
successive_runtimes: [0.00290345, 0.0031042, 0.00329827, 0.00349225, 0.00369341, 0.00392424, 0.00412896, 0.00433677, 0.00458301, 0.00476829, 0.00493371, 0.005098, 0.00525991, 0.00542489, 0.00559152, 0.00575895, 0.00593008, 0.00609998, 0.00658886]
num_agents: 20
time_individual_plan: 0.00214723
time_first_plan: 0.000241247
num_max_agents_in_window_first_iteration: 2
num_recWAMPF: 19
timing_recWAMPF:
    total_RecWAMPF: 0.00392385
    num_windows: 37
    num_max_agents_in_window: 2
    timing_gari:
        total_GARI: 0.00210708
        time_path_btw_starts: 6.0843e-05
        Stage1:
            total_Stage1:0.000174325
            time_add_x_to_o: 0.000154232
            time_clear_x: 1.6416e-05
            timing_AStarSearchUntil:
                total_astar_search_until:1.671e-06
                num_values_f_less_fmax:0
                ASU Exp:
                    total_ASUExp:8.36e-07
                    time_top_o:0
                    time_check_in_c:0
                    time_add_parent:0
                    num_neighbors:0
                    time_add_neighbors_to_o:0
        Stage2:
            total_Stage2:0.000532551
            num_len_path:26
            time_expanding_s:1.1044e-05
            timing_AStarSearchUntil:
                total_astar_search_until:0.000512148
                num_values_f_less_fmax:42
                ASU Exp:
                    total_ASUExp:0.000511417
                    time_top_o:1.0655e-05
                    time_check_in_c:7.637e-06
                    time_add_parent:1.3686e-05
                    num_neighbors:1050
                    time_add_neighbors_to_o:0.000429018
        Stage3:
            total_Stage3:0.00133365
            num_until_goal_expanded:87
            timing_S3Exp:
                total_S3Exp: 0.00077043
                time_top_o: 1.6517e-05
                time_check_in_c: 1.1968e-05
                time_add_parent: 1.8947e-05
                num_neighbors: 1106
                time_add_neighbors_to_o: 0.000577851
    timing_PIOW_overlapping:
        total_PIOW: 6.47e-07
        num_windows: 18
        time_check_overlap: 0
        num_overlapping_windows: 0
        time_merge_windows: 0
        time_remove_window: 0
        time_remove_window: 0
        timing_PlanIn:
            total_PlanIn:0
            num_until_goal_expanded:0
            timing_expansions:
                total_S3Exp: 0
                time_top_o: 0
                time_check_in_c: 0
                time_add_parent: 0
                num_neighbors: 0
                time_add_neighbors_to_o: 0
    num_new_collisions: 1
    timing_PIOW_new_collisions:
        total_PIOW: 0.000145583
        num_windows: 0
        time_check_overlap: 0
        num_overlapping_windows: 0
        time_merge_windows: 0
        time_remove_window: 0
        time_remove_window: 3.03e-07
        timing_PlanIn:
            total_PlanIn:0.000143667
            num_until_goal_expanded:10
            timing_expansions:
                total_S3Exp: 0.000140586
                time_top_o: 2.185e-06
                time_check_in_c: 2.595e-06
                time_add_parent: 3.603e-06
                num_neighbors: 210
                time_add_neighbors_to_o: 0.000113301
    num_windows_should_quit: 0
    time_should_quit: 8.9e-07
    time_remove_window: 0
Complete!
