Total time: 4.26169
is_optimal: false
optimality_bound: 1.00196
successive_bounds: [1.00489, 1.00367, 1.00318, 1.00318, 1.00318, 1.00245, 1.00245, 1.00245, 1.00245, 1.00245, 1.00245, 1.00245, 1.00245, 1.00245, 1.00245, 1.00196, 1.00196, 1.00196, 1.00196, 1.00196, 1.00196, 1.00196]
successive_runtimes: [0.0180096, 0.0234016, 0.0288584, 0.0345093, 0.0399533, 0.0481365, 0.0521019, 0.0550106, 0.0589717, 0.0625419, 0.0659435, 0.0692999, 0.0728451, 0.0764576, 0.088317, 0.183329, 0.225978, 0.245061, 0.264323, 0.634127, 0.950564, 4.26169]
num_agents: 60
time_individual_plan: 0.0100905
time_first_plan: 0.00740531
num_max_agents_in_window_first_iteration: 2
num_recWAMPF: 22
timing_recWAMPF:
    total_RecWAMPF: 4.25108
    num_windows: 266
    num_max_agents_in_window: 4
    timing_gari:
        total_GARI: 0.613604
        time_path_btw_starts: 0.00344902
        Stage1:
            total_Stage1:0.222676
            time_add_x_to_o: 0.182566
            time_clear_x: 0.0329134
            timing_AStarSearchUntil:
                total_astar_search_until:0.00718001
                num_values_f_less_fmax:2284
                ASU Exp:
                    total_ASUExp:0.00717328
                    time_top_o:0.000529661
                    time_check_in_c:0.000372093
                    time_add_parent:0.000217401
                    num_neighbors:14105
                    time_add_neighbors_to_o:0.00524392
        Stage2:
            total_Stage2:0.0672971
            num_len_path:234
            time_expanding_s:0.000751132
            timing_AStarSearchUntil:
                total_astar_search_until:0.0664483
                num_values_f_less_fmax:1269
                ASU Exp:
                    total_ASUExp:0.0664428
                    time_top_o:0.000507848
                    time_check_in_c:0.000242993
                    time_add_parent:0.00102202
                    num_neighbors:122921
                    time_add_neighbors_to_o:0.0618767
        Stage3:
            total_Stage3:0.320127
            num_until_goal_expanded:2566
            timing_S3Exp:
                total_S3Exp: 0.070801
                time_top_o: 0.000602314
                time_check_in_c: 0.000364078
                time_add_parent: 0.000735742
                num_neighbors: 30095
                time_add_neighbors_to_o: 0.0213692
    timing_PIOW_overlapping:
        total_PIOW: 0.382095
        num_windows: 1062
        time_check_overlap: 3.7644e-05
        num_overlapping_windows: 11
        time_merge_windows: 1.1949e-05
        time_remove_window: 2.418e-06
        time_remove_window: 1.147e-05
        timing_PlanIn:
            total_PlanIn:0.382005
            num_until_goal_expanded:1841
            timing_expansions:
                total_S3Exp: 0.381984
                time_top_o: 0.000834722
                time_check_in_c: 0.000408443
                time_add_parent: 0.000690718
                num_neighbors: 604564
                time_add_neighbors_to_o: 0.36174
    num_new_collisions: 16
    timing_PIOW_new_collisions:
        total_PIOW: 3.22656
        num_windows: 182
        time_check_overlap: 5.741e-06
        num_overlapping_windows: 1
        time_merge_windows: 0
        time_remove_window: 1.0375
        time_remove_window: 7.169e-06
        timing_PlanIn:
            total_PlanIn:3.22652
            num_until_goal_expanded:10590
            timing_expansions:
                total_S3Exp: 3.22649
                time_top_o: 0.011997
                time_check_in_c: 0.00350264
                time_add_parent: 0.00566102
                num_neighbors: 5208443
                time_add_neighbors_to_o: 3.05474
    num_windows_should_quit: 0
    time_should_quit: 1.2865e-05
    time_remove_window: 0
Complete!
