Total time: 1.44726
is_optimal: false
optimality_bound: 1.0028
successive_bounds: [1.00455, 1.00455, 1.00455, 1.00385, 1.00385, 1.00315, 1.00315, 1.00315, 1.0028]
successive_runtimes: [0.0147395, 0.0196114, 0.0243155, 0.0288994, 0.0327226, 0.0361735, 0.434038, 0.913908, 1.44726]
num_agents: 40
time_individual_plan: 0.00844556
time_first_plan: 0.00544133
num_max_agents_in_window_first_iteration: 3
num_recWAMPF: 9
timing_recWAMPF:
    total_RecWAMPF: 1.43796
    num_windows: 147
    num_max_agents_in_window: 4
    timing_gari:
        total_GARI: 0.98711
        time_path_btw_starts: 0.000678229
        Stage1:
            total_Stage1:0.746844
            time_add_x_to_o: 0.28557
            time_clear_x: 0.0845838
            timing_AStarSearchUntil:
                total_astar_search_until:0.376678
                num_values_f_less_fmax:3630
                ASU Exp:
                    total_ASUExp:0.376673
                    time_top_o:0.00432278
                    time_check_in_c:0.0225145
                    time_add_parent:0.00152604
                    num_neighbors:443595
                    time_add_neighbors_to_o:0.294532
        Stage2:
            total_Stage2:0.0464707
            num_len_path:138
            time_expanding_s:0.000133133
            timing_AStarSearchUntil:
                total_astar_search_until:0.0462773
                num_values_f_less_fmax:314
                ASU Exp:
                    total_ASUExp:0.0462735
                    time_top_o:0.000163555
                    time_check_in_c:9.7835e-05
                    time_add_parent:0.00015292
                    num_neighbors:78678
                    time_add_neighbors_to_o:0.0452703
        Stage3:
            total_Stage3:0.193087
            num_until_goal_expanded:1096
            timing_S3Exp:
                total_S3Exp: 0.0616815
                time_top_o: 0.000561084
                time_check_in_c: 0.000223544
                time_add_parent: 0.000466852
                num_neighbors: 112546
                time_add_neighbors_to_o: 0.0586107
    timing_PIOW_overlapping:
        total_PIOW: 0.395159
        num_windows: 608
        time_check_overlap: 2.5498e-05
        num_overlapping_windows: 1
        time_merge_windows: 1.595e-06
        time_remove_window: 3.72e-07
        time_remove_window: 1.531e-06
        timing_PlanIn:
            total_PlanIn:0.39511
            num_until_goal_expanded:1146
            timing_expansions:
                total_S3Exp: 0.395107
                time_top_o: 0.00111739
                time_check_in_c: 0.000283535
                time_add_parent: 0.000508225
                num_neighbors: 710638
                time_add_neighbors_to_o: 0.373274
    num_new_collisions: 13
    timing_PIOW_new_collisions:
        total_PIOW: 0.0483851
        num_windows: 130
        time_check_overlap: 6.069e-06
        num_overlapping_windows: 4
        time_merge_windows: 0
        time_remove_window: 2.82718
        time_remove_window: 9.534e-06
        timing_PlanIn:
            total_PlanIn:0.0483435
            num_until_goal_expanded:512
            timing_expansions:
                total_S3Exp: 0.0483055
                time_top_o: 0.000160829
                time_check_in_c: 0.000120661
                time_add_parent: 0.000176914
                num_neighbors: 87166
                time_add_neighbors_to_o: 0.0446894
    num_windows_should_quit: 0
    time_should_quit: 7.594e-06
    time_remove_window: 0
Complete!
