Total time: 0.0094588
is_optimal: true
optimality_bound: 1
successive_bounds: [1.00305, 1.00305, 1.00305, 1.00305, 1.00305, 1.00305, 1.00305, 1.00305, 1.00305, 1.00305, 1.00305, 1.00305, 1.00305, 1.00305, 1.00305, 1.00305, 1.00305, 1.00305, 1.00305, 1.00305, 1.00305, 1.00305, 1.00305, 1.00305, 1.00305, 1.00305, 1.00305, 1.00305, 1.00305, 1.00305, 1.00305, 1.00305, 1.00305, 1.00305, 1.00305, 1.00305, 1.00305, 1, 1]
successive_runtimes: [0.00176956, 0.00190887, 0.00203946, 0.0021667, 0.00230769, 0.00244824, 0.00259195, 0.00273984, 0.00289149, 0.00304985, 0.00322172, 0.00338826, 0.00358706, 0.00376069, 0.00394181, 0.00412703, 0.00437844, 0.00457015, 0.00477051, 0.00496692, 0.00517023, 0.00539345, 0.00560426, 0.0058206, 0.00604696, 0.00627512, 0.00650545, 0.0067424, 0.00698169, 0.00719154, 0.00738332, 0.00757544, 0.00782853, 0.00802735, 0.00822347, 0.00842092, 0.00862089, 0.00945878]
num_agents: 10
time_individual_plan: 0.00113261
time_first_plan: 0.000127405
num_max_agents_in_window_first_iteration: 2
num_recWAMPF: 38
timing_recWAMPF:
    total_RecWAMPF: 0.00781244
    num_windows: 75
    num_max_agents_in_window: 2
    timing_gari:
        total_GARI: 0.0065437
        time_path_btw_starts: 0.000137311
        Stage1:
            total_Stage1:0.000444226
            time_add_x_to_o: 0.000393867
            time_clear_x: 4.2618e-05
            timing_AStarSearchUntil:
                total_astar_search_until:3.785e-06
                num_values_f_less_fmax:0
                ASU Exp:
                    total_ASUExp:1.902e-06
                    time_top_o:0
                    time_check_in_c:0
                    time_add_parent:0
                    num_neighbors:0
                    time_add_neighbors_to_o:0
        Stage2:
            total_Stage2:0.0015015
            num_len_path:65
            time_expanding_s:2.6944e-05
            timing_AStarSearchUntil:
                total_astar_search_until:0.0014559
                num_values_f_less_fmax:121
                ASU Exp:
                    total_ASUExp:0.00145428
                    time_top_o:2.9703e-05
                    time_check_in_c:2.3669e-05
                    time_add_parent:3.6245e-05
                    num_neighbors:2985
                    time_add_neighbors_to_o:0.00123489
        Stage3:
            total_Stage3:0.00445002
            num_until_goal_expanded:149
            timing_S3Exp:
                total_S3Exp: 0.0017183
                time_top_o: 2.9174e-05
                time_check_in_c: 1.9151e-05
                time_add_parent: 3.0601e-05
                num_neighbors: 2216
                time_add_neighbors_to_o: 0.00130013
    timing_PIOW_overlapping:
        total_PIOW: 7.72e-07
        num_windows: 37
        time_check_overlap: 0
        num_overlapping_windows: 0
        time_merge_windows: 0
        time_remove_window: 0
        time_remove_window: 0
        timing_PlanIn:
            total_PlanIn:0
            num_until_goal_expanded:0
            timing_expansions:
                total_S3Exp: 0
                time_top_o: 0
                time_check_in_c: 0
                time_add_parent: 0
                num_neighbors: 0
                time_add_neighbors_to_o: 0
    num_new_collisions: 1
    timing_PIOW_new_collisions:
        total_PIOW: 8.8886e-05
        num_windows: 0
        time_check_overlap: 0
        num_overlapping_windows: 0
        time_merge_windows: 0
        time_remove_window: 0
        time_remove_window: 2.73e-07
        timing_PlanIn:
            total_PlanIn:8.7193e-05
            num_until_goal_expanded:7
            timing_expansions:
                total_S3Exp: 8.2925e-05
                time_top_o: 1.437e-06
                time_check_in_c: 1.475e-06
                time_add_parent: 2.824e-06
                num_neighbors: 135
                time_add_neighbors_to_o: 6.3068e-05
    num_windows_should_quit: 0
    time_should_quit: 1.603e-06
    time_remove_window: 0
Complete!
