Total time: 0.601389
is_optimal: true
optimality_bound: 1
successive_bounds: [1.00543, 1.00543, 1.00543, 1.00543, 1.00543, 1.00543, 1.00543, 1.00346, 1.00296, 1.00296, 1.00198, 1.00099, 1.00099, 1.00099, 1.00099, 1.00099, 1, 1]
successive_runtimes: [0.00520178, 0.00611813, 0.0069947, 0.00788998, 0.00888785, 0.0103783, 0.0115758, 0.0838588, 0.189213, 0.259074, 0.322612, 0.391391, 0.432358, 0.473704, 0.515532, 0.557719, 0.601389]
num_agents: 30
time_individual_plan: 0.00338133
time_first_plan: 0.00130053
num_max_agents_in_window_first_iteration: 2
num_recWAMPF: 17
timing_recWAMPF:
    total_RecWAMPF: 0.597483
    num_windows: 192
    num_max_agents_in_window: 4
    timing_gari:
        total_GARI: 0.521793
        time_path_btw_starts: 0.000838029
        Stage1:
            total_Stage1:0.178314
            time_add_x_to_o: 0.105662
            time_clear_x: 0.0219202
            timing_AStarSearchUntil:
                total_astar_search_until:0.050719
                num_values_f_less_fmax:680
                ASU Exp:
                    total_ASUExp:0.0507141
                    time_top_o:0.00058252
                    time_check_in_c:0.0103937
                    time_add_parent:0.000255872
                    num_neighbors:83885
                    time_add_neighbors_to_o:0.0374618
        Stage2:
            total_Stage2:0.0179016
            num_len_path:174
            time_expanding_s:0.000536259
            timing_AStarSearchUntil:
                total_astar_search_until:0.0172921
                num_values_f_less_fmax:615
                ASU Exp:
                    total_ASUExp:0.0172881
                    time_top_o:0.000194302
                    time_check_in_c:0.000114331
                    time_add_parent:0.00018676
                    num_neighbors:37747
                    time_add_neighbors_to_o:0.0160129
        Stage3:
            total_Stage3:0.324419
            num_until_goal_expanded:599
            timing_S3Exp:
                total_S3Exp: 0.0294011
                time_top_o: 0.000150939
                time_check_in_c: 9.7527e-05
                time_add_parent: 0.000188631
                num_neighbors: 31470
                time_add_neighbors_to_o: 0.0235799
    timing_PIOW_overlapping:
        total_PIOW: 0.070848
        num_windows: 571
        time_check_overlap: 2.5502e-05
        num_overlapping_windows: 2
        time_merge_windows: 2.006e-06
        time_remove_window: 5.45e-07
        time_remove_window: 1.905e-06
        timing_PlanIn:
            total_PlanIn:0.0708007
            num_until_goal_expanded:223
            timing_expansions:
                total_S3Exp: 0.0707958
                time_top_o: 8.2741e-05
                time_check_in_c: 4.6181e-05
                time_add_parent: 6.8511e-05
                num_neighbors: 126733
                time_add_neighbors_to_o: 0.0670282
    num_new_collisions: 7
    timing_PIOW_new_collisions:
        total_PIOW: 0.000583446
        num_windows: 42
        time_check_overlap: 1.573e-06
        num_overlapping_windows: 0
        time_merge_windows: 0
        time_remove_window: 0
        time_remove_window: 3.414e-06
        timing_PlanIn:
            total_PlanIn:0.000571747
            num_until_goal_expanded:48
            timing_expansions:
                total_S3Exp: 0.00056085
                time_top_o: 7.208e-06
                time_check_in_c: 7.971e-06
                time_add_parent: 1.3225e-05
                num_neighbors: 860
                time_add_neighbors_to_o: 0.000442112
    num_windows_should_quit: 0
    time_should_quit: 9.495e-06
    time_remove_window: 0
Complete!
