Total time: 0.0208345
is_optimal: true
optimality_bound: 1
successive_bounds: [1.00102, 1.00102, 1.00102, 1.00102, 1.00102, 1.00102, 1.00102, 1.00102, 1.00102, 1.00102, 1, 1]
successive_runtimes: [0.0126224, 0.0133035, 0.0139747, 0.0146359, 0.015268, 0.0159827, 0.0167593, 0.0175922, 0.0184606, 0.0193027, 0.0208344]
num_agents: 30
time_individual_plan: 0.0104779
time_first_plan: 0.000910412
num_max_agents_in_window_first_iteration: 2
num_recWAMPF: 11
timing_recWAMPF:
    total_RecWAMPF: 0.00911724
    num_windows: 21
    num_max_agents_in_window: 2
    timing_gari:
        total_GARI: 0.00472241
        time_path_btw_starts: 0.000123123
        Stage1:
            total_Stage1:0.000897773
            time_add_x_to_o: 0.000529929
            time_clear_x: 6.7016e-05
            timing_AStarSearchUntil:
                total_astar_search_until:0.000298187
                num_values_f_less_fmax:9
                ASU Exp:
                    total_ASUExp:0.000297144
                    time_top_o:6.298e-06
                    time_check_in_c:1.0254e-05
                    time_add_parent:1.1624e-05
                    num_neighbors:215
                    time_add_neighbors_to_o:0.000234706
        Stage2:
            total_Stage2:0.00164208
            num_len_path:21
            time_expanding_s:2.1564e-05
            timing_AStarSearchUntil:
                total_astar_search_until:0.00160708
                num_values_f_less_fmax:47
                ASU Exp:
                    total_ASUExp:0.00160621
                    time_top_o:2.6586e-05
                    time_check_in_c:2.7288e-05
                    time_add_parent:5.4304e-05
                    num_neighbors:1134
                    time_add_neighbors_to_o:0.00132011
        Stage3:
            total_Stage3:0.00204302
            num_until_goal_expanded:52
            timing_S3Exp:
                total_S3Exp: 0.0014158
                time_top_o: 2.25e-05
                time_check_in_c: 2.1306e-05
                time_add_parent: 4.7738e-05
                num_neighbors: 666
                time_add_neighbors_to_o: 0.00102646
    timing_PIOW_overlapping:
        total_PIOW: 1.113e-06
        num_windows: 10
        time_check_overlap: 0
        num_overlapping_windows: 0
        time_merge_windows: 0
        time_remove_window: 0
        time_remove_window: 0
        timing_PlanIn:
            total_PlanIn:0
            num_until_goal_expanded:0
            timing_expansions:
                total_S3Exp: 0
                time_top_o: 0
                time_check_in_c: 0
                time_add_parent: 0
                num_neighbors: 0
                time_add_neighbors_to_o: 0
    num_new_collisions: 1
    timing_PIOW_new_collisions:
        total_PIOW: 0.000444793
        num_windows: 0
        time_check_overlap: 0
        num_overlapping_windows: 0
        time_merge_windows: 0
        time_remove_window: 0
        time_remove_window: 7.16e-07
        timing_PlanIn:
            total_PlanIn:0.000441041
            num_until_goal_expanded:12
            timing_expansions:
                total_S3Exp: 0.000433441
                time_top_o: 5.535e-06
                time_check_in_c: 7.68e-06
                time_add_parent: 1.4974e-05
                num_neighbors: 245
                time_add_neighbors_to_o: 0.000346519
    num_windows_should_quit: 0
    time_should_quit: 2.605e-06
    time_remove_window: 0
Complete!
