Total time: 0.0698298
is_optimal: true
optimality_bound: 1
successive_bounds: [1.0055, 1.0055, 1.0044, 1.0044, 1.0033, 1.0022, 1.0022, 1.0011, 1, 1]
successive_runtimes: [0.0141778, 0.0194599, 0.0244131, 0.0306363, 0.0354106, 0.0425089, 0.0501199, 0.0581904, 0.0698298]
num_agents: 30
time_individual_plan: 0.00831914
time_first_plan: 0.00469461
num_max_agents_in_window_first_iteration: 2
num_recWAMPF: 9
timing_recWAMPF:
    total_RecWAMPF: 0.0603417
    num_windows: 83
    num_max_agents_in_window: 3
    timing_gari:
        total_GARI: 0.0442351
        time_path_btw_starts: 0.000430057
        Stage1:
            total_Stage1:0.0232151
            time_add_x_to_o: 0.00822667
            time_clear_x: 0.00132528
            timing_AStarSearchUntil:
                total_astar_search_until:0.0136552
                num_values_f_less_fmax:1617
                ASU Exp:
                    total_ASUExp:0.0136521
                    time_top_o:0.000914926
                    time_check_in_c:0.000726953
                    time_add_parent:0.000546759
                    num_neighbors:9693
                    time_add_neighbors_to_o:0.00948099
        Stage2:
            total_Stage2:0.0049419
            num_len_path:76
            time_expanding_s:0.000106203
            timing_AStarSearchUntil:
                total_astar_search_until:0.0047918
                num_values_f_less_fmax:144
                ASU Exp:
                    total_ASUExp:0.00478919
                    time_top_o:7.2375e-05
                    time_check_in_c:7.3635e-05
                    time_add_parent:0.000143725
                    num_neighbors:3746
                    time_add_neighbors_to_o:0.00401544
        Stage3:
            total_Stage3:0.0101947
            num_until_goal_expanded:546
            timing_S3Exp:
                total_S3Exp: 0.00681982
                time_top_o: 0.000246422
                time_check_in_c: 0.000233712
                time_add_parent: 0.00036845
                num_neighbors: 3517
                time_add_neighbors_to_o: 0.00385916
    timing_PIOW_overlapping:
        total_PIOW: 0.00820066
        num_windows: 197
        time_check_overlap: 1.2679e-05
        num_overlapping_windows: 1
        time_merge_windows: 2.902e-06
        time_remove_window: 3.92e-07
        time_remove_window: 2.81e-06
        timing_PlanIn:
            total_PlanIn:0.00817004
            num_until_goal_expanded:90
            timing_expansions:
                total_S3Exp: 0.00816542
                time_top_o: 5.2307e-05
                time_check_in_c: 3.5477e-05
                time_add_parent: 7.902e-05
                num_neighbors: 5786
                time_add_neighbors_to_o: 0.00733348
    num_new_collisions: 5
    timing_PIOW_new_collisions:
        total_PIOW: 0.00318245
        num_windows: 20
        time_check_overlap: 2.103e-06
        num_overlapping_windows: 0
        time_merge_windows: 0
        time_remove_window: 0
        time_remove_window: 3.527e-06
        timing_PlanIn:
            total_PlanIn:0.00316344
            num_until_goal_expanded:143
            timing_expansions:
                total_S3Exp: 0.00314212
                time_top_o: 4.7518e-05
                time_check_in_c: 7.5066e-05
                time_add_parent: 0.000146674
                num_neighbors: 1587
                time_add_neighbors_to_o: 0.00227287
    num_windows_should_quit: 0
    time_should_quit: 5.797e-06
    time_remove_window: 0
Complete!
