Total time: 55.1499
is_optimal: false
optimality_bound: 1.00359
successive_bounds: [1.00695, 1.00599, 1.00503, 1.00359]
successive_runtimes: [0.0902659, 0.249289, 0.54323, 55.1499]
num_agents: 60
time_individual_plan: 0.0295889
time_first_plan: 0.0591393
num_max_agents_in_window_first_iteration: 3
num_recWAMPF: 4
timing_recWAMPF:
    total_RecWAMPF: 55.1188
    num_windows: 98
    num_max_agents_in_window: 6
    timing_gari:
        total_GARI: 0.812672
        time_path_btw_starts: 0.000439982
        Stage1:
            total_Stage1:0.652067
            time_add_x_to_o: 0.104033
            time_clear_x: 0.0431337
            timing_AStarSearchUntil:
                total_astar_search_until:0.50489
                num_values_f_less_fmax:14620
                ASU Exp:
                    total_ASUExp:0.504886
                    time_top_o:0.0174681
                    time_check_in_c:0.00664003
                    time_add_parent:0.00687745
                    num_neighbors:580008
                    time_add_neighbors_to_o:0.441578
        Stage2:
            total_Stage2:0.0224852
            num_len_path:91
            time_expanding_s:0.000108467
            timing_AStarSearchUntil:
                total_astar_search_until:0.0223221
                num_values_f_less_fmax:253
                ASU Exp:
                    total_ASUExp:0.0223188
                    time_top_o:0.000124258
                    time_check_in_c:0.000108307
                    time_add_parent:0.000229299
                    num_neighbors:18414
                    time_add_neighbors_to_o:0.021093
        Stage3:
            total_Stage3:0.137641
            num_until_goal_expanded:4248
            timing_S3Exp:
                total_S3Exp: 0.0988548
                time_top_o: 0.00236368
                time_check_in_c: 0.0013929
                time_add_parent: 0.00282509
                num_neighbors: 108787
                time_add_neighbors_to_o: 0.0793966
    timing_PIOW_overlapping:
        total_PIOW: 0.645803
        num_windows: 650
        time_check_overlap: 2.8319e-05
        num_overlapping_windows: 3
        time_merge_windows: 1.1843e-05
        time_remove_window: 1.825e-06
        time_remove_window: 1.1608e-05
        timing_PlanIn:
            total_PlanIn:0.645728
            num_until_goal_expanded:1324
            timing_expansions:
                total_S3Exp: 0.645713
                time_top_o: 0.000852886
                time_check_in_c: 0.000561794
                time_add_parent: 0.0010691
                num_neighbors: 800363
                time_add_neighbors_to_o: 0.609198
    num_new_collisions: 19
    timing_PIOW_new_collisions:
        total_PIOW: 53.6369
        num_windows: 353
        time_check_overlap: 2.2472e-05
        num_overlapping_windows: 4
        time_merge_windows: 0
        time_remove_window: 9.31298
        time_remove_window: 2.0867e-05
        timing_PlanIn:
            total_PlanIn:53.6367
            num_until_goal_expanded:10466
            timing_expansions:
                total_S3Exp: 53.6366
                time_top_o: 0.0167993
                time_check_in_c: 0.00607301
                time_add_parent: 0.0118086
                num_neighbors: 61081040
                time_add_neighbors_to_o: 51.2236
    num_windows_should_quit: 0
    time_should_quit: 1.2457e-05
    time_remove_window: 0
Complete!
