Total time: 0.523097
is_optimal: true
optimality_bound: 1
successive_bounds: [1.00273, 1.00273, 1.00273, 1.00273, 1.00273, 1.00273, 1.00273, 1.00273, 1.00273, 1.00273, 1.00273, 1.00273, 1.00164, 1.00109, 1.00109, 1.00109, 1.00109, 1.00109, 1.00109, 1.00109, 1.00109, 1.00109, 1.00109, 1.00109, 1.00109, 1.00109, 1.00109, 1.00109, 1.00109, 1.00109, 1, 1]
successive_runtimes: [0.0236292, 0.0354603, 0.0486626, 0.0613331, 0.0751573, 0.0886007, 0.102762, 0.11522, 0.127673, 0.142425, 0.1551, 0.166986, 0.179906, 0.195461, 0.209498, 0.223761, 0.238612, 0.255088, 0.270945, 0.288196, 0.306485, 0.324845, 0.344431, 0.364329, 0.384173, 0.404756, 0.426375, 0.448712, 0.471571, 0.49497, 0.523097]
num_agents: 30
time_individual_plan: 0.0120696
time_first_plan: 0.0100532
num_max_agents_in_window_first_iteration: 2
num_recWAMPF: 31
timing_recWAMPF:
    total_RecWAMPF: 0.509508
    num_windows: 183
    num_max_agents_in_window: 2
    timing_gari:
        total_GARI: 0.49061
        time_path_btw_starts: 0.000738978
        Stage1:
            total_Stage1:0.252577
            time_add_x_to_o: 0.0809291
            time_clear_x: 0.0187113
            timing_AStarSearchUntil:
                total_astar_search_until:0.152913
                num_values_f_less_fmax:32116
                ASU Exp:
                    total_ASUExp:0.152906
                    time_top_o:0.0179018
                    time_check_in_c:0.0102371
                    time_add_parent:0.00665632
                    num_neighbors:127994
                    time_add_neighbors_to_o:0.0973283
        Stage2:
            total_Stage2:0.0182355
            num_len_path:151
            time_expanding_s:0.000136689
            timing_AStarSearchUntil:
                total_astar_search_until:0.0179881
                num_values_f_less_fmax:709
                ASU Exp:
                    total_ASUExp:0.0179826
                    time_top_o:0.000373789
                    time_check_in_c:0.000301808
                    time_add_parent:0.000584204
                    num_neighbors:17860
                    time_add_neighbors_to_o:0.0152044
        Stage3:
            total_Stage3:0.218978
            num_until_goal_expanded:12961
            timing_S3Exp:
                total_S3Exp: 0.112915
                time_top_o: 0.00675216
                time_check_in_c: 0.00415912
                time_add_parent: 0.00734452
                num_neighbors: 82213
                time_add_neighbors_to_o: 0.0657209
    timing_PIOW_overlapping:
        total_PIOW: 4.0922e-05
        num_windows: 270
        time_check_overlap: 2.2952e-05
        num_overlapping_windows: 0
        time_merge_windows: 0
        time_remove_window: 0
        time_remove_window: 0
        timing_PlanIn:
            total_PlanIn:0
            num_until_goal_expanded:0
            timing_expansions:
                total_S3Exp: 0
                time_top_o: 0
                time_check_in_c: 0
                time_add_parent: 0
                num_neighbors: 0
                time_add_neighbors_to_o: 0
    num_new_collisions: 3
    timing_PIOW_new_collisions:
        total_PIOW: 0.00889444
        num_windows: 6
        time_check_overlap: 1.1e-06
        num_overlapping_windows: 0
        time_merge_windows: 0
        time_remove_window: 0
        time_remove_window: 3.099e-06
        timing_PlanIn:
            total_PlanIn:0.00887934
            num_until_goal_expanded:235
            timing_expansions:
                total_S3Exp: 0.00885683
                time_top_o: 0.000126956
                time_check_in_c: 0.000148585
                time_add_parent: 0.000295571
                num_neighbors: 4221
                time_add_neighbors_to_o: 0.00697254
    num_windows_should_quit: 0
    time_should_quit: 1.4538e-05
    time_remove_window: 0
Complete!
