Total time: 3.36431
is_optimal: false
optimality_bound: 1.00114
successive_bounds: [1.00455, 1.00455, 1.00455, 1.00228, 1.00171, 1.00171, 1.00171, 1.00171, 1.00171, 1.00171, 1.00171, 1.00114, 1.00114]
successive_runtimes: [0.0276758, 0.032512, 0.0387419, 0.0458402, 0.0508451, 0.0551165, 0.0594903, 0.0641765, 0.0719822, 0.0781151, 0.113528, 1.0705, 3.36431]
num_agents: 30
time_individual_plan: 0.0226998
time_first_plan: 0.00339006
num_max_agents_in_window_first_iteration: 2
num_recWAMPF: 13
timing_recWAMPF:
    total_RecWAMPF: 3.34001
    num_windows: 146
    num_max_agents_in_window: 3
    timing_gari:
        total_GARI: 1.2985
        time_path_btw_starts: 0.000839642
        Stage1:
            total_Stage1:1.22489
            time_add_x_to_o: 0.191578
            time_clear_x: 0.0464479
            timing_AStarSearchUntil:
                total_astar_search_until:0.00983179
                num_values_f_less_fmax:21087
                ASU Exp:
                    total_ASUExp:0.00982423
                    time_top_o:0.0334429
                    time_check_in_c:0.029878
                    time_add_parent:0.0142779
                    num_neighbors:1204995
                    time_add_neighbors_to_o:0.859901
        Stage2:
            total_Stage2:0.0157616
            num_len_path:151
            time_expanding_s:0.000228568
            timing_AStarSearchUntil:
                total_astar_search_until:0.0154453
                num_values_f_less_fmax:510
                ASU Exp:
                    total_ASUExp:0.0154386
                    time_top_o:0.000250366
                    time_check_in_c:0.000252348
                    time_add_parent:0.000528751
                    num_neighbors:12065
                    time_add_neighbors_to_o:0.0128231
        Stage3:
            total_Stage3:0.0569309
            num_until_goal_expanded:1948
            timing_S3Exp:
                total_S3Exp: 0.047892
                time_top_o: 0.00137332
                time_check_in_c: 0.000933754
                time_add_parent: 0.00197042
                num_neighbors: 34438
                time_add_neighbors_to_o: 0.0369879
    timing_PIOW_overlapping:
        total_PIOW: 0.951093
        num_windows: 416
        time_check_overlap: 3.133e-05
        num_overlapping_windows: 1
        time_merge_windows: 4.069e-06
        time_remove_window: 1.324e-06
        time_remove_window: 3.9e-06
        timing_PlanIn:
            total_PlanIn:0.95103
            num_until_goal_expanded:9256
            timing_expansions:
                total_S3Exp: 0.951025
                time_top_o: 0.00970952
                time_check_in_c: 0.004298
                time_add_parent: 0.00863487
                num_neighbors: 1060690
                time_add_neighbors_to_o: 0.858307
    num_new_collisions: 6
    timing_PIOW_new_collisions:
        total_PIOW: 0.00214238
        num_windows: 30
        time_check_overlap: 3.324e-06
        num_overlapping_windows: 0
        time_merge_windows: 0
        time_remove_window: 0
        time_remove_window: 5.411e-06
        timing_PlanIn:
            total_PlanIn:0.00211813
            num_until_goal_expanded:77
            timing_expansions:
                total_S3Exp: 0.00208858
                time_top_o: 2.9815e-05
                time_check_in_c: 5.1224e-05
                time_add_parent: 0.000102833
                num_neighbors: 864
                time_add_neighbors_to_o: 0.00147484
    num_windows_should_quit: 0
    time_should_quit: 1.2831e-05
    time_remove_window: 0
Complete!
