Total time: 0.0427331
is_optimal: true
optimality_bound: 1
successive_bounds: [1.00368, 1.00368, 1.00368, 1.00368, 1.00368, 1.00368, 1.00368, 1.00368, 1.00368, 1.00368, 1.00368, 1.00368, 1.00368, 1.00368, 1.00368, 1.00368, 1, 1]
successive_runtimes: [0.00257445, 0.00319961, 0.00376626, 0.00436237, 0.00501959, 0.00573795, 0.00656829, 0.00770915, 0.00971567, 0.0124833, 0.0151936, 0.0183449, 0.0218406, 0.026399, 0.0310427, 0.0364832, 0.0427331]
num_agents: 10
time_individual_plan: 0.00128381
time_first_plan: 0.000475053
num_max_agents_in_window_first_iteration: 2
num_recWAMPF: 17
timing_recWAMPF:
    total_RecWAMPF: 0.0406272
    num_windows: 33
    num_max_agents_in_window: 2
    timing_gari:
        total_GARI: 0.0395138
        time_path_btw_starts: 0.000208469
        Stage1:
            total_Stage1:0.0224388
            time_add_x_to_o: 0.00853667
            time_clear_x: 0.00172615
            timing_AStarSearchUntil:
                total_astar_search_until:0.0121696
                num_values_f_less_fmax:1459
                ASU Exp:
                    total_ASUExp:0.012168
                    time_top_o:0.000983824
                    time_check_in_c:0.000717071
                    time_add_parent:0.000603341
                    num_neighbors:5805
                    time_add_neighbors_to_o:0.00781623
        Stage2:
            total_Stage2:0.00201
            num_len_path:32
            time_expanding_s:3.8035e-05
            timing_AStarSearchUntil:
                total_astar_search_until:0.00194818
                num_values_f_less_fmax:48
                ASU Exp:
                    total_ASUExp:0.00194665
                    time_top_o:2.6273e-05
                    time_check_in_c:2.5361e-05
                    time_add_parent:4.6766e-05
                    num_neighbors:1422
                    time_add_neighbors_to_o:0.00169737
        Stage3:
            total_Stage3:0.0148326
            num_until_goal_expanded:625
            timing_S3Exp:
                total_S3Exp: 0.010278
                time_top_o: 0.000388972
                time_check_in_c: 0.000303511
                time_add_parent: 0.000759419
                num_neighbors: 5452
                time_add_neighbors_to_o: 0.00661501
    timing_PIOW_overlapping:
        total_PIOW: 1.201e-06
        num_windows: 16
        time_check_overlap: 0
        num_overlapping_windows: 0
        time_merge_windows: 0
        time_remove_window: 0
        time_remove_window: 0
        timing_PlanIn:
            total_PlanIn:0
            num_until_goal_expanded:0
            timing_expansions:
                total_S3Exp: 0
                time_top_o: 0
                time_check_in_c: 0
                time_add_parent: 0
                num_neighbors: 0
                time_add_neighbors_to_o: 0
    num_new_collisions: 1
    timing_PIOW_new_collisions:
        total_PIOW: 0.00041631
        num_windows: 0
        time_check_overlap: 0
        num_overlapping_windows: 0
        time_merge_windows: 0
        time_remove_window: 0
        time_remove_window: 6.65e-07
        timing_PlanIn:
            total_PlanIn:0.000413607
            num_until_goal_expanded:34
            timing_expansions:
                total_S3Exp: 0.000407381
                time_top_o: 7.191e-06
                time_check_in_c: 1.2515e-05
                time_add_parent: 2.2516e-05
                num_neighbors: 260
                time_add_neighbors_to_o: 0.000236466
    num_windows_should_quit: 0
    time_should_quit: 3.145e-06
    time_remove_window: 0
Complete!
