Total time: 0.734805
is_optimal: true
optimality_bound: 1
successive_bounds: [1.00273, 1.00273, 1.00273, 1.00273, 1.00273, 1.00273, 1.00273, 1.00273, 1.00273, 1.00273, 1.00273, 1.00273, 1.00273, 1.00273, 1.00164, 1.00109, 1.00109, 1.00109, 1.00109, 1.00109, 1.00109, 1.00109, 1.00109, 1.00109, 1.00109, 1.00109, 1.00109, 1.00109, 1.00109, 1.00109, 1.00109, 1, 1]
successive_runtimes: [0.024262, 0.0377485, 0.0536622, 0.0699414, 0.0873981, 0.105215, 0.123486, 0.140275, 0.158352, 0.175164, 0.191162, 0.209027, 0.225687, 0.241914, 0.260165, 0.282648, 0.303834, 0.325688, 0.349331, 0.373716, 0.399692, 0.42598, 0.452405, 0.480937, 0.510924, 0.541286, 0.571456, 0.60257, 0.634908, 0.668056, 0.701727, 0.734805]
num_agents: 30
time_individual_plan: 0.0152275
time_first_plan: 0.00744414
num_max_agents_in_window_first_iteration: 2
num_recWAMPF: 32
timing_recWAMPF:
    total_RecWAMPF: 0.717969
    num_windows: 189
    num_max_agents_in_window: 2
    timing_gari:
        total_GARI: 0.696958
        time_path_btw_starts: 0.00101137
        Stage1:
            total_Stage1:0.370854
            time_add_x_to_o: 0.120291
            time_clear_x: 0.0246898
            timing_AStarSearchUntil:
                total_astar_search_until:0.225845
                num_values_f_less_fmax:32263
                ASU Exp:
                    total_ASUExp:0.225836
                    time_top_o:0.0218882
                    time_check_in_c:0.0125914
                    time_add_parent:0.00968838
                    num_neighbors:122909
                    time_add_neighbors_to_o:0.151329
        Stage2:
            total_Stage2:0.030467
            num_len_path:163
            time_expanding_s:0.000198993
            timing_AStarSearchUntil:
                total_astar_search_until:0.0301147
                num_values_f_less_fmax:725
                ASU Exp:
                    total_ASUExp:0.0301071
                    time_top_o:0.000457305
                    time_check_in_c:0.00044822
                    time_add_parent:0.000911337
                    num_neighbors:18554
                    time_add_neighbors_to_o:0.0258463
        Stage3:
            total_Stage3:0.294512
            num_until_goal_expanded:13218
            timing_S3Exp:
                total_S3Exp: 0.175776
                time_top_o: 0.00844933
                time_check_in_c: 0.00662946
                time_add_parent: 0.0117014
                num_neighbors: 83550
                time_add_neighbors_to_o: 0.108017
    timing_PIOW_overlapping:
        total_PIOW: 4.7487e-05
        num_windows: 279
        time_check_overlap: 2.6176e-05
        num_overlapping_windows: 0
        time_merge_windows: 0
        time_remove_window: 0
        time_remove_window: 0
        timing_PlanIn:
            total_PlanIn:0
            num_until_goal_expanded:0
            timing_expansions:
                total_S3Exp: 0
                time_top_o: 0
                time_check_in_c: 0
                time_add_parent: 0
                num_neighbors: 0
                time_add_neighbors_to_o: 0
    num_new_collisions: 3
    timing_PIOW_new_collisions:
        total_PIOW: 0.00579409
        num_windows: 6
        time_check_overlap: 1.317e-06
        num_overlapping_windows: 0
        time_merge_windows: 0
        time_remove_window: 0
        time_remove_window: 3.959e-06
        timing_PlanIn:
            total_PlanIn:0.00577337
            num_until_goal_expanded:128
            timing_expansions:
                total_S3Exp: 0.00574635
                time_top_o: 8.5258e-05
                time_check_in_c: 0.000123479
                time_add_parent: 0.000262953
                num_neighbors: 1508
                time_add_neighbors_to_o: 0.0042562
    num_windows_should_quit: 0
    time_should_quit: 1.7013e-05
    time_remove_window: 0
Complete!
