Total time: 0.888816
is_optimal: false
optimality_bound: 1.00153
successive_bounds: [1.00384, 1.00384, 1.00384, 1.00384, 1.0023, 1.00153]
successive_runtimes: [0.0371355, 0.0477515, 0.0885893, 0.219462, 0.510204, 0.888816]
num_agents: 40
time_individual_plan: 0.0259081
time_first_plan: 0.00971759
num_max_agents_in_window_first_iteration: 2
num_recWAMPF: 6
timing_recWAMPF:
    total_RecWAMPF: 0.861392
    num_windows: 89
    num_max_agents_in_window: 4
    timing_gari:
        total_GARI: 0.796484
        time_path_btw_starts: 0.000447657
        Stage1:
            total_Stage1:0.680971
            time_add_x_to_o: 0.143484
            time_clear_x: 0.0423943
            timing_AStarSearchUntil:
                total_astar_search_until:0.495082
                num_values_f_less_fmax:3939
                ASU Exp:
                    total_ASUExp:0.495077
                    time_top_o:0.00460474
                    time_check_in_c:0.00216402
                    time_add_parent:0.0179936
                    num_neighbors:547253
                    time_add_neighbors_to_o:0.458838
        Stage2:
            total_Stage2:0.0538249
            num_len_path:78
            time_expanding_s:0.000118876
            timing_AStarSearchUntil:
                total_astar_search_until:0.053647
                num_values_f_less_fmax:231
                ASU Exp:
                    total_ASUExp:0.0536433
                    time_top_o:0.000150076
                    time_check_in_c:0.000120181
                    time_add_parent:0.000228619
                    num_neighbors:58868
                    time_add_neighbors_to_o:0.052244
        Stage3:
            total_Stage3:0.0610857
            num_until_goal_expanded:1157
            timing_S3Exp:
                total_S3Exp: 0.0151352
                time_top_o: 0.000516441
                time_check_in_c: 0.000385971
                time_add_parent: 0.000755145
                num_neighbors: 10222
                time_add_neighbors_to_o: 0.0103923
    timing_PIOW_overlapping:
        total_PIOW: 0.0338005
        num_windows: 353
        time_check_overlap: 2.3616e-05
        num_overlapping_windows: 2
        time_merge_windows: 1.9639e-05
        time_remove_window: 9.34e-07
        time_remove_window: 1.9405e-05
        timing_PlanIn:
            total_PlanIn:0.0337336
            num_until_goal_expanded:96
            timing_expansions:
                total_S3Exp: 0.0337217
                time_top_o: 5.5261e-05
                time_check_in_c: 6.2489e-05
                time_add_parent: 0.000123652
                num_neighbors: 21162
                time_add_neighbors_to_o: 0.0315619
    num_new_collisions: 11
    timing_PIOW_new_collisions:
        total_PIOW: 0.0221799
        num_windows: 108
        time_check_overlap: 8.558e-06
        num_overlapping_windows: 2
        time_merge_windows: 2.171e-06
        time_remove_window: 0.492453
        time_remove_window: 1.0346e-05
        timing_PlanIn:
            total_PlanIn:0.0221233
            num_until_goal_expanded:369
            timing_expansions:
                total_S3Exp: 0.0220604
                time_top_o: 0.000149434
                time_check_in_c: 0.000173556
                time_add_parent: 0.000362928
                num_neighbors: 18400
                time_add_neighbors_to_o: 0.0191971
    num_windows_should_quit: 0
    time_should_quit: 1.1578e-05
    time_remove_window: 0
Complete!
