Total time: 2.48445
is_optimal: true
optimality_bound: 1
successive_bounds: [1.00303, 1.00303, 1.00303, 1.00228, 1.00228, 1.00228, 1.00152, 1.00114, 1.00114, 1.00076, 1.00076, 1.00076, 1.00076, 1.00076, 1.00076, 1.00076, 1.00076, 1.00076, 1.00076, 1.00076, 1.00076, 1.00076, 1.00076, 1.00076, 1.00076, 1.00076, 1.00076, 1.00076, 1.00076, 1, 1]
successive_runtimes: [0.0325711, 0.0646999, 0.146379, 0.220934, 0.269112, 0.318263, 0.379033, 0.430475, 0.465539, 0.502355, 0.526896, 0.549804, 0.571746, 0.592626, 0.613824, 0.635358, 0.657881, 0.6796, 0.70162, 0.724372, 0.747622, 0.771716, 0.79643, 0.819873, 0.843978, 0.867899, 1.63732, 1.85563, 2.21641, 2.48445]
num_agents: 40
time_individual_plan: 0.0198664
time_first_plan: 0.0110099
num_max_agents_in_window_first_iteration: 3
num_recWAMPF: 30
timing_recWAMPF:
    total_RecWAMPF: 2.46288
    num_windows: 250
    num_max_agents_in_window: 3
    timing_gari:
        total_GARI: 2.40219
        time_path_btw_starts: 0.0016285
        Stage1:
            total_Stage1:0.664492
            time_add_x_to_o: 0.233922
            time_clear_x: 0.0481389
            timing_AStarSearchUntil:
                total_astar_search_until:0.3824
                num_values_f_less_fmax:13058
                ASU Exp:
                    total_ASUExp:0.382387
                    time_top_o:0.0120784
                    time_check_in_c:0.0109542
                    time_add_parent:0.00871418
                    num_neighbors:414308
                    time_add_neighbors_to_o:0.329751
        Stage2:
            total_Stage2:0.117777
            num_len_path:269
            time_expanding_s:0.000836709
            timing_AStarSearchUntil:
                total_astar_search_until:0.116703
                num_values_f_less_fmax:2381
                ASU Exp:
                    total_ASUExp:0.116695
                    time_top_o:0.00132303
                    time_check_in_c:0.000904105
                    time_add_parent:0.0026598
                    num_neighbors:124506
                    time_add_neighbors_to_o:0.105552
        Stage3:
            total_Stage3:1.61816
            num_until_goal_expanded:13101
            timing_S3Exp:
                total_S3Exp: 0.962931
                time_top_o: 0.0158637
                time_check_in_c: 0.00453595
                time_add_parent: 0.0114575
                num_neighbors: 1017747
                time_add_neighbors_to_o: 0.880586
    timing_PIOW_overlapping:
        total_PIOW: 0.0326906
        num_windows: 530
        time_check_overlap: 4.9325e-05
        num_overlapping_windows: 2
        time_merge_windows: 8.745e-06
        time_remove_window: 8.31e-07
        time_remove_window: 8.41e-06
        timing_PlanIn:
            total_PlanIn:0.0325996
            num_until_goal_expanded:213
            timing_expansions:
                total_S3Exp: 0.032589
                time_top_o: 0.00014839
                time_check_in_c: 0.000118882
                time_add_parent: 0.000252095
                num_neighbors: 21175
                time_add_neighbors_to_o: 0.0295251
    num_new_collisions: 7
    timing_PIOW_new_collisions:
        total_PIOW: 0.00700244
        num_windows: 40
        time_check_overlap: 4.864e-06
        num_overlapping_windows: 1
        time_merge_windows: 0
        time_remove_window: 0.024265
        time_remove_window: 7.25e-06
        timing_PlanIn:
            total_PlanIn:0.00696118
            num_until_goal_expanded:127
            timing_expansions:
                total_S3Exp: 0.00690233
                time_top_o: 8.241e-05
                time_check_in_c: 9.0946e-05
                time_add_parent: 0.000179652
                num_neighbors: 2912
                time_add_neighbors_to_o: 0.00556242
    num_windows_should_quit: 0
    time_should_quit: 2.6357e-05
    time_remove_window: 0
Complete!
