Total time: 1073.95
is_optimal: false
optimality_bound: 1.00146
successive_bounds: [1.00205, 1.00205, 1.00205, 1.00176, 1.00146, 1.00146, 1.00146, 1.00146, 1.00146, 1.00146, 1.00146, 1.00146, 1.00146]
successive_runtimes: [0.0443233, 0.0523385, 0.065289, 0.0881152, 0.117759, 29.0174, 97.4714, 204.207, 324.208, 458.217, 629.26, 828.971, 1073.95]
num_agents: 40
time_individual_plan: 0.0381459
time_first_plan: 0.00481086
num_max_agents_in_window_first_iteration: 2
num_recWAMPF: 13
timing_recWAMPF:
    total_RecWAMPF: 1073.91
    num_windows: 115
    num_max_agents_in_window: 5
    timing_gari:
        total_GARI: 1045.02
        time_path_btw_starts: 0.000849868
        Stage1:
            total_Stage1:610.55
            time_add_x_to_o: 129.608
            time_clear_x: 66.3833
            timing_AStarSearchUntil:
                total_astar_search_until:414.559
                num_values_f_less_fmax:759840
                ASU Exp:
                    total_ASUExp:414.559
                    time_top_o:2.15224
                    time_check_in_c:6.35935
                    time_add_parent:1.20507
                    num_neighbors:458602731
                    time_add_neighbors_to_o:396.882
        Stage2:
            total_Stage2:0.127692
            num_len_path:116
            time_expanding_s:0.000205313
            timing_AStarSearchUntil:
                total_astar_search_until:0.127391
                num_values_f_less_fmax:278
                ASU Exp:
                    total_ASUExp:0.127386
                    time_top_o:0.000205152
                    time_check_in_c:0.000122498
                    time_add_parent:0.000250491
                    num_neighbors:150097
                    time_add_neighbors_to_o:0.125673
        Stage3:
            total_Stage3:434.338
            num_until_goal_expanded:468755
            timing_S3Exp:
                total_S3Exp: 297.365
                time_top_o: 1.23517
                time_check_in_c: 0.282423
                time_add_parent: 0.662649
                num_neighbors: 302289439
                time_add_neighbors_to_o: 288.141
    timing_PIOW_overlapping:
        total_PIOW: 28.8639
        num_windows: 269
        time_check_overlap: 2.0295e-05
        num_overlapping_windows: 2
        time_merge_windows: 6.587e-06
        time_remove_window: 1.112e-06
        time_remove_window: 6.406e-06
        timing_PlanIn:
            total_PlanIn:28.8639
            num_until_goal_expanded:23050
            timing_expansions:
                total_S3Exp: 28.8639
                time_top_o: 0.0544629
                time_check_in_c: 0.0132218
                time_add_parent: 0.0265226
                num_neighbors: 29454764
                time_add_neighbors_to_o: 27.5935
    num_new_collisions: 9
    timing_PIOW_new_collisions:
        total_PIOW: 0.0144782
        num_windows: 71
        time_check_overlap: 5.356e-06
        num_overlapping_windows: 3
        time_merge_windows: 0
        time_remove_window: 0.220719
        time_remove_window: 6.562e-06
        timing_PlanIn:
            total_PlanIn:0.0144257
            num_until_goal_expanded:174
            timing_expansions:
                total_S3Exp: 0.0143812
                time_top_o: 7.6029e-05
                time_check_in_c: 8.6914e-05
                time_add_parent: 0.000187405
                num_neighbors: 9576
                time_add_neighbors_to_o: 0.0127463
    num_windows_should_quit: 0
    time_should_quit: 1.1385e-05
    time_remove_window: 0
Complete!
