Total time: 0.140111
is_optimal: true
optimality_bound: 1
successive_bounds: [1.0025, 1.002, 1.002, 1.001, 1.001, 1.001, 1.001, 1.001, 1.001, 1.001, 1.001, 1.001, 1.001, 1, 1]
successive_runtimes: [0.0234416, 0.0316165, 0.0399984, 0.0478889, 0.0534892, 0.0586456, 0.0641916, 0.0704849, 0.0785714, 0.0850163, 0.0981843, 0.109447, 0.118349, 0.140111]
num_agents: 30
time_individual_plan: 0.0171797
time_first_plan: 0.00517287
num_max_agents_in_window_first_iteration: 2
num_recWAMPF: 14
timing_recWAMPF:
    total_RecWAMPF: 0.121837
    num_windows: 135
    num_max_agents_in_window: 2
    timing_gari:
        total_GARI: 0.11248
        time_path_btw_starts: 0.000569375
        Stage1:
            total_Stage1:0.0350283
            time_add_x_to_o: 0.0142543
            time_clear_x: 0.00272395
            timing_AStarSearchUntil:
                total_astar_search_until:0.0180374
                num_values_f_less_fmax:6830
                ASU Exp:
                    total_ASUExp:0.0180327
                    time_top_o:0.00297578
                    time_check_in_c:0.00162656
                    time_add_parent:0.00114917
                    num_neighbors:9779
                    time_add_neighbors_to_o:0.00811719
        Stage2:
            total_Stage2:0.0210622
            num_len_path:144
            time_expanding_s:0.000127601
            timing_AStarSearchUntil:
                total_astar_search_until:0.0208671
                num_values_f_less_fmax:964
                ASU Exp:
                    total_ASUExp:0.0208631
                    time_top_o:0.000485381
                    time_check_in_c:0.000344425
                    time_add_parent:0.000739479
                    num_neighbors:23210
                    time_add_neighbors_to_o:0.0172371
        Stage3:
            total_Stage3:0.0557585
            num_until_goal_expanded:5106
            timing_S3Exp:
                total_S3Exp: 0.0434072
                time_top_o: 0.00227784
                time_check_in_c: 0.00150573
                time_add_parent: 0.00268606
                num_neighbors: 35938
                time_add_neighbors_to_o: 0.0274114
    timing_PIOW_overlapping:
        total_PIOW: 3.5174e-05
        num_windows: 325
        time_check_overlap: 1.9966e-05
        num_overlapping_windows: 0
        time_merge_windows: 0
        time_remove_window: 0
        time_remove_window: 0
        timing_PlanIn:
            total_PlanIn:0
            num_until_goal_expanded:0
            timing_expansions:
                total_S3Exp: 0
                time_top_o: 0
                time_check_in_c: 0
                time_add_parent: 0
                num_neighbors: 0
                time_add_neighbors_to_o: 0
    num_new_collisions: 5
    timing_PIOW_new_collisions:
        total_PIOW: 0.00397289
        num_windows: 20
        time_check_overlap: 1.524e-06
        num_overlapping_windows: 0
        time_merge_windows: 0
        time_remove_window: 0
        time_remove_window: 3.574e-06
        timing_PlanIn:
            total_PlanIn:0.00395478
            num_until_goal_expanded:225
            timing_expansions:
                total_S3Exp: 0.00393169
                time_top_o: 6.9194e-05
                time_check_in_c: 0.000104002
                time_add_parent: 0.00020124
                num_neighbors: 2336
                time_add_neighbors_to_o: 0.00274966
    num_windows_should_quit: 0
    time_should_quit: 8.592e-06
    time_remove_window: 0
Complete!
