Total time: 0.0994497
is_optimal: true
optimality_bound: 1
successive_bounds: [1.00051, 1.00051, 1.00051, 1.00051, 1.00051, 1.00051, 1.00051, 1.00051, 1.00051, 1.00051, 1.00051, 1.00051, 1.00051, 1.00051, 1.00051, 1.00051, 1.00051, 1.00051, 1.00051, 1.00051, 1.00051, 1.00051, 1.00051, 1.00051, 1.00051, 1, 1]
successive_runtimes: [0.0390759, 0.0404447, 0.0417089, 0.0436825, 0.0451919, 0.046783, 0.048371, 0.0500327, 0.0517703, 0.0534499, 0.0554089, 0.0586697, 0.0607213, 0.0629474, 0.0653208, 0.0675005, 0.0700492, 0.0725296, 0.0750932, 0.0778516, 0.0806355, 0.083262, 0.0897339, 0.0926338, 0.095886, 0.0994497]
num_agents: 40
time_individual_plan: 0.0359975
time_first_plan: 0.00202635
num_max_agents_in_window_first_iteration: 2
num_recWAMPF: 26
timing_recWAMPF:
    total_RecWAMPF: 0.0623925
    num_windows: 102
    num_max_agents_in_window: 2
    timing_gari:
        total_GARI: 0.0409106
        time_path_btw_starts: 0.000521757
        Stage1:
            total_Stage1:0.0141008
            time_add_x_to_o: 0.0042195
            time_clear_x: 0.000447595
            timing_AStarSearchUntil:
                total_astar_search_until:0.00942495
                num_values_f_less_fmax:661
                ASU Exp:
                    total_ASUExp:0.00942063
                    time_top_o:0.000286643
                    time_check_in_c:0.00024211
                    time_add_parent:0.000382458
                    num_neighbors:11576
                    time_add_neighbors_to_o:0.00746904
        Stage2:
            total_Stage2:0.00854435
            num_len_path:113
            time_expanding_s:8.6857e-05
            timing_AStarSearchUntil:
                total_astar_search_until:0.00841314
                num_values_f_less_fmax:424
                ASU Exp:
                    total_ASUExp:0.00840965
                    time_top_o:0.000161405
                    time_check_in_c:0.000149758
                    time_add_parent:0.000311738
                    num_neighbors:9115
                    time_add_neighbors_to_o:0.00683519
        Stage3:
            total_Stage3:0.0177012
            num_until_goal_expanded:455
            timing_S3Exp:
                total_S3Exp: 0.00824916
                time_top_o: 0.000201742
                time_check_in_c: 0.000151725
                time_add_parent: 0.000303802
                num_neighbors: 7270
                time_add_neighbors_to_o: 0.00601882
    timing_PIOW_overlapping:
        total_PIOW: 1.0862e-05
        num_windows: 100
        time_check_overlap: 6.128e-06
        num_overlapping_windows: 0
        time_merge_windows: 0
        time_remove_window: 0
        time_remove_window: 0
        timing_PlanIn:
            total_PlanIn:0
            num_until_goal_expanded:0
            timing_expansions:
                total_S3Exp: 0
                time_top_o: 0
                time_check_in_c: 0
                time_add_parent: 0
                num_neighbors: 0
                time_add_neighbors_to_o: 0
    num_new_collisions: 2
    timing_PIOW_new_collisions:
        total_PIOW: 0.000453123
        num_windows: 2
        time_check_overlap: 2.63e-07
        num_overlapping_windows: 0
        time_merge_windows: 0
        time_remove_window: 0
        time_remove_window: 1.6e-06
        timing_PlanIn:
            total_PlanIn:0.000446624
            num_until_goal_expanded:15
            timing_expansions:
                total_S3Exp: 0.000437473
                time_top_o: 4.894e-06
                time_check_in_c: 6.591e-06
                time_add_parent: 1.3024e-05
                num_neighbors: 293
                time_add_neighbors_to_o: 0.000350405
    num_windows_should_quit: 0
    time_should_quit: 4.723e-06
    time_remove_window: 0
Complete!
