Total time: 0.153458
is_optimal: true
optimality_bound: 1
successive_bounds: [1.00306, 1.00306, 1.00306, 1.00306, 1.00306, 1.00306, 1.00306, 1.00306, 1.00306, 1.00306, 1.00306, 1.00306, 1.00306, 1.00306, 1.00306, 1.00306, 1.00306, 1.00306, 1.00306, 1.00306, 1.00306, 1.00306, 1.00306, 1.00306, 1.00306, 1.00306, 1, 1]
successive_runtimes: [0.00260061, 0.00324765, 0.00385172, 0.00448029, 0.00507268, 0.00567398, 0.00625943, 0.00685168, 0.00744612, 0.0080411, 0.00866421, 0.00937704, 0.0102199, 0.0112101, 0.0122362, 0.0133681, 0.0146167, 0.0159903, 0.0176068, 0.0192164, 0.0208761, 0.0226878, 0.0344308, 0.0699367, 0.105516, 0.131357, 0.153458]
num_agents: 10
time_individual_plan: 0.00147164
time_first_plan: 0.000451316
num_max_agents_in_window_first_iteration: 2
num_recWAMPF: 27
timing_recWAMPF:
    total_RecWAMPF: 0.151303
    num_windows: 53
    num_max_agents_in_window: 2
    timing_gari:
        total_GARI: 0.150083
        time_path_btw_starts: 0.000195659
        Stage1:
            total_Stage1:0.117518
            time_add_x_to_o: 0.0364316
            time_clear_x: 0.00909993
            timing_AStarSearchUntil:
                total_astar_search_until:0.0719795
                num_values_f_less_fmax:5761
                ASU Exp:
                    total_ASUExp:0.0719772
                    time_top_o:0.00562326
                    time_check_in_c:0.00310927
                    time_add_parent:0.00323967
                    num_neighbors:52030
                    time_add_neighbors_to_o:0.0511667
        Stage2:
            total_Stage2:0.0104396
            num_len_path:55
            time_expanding_s:3.9256e-05
            timing_AStarSearchUntil:
                total_astar_search_until:0.0103729
                num_values_f_less_fmax:402
                ASU Exp:
                    total_ASUExp:0.0103709
                    time_top_o:0.000191707
                    time_check_in_c:0.00013847
                    time_add_parent:0.000272287
                    num_neighbors:11958
                    time_add_neighbors_to_o:0.00892764
        Stage3:
            total_Stage3:0.0218953
            num_until_goal_expanded:981
            timing_S3Exp:
                total_S3Exp: 0.00925766
                time_top_o: 0.000405778
                time_check_in_c: 0.000281474
                time_add_parent: 0.00051644
                num_neighbors: 7421
                time_add_neighbors_to_o: 0.00539344
    timing_PIOW_overlapping:
        total_PIOW: 1.383e-06
        num_windows: 26
        time_check_overlap: 0
        num_overlapping_windows: 0
        time_merge_windows: 0
        time_remove_window: 0
        time_remove_window: 0
        timing_PlanIn:
            total_PlanIn:0
            num_until_goal_expanded:0
            timing_expansions:
                total_S3Exp: 0
                time_top_o: 0
                time_check_in_c: 0
                time_add_parent: 0
                num_neighbors: 0
                time_add_neighbors_to_o: 0
    num_new_collisions: 1
    timing_PIOW_new_collisions:
        total_PIOW: 0.000402138
        num_windows: 0
        time_check_overlap: 0
        num_overlapping_windows: 0
        time_merge_windows: 0
        time_remove_window: 0
        time_remove_window: 6.77e-07
        timing_PlanIn:
            total_PlanIn:0.000399832
            num_until_goal_expanded:40
            timing_expansions:
                total_S3Exp: 0.000395347
                time_top_o: 7.141e-06
                time_check_in_c: 1.2565e-05
                time_add_parent: 2.399e-05
                num_neighbors: 304
                time_add_neighbors_to_o: 0.000244262
    num_windows_should_quit: 0
    time_should_quit: 3.911e-06
    time_remove_window: 0
Complete!
