Total time: 1152.72
is_optimal: false
optimality_bound: 1.00038
successive_bounds: [1.00488, 1.00488, 1.00413, 1.00413, 1.00413, 1.00413, 1.00413, 1.00188, 1.00038, 1.00038]
successive_runtimes: [1.42472, 22.2981, 105.972, 146.699, 188.035, 292.342, 448.206, 509.581, 1015.96, 1152.72]
num_agents: 40
time_individual_plan: 0.0243858
time_first_plan: 1.39872
num_max_agents_in_window_first_iteration: 4
num_recWAMPF: 10
timing_recWAMPF:
    total_RecWAMPF: 1152.69
    num_windows: 95
    num_max_agents_in_window: 4
    timing_gari:
        total_GARI: 668.512
        time_path_btw_starts: 0.0014021
        Stage1:
            total_Stage1:480.553
            time_add_x_to_o: 46.8904
            time_clear_x: 25.3927
            timing_AStarSearchUntil:
                total_astar_search_until:338.97
                num_values_f_less_fmax:1601689
                ASU Exp:
                    total_ASUExp:338.97
                    time_top_o:3.82292
                    time_check_in_c:1.19514
                    time_add_parent:3.13949
                    num_neighbors:481499240
                    time_add_neighbors_to_o:392.431
        Stage2:
            total_Stage2:0.135174
            num_len_path:96
            time_expanding_s:0.000226705
            timing_AStarSearchUntil:
                total_astar_search_until:0.134867
                num_values_f_less_fmax:756
                ASU Exp:
                    total_ASUExp:0.134864
                    time_top_o:0.000502846
                    time_check_in_c:0.000289814
                    time_add_parent:0.00102077
                    num_neighbors:162704
                    time_add_neighbors_to_o:0.130763
        Stage3:
            total_Stage3:152.422
            num_until_goal_expanded:1186773
            timing_S3Exp:
                total_S3Exp: 113.659
                time_top_o: 1.88069
                time_check_in_c: 0.653028
                time_add_parent: 1.26609
                num_neighbors: 178136192
                time_add_neighbors_to_o: 135.717
    timing_PIOW_overlapping:
        total_PIOW: 2.7394e-05
        num_windows: 225
        time_check_overlap: 1.8147e-05
        num_overlapping_windows: 0
        time_merge_windows: 0
        time_remove_window: 0
        time_remove_window: 0
        timing_PlanIn:
            total_PlanIn:0
            num_until_goal_expanded:0
            timing_expansions:
                total_S3Exp: 0
                time_top_o: 0
                time_check_in_c: 0
                time_add_parent: 0
                num_neighbors: 0
                time_add_neighbors_to_o: 0
    num_new_collisions: 7
    timing_PIOW_new_collisions:
        total_PIOW: 1.39609
        num_windows: 50
        time_check_overlap: 5.851e-06
        num_overlapping_windows: 2
        time_merge_windows: 3.918e-06
        time_remove_window: 0.116541
        time_remove_window: 6.547e-06
        timing_PlanIn:
            total_PlanIn:1.39604
            num_until_goal_expanded:9629
            timing_expansions:
                total_S3Exp: 1.3937
                time_top_o: 0.0083375
                time_check_in_c: 0.004413
                time_add_parent: 0.00847422
                num_neighbors: 1550459
                time_add_neighbors_to_o: 1.27794
    num_windows_should_quit: 0
    time_should_quit: 1.079e-05
    time_remove_window: 0
Complete!
