Total time: 263.747
is_optimal: false
optimality_bound: 1.00217
successive_bounds: [1.00543, 1.00543, 1.00543, 1.00543, 1.00543, 1.00543, 1.00543, 1.00434, 1.00326, 1.00217, 1.00217, 1.00217, 1.00217, 1.00217, 1.00217]
successive_runtimes: [0.0443833, 0.0613369, 0.084384, 0.136006, 0.193442, 0.252809, 0.315066, 0.396146, 9.25977, 32.1998, 69.1802, 111.359, 159.817, 212.384, 263.747]
num_agents: 30
time_individual_plan: 0.0358415
time_first_plan: 0.0071382
num_max_agents_in_window_first_iteration: 2
num_recWAMPF: 15
timing_recWAMPF:
    total_RecWAMPF: 263.71
    num_windows: 108
    num_max_agents_in_window: 5
    timing_gari:
        total_GARI: 254.895
        time_path_btw_starts: 0.000655959
        Stage1:
            total_Stage1:207.275
            time_add_x_to_o: 36.9787
            time_clear_x: 18.662
            timing_AStarSearchUntil:
                total_astar_search_until:151.634
                num_values_f_less_fmax:145657
                ASU Exp:
                    total_ASUExp:151.634
                    time_top_o:0.418994
                    time_check_in_c:0.943675
                    time_add_parent:1.1839
                    num_neighbors:170316323
                    time_add_neighbors_to_o:147.349
        Stage2:
            total_Stage2:0.0648398
            num_len_path:93
            time_expanding_s:0.000322545
            timing_AStarSearchUntil:
                total_astar_search_until:0.0644206
                num_values_f_less_fmax:987
                ASU Exp:
                    total_ASUExp:0.0644174
                    time_top_o:0.000491377
                    time_check_in_c:0.000310879
                    time_add_parent:0.000672298
                    num_neighbors:74108
                    time_add_neighbors_to_o:0.0607716
        Stage3:
            total_Stage3:47.5546
            num_until_goal_expanded:9808
            timing_S3Exp:
                total_S3Exp: 8.97925
                time_top_o: 0.0201073
                time_check_in_c: 0.0041306
                time_add_parent: 0.00725785
                num_neighbors: 10037585
                time_add_neighbors_to_o: 8.90793
    timing_PIOW_overlapping:
        total_PIOW: 0.0135186
        num_windows: 228
        time_check_overlap: 2.1766e-05
        num_overlapping_windows: 4
        time_merge_windows: 1.2739e-05
        time_remove_window: 1.822e-06
        time_remove_window: 1.2341e-05
        timing_PlanIn:
            total_PlanIn:0.0134522
            num_until_goal_expanded:257
            timing_expansions:
                total_S3Exp: 0.0134304
                time_top_o: 0.000127938
                time_check_in_c: 0.000139405
                time_add_parent: 0.000312142
                num_neighbors: 7502
                time_add_neighbors_to_o: 0.0110014
    num_new_collisions: 10
    timing_PIOW_new_collisions:
        total_PIOW: 8.79582
        num_windows: 74
        time_check_overlap: 6.967e-06
        num_overlapping_windows: 3
        time_merge_windows: 0
        time_remove_window: 1.09748
        time_remove_window: 8.187e-06
        timing_PlanIn:
            total_PlanIn:8.79576
            num_until_goal_expanded:4005
            timing_expansions:
                total_S3Exp: 8.79572
                time_top_o: 0.00837678
                time_check_in_c: 0.00184583
                time_add_parent: 0.00426504
                num_neighbors: 9718290
                time_add_neighbors_to_o: 8.43809
    num_windows_should_quit: 0
    time_should_quit: 1.0754e-05
    time_remove_window: 0
Complete!
