Total time: 0.146009
is_optimal: true
optimality_bound: 1
successive_bounds: [1.00091, 1.00091, 1.00091, 1.00091, 1.00091, 1.00091, 1.00091, 1.00091, 1.00091, 1.00091, 1.00091, 1.00091, 1.00091, 1.00091, 1.00091, 1.00091, 1, 1]
successive_runtimes: [0.0536525, 0.0572928, 0.0608248, 0.064434, 0.0679504, 0.0715494, 0.0751526, 0.0803745, 0.0851607, 0.0886813, 0.091964, 0.0951937, 0.0984584, 0.0995289, 0.100549, 0.101569, 0.146009]
num_agents: 30
time_individual_plan: 0.0166416
time_first_plan: 0.0354242
num_max_agents_in_window_first_iteration: 3
num_recWAMPF: 17
timing_recWAMPF:
    total_RecWAMPF: 0.127772
    num_windows: 58
    num_max_agents_in_window: 3
    timing_gari:
        total_GARI: 0.0844209
        time_path_btw_starts: 0.000382214
        Stage1:
            total_Stage1:0.00102498
            time_add_x_to_o: 0.000917118
            time_clear_x: 9.5665e-05
            timing_AStarSearchUntil:
                total_astar_search_until:5.469e-06
                num_values_f_less_fmax:0
                ASU Exp:
                    total_ASUExp:2.922e-06
                    time_top_o:0
                    time_check_in_c:0
                    time_add_parent:0
                    num_neighbors:0
                    time_add_neighbors_to_o:0
        Stage2:
            total_Stage2:0.0466979
            num_len_path:62
            time_expanding_s:0.000149577
            timing_AStarSearchUntil:
                total_astar_search_until:0.0464946
                num_values_f_less_fmax:1462
                ASU Exp:
                    total_ASUExp:0.0464921
                    time_top_o:0.00109494
                    time_check_in_c:0.000660432
                    time_add_parent:0.00144552
                    num_neighbors:36489
                    time_add_neighbors_to_o:0.0389662
        Stage3:
            total_Stage3:0.0362762
            num_until_goal_expanded:331
            timing_S3Exp:
                total_S3Exp: 0.00711408
                time_top_o: 0.000196312
                time_check_in_c: 0.000151836
                time_add_parent: 0.000351756
                num_neighbors: 3111
                time_add_neighbors_to_o: 0.00458615
    timing_PIOW_overlapping:
        total_PIOW: 1.0394e-05
        num_windows: 52
        time_check_overlap: 5.234e-06
        num_overlapping_windows: 0
        time_merge_windows: 0
        time_remove_window: 0
        time_remove_window: 0
        timing_PlanIn:
            total_PlanIn:0
            num_until_goal_expanded:0
            timing_expansions:
                total_S3Exp: 0
                time_top_o: 0
                time_check_in_c: 0
                time_add_parent: 0
                num_neighbors: 0
                time_add_neighbors_to_o: 0
    num_new_collisions: 3
    timing_PIOW_new_collisions:
        total_PIOW: 0.0343886
        num_windows: 3
        time_check_overlap: 8.03e-07
        num_overlapping_windows: 1
        time_merge_windows: 0
        time_remove_window: 0.0189951
        time_remove_window: 2.934e-06
        timing_PlanIn:
            total_PlanIn:0.0343711
            num_until_goal_expanded:213
            timing_expansions:
                total_S3Exp: 0.0343019
                time_top_o: 0.00017927
                time_check_in_c: 0.000137772
                time_add_parent: 0.000306986
                num_neighbors: 17445
                time_add_neighbors_to_o: 0.0311107
    num_windows_should_quit: 1
    time_should_quit: 4.881e-06
    time_remove_window: 1.765e-06
Complete!
