Total time: 0.0213274
is_optimal: true
optimality_bound: 1
successive_bounds: [1.00102, 1.00102, 1.00102, 1.00102, 1.00102, 1.00102, 1.00102, 1.00102, 1.00102, 1, 1]
successive_runtimes: [0.0134942, 0.0141679, 0.0148527, 0.0155172, 0.0162729, 0.017091, 0.0179765, 0.0188353, 0.0197451, 0.0213273]
num_agents: 30
time_individual_plan: 0.0110675
time_first_plan: 0.00113906
num_max_agents_in_window_first_iteration: 2
num_recWAMPF: 10
timing_recWAMPF:
    total_RecWAMPF: 0.00896727
    num_windows: 19
    num_max_agents_in_window: 2
    timing_gari:
        total_GARI: 0.00455635
        time_path_btw_starts: 0.000115969
        Stage1:
            total_Stage1:0.000828557
            time_add_x_to_o: 0.000468205
            time_clear_x: 5.3954e-05
            timing_AStarSearchUntil:
                total_astar_search_until:0.000304084
                num_values_f_less_fmax:9
                ASU Exp:
                    total_ASUExp:0.000303213
                    time_top_o:6.609e-06
                    time_check_in_c:8.488e-06
                    time_add_parent:1.1925e-05
                    num_neighbors:215
                    time_add_neighbors_to_o:0.00024254
        Stage2:
            total_Stage2:0.00154991
            num_len_path:19
            time_expanding_s:1.9265e-05
            timing_AStarSearchUntil:
                total_astar_search_until:0.00151786
                num_values_f_less_fmax:43
                ASU Exp:
                    total_ASUExp:0.00151703
                    time_top_o:2.4264e-05
                    time_check_in_c:2.7221e-05
                    time_add_parent:5.1222e-05
                    num_neighbors:1034
                    time_add_neighbors_to_o:0.00124464
        Stage3:
            total_Stage3:0.00205108
            num_until_goal_expanded:49
            timing_S3Exp:
                total_S3Exp: 0.00141185
                time_top_o: 2.2321e-05
                time_check_in_c: 2.1126e-05
                time_add_parent: 4.5081e-05
                num_neighbors: 637
                time_add_neighbors_to_o: 0.00104198
    timing_PIOW_overlapping:
        total_PIOW: 1.078e-06
        num_windows: 9
        time_check_overlap: 0
        num_overlapping_windows: 0
        time_merge_windows: 0
        time_remove_window: 0
        time_remove_window: 0
        timing_PlanIn:
            total_PlanIn:0
            num_until_goal_expanded:0
            timing_expansions:
                total_S3Exp: 0
                time_top_o: 0
                time_check_in_c: 0
                time_add_parent: 0
                num_neighbors: 0
                time_add_neighbors_to_o: 0
    num_new_collisions: 1
    timing_PIOW_new_collisions:
        total_PIOW: 0.000647205
        num_windows: 0
        time_check_overlap: 0
        num_overlapping_windows: 0
        time_merge_windows: 0
        time_remove_window: 0
        time_remove_window: 8.53e-07
        timing_PlanIn:
            total_PlanIn:0.000643188
            num_until_goal_expanded:16
            timing_expansions:
                total_S3Exp: 0.000635837
                time_top_o: 8.466e-06
                time_check_in_c: 1.0855e-05
                time_add_parent: 1.9319e-05
                num_neighbors: 345
                time_add_neighbors_to_o: 0.000513056
    num_windows_should_quit: 0
    time_should_quit: 2.457e-06
    time_remove_window: 0
Complete!
