Total time: 3.44559
is_optimal: false
optimality_bound: 1.00087
successive_bounds: [1.00611, 1.00552, 1.00262, 1.00262, 1.00233, 1.00233, 1.00204, 1.00204, 1.00204, 1.00087, 1.00087]
successive_runtimes: [0.0536363, 0.0868995, 2.47134, 2.55392, 2.65735, 2.77204, 2.90545, 3.03123, 3.15402, 3.30346, 3.44559]
num_agents: 50
time_individual_plan: 0.0249649
time_first_plan: 0.0270434
num_max_agents_in_window_first_iteration: 3
num_recWAMPF: 11
timing_recWAMPF:
    total_RecWAMPF: 3.41899
    num_windows: 204
    num_max_agents_in_window: 4
    timing_gari:
        total_GARI: 1.02665
        time_path_btw_starts: 0.00163417
        Stage1:
            total_Stage1:0.439358
            time_add_x_to_o: 0.185843
            time_clear_x: 0.0547871
            timing_AStarSearchUntil:
                total_astar_search_until:0.198706
                num_values_f_less_fmax:8384
                ASU Exp:
                    total_ASUExp:0.198697
                    time_top_o:0.00601742
                    time_check_in_c:0.00706099
                    time_add_parent:0.00465654
                    num_neighbors:217571
                    time_add_neighbors_to_o:0.161286
        Stage2:
            total_Stage2:0.0402687
            num_len_path:209
            time_expanding_s:0.000217949
            timing_AStarSearchUntil:
                total_astar_search_until:0.0399194
                num_values_f_less_fmax:1407
                ASU Exp:
                    total_ASUExp:0.0399125
                    time_top_o:0.000598663
                    time_check_in_c:0.000462469
                    time_add_parent:0.000974411
                    num_neighbors:45666
                    time_add_neighbors_to_o:0.0348251
        Stage3:
            total_Stage3:0.541493
            num_until_goal_expanded:5917
            timing_S3Exp:
                total_S3Exp: 0.423431
                time_top_o: 0.00406584
                time_check_in_c: 0.00222337
                time_add_parent: 0.00409777
                num_neighbors: 546036
                time_add_neighbors_to_o: 0.393861
    timing_PIOW_overlapping:
        total_PIOW: 0.00697031
        num_windows: 971
        time_check_overlap: 5.6024e-05
        num_overlapping_windows: 1
        time_merge_windows: 3.392e-06
        time_remove_window: 3.2e-07
        time_remove_window: 3.33e-06
        timing_PlanIn:
            total_PlanIn:0.00687258
            num_until_goal_expanded:86
            timing_expansions:
                total_S3Exp: 0.0068694
                time_top_o: 3.0869e-05
                time_check_in_c: 2.5089e-05
                time_add_parent: 5.1653e-05
                num_neighbors: 7670
                time_add_neighbors_to_o: 0.0062354
    num_new_collisions: 15
    timing_PIOW_new_collisions:
        total_PIOW: 2.36094
        num_windows: 241
        time_check_overlap: 1.6434e-05
        num_overlapping_windows: 5
        time_merge_windows: 6.947e-06
        time_remove_window: 0.302793
        time_remove_window: 1.7319e-05
        timing_PlanIn:
            total_PlanIn:2.36082
            num_until_goal_expanded:99863
            timing_expansions:
                total_S3Exp: 0.157167
                time_top_o: 0.0412823
                time_check_in_c: 0.0303919
                time_add_parent: 0.0594496
                num_neighbors: 2672270
                time_add_neighbors_to_o: 1.75863
    num_windows_should_quit: 0
    time_should_quit: 2.449e-05
    time_remove_window: 0
Complete!
