Total time: 0.221165
is_optimal: true
optimality_bound: 1
successive_bounds: [1.00173, 1.00173, 1.00173, 1.00173, 1.00087, 1.00087, 1.00087, 1.00087, 1.00087, 1.00087, 1.00087, 1.00087, 1.00087, 1.00087, 1.00087, 1.00087, 1.00087, 1.00087, 1.00087, 1.00087, 1.00087, 1.00087, 1.00087, 1, 1]
successive_runtimes: [0.0275565, 0.0322608, 0.0349313, 0.0377236, 0.0412311, 0.0456398, 0.0484984, 0.0516988, 0.054878, 0.0580613, 0.0612864, 0.0691178, 0.0725327, 0.0759556, 0.141777, 0.163317, 0.180422, 0.188843, 0.194116, 0.199416, 0.204719, 0.209929, 0.215129, 0.221165]
num_agents: 30
time_individual_plan: 0.0184652
time_first_plan: 0.00748662
num_max_agents_in_window_first_iteration: 2
num_recWAMPF: 24
timing_recWAMPF:
    total_RecWAMPF: 0.201084
    num_windows: 188
    num_max_agents_in_window: 2
    timing_gari:
        total_GARI: 0.185477
        time_path_btw_starts: 0.000935339
        Stage1:
            total_Stage1:0.0555513
            time_add_x_to_o: 0.0154564
            time_clear_x: 0.00214558
            timing_AStarSearchUntil:
                total_astar_search_until:0.0379311
                num_values_f_less_fmax:3291
                ASU Exp:
                    total_ASUExp:0.0379249
                    time_top_o:0.00202778
                    time_check_in_c:0.00148372
                    time_add_parent:0.00212458
                    num_neighbors:36473
                    time_add_neighbors_to_o:0.0284435
        Stage2:
            total_Stage2:0.0675518
            num_len_path:190
            time_expanding_s:0.000229033
            timing_AStarSearchUntil:
                total_astar_search_until:0.0672213
                num_values_f_less_fmax:2672
                ASU Exp:
                    total_ASUExp:0.0672157
                    time_top_o:0.0017416
                    time_check_in_c:0.00106365
                    time_add_parent:0.00227759
                    num_neighbors:63852
                    time_add_neighbors_to_o:0.0554786
        Stage3:
            total_Stage3:0.0613443
            num_until_goal_expanded:585
            timing_S3Exp:
                total_S3Exp: 0.0107482
                time_top_o: 0.000234028
                time_check_in_c: 0.000195813
                time_add_parent: 0.000427421
                num_neighbors: 6563
                time_add_neighbors_to_o: 0.00653474
    timing_PIOW_overlapping:
        total_PIOW: 5.0846e-05
        num_windows: 368
        time_check_overlap: 3.0495e-05
        num_overlapping_windows: 0
        time_merge_windows: 0
        time_remove_window: 0
        time_remove_window: 0
        timing_PlanIn:
            total_PlanIn:0
            num_until_goal_expanded:0
            timing_expansions:
                total_S3Exp: 0
                time_top_o: 0
                time_check_in_c: 0
                time_add_parent: 0
                num_neighbors: 0
                time_add_neighbors_to_o: 0
    num_new_collisions: 4
    timing_PIOW_new_collisions:
        total_PIOW: 0.00610347
        num_windows: 12
        time_check_overlap: 1.994e-06
        num_overlapping_windows: 0
        time_merge_windows: 0
        time_remove_window: 0
        time_remove_window: 5.678e-06
        timing_PlanIn:
            total_PlanIn:0.00608
            num_until_goal_expanded:135
            timing_expansions:
                total_S3Exp: 0.00605602
                time_top_o: 7.9129e-05
                time_check_in_c: 9.6812e-05
                time_add_parent: 0.000186986
                num_neighbors: 2679
                time_add_neighbors_to_o: 0.00486953
    num_windows_should_quit: 0
    time_should_quit: 1.1875e-05
    time_remove_window: 0
Complete!
