Total time: 0.734151
is_optimal: true
optimality_bound: 1
successive_bounds: [1.0125, 1.00441, 1.00257, 1.00257, 1.00257, 1.00257, 1.00257, 1.00257, 1.00257, 1.00257, 1.00221, 1.00221, 1.00221, 1.00221, 1.00221, 1.00221, 1.00221, 1.00221, 1.00221, 1.00221, 1.00221, 1.00221, 1.00221, 1.00221, 1.00221, 1.00221, 1.00221, 1.00221, 1.00221, 1.00221, 1.00221, 1.00221, 1.00221, 1]
successive_runtimes: [0.0364299, 0.0856497, 0.133133, 0.169381, 0.230675, 0.256806, 0.281919, 0.305972, 0.332701, 0.356071, 0.401886, 0.420622, 0.436864, 0.451811, 0.467816, 0.482785, 0.497689, 0.512575, 0.527436, 0.542274, 0.557161, 0.571937, 0.586721, 0.601432, 0.616138, 0.630843, 0.645544, 0.660271, 0.674987, 0.689801, 0.704616, 0.719434, 0.734151]
num_agents: 40
time_individual_plan: 0.0224538
time_first_plan: 0.0124538
num_max_agents_in_window_first_iteration: 2
num_recWAMPF: 33
timing_recWAMPF:
    total_RecWAMPF: 0.710164
    num_windows: 107
    num_max_agents_in_window: 3
    timing_gari:
        total_GARI: 0.602986
        time_path_btw_starts: 0.00121161
        Stage1:
            total_Stage1:0.19324
            time_add_x_to_o: 0.0657133
            time_clear_x: 0.0106732
            timing_AStarSearchUntil:
                total_astar_search_until:0.116841
                num_values_f_less_fmax:4040
                ASU Exp:
                    total_ASUExp:0.116836
                    time_top_o:0.00289464
                    time_check_in_c:0.00288643
                    time_add_parent:0.00276163
                    num_neighbors:117549
                    time_add_neighbors_to_o:0.100351
        Stage2:
            total_Stage2:0.0104985
            num_len_path:77
            time_expanding_s:0.00015502
            timing_AStarSearchUntil:
                total_astar_search_until:0.0102591
                num_values_f_less_fmax:172
                ASU Exp:
                    total_ASUExp:0.0102556
                    time_top_o:9.9775e-05
                    time_check_in_c:9.5336e-05
                    time_add_parent:0.000198321
                    num_neighbors:9109
                    time_add_neighbors_to_o:0.00917485
        Stage3:
            total_Stage3:0.397746
            num_until_goal_expanded:994
            timing_S3Exp:
                total_S3Exp: 0.0516299
                time_top_o: 0.00054532
                time_check_in_c: 0.000364399
                time_add_parent: 0.000787077
                num_neighbors: 43328
                time_add_neighbors_to_o: 0.043398
    timing_PIOW_overlapping:
        total_PIOW: 0.0736934
        num_windows: 207
        time_check_overlap: 9.103e-06
        num_overlapping_windows: 7
        time_merge_windows: 1.9941e-05
        time_remove_window: 1.982e-06
        time_remove_window: 1.9395e-05
        timing_PlanIn:
            total_PlanIn:0.0736364
            num_until_goal_expanded:793
            timing_expansions:
                total_S3Exp: 0.0736106
                time_top_o: 0.000360663
                time_check_in_c: 0.000317872
                time_add_parent: 0.000651173
                num_neighbors: 68860
                time_add_neighbors_to_o: 0.06646
    num_new_collisions: 8
    timing_PIOW_new_collisions:
        total_PIOW: 0.00900521
        num_windows: 54
        time_check_overlap: 4.566e-06
        num_overlapping_windows: 0
        time_merge_windows: 0
        time_remove_window: 0
        time_remove_window: 6.215e-06
        timing_PlanIn:
            total_PlanIn:0.00897237
            num_until_goal_expanded:268
            timing_expansions:
                total_S3Exp: 0.00893007
                time_top_o: 0.000109107
                time_check_in_c: 0.000163317
                time_add_parent: 0.000325932
                num_neighbors: 4525
                time_add_neighbors_to_o: 0.00692337
    num_windows_should_quit: 1
    time_should_quit: 1.1386e-05
    time_remove_window: 4.51e-07
Complete!
