Total time: 34.2512
is_optimal: false
optimality_bound: 1.00216
successive_bounds: [1.00378, 1.00324, 1.0027, 1.0027, 1.0027, 1.00216, 1.00216, 1.00216, 1.00216, 1.00216, 1.00216, 1.00216, 1.00216]
successive_runtimes: [0.0207608, 0.0229926, 0.0329525, 0.0494481, 0.0640181, 0.245088, 0.524746, 0.945526, 1.43862, 1.93965, 2.73177, 9.35859, 34.2512]
num_agents: 30
time_individual_plan: 0.0166542
time_first_plan: 0.00268855
num_max_agents_in_window_first_iteration: 2
num_recWAMPF: 13
timing_recWAMPF:
    total_RecWAMPF: 34.2332
    num_windows: 92
    num_max_agents_in_window: 5
    timing_gari:
        total_GARI: 28.9598
        time_path_btw_starts: 0.000572334
        Stage1:
            total_Stage1:23.764
            time_add_x_to_o: 2.04862
            time_clear_x: 0.55301
            timing_AStarSearchUntil:
                total_astar_search_until:21.1623
                num_values_f_less_fmax:23365
                ASU Exp:
                    total_ASUExp:21.1623
                    time_top_o:0.0574138
                    time_check_in_c:0.0336879
                    time_add_parent:0.0390803
                    num_neighbors:24545279
                    time_add_neighbors_to_o:20.9134
        Stage2:
            total_Stage2:0.586829
            num_len_path:99
            time_expanding_s:0.000118965
            timing_AStarSearchUntil:
                total_astar_search_until:0.586635
                num_values_f_less_fmax:1852
                ASU Exp:
                    total_ASUExp:0.586631
                    time_top_o:0.00230801
                    time_check_in_c:0.000738013
                    time_add_parent:0.00158161
                    num_neighbors:734515
                    time_add_neighbors_to_o:0.575061
        Stage3:
            total_Stage3:4.6084
            num_until_goal_expanded:19108
            timing_S3Exp:
                total_S3Exp: 3.16692
                time_top_o: 0.0282262
                time_check_in_c: 0.00663672
                time_add_parent: 0.016598
                num_neighbors: 3805697
                time_add_neighbors_to_o: 3.02714
    timing_PIOW_overlapping:
        total_PIOW: 0.182664
        num_windows: 181
        time_check_overlap: 1.5937e-05
        num_overlapping_windows: 3
        time_merge_windows: 1.0974e-05
        time_remove_window: 1.996e-06
        time_remove_window: 1.0525e-05
        timing_PlanIn:
            total_PlanIn:0.182614
            num_until_goal_expanded:544
            timing_expansions:
                total_S3Exp: 0.182596
                time_top_o: 0.000418741
                time_check_in_c: 0.00026552
                time_add_parent: 0.000550199
                num_neighbors: 169422
                time_add_neighbors_to_o: 0.170914
    num_new_collisions: 7
    timing_PIOW_new_collisions:
        total_PIOW: 5.08584
        num_windows: 35
        time_check_overlap: 3.307e-06
        num_overlapping_windows: 1
        time_merge_windows: 0
        time_remove_window: 4.27535
        time_remove_window: 5.369e-06
        timing_PlanIn:
            total_PlanIn:5.08581
            num_until_goal_expanded:5529
            timing_expansions:
                total_S3Exp: 5.08578
                time_top_o: 0.00991272
                time_check_in_c: 0.00236951
                time_add_parent: 0.00618361
                num_neighbors: 5852554
                time_add_neighbors_to_o: 4.82921
    num_windows_should_quit: 0
    time_should_quit: 6.385e-06
    time_remove_window: 0
Complete!
