Total time: 0.116688
is_optimal: true
optimality_bound: 1
successive_bounds: [1.00139, 1.00139, 1.00139, 1.00139, 1.00139, 1.00139, 1.00139, 1.00139, 1.00139, 1.00139, 1.00139, 1.00139, 1.00139, 1.00139, 1.00139, 1.00139, 1.00139, 1, 1]
successive_runtimes: [0.0125834, 0.0138471, 0.0151839, 0.0167199, 0.0181573, 0.0205803, 0.0226335, 0.0244797, 0.0262748, 0.0310593, 0.0349778, 0.0380225, 0.0405416, 0.0433929, 0.0657312, 0.0868243, 0.104957, 0.116688]
num_agents: 20
time_individual_plan: 0.00981083
time_first_plan: 0.00114708
num_max_agents_in_window_first_iteration: 2
num_recWAMPF: 18
timing_recWAMPF:
    total_RecWAMPF: 0.10524
    num_windows: 70
    num_max_agents_in_window: 2
    timing_gari:
        total_GARI: 0.0992271
        time_path_btw_starts: 0.000573081
        Stage1:
            total_Stage1:0.0556083
            time_add_x_to_o: 0.0180494
            time_clear_x: 0.00269331
            timing_AStarSearchUntil:
                total_astar_search_until:0.0348549
                num_values_f_less_fmax:2385
                ASU Exp:
                    total_ASUExp:0.03485
                    time_top_o:0.0021161
                    time_check_in_c:0.00143467
                    time_add_parent:0.00155262
                    num_neighbors:22633
                    time_add_neighbors_to_o:0.0262611
        Stage2:
            total_Stage2:0.0286003
            num_len_path:83
            time_expanding_s:0.000101588
            timing_AStarSearchUntil:
                total_astar_search_until:0.0284435
                num_values_f_less_fmax:701
                ASU Exp:
                    total_ASUExp:0.0284393
                    time_top_o:0.0005571
                    time_check_in_c:0.000443978
                    time_add_parent:0.000908496
                    num_neighbors:17082
                    time_add_neighbors_to_o:0.0237171
        Stage3:
            total_Stage3:0.0144009
            num_until_goal_expanded:245
            timing_S3Exp:
                total_S3Exp: 0.00590986
                time_top_o: 0.000145749
                time_check_in_c: 0.000125396
                time_add_parent: 0.000238477
                num_neighbors: 2522
                time_add_neighbors_to_o: 0.00337901
    timing_PIOW_overlapping:
        total_PIOW: 1.3418e-05
        num_windows: 68
        time_check_overlap: 7.037e-06
        num_overlapping_windows: 0
        time_merge_windows: 0
        time_remove_window: 0
        time_remove_window: 0
        timing_PlanIn:
            total_PlanIn:0
            num_until_goal_expanded:0
            timing_expansions:
                total_S3Exp: 0
                time_top_o: 0
                time_check_in_c: 0
                time_add_parent: 0
                num_neighbors: 0
                time_add_neighbors_to_o: 0
    num_new_collisions: 2
    timing_PIOW_new_collisions:
        total_PIOW: 0.000651852
        num_windows: 2
        time_check_overlap: 7.2e-07
        num_overlapping_windows: 0
        time_merge_windows: 0
        time_remove_window: 0
        time_remove_window: 2.311e-06
        timing_PlanIn:
            total_PlanIn:0.000641479
            num_until_goal_expanded:15
            timing_expansions:
                total_S3Exp: 0.000626951
                time_top_o: 7.675e-06
                time_check_in_c: 1.1303e-05
                time_add_parent: 2.4724e-05
                num_neighbors: 217
                time_add_neighbors_to_o: 0.000411897
    num_windows_should_quit: 0
    time_should_quit: 4.953e-06
    time_remove_window: 0
Complete!
