Total time: 0.0432513
is_optimal: true
optimality_bound: 1
successive_bounds: [1.00182, 1.00182, 1.00182, 1.00182, 1.00091, 1.00091, 1.00091, 1.00091, 1.00091, 1.00091, 1.00091, 1.00091, 1.00091, 1.00091, 1, 1]
successive_runtimes: [0.0210827, 0.0225377, 0.0239836, 0.0253631, 0.0271196, 0.0284986, 0.0299154, 0.0315214, 0.0330455, 0.0346364, 0.0362414, 0.0379442, 0.0394995, 0.0410153, 0.0432513]
num_agents: 30
time_individual_plan: 0.0177866
time_first_plan: 0.00168717
num_max_agents_in_window_first_iteration: 2
num_recWAMPF: 15
timing_recWAMPF:
    total_RecWAMPF: 0.0238473
    num_windows: 58
    num_max_agents_in_window: 2
    timing_gari:
        total_GARI: 0.0134388
        time_path_btw_starts: 0.000492765
        Stage1:
            total_Stage1:0.00164475
            time_add_x_to_o: 0.00146892
            time_clear_x: 0.000161611
            timing_AStarSearchUntil:
                total_astar_search_until:6.342e-06
                num_values_f_less_fmax:0
                ASU Exp:
                    total_ASUExp:2.536e-06
                    time_top_o:0
                    time_check_in_c:0
                    time_add_parent:0
                    num_neighbors:0
                    time_add_neighbors_to_o:0
        Stage2:
            total_Stage2:0.00414018
            num_len_path:55
            time_expanding_s:8.0466e-05
            timing_AStarSearchUntil:
                total_astar_search_until:0.00401209
                num_values_f_less_fmax:86
                ASU Exp:
                    total_ASUExp:0.00400852
                    time_top_o:6.0566e-05
                    time_check_in_c:6.9753e-05
                    time_add_parent:0.000129588
                    num_neighbors:2089
                    time_add_neighbors_to_o:0.00330669
        Stage3:
            total_Stage3:0.00711599
            num_until_goal_expanded:139
            timing_S3Exp:
                total_S3Exp: 0.00445965
                time_top_o: 7.7114e-05
                time_check_in_c: 7.8242e-05
                time_add_parent: 0.000161635
                num_neighbors: 1627
                time_add_neighbors_to_o: 0.00312818
    timing_PIOW_overlapping:
        total_PIOW: 1.0666e-05
        num_windows: 56
        time_check_overlap: 5.755e-06
        num_overlapping_windows: 0
        time_merge_windows: 0
        time_remove_window: 0
        time_remove_window: 0
        timing_PlanIn:
            total_PlanIn:0
            num_until_goal_expanded:0
            timing_expansions:
                total_S3Exp: 0
                time_top_o: 0
                time_check_in_c: 0
                time_add_parent: 0
                num_neighbors: 0
                time_add_neighbors_to_o: 0
    num_new_collisions: 2
    timing_PIOW_new_collisions:
        total_PIOW: 0.000866335
        num_windows: 2
        time_check_overlap: 4.13e-07
        num_overlapping_windows: 0
        time_merge_windows: 0
        time_remove_window: 0
        time_remove_window: 2.61e-06
        timing_PlanIn:
            total_PlanIn:0.000854679
            num_until_goal_expanded:17
            timing_expansions:
                total_S3Exp: 0.000840505
                time_top_o: 9.342e-06
                time_check_in_c: 1.2975e-05
                time_add_parent: 2.5471e-05
                num_neighbors: 330
                time_add_neighbors_to_o: 0.000678605
    num_windows_should_quit: 0
    time_should_quit: 4.6e-06
    time_remove_window: 0
Complete!
