Total time: 0.0465208
is_optimal: true
optimality_bound: 1
successive_bounds: [1.00131, 1.00066, 1.00066, 1.00066, 1.00066, 1.00066, 1.00066, 1.00066, 1.00066, 1, 1]
successive_runtimes: [0.0202141, 0.0214687, 0.0225274, 0.0236157, 0.0259615, 0.0281129, 0.0298358, 0.0315083, 0.0333376, 0.0465207]
num_agents: 20
time_individual_plan: 0.0174069
time_first_plan: 0.00124179
num_max_agents_in_window_first_iteration: 2
num_recWAMPF: 10
timing_recWAMPF:
    total_RecWAMPF: 0.0275428
    num_windows: 57
    num_max_agents_in_window: 2
    timing_gari:
        total_GARI: 0.023788
        time_path_btw_starts: 0.000429513
        Stage1:
            total_Stage1:0.0144426
            time_add_x_to_o: 0.00226072
            time_clear_x: 0.000250126
            timing_AStarSearchUntil:
                total_astar_search_until:0.0119241
                num_values_f_less_fmax:364
                ASU Exp:
                    total_ASUExp:0.0119206
                    time_top_o:0.000259509
                    time_check_in_c:0.000213016
                    time_add_parent:0.000412702
                    num_neighbors:6735
                    time_add_neighbors_to_o:0.00987005
        Stage2:
            total_Stage2:0.00494534
            num_len_path:64
            time_expanding_s:9.1048e-05
            timing_AStarSearchUntil:
                total_astar_search_until:0.00481487
                num_values_f_less_fmax:112
                ASU Exp:
                    total_ASUExp:0.00481167
                    time_top_o:7.2044e-05
                    time_check_in_c:8.0087e-05
                    time_add_parent:0.000151087
                    num_neighbors:2704
                    time_add_neighbors_to_o:0.00398569
        Stage3:
            total_Stage3:0.00393539
            num_until_goal_expanded:61
            timing_S3Exp:
                total_S3Exp: 0.00193581
                time_top_o: 2.3055e-05
                time_check_in_c: 2.4147e-05
                time_add_parent: 4.649e-05
                num_neighbors: 720
                time_add_neighbors_to_o: 0.00132289
    timing_PIOW_overlapping:
        total_PIOW: 1.4139e-05
        num_windows: 81
        time_check_overlap: 7.78e-06
        num_overlapping_windows: 0
        time_merge_windows: 0
        time_remove_window: 0
        time_remove_window: 0
        timing_PlanIn:
            total_PlanIn:0
            num_until_goal_expanded:0
            timing_expansions:
                total_S3Exp: 0
                time_top_o: 0
                time_check_in_c: 0
                time_add_parent: 0
                num_neighbors: 0
                time_add_neighbors_to_o: 0
    num_new_collisions: 3
    timing_PIOW_new_collisions:
        total_PIOW: 0.000748502
        num_windows: 6
        time_check_overlap: 9.59e-07
        num_overlapping_windows: 0
        time_merge_windows: 0
        time_remove_window: 0
        time_remove_window: 2.896e-06
        timing_PlanIn:
            total_PlanIn:0.000736106
            num_until_goal_expanded:17
            timing_expansions:
                total_S3Exp: 0.000702125
                time_top_o: 7.998e-06
                time_check_in_c: 1.1802e-05
                time_add_parent: 2.3589e-05
                num_neighbors: 312
                time_add_neighbors_to_o: 0.000553179
    num_windows_should_quit: 0
    time_should_quit: 3.978e-06
    time_remove_window: 0
Complete!
