Total time: 0.0108172
is_optimal: true
optimality_bound: 1
successive_bounds: [1.00174, 1.00174, 1.00174, 1.00174, 1.00174, 1.00174, 1.00174, 1.00174, 1.00174, 1.00174, 1.00174, 1.00174, 1.00174, 1, 1]
successive_runtimes: [0.00501581, 0.00546806, 0.00580169, 0.0062718, 0.00655658, 0.00688792, 0.00717571, 0.00748526, 0.00781218, 0.00813639, 0.00873972, 0.00926268, 0.0103601, 0.0108172]
num_agents: 20
time_individual_plan: 0.00388928
time_first_plan: 0.000411181
num_max_agents_in_window_first_iteration: 2
num_recWAMPF: 14
timing_recWAMPF:
    total_RecWAMPF: 0.00620916
    num_windows: 54
    num_max_agents_in_window: 2
    timing_gari:
        total_GARI: 0.00445697
        time_path_btw_starts: 0.000150113
        Stage1:
            total_Stage1:0.000610639
            time_add_x_to_o: 0.000488632
            time_clear_x: 5.248e-05
            timing_AStarSearchUntil:
                total_astar_search_until:6.626e-05
                num_values_f_less_fmax:3
                ASU Exp:
                    total_ASUExp:6.472e-05
                    time_top_o:1.046e-06
                    time_check_in_c:1.722e-06
                    time_add_parent:2.845e-06
                    num_neighbors:70
                    time_add_neighbors_to_o:4.9839e-05
        Stage2:
            total_Stage2:0.00111457
            num_len_path:47
            time_expanding_s:3.2159e-05
            timing_AStarSearchUntil:
                total_astar_search_until:0.00106299
                num_values_f_less_fmax:50
                ASU Exp:
                    total_ASUExp:0.00106161
                    time_top_o:1.5728e-05
                    time_check_in_c:1.755e-05
                    time_add_parent:3.2297e-05
                    num_neighbors:1294
                    time_add_neighbors_to_o:0.000862109
        Stage3:
            total_Stage3:0.00256321
            num_until_goal_expanded:133
            timing_S3Exp:
                total_S3Exp: 0.00189403
                time_top_o: 3.2642e-05
                time_check_in_c: 3.3121e-05
                time_add_parent: 6.8827e-05
                num_neighbors: 1733
                time_add_neighbors_to_o: 0.00137598
    timing_PIOW_overlapping:
        total_PIOW: 4.422e-06
        num_windows: 52
        time_check_overlap: 2.196e-06
        num_overlapping_windows: 0
        time_merge_windows: 0
        time_remove_window: 0
        time_remove_window: 0
        timing_PlanIn:
            total_PlanIn:0
            num_until_goal_expanded:0
            timing_expansions:
                total_S3Exp: 0
                time_top_o: 0
                time_check_in_c: 0
                time_add_parent: 0
                num_neighbors: 0
                time_add_neighbors_to_o: 0
    num_new_collisions: 2
    timing_PIOW_new_collisions:
        total_PIOW: 0.000284468
        num_windows: 2
        time_check_overlap: 4.91e-07
        num_overlapping_windows: 0
        time_merge_windows: 0
        time_remove_window: 0
        time_remove_window: 8.94e-07
        timing_PlanIn:
            total_PlanIn:0.00028017
            num_until_goal_expanded:16
            timing_expansions:
                total_S3Exp: 0.000273466
                time_top_o: 3.37e-06
                time_check_in_c: 5.047e-06
                time_add_parent: 1.0646e-05
                num_neighbors: 286
                time_add_neighbors_to_o: 0.000210602
    num_windows_should_quit: 0
    time_should_quit: 2.786e-06
    time_remove_window: 0
Complete!
