Total time: 54.113
is_optimal: true
optimality_bound: 1
successive_bounds: [1.02174, 1.01874, 1.00525, 1.00525, 1.00525, 1.00525, 1.003, 1.003, 1.003, 1.0015, 1.0015, 1.0015, 1.0015, 1.0015, 1.0015, 1.0015, 1.0015, 1.0015, 1.0015, 1.0015, 1.0015, 1.0015, 1.0015, 1.0015, 1.0015, 1.0015, 1.0015, 1.0015, 1.0015, 1.0015, 1.0015, 1.0015, 1.0015, 1.0015, 1.0015, 1, 1]
successive_runtimes: [0.0736957, 0.792721, 2.38195, 2.45785, 2.63842, 3.71352, 15.025, 20.051, 24.4817, 36.0138, 37.1642, 37.8806, 38.6062, 39.3371, 40.0642, 40.7912, 41.5031, 42.263, 42.9495, 43.6242, 44.2961, 44.9677, 45.6344, 46.2976, 46.9574, 47.6132, 48.2735, 49.0861, 49.8933, 50.549, 51.2043, 51.8575, 52.5114, 53.0262, 53.5502, 54.113]
num_agents: 20
time_individual_plan: 0.0108977
time_first_plan: 0.0611729
num_max_agents_in_window_first_iteration: 3
num_recWAMPF: 36
timing_recWAMPF:
    total_RecWAMPF: 54.1004
    num_windows: 156
    num_max_agents_in_window: 5
    timing_gari:
        total_GARI: 49.1247
        time_path_btw_starts: 0.00119657
        Stage1:
            total_Stage1:26.8234
            time_add_x_to_o: 3.29619
            time_clear_x: 1.33997
            timing_AStarSearchUntil:
                total_astar_search_until:21.15
                num_values_f_less_fmax:145522
                ASU Exp:
                    total_ASUExp:21.15
                    time_top_o:0.26148
                    time_check_in_c:0.106454
                    time_add_parent:0.131402
                    num_neighbors:27873249
                    time_add_neighbors_to_o:21.1783
        Stage2:
            total_Stage2:0.272341
            num_len_path:148
            time_expanding_s:0.00753422
            timing_AStarSearchUntil:
                total_astar_search_until:0.264631
                num_values_f_less_fmax:2092
                ASU Exp:
                    total_ASUExp:0.264625
                    time_top_o:0.00137748
                    time_check_in_c:0.000772555
                    time_add_parent:0.00267525
                    num_neighbors:331036
                    time_add_neighbors_to_o:0.251871
        Stage3:
            total_Stage3:22.016
            num_until_goal_expanded:20876
            timing_S3Exp:
                total_S3Exp: 2.06079
                time_top_o: 0.021239
                time_check_in_c: 0.00772168
                time_add_parent: 0.0179485
                num_neighbors: 2266413
                time_add_neighbors_to_o: 1.82348
    timing_PIOW_overlapping:
        total_PIOW: 0.564101
        num_windows: 184
        time_check_overlap: 2.259e-05
        num_overlapping_windows: 2
        time_merge_windows: 7.45e-06
        time_remove_window: 1.145e-06
        time_remove_window: 7.258e-06
        timing_PlanIn:
            total_PlanIn:0.56405
            num_until_goal_expanded:3852
            timing_expansions:
                total_S3Exp: 0.564039
                time_top_o: 0.00378864
                time_check_in_c: 0.0014914
                time_add_parent: 0.00307231
                num_neighbors: 713329
                time_add_neighbors_to_o: 0.517483
    num_new_collisions: 6
    timing_PIOW_new_collisions:
        total_PIOW: 4.08702
        num_windows: 25
        time_check_overlap: 4.1e-06
        num_overlapping_windows: 2
        time_merge_windows: 0
        time_remove_window: 32.0037
        time_remove_window: 5.664e-06
        timing_PlanIn:
            total_PlanIn:4.08698
            num_until_goal_expanded:8800
            timing_expansions:
                total_S3Exp: 4.08694
                time_top_o: 0.00893273
                time_check_in_c: 0.00369153
                time_add_parent: 0.0112586
                num_neighbors: 3703681
                time_add_neighbors_to_o: 3.88159
    num_windows_should_quit: 0
    time_should_quit: 1.8222e-05
    time_remove_window: 0
Complete!
