Total time: 0.185989
is_optimal: true
optimality_bound: 1
successive_bounds: [1.00184, 1.00147, 1.00147, 1.00147, 1.00147, 1.00147, 1.00147, 1.00147, 1.00147, 1.00147, 1.00147, 1.00147, 1.00147, 1.00147, 1.00147, 1.00147, 1.00074, 1.00074, 1, 1]
successive_runtimes: [0.0179465, 0.02213, 0.0267162, 0.0320636, 0.0386306, 0.0455129, 0.0532242, 0.0620085, 0.0726609, 0.0839497, 0.0950858, 0.106154, 0.117219, 0.12833, 0.140388, 0.152815, 0.164114, 0.169305, 0.185989]
num_agents: 40
time_individual_plan: 0.0118977
time_first_plan: 0.00493205
num_max_agents_in_window_first_iteration: 2
num_recWAMPF: 19
timing_recWAMPF:
    total_RecWAMPF: 0.172968
    num_windows: 222
    num_max_agents_in_window: 3
    timing_gari:
        total_GARI: 0.147626
        time_path_btw_starts: 0.00100229
        Stage1:
            total_Stage1:0.0783942
            time_add_x_to_o: 0.0270749
            time_clear_x: 0.00499874
            timing_AStarSearchUntil:
                total_astar_search_until:0.0463004
                num_values_f_less_fmax:10815
                ASU Exp:
                    total_ASUExp:0.0462914
                    time_top_o:0.00533802
                    time_check_in_c:0.00293729
                    time_add_parent:0.0023794
                    num_neighbors:38437
                    time_add_neighbors_to_o:0.0287601
        Stage2:
            total_Stage2:0.0155379
            num_len_path:235
            time_expanding_s:0.000193286
            timing_AStarSearchUntil:
                total_astar_search_until:0.0152431
                num_values_f_less_fmax:644
                ASU Exp:
                    total_ASUExp:0.0152356
                    time_top_o:0.000276308
                    time_check_in_c:0.000294282
                    time_add_parent:0.000495324
                    num_neighbors:15730
                    time_add_neighbors_to_o:0.0126511
        Stage3:
            total_Stage3:0.0526038
            num_until_goal_expanded:3952
            timing_S3Exp:
                total_S3Exp: 0.036002
                time_top_o: 0.00180253
                time_check_in_c: 0.00129333
                time_add_parent: 0.00215808
                num_neighbors: 25559
                time_add_neighbors_to_o: 0.0211805
    timing_PIOW_overlapping:
        total_PIOW: 6.5887e-05
        num_windows: 648
        time_check_overlap: 4.1649e-05
        num_overlapping_windows: 0
        time_merge_windows: 0
        time_remove_window: 0
        time_remove_window: 0
        timing_PlanIn:
            total_PlanIn:0
            num_until_goal_expanded:0
            timing_expansions:
                total_S3Exp: 0
                time_top_o: 0
                time_check_in_c: 0
                time_add_parent: 0
                num_neighbors: 0
                time_add_neighbors_to_o: 0
    num_new_collisions: 7
    timing_PIOW_new_collisions:
        total_PIOW: 0.0107052
        num_windows: 45
        time_check_overlap: 3.397e-06
        num_overlapping_windows: 1
        time_merge_windows: 0
        time_remove_window: 0.178313
        time_remove_window: 6.791e-06
        timing_PlanIn:
            total_PlanIn:0.0106742
            num_until_goal_expanded:284
            timing_expansions:
                total_S3Exp: 0.0106476
                time_top_o: 9.1699e-05
                time_check_in_c: 0.000106412
                time_add_parent: 0.000246914
                num_neighbors: 9590
                time_add_neighbors_to_o: 0.00888286
    num_windows_should_quit: 0
    time_should_quit: 1.2032e-05
    time_remove_window: 0
Complete!
