Total time: 3.06368
is_optimal: false
optimality_bound: 1.00303
successive_bounds: [1.01304, 1.00582, 1.00559, 1.00512, 1.00466, 1.00466, 1.00466, 1.00396, 1.00349, 1.00349, 1.00349, 1.00349, 1.00349, 1.00303, 1.00303, 1.00303, 1.00303]
successive_runtimes: [0.0909971, 0.293684, 0.370939, 0.402415, 0.431836, 0.530363, 0.638156, 0.748934, 0.855701, 0.95378, 1.08756, 1.31485, 1.52835, 1.78147, 2.01417, 2.29969, 3.06368]
num_agents: 70
time_individual_plan: 0.0414637
time_first_plan: 0.0480781
num_max_agents_in_window_first_iteration: 3
num_recWAMPF: 17
timing_recWAMPF:
    total_RecWAMPF: 3.02076
    num_windows: 555
    num_max_agents_in_window: 4
    timing_gari:
        total_GARI: 2.75395
        time_path_btw_starts: 0.0111246
        Stage1:
            total_Stage1:1.34815
            time_add_x_to_o: 0.485141
            time_clear_x: 0.105547
            timing_AStarSearchUntil:
                total_astar_search_until:0.757413
                num_values_f_less_fmax:34006
                ASU Exp:
                    total_ASUExp:0.757391
                    time_top_o:0.0174528
                    time_check_in_c:0.0216143
                    time_add_parent:0.0139448
                    num_neighbors:864729
                    time_add_neighbors_to_o:0.661794
        Stage2:
            total_Stage2:0.162324
            num_len_path:537
            time_expanding_s:0.00119731
            timing_AStarSearchUntil:
                total_astar_search_until:0.160733
                num_values_f_less_fmax:3065
                ASU Exp:
                    total_ASUExp:0.160716
                    time_top_o:0.00139504
                    time_check_in_c:0.00100818
                    time_add_parent:0.00239598
                    num_neighbors:185311
                    time_add_neighbors_to_o:0.149045
        Stage3:
            total_Stage3:1.217
            num_until_goal_expanded:16872
            timing_S3Exp:
                total_S3Exp: 0.662913
                time_top_o: 0.00878941
                time_check_in_c: 0.00480793
                time_add_parent: 0.0103035
                num_neighbors: 733995
                time_add_neighbors_to_o: 0.600206
    timing_PIOW_overlapping:
        total_PIOW: 0.182748
        num_windows: 4695
        time_check_overlap: 0.000251564
        num_overlapping_windows: 7
        time_merge_windows: 2.0577e-05
        time_remove_window: 3.709e-06
        time_remove_window: 1.9962e-05
        timing_PlanIn:
            total_PlanIn:0.182312
            num_until_goal_expanded:1797
            timing_expansions:
                total_S3Exp: 0.182287
                time_top_o: 0.000949742
                time_check_in_c: 0.000577593
                time_add_parent: 0.00122473
                num_neighbors: 208442
                time_add_neighbors_to_o: 0.166896
    num_new_collisions: 26
    timing_PIOW_new_collisions:
        total_PIOW: 0.0368521
        num_windows: 590
        time_check_overlap: 3.1481e-05
        num_overlapping_windows: 4
        time_merge_windows: 0
        time_remove_window: 1.83131
        time_remove_window: 2.4793e-05
        timing_PlanIn:
            total_PlanIn:0.0367022
            num_until_goal_expanded:742
            timing_expansions:
                total_S3Exp: 0.0365967
                time_top_o: 0.000265212
                time_check_in_c: 0.000365791
                time_add_parent: 0.000736438
                num_neighbors: 26755
                time_add_neighbors_to_o: 0.0309792
    num_windows_should_quit: 0
    time_should_quit: 6.0049e-05
    time_remove_window: 0
Complete!
