Total time: 5.32819
is_optimal: true
optimality_bound: 1
successive_bounds: [1.00505, 1.00505, 1.00505, 1.00442, 1.00442, 1.00442, 1.00442, 1.00316, 1.00316, 1.00316, 1.00316, 1.00316, 1.00316, 1.00316, 1.00316, 1.00316, 1.00316, 1.00316, 1.00316, 1.00316, 1.00316, 1.00316, 1.00316, 1.00063, 1, 1]
successive_runtimes: [0.0159244, 0.0213054, 0.0270162, 0.03666, 0.0504065, 0.063055, 0.0744443, 0.0850132, 0.172726, 0.325193, 0.56791, 0.983781, 1.47651, 2.08793, 2.68903, 3.18562, 3.58917, 3.92334, 4.18987, 4.39899, 4.58331, 4.76244, 4.94148, 5.1312, 5.32819]
num_agents: 30
time_individual_plan: 0.0108214
time_first_plan: 0.00379035
num_max_agents_in_window_first_iteration: 2
num_recWAMPF: 25
timing_recWAMPF:
    total_RecWAMPF: 5.31604
    num_windows: 177
    num_max_agents_in_window: 3
    timing_gari:
        total_GARI: 5.21732
        time_path_btw_starts: 0.000865848
        Stage1:
            total_Stage1:2.88568
            time_add_x_to_o: 0.822098
            time_clear_x: 0.371075
            timing_AStarSearchUntil:
                total_astar_search_until:1.69248
                num_values_f_less_fmax:49484
                ASU Exp:
                    total_ASUExp:1.69247
                    time_top_o:0.0661137
                    time_check_in_c:0.0287901
                    time_add_parent:0.0235068
                    num_neighbors:2037143
                    time_add_neighbors_to_o:1.49089
        Stage2:
            total_Stage2:0.112558
            num_len_path:147
            time_expanding_s:0.000243747
            timing_AStarSearchUntil:
                total_astar_search_until:0.112183
                num_values_f_less_fmax:1234
                ASU Exp:
                    total_ASUExp:0.112176
                    time_top_o:0.00089404
                    time_check_in_c:0.000520264
                    time_add_parent:0.00109038
                    num_neighbors:130451
                    time_add_neighbors_to_o:0.105774
        Stage3:
            total_Stage3:2.21657
            num_until_goal_expanded:14785
            timing_S3Exp:
                total_S3Exp: 0.406775
                time_top_o: 0.0111309
                time_check_in_c: 0.00434728
                time_add_parent: 0.0111629
                num_neighbors: 434633
                time_add_neighbors_to_o: 0.292692
    timing_PIOW_overlapping:
        total_PIOW: 0.0866619
        num_windows: 359
        time_check_overlap: 2.9189e-05
        num_overlapping_windows: 3
        time_merge_windows: 9.788e-06
        time_remove_window: 1.127e-06
        time_remove_window: 9.523e-06
        timing_PlanIn:
            total_PlanIn:0.0865937
            num_until_goal_expanded:956
            timing_expansions:
                total_S3Exp: 0.0865805
                time_top_o: 0.000558378
                time_check_in_c: 0.000407236
                time_add_parent: 0.000825457
                num_neighbors: 81729
                time_add_neighbors_to_o: 0.0775943
    num_new_collisions: 6
    timing_PIOW_new_collisions:
        total_PIOW: 0.00238654
        num_windows: 30
        time_check_overlap: 2.777e-06
        num_overlapping_windows: 0
        time_merge_windows: 0
        time_remove_window: 0
        time_remove_window: 4.81e-06
        timing_PlanIn:
            total_PlanIn:0.00236445
            num_until_goal_expanded:105
            timing_expansions:
                total_S3Exp: 0.00233932
                time_top_o: 3.6518e-05
                time_check_in_c: 6.0524e-05
                time_add_parent: 0.000126285
                num_neighbors: 986
                time_add_neighbors_to_o: 0.0015586
    num_windows_should_quit: 1
    time_should_quit: 2.0576e-05
    time_remove_window: 4.19e-07
Complete!
