Total time: 0.0976532
is_optimal: true
optimality_bound: 1
successive_bounds: [1.00189, 1.00189, 1.00189, 1.00189, 1.00189, 1.00189, 1.00189, 1.00189, 1.00094, 1.00094, 1.00094, 1.00094, 1.00094, 1.00094, 1.00094, 1.00094, 1.00094, 1.00094, 1, 1]
successive_runtimes: [0.0249995, 0.0292082, 0.0335533, 0.0381211, 0.0425426, 0.0470961, 0.0516702, 0.0559415, 0.0656849, 0.0718752, 0.0752953, 0.0785056, 0.0816582, 0.0848353, 0.0880936, 0.0911636, 0.0933579, 0.0949543, 0.0976531]
num_agents: 30
time_individual_plan: 0.0174853
time_first_plan: 0.00590622
num_max_agents_in_window_first_iteration: 2
num_recWAMPF: 19
timing_recWAMPF:
    total_RecWAMPF: 0.0785499
    num_windows: 111
    num_max_agents_in_window: 2
    timing_gari:
        total_GARI: 0.0649328
        time_path_btw_starts: 0.000618362
        Stage1:
            total_Stage1:0.0165163
            time_add_x_to_o: 0.0108836
            time_clear_x: 0.00234626
            timing_AStarSearchUntil:
                total_astar_search_until:0.00327088
                num_values_f_less_fmax:458
                ASU Exp:
                    total_ASUExp:0.00326516
                    time_top_o:0.000306675
                    time_check_in_c:0.000222509
                    time_add_parent:0.000166403
                    num_neighbors:1525
                    time_add_neighbors_to_o:0.00210734
        Stage2:
            total_Stage2:0.011089
            num_len_path:89
            time_expanding_s:0.000261397
            timing_AStarSearchUntil:
                total_astar_search_until:0.0107459
                num_values_f_less_fmax:253
                ASU Exp:
                    total_ASUExp:0.0107411
                    time_top_o:0.000187617
                    time_check_in_c:0.000162312
                    time_add_parent:0.000315665
                    num_neighbors:6645
                    time_add_neighbors_to_o:0.00906063
        Stage3:
            total_Stage3:0.0366526
            num_until_goal_expanded:2749
            timing_S3Exp:
                total_S3Exp: 0.0253127
                time_top_o: 0.00167909
                time_check_in_c: 0.000971063
                time_add_parent: 0.00141592
                num_neighbors: 11257
                time_add_neighbors_to_o: 0.0142062
    timing_PIOW_overlapping:
        total_PIOW: 3.1726e-05
        num_windows: 162
        time_check_overlap: 1.7724e-05
        num_overlapping_windows: 0
        time_merge_windows: 0
        time_remove_window: 0
        time_remove_window: 0
        timing_PlanIn:
            total_PlanIn:0
            num_until_goal_expanded:0
            timing_expansions:
                total_S3Exp: 0
                time_top_o: 0
                time_check_in_c: 0
                time_add_parent: 0
                num_neighbors: 0
                time_add_neighbors_to_o: 0
    num_new_collisions: 3
    timing_PIOW_new_collisions:
        total_PIOW: 0.00462912
        num_windows: 6
        time_check_overlap: 1.156e-06
        num_overlapping_windows: 0
        time_merge_windows: 0
        time_remove_window: 0
        time_remove_window: 3.45e-06
        timing_PlanIn:
            total_PlanIn:0.00461313
            num_until_goal_expanded:163
            timing_expansions:
                total_S3Exp: 0.00459385
                time_top_o: 7.8378e-05
                time_check_in_c: 0.000122513
                time_add_parent: 0.000241192
                num_neighbors: 1611
                time_add_neighbors_to_o: 0.00321417
    num_windows_should_quit: 0
    time_should_quit: 9.869e-06
    time_remove_window: 0
Complete!
