Total time: 137.975
is_optimal: false
optimality_bound: 1.00258
successive_bounds: [1.01268, 1.00495, 1.00476, 1.00337, 1.00337, 1.00337, 1.00297, 1.00258, 1.00258]
successive_runtimes: [7.46049, 124.211, 126.785, 135.363, 137.415, 137.432, 137.473, 137.515, 137.975]
num_agents: 70
time_individual_plan: 0.0501271
time_first_plan: 7.40893
num_max_agents_in_window_first_iteration: 4
num_recWAMPF: 9
timing_recWAMPF:
    total_RecWAMPF: 137.924
    num_windows: 225
    num_max_agents_in_window: 4
    timing_gari:
        total_GARI: 121.867
        time_path_btw_starts: 0.001266
        Stage1:
            total_Stage1:117.752
            time_add_x_to_o: 1.59131
            time_clear_x: 0.409873
            timing_AStarSearchUntil:
                total_astar_search_until:6.59033
                num_values_f_less_fmax:385016
                ASU Exp:
                    total_ASUExp:6.59032
                    time_top_o:0.862475
                    time_check_in_c:0.320168
                    time_add_parent:0.389931
                    num_neighbors:146442832
                    time_add_neighbors_to_o:112.464
        Stage2:
            total_Stage2:0.547038
            num_len_path:225
            time_expanding_s:0.000414188
            timing_AStarSearchUntil:
                total_astar_search_until:0.546482
                num_values_f_less_fmax:1622
                ASU Exp:
                    total_ASUExp:0.546475
                    time_top_o:0.00174515
                    time_check_in_c:0.000651945
                    time_add_parent:0.00118844
                    num_neighbors:835689
                    time_add_neighbors_to_o:0.534985
        Stage3:
            total_Stage3:3.56557
            num_until_goal_expanded:14125
            timing_S3Exp:
                total_S3Exp: 3.41002
                time_top_o: 0.020624
                time_check_in_c: 0.00587985
                time_add_parent: 0.0101265
                num_neighbors: 4885380
                time_add_neighbors_to_o: 3.27983
    timing_PIOW_overlapping:
        total_PIOW: 2.05936
        num_windows: 1688
        time_check_overlap: 7.7206e-05
        num_overlapping_windows: 10
        time_merge_windows: 2.448e-05
        time_remove_window: 3.649e-06
        time_remove_window: 2.3857e-05
        timing_PlanIn:
            total_PlanIn:2.05918
            num_until_goal_expanded:4665
            timing_expansions:
                total_S3Exp: 2.05914
                time_top_o: 0.00532983
                time_check_in_c: 0.00248325
                time_add_parent: 0.00436428
                num_neighbors: 2763289
                time_add_neighbors_to_o: 1.92148
    num_new_collisions: 24
    timing_PIOW_new_collisions:
        total_PIOW: 7.81526
        num_windows: 484
        time_check_overlap: 2.6017e-05
        num_overlapping_windows: 5
        time_merge_windows: 4.134e-06
        time_remove_window: 260.786
        time_remove_window: 2.3805e-05
        timing_PlanIn:
            total_PlanIn:7.81511
            num_until_goal_expanded:22081
            timing_expansions:
                total_S3Exp: 7.815
                time_top_o: 0.0205238
                time_check_in_c: 0.0138893
                time_add_parent: 0.0218213
                num_neighbors: 10273443
                time_add_neighbors_to_o: 7.30558
    num_windows_should_quit: 0
    time_should_quit: 2.3872e-05
    time_remove_window: 0
Complete!
