Total time: 285.014
is_optimal: false
optimality_bound: 1.00176
successive_bounds: [1.01547, 1.00696, 1.00231, 1.00224, 1.00207, 1.00196, 1.0019, 1.00176]
successive_runtimes: [1.2755, 4.33134, 8.91149, 67.9773, 81.2291, 131.957, 144.307, 285.014]
num_agents: 160
time_individual_plan: 0.286669
time_first_plan: 0.987982
num_max_agents_in_window_first_iteration: 5
num_recWAMPF: 8
timing_recWAMPF:
    total_RecWAMPF: 284.727
    num_windows: 745
    num_max_agents_in_window: 6
    timing_gari:
        total_GARI: 73.9513
        time_path_btw_starts: 0.0154107
        Stage1:
            total_Stage1:53.5813
            time_add_x_to_o: 4.40692
            time_clear_x: 1.38275
            timing_AStarSearchUntil:
                total_astar_search_until:45.7508
                num_values_f_less_fmax:285616
                ASU Exp:
                    total_ASUExp:45.7508
                    time_top_o:0.543644
                    time_check_in_c:0.209919
                    time_add_parent:0.249089
                    num_neighbors:57763475
                    time_add_neighbors_to_o:45.8791
        Stage2:
            total_Stage2:0.401411
            num_len_path:750
            time_expanding_s:0.0103479
            timing_AStarSearchUntil:
                total_astar_search_until:0.390559
                num_values_f_less_fmax:2973
                ASU Exp:
                    total_ASUExp:0.390539
                    time_top_o:0.00153812
                    time_check_in_c:0.00107832
                    time_add_parent:0.00579065
                    num_neighbors:332630
                    time_add_neighbors_to_o:0.3461
        Stage3:
            total_Stage3:15.6727
            num_until_goal_expanded:167610
            timing_S3Exp:
                total_S3Exp: 9.59525
                time_top_o: 0.155312
                time_check_in_c: 0.0577694
                time_add_parent: 0.438251
                num_neighbors: 12494771
                time_add_neighbors_to_o: 11.2995
    timing_PIOW_overlapping:
        total_PIOW: 145.729
        num_windows: 18142
        time_check_overlap: 0.000575954
        num_overlapping_windows: 16
        time_merge_windows: 0.00303507
        time_remove_window: 1.2424e-05
        time_remove_window: 0.00303377
        timing_PlanIn:
            total_PlanIn:145.725
            num_until_goal_expanded:52944
            timing_expansions:
                total_S3Exp: 145.724
                time_top_o: 0.08914
                time_check_in_c: 0.0329361
                time_add_parent: 0.0558251
                num_neighbors: 148288859
                time_add_neighbors_to_o: 139.748
    num_new_collisions: 70
    timing_PIOW_new_collisions:
        total_PIOW: 8.39599
        num_windows: 4490
        time_check_overlap: 0.000138899
        num_overlapping_windows: 11
        time_merge_windows: 0
        time_remove_window: 163.314
        time_remove_window: 0.000129902
        timing_PlanIn:
            total_PlanIn:8.3954
            num_until_goal_expanded:24780
            timing_expansions:
                total_S3Exp: 8.39511
                time_top_o: 0.0328074
                time_check_in_c: 0.0145281
                time_add_parent: 0.0243179
                num_neighbors: 10057371
                time_add_neighbors_to_o: 7.87494
    num_windows_should_quit: 0
    time_should_quit: 0.000104403
    time_remove_window: 0
Complete!
