Total time: 0.265925
is_optimal: false
optimality_bound: 1.00093
successive_bounds: [1.00185, 1.00185, 1.00185, 1.00185, 1.00185, 1.00185, 1.00185, 1.00185, 1.00185, 1.00185, 1.00093, 1.00093, 1.00093, 1.00093, 1.00093, 1.00093, 1.00093]
successive_runtimes: [0.0186062, 0.019271, 0.0199928, 0.0207836, 0.0216753, 0.0228203, 0.0241897, 0.0285676, 0.0324421, 0.0417648, 0.0628561, 0.0925448, 0.132496, 0.168838, 0.194141, 0.221755, 0.265925]
num_agents: 50
time_individual_plan: 0.0171829
time_first_plan: 0.000830696
num_max_agents_in_window_first_iteration: 2
num_recWAMPF: 17
timing_recWAMPF:
    total_RecWAMPF: 0.248144
    num_windows: 66
    num_max_agents_in_window: 2
    timing_gari:
        total_GARI: 0.243109
        time_path_btw_starts: 0.000673722
        Stage1:
            total_Stage1:0.157681
            time_add_x_to_o: 0.028355
            time_clear_x: 0.00711306
            timing_AStarSearchUntil:
                total_astar_search_until:0.122206
                num_values_f_less_fmax:25354
                ASU Exp:
                    total_ASUExp:0.122204
                    time_top_o:0.0111141
                    time_check_in_c:0.00572334
                    time_add_parent:0.004818
                    num_neighbors:229110
                    time_add_neighbors_to_o:0.0862553
        Stage2:
            total_Stage2:0.0267704
            num_len_path:80
            time_expanding_s:3.6982e-05
            timing_AStarSearchUntil:
                total_astar_search_until:0.026705
                num_values_f_less_fmax:4173
                ASU Exp:
                    total_ASUExp:0.0267033
                    time_top_o:0.00153234
                    time_check_in_c:0.000691736
                    time_add_parent:0.000906895
                    num_neighbors:55631
                    time_add_neighbors_to_o:0.0206409
        Stage3:
            total_Stage3:0.0579703
            num_until_goal_expanded:9770
            timing_S3Exp:
                total_S3Exp: 0.0377315
                time_top_o: 0.00434366
                time_check_in_c: 0.00214386
                time_add_parent: 0.00146309
                num_neighbors: 62893
                time_add_neighbors_to_o: 0.0246329
    timing_PIOW_overlapping:
        total_PIOW: 6.548e-06
        num_windows: 64
        time_check_overlap: 3.553e-06
        num_overlapping_windows: 0
        time_merge_windows: 0
        time_remove_window: 0
        time_remove_window: 0
        timing_PlanIn:
            total_PlanIn:0
            num_until_goal_expanded:0
            timing_expansions:
                total_S3Exp: 0
                time_top_o: 0
                time_check_in_c: 0
                time_add_parent: 0
                num_neighbors: 0
                time_add_neighbors_to_o: 0
    num_new_collisions: 2
    timing_PIOW_new_collisions:
        total_PIOW: 0.000243001
        num_windows: 2
        time_check_overlap: 1.51e-07
        num_overlapping_windows: 0
        time_merge_windows: 0
        time_remove_window: 0
        time_remove_window: 8.6e-07
        timing_PlanIn:
            total_PlanIn:0.00023877
            num_until_goal_expanded:30
            timing_expansions:
                total_S3Exp: 0.000233515
                time_top_o: 5.049e-06
                time_check_in_c: 7.267e-06
                time_add_parent: 1.0558e-05
                num_neighbors: 295
                time_add_neighbors_to_o: 0.000148537
    num_windows_should_quit: 0
    time_should_quit: 3.016e-06
    time_remove_window: 0
Complete!
