Total time: 0.0152747
is_optimal: true
optimality_bound: 1
successive_bounds: [1.00102, 1.00102, 1.00102, 1.00102, 1.00102, 1.00102, 1.00102, 1.00102, 1, 1]
successive_runtimes: [0.00978858, 0.0103058, 0.0108001, 0.0113648, 0.0119898, 0.0126407, 0.0133139, 0.014023, 0.0152747]
num_agents: 30
time_individual_plan: 0.0078251
time_first_plan: 0.000960471
num_max_agents_in_window_first_iteration: 2
num_recWAMPF: 9
timing_recWAMPF:
    total_RecWAMPF: 0.00644262
    num_windows: 17
    num_max_agents_in_window: 2
    timing_gari:
        total_GARI: 0.00331738
        time_path_btw_starts: 8.2889e-05
        Stage1:
            total_Stage1:0.000633204
            time_add_x_to_o: 0.000343602
            time_clear_x: 5.3501e-05
            timing_AStarSearchUntil:
                total_astar_search_until:0.000234443
                num_values_f_less_fmax:9
                ASU Exp:
                    total_ASUExp:0.000233836
                    time_top_o:5.425e-06
                    time_check_in_c:6.735e-06
                    time_add_parent:9.184e-06
                    num_neighbors:215
                    time_add_neighbors_to_o:0.000185394
        Stage2:
            total_Stage2:0.00106683
            num_len_path:17
            time_expanding_s:1.3101e-05
            timing_AStarSearchUntil:
                total_astar_search_until:0.00104513
                num_values_f_less_fmax:39
                ASU Exp:
                    total_ASUExp:0.00104462
                    time_top_o:1.7195e-05
                    time_check_in_c:1.8878e-05
                    time_add_parent:3.3108e-05
                    num_neighbors:934
                    time_add_neighbors_to_o:0.000855983
        Stage3:
            total_Stage3:0.00152664
            num_until_goal_expanded:46
            timing_S3Exp:
                total_S3Exp: 0.00104186
                time_top_o: 1.7647e-05
                time_check_in_c: 1.5918e-05
                time_add_parent: 3.3734e-05
                num_neighbors: 602
                time_add_neighbors_to_o: 0.000768008
    timing_PIOW_overlapping:
        total_PIOW: 9.4e-07
        num_windows: 8
        time_check_overlap: 0
        num_overlapping_windows: 0
        time_merge_windows: 0
        time_remove_window: 0
        time_remove_window: 0
        timing_PlanIn:
            total_PlanIn:0
            num_until_goal_expanded:0
            timing_expansions:
                total_S3Exp: 0
                time_top_o: 0
                time_check_in_c: 0
                time_add_parent: 0
                num_neighbors: 0
                time_add_neighbors_to_o: 0
    num_new_collisions: 1
    timing_PIOW_new_collisions:
        total_PIOW: 0.000601587
        num_windows: 0
        time_check_overlap: 0
        num_overlapping_windows: 0
        time_merge_windows: 0
        time_remove_window: 0
        time_remove_window: 7.13e-07
        timing_PlanIn:
            total_PlanIn:0.000598499
            num_until_goal_expanded:20
            timing_expansions:
                total_S3Exp: 0.000592338
                time_top_o: 7.846e-06
                time_check_in_c: 1.0075e-05
                time_add_parent: 1.8505e-05
                num_neighbors: 445
                time_add_neighbors_to_o: 0.000480094
    num_windows_should_quit: 0
    time_should_quit: 2.129e-06
    time_remove_window: 0
Complete!
