Total time: 0.171091
is_optimal: true
optimality_bound: 1
successive_bounds: [1.00177, 1.00177, 1.00177, 1.00177, 1.00177, 1.00177, 1.00177, 1.00177, 1.00177, 1.00177, 1.00089, 1.00089, 1.00089, 1.00089, 1.00089, 1.00089, 1.00089, 1.00089, 1.00089, 1.00089, 1.00089, 1.00089, 1.00089, 1.00089, 1.00089, 1.00089, 1, 1]
successive_runtimes: [0.020467, 0.0223493, 0.0240709, 0.0258233, 0.0275791, 0.0294276, 0.0312561, 0.0340942, 0.0375506, 0.0397797, 0.0426631, 0.0448509, 0.0469106, 0.0491151, 0.0514589, 0.0536719, 0.0559545, 0.058489, 0.066724, 0.0702953, 0.0733583, 0.0766673, 0.0798328, 0.0833322, 0.0889642, 0.0916395, 0.171091]
num_agents: 30
time_individual_plan: 0.0158446
time_first_plan: 0.00326767
num_max_agents_in_window_first_iteration: 2
num_recWAMPF: 27
timing_recWAMPF:
    total_RecWAMPF: 0.15388
    num_windows: 212
    num_max_agents_in_window: 2
    timing_gari:
        total_GARI: 0.138861
        time_path_btw_starts: 0.00103882
        Stage1:
            total_Stage1:0.00476283
            time_add_x_to_o: 0.00398309
            time_clear_x: 0.000438471
            timing_AStarSearchUntil:
                total_astar_search_until:0.000318139
                num_values_f_less_fmax:13
                ASU Exp:
                    total_ASUExp:0.0003096
                    time_top_o:7.944e-06
                    time_check_in_c:7.209e-06
                    time_add_parent:1.0874e-05
                    num_neighbors:296
                    time_add_neighbors_to_o:0.000242903
        Stage2:
            total_Stage2:0.0910534
            num_len_path:183
            time_expanding_s:0.000238207
            timing_AStarSearchUntil:
                total_astar_search_until:0.0906711
                num_values_f_less_fmax:3826
                ASU Exp:
                    total_ASUExp:0.0906631
                    time_top_o:0.00252918
                    time_check_in_c:0.00179527
                    time_add_parent:0.00348383
                    num_neighbors:88029
                    time_add_neighbors_to_o:0.0734315
        Stage3:
            total_Stage3:0.041893
            num_until_goal_expanded:1042
            timing_S3Exp:
                total_S3Exp: 0.0210709
                time_top_o: 0.00054267
                time_check_in_c: 0.000488992
                time_add_parent: 0.000944715
                num_neighbors: 12196
                time_add_neighbors_to_o: 0.0144132
    timing_PIOW_overlapping:
        total_PIOW: 6.7213e-05
        num_windows: 416
        time_check_overlap: 4.0429e-05
        num_overlapping_windows: 0
        time_merge_windows: 0
        time_remove_window: 0
        time_remove_window: 0
        timing_PlanIn:
            total_PlanIn:0
            num_until_goal_expanded:0
            timing_expansions:
                total_S3Exp: 0
                time_top_o: 0
                time_check_in_c: 0
                time_add_parent: 0
                num_neighbors: 0
                time_add_neighbors_to_o: 0
    num_new_collisions: 4
    timing_PIOW_new_collisions:
        total_PIOW: 0.00237908
        num_windows: 12
        time_check_overlap: 1.575e-06
        num_overlapping_windows: 0
        time_merge_windows: 0
        time_remove_window: 0
        time_remove_window: 2.923e-06
        timing_PlanIn:
            total_PlanIn:0.00236256
            num_until_goal_expanded:60
            timing_expansions:
                total_S3Exp: 0.0023336
                time_top_o: 2.8565e-05
                time_check_in_c: 3.6812e-05
                time_add_parent: 7.0599e-05
                num_neighbors: 1223
                time_add_neighbors_to_o: 0.00188126
    num_windows_should_quit: 1
    time_should_quit: 1.3591e-05
    time_remove_window: 3.91e-07
Complete!
