Total time: 0.204819
is_optimal: false
optimality_bound: 1.00089
successive_bounds: [1.00399, 1.00399, 1.00177, 1.00177, 1.00177, 1.00089]
successive_runtimes: [0.0357164, 0.0477632, 0.0949694, 0.150447, 0.180079, 0.204819]
num_agents: 30
time_individual_plan: 0.0141648
time_first_plan: 0.0202493
num_max_agents_in_window_first_iteration: 3
num_recWAMPF: 6
timing_recWAMPF:
    total_RecWAMPF: 0.189347
    num_windows: 69
    num_max_agents_in_window: 4
    timing_gari:
        total_GARI: 0.139038
        time_path_btw_starts: 0.00035448
        Stage1:
            total_Stage1:0.0494204
            time_add_x_to_o: 0.0296735
            time_clear_x: 0.00469336
            timing_AStarSearchUntil:
                total_astar_search_until:0.0150463
                num_values_f_less_fmax:816
                ASU Exp:
                    total_ASUExp:0.0150434
                    time_top_o:0.000440791
                    time_check_in_c:0.000333455
                    time_add_parent:0.000439299
                    num_neighbors:15014
                    time_add_neighbors_to_o:0.0128398
        Stage2:
            total_Stage2:0.0146011
            num_len_path:57
            time_expanding_s:0.000544919
            timing_AStarSearchUntil:
                total_astar_search_until:0.0140133
                num_values_f_less_fmax:167
                ASU Exp:
                    total_ASUExp:0.0140112
                    time_top_o:9.4844e-05
                    time_check_in_c:7.9952e-05
                    time_add_parent:0.000153779
                    num_neighbors:15554
                    time_add_neighbors_to_o:0.0131645
        Stage3:
            total_Stage3:0.0602343
            num_until_goal_expanded:615
            timing_S3Exp:
                total_S3Exp: 0.0417881
                time_top_o: 0.000363852
                time_check_in_c: 0.000210539
                time_add_parent: 0.000438392
                num_neighbors: 41205
                time_add_neighbors_to_o: 0.0365422
    timing_PIOW_overlapping:
        total_PIOW: 0.00479086
        num_windows: 202
        time_check_overlap: 1.6825e-05
        num_overlapping_windows: 1
        time_merge_windows: 2.878e-06
        time_remove_window: 4.73e-07
        time_remove_window: 2.776e-06
        timing_PlanIn:
            total_PlanIn:0.00475672
            num_until_goal_expanded:55
            timing_expansions:
                total_S3Exp: 0.00475157
                time_top_o: 2.7808e-05
                time_check_in_c: 2.8469e-05
                time_add_parent: 5.8047e-05
                num_neighbors: 2980
                time_add_neighbors_to_o: 0.00421201
    num_new_collisions: 9
    timing_PIOW_new_collisions:
        total_PIOW: 0.0425502
        num_windows: 71
        time_check_overlap: 7.894e-06
        num_overlapping_windows: 2
        time_merge_windows: 0
        time_remove_window: 0.0905057
        time_remove_window: 8.243e-06
        timing_PlanIn:
            total_PlanIn:0.0424956
            num_until_goal_expanded:305
            timing_expansions:
                total_S3Exp: 0.0424535
                time_top_o: 0.000173034
                time_check_in_c: 0.000168172
                time_add_parent: 0.000346482
                num_neighbors: 30923
                time_add_neighbors_to_o: 0.0387132
    num_windows_should_quit: 0
    time_should_quit: 7.318e-06
    time_remove_window: 0
Complete!
