Total time: 1.03209
is_optimal: true
optimality_bound: 1
successive_bounds: [1.00274, 1.00274, 1.00274, 1.00274, 1.00274, 1.00274, 1.00206, 1.00206, 1.00206, 1.00206, 1.00137, 1.00137, 1.00137, 1.00069, 1.00069, 1.00069, 1.00069, 1, 1]
successive_runtimes: [0.278025, 0.317351, 0.355341, 0.392687, 0.434552, 0.477973, 0.530959, 0.577474, 0.624442, 0.67169, 0.720614, 0.785928, 0.858988, 0.912593, 0.942749, 0.974439, 1.01614, 1.03209]
num_agents: 40
time_individual_plan: 0.0237429
time_first_plan: 0.252732
num_max_agents_in_window_first_iteration: 3
num_recWAMPF: 18
timing_recWAMPF:
    total_RecWAMPF: 1.00679
    num_windows: 269
    num_max_agents_in_window: 3
    timing_gari:
        total_GARI: 0.706039
        time_path_btw_starts: 0.00122567
        Stage1:
            total_Stage1:0.0318232
            time_add_x_to_o: 0.0200595
            time_clear_x: 0.00356148
            timing_AStarSearchUntil:
                total_astar_search_until:0.00818063
                num_values_f_less_fmax:2308
                ASU Exp:
                    total_ASUExp:0.00817136
                    time_top_o:0.00085984
                    time_check_in_c:0.00054886
                    time_add_parent:0.00060897
                    num_neighbors:6388
                    time_add_neighbors_to_o:0.00456732
        Stage2:
            total_Stage2:0.0261647
            num_len_path:241
            time_expanding_s:0.000441472
            timing_AStarSearchUntil:
                total_astar_search_until:0.0255442
                num_values_f_less_fmax:1071
                ASU Exp:
                    total_ASUExp:0.0255365
                    time_top_o:0.000539725
                    time_check_in_c:0.000415203
                    time_add_parent:0.000851029
                    num_neighbors:27605
                    time_add_neighbors_to_o:0.0215061
        Stage3:
            total_Stage3:0.646735
            num_until_goal_expanded:20115
            timing_S3Exp:
                total_S3Exp: 0.468625
                time_top_o: 0.00851477
                time_check_in_c: 0.00516591
                time_add_parent: 0.0134792
                num_neighbors: 446939
                time_add_neighbors_to_o: 0.380287
    timing_PIOW_overlapping:
        total_PIOW: 0.0382956
        num_windows: 1051
        time_check_overlap: 5.571e-05
        num_overlapping_windows: 3
        time_merge_windows: 9.078e-06
        time_remove_window: 1.337e-06
        time_remove_window: 8.806e-06
        timing_PlanIn:
            total_PlanIn:0.0381901
            num_until_goal_expanded:866
            timing_expansions:
                total_S3Exp: 0.0381777
                time_top_o: 0.000316879
                time_check_in_c: 0.000267188
                time_add_parent: 0.000615394
                num_neighbors: 33670
                time_add_neighbors_to_o: 0.0332048
    num_new_collisions: 9
    timing_PIOW_new_collisions:
        total_PIOW: 0.249939
        num_windows: 70
        time_check_overlap: 5.538e-06
        num_overlapping_windows: 1
        time_merge_windows: 4.385e-06
        time_remove_window: 8.45e-07
        time_remove_window: 7.485e-06
        timing_PlanIn:
            total_PlanIn:0.249885
            num_until_goal_expanded:7190
            timing_expansions:
                total_S3Exp: 0.070564
                time_top_o: 0.00376131
                time_check_in_c: 0.00306569
                time_add_parent: 0.00695511
                num_neighbors: 167871
                time_add_neighbors_to_o: 0.186676
    num_windows_should_quit: 0
    time_should_quit: 2.4722e-05
    time_remove_window: 0
Complete!
