Total time: 0.128527
is_optimal: true
optimality_bound: 1
successive_bounds: [1.00422, 1.00352, 1.00352, 1.00246, 1.00246, 1.00246, 1.00211, 1.00141, 1.00141, 1.00141, 1.00141, 1, 1]
successive_runtimes: [0.0388327, 0.0496416, 0.0589169, 0.0667801, 0.0772587, 0.0856536, 0.0925312, 0.0988781, 0.104703, 0.114305, 0.120257, 0.128526]
num_agents: 50
time_individual_plan: 0.0258825
time_first_plan: 0.011425
num_max_agents_in_window_first_iteration: 2
num_recWAMPF: 12
timing_recWAMPF:
    total_RecWAMPF: 0.101111
    num_windows: 168
    num_max_agents_in_window: 3
    timing_gari:
        total_GARI: 0.0692573
        time_path_btw_starts: 0.00098667
        Stage1:
            total_Stage1:0.0217488
            time_add_x_to_o: 0.0132279
            time_clear_x: 0.00224592
            timing_AStarSearchUntil:
                total_astar_search_until:0.00625605
                num_values_f_less_fmax:1246
                ASU Exp:
                    total_ASUExp:0.00624758
                    time_top_o:0.000750062
                    time_check_in_c:0.000474507
                    time_add_parent:0.000277001
                    num_neighbors:2505
                    time_add_neighbors_to_o:0.00329644
        Stage2:
            total_Stage2:0.0134445
            num_len_path:160
            time_expanding_s:0.000348386
            timing_AStarSearchUntil:
                total_astar_search_until:0.0129906
                num_values_f_less_fmax:321
                ASU Exp:
                    total_ASUExp:0.0129827
                    time_top_o:0.000178359
                    time_check_in_c:0.000210203
                    time_add_parent:0.000379768
                    num_neighbors:9205
                    time_add_neighbors_to_o:0.0109502
        Stage3:
            total_Stage3:0.0329881
            num_until_goal_expanded:1041
            timing_S3Exp:
                total_S3Exp: 0.0244617
                time_top_o: 0.000564487
                time_check_in_c: 0.000417454
                time_add_parent: 0.00074844
                num_neighbors: 15153
                time_add_neighbors_to_o: 0.018008
    timing_PIOW_overlapping:
        total_PIOW: 0.00611313
        num_windows: 596
        time_check_overlap: 4.7178e-05
        num_overlapping_windows: 1
        time_merge_windows: 4.473e-06
        time_remove_window: 4.9e-07
        time_remove_window: 4.348e-06
        timing_PlanIn:
            total_PlanIn:0.00602721
            num_until_goal_expanded:75
            timing_expansions:
                total_S3Exp: 0.00602145
                time_top_o: 3.5741e-05
                time_check_in_c: 4.34e-05
                time_add_parent: 9.4404e-05
                num_neighbors: 3226
                time_add_neighbors_to_o: 0.00514425
    num_new_collisions: 8
    timing_PIOW_new_collisions:
        total_PIOW: 0.00514529
        num_windows: 56
        time_check_overlap: 4.37e-06
        num_overlapping_windows: 0
        time_merge_windows: 0
        time_remove_window: 0
        time_remove_window: 9.778e-06
        timing_PlanIn:
            total_PlanIn:0.00510745
            num_until_goal_expanded:203
            timing_expansions:
                total_S3Exp: 0.00506758
                time_top_o: 7.8286e-05
                time_check_in_c: 0.000138656
                time_add_parent: 0.000701605
                num_neighbors: 1758
                time_add_neighbors_to_o: 0.0031102
    num_windows_should_quit: 0
    time_should_quit: 1.2407e-05
    time_remove_window: 0
Complete!
