Total time: 0.921813
is_optimal: false
optimality_bound: 1.0022
successive_bounds: [1.00721, 1.00565, 1.00565, 1.00408, 1.00408, 1.00408, 1.00408, 1.00345, 1.00345, 1.00345, 1.00345, 1.00345, 1.00345, 1.00345, 1.00282, 1.00282, 1.0022, 1.0022, 1.0022, 1.0022]
successive_runtimes: [0.0494456, 0.0826863, 0.112776, 0.125287, 0.178919, 0.222133, 0.272591, 0.346827, 0.388585, 0.413546, 0.452002, 0.512744, 0.570559, 0.630011, 0.683554, 0.739808, 0.788224, 0.832053, 0.878565, 0.921813]
num_agents: 50
time_individual_plan: 0.0358761
time_first_plan: 0.012241
num_max_agents_in_window_first_iteration: 2
num_recWAMPF: 20
timing_recWAMPF:
    total_RecWAMPF: 0.8846
    num_windows: 304
    num_max_agents_in_window: 3
    timing_gari:
        total_GARI: 0.781285
        time_path_btw_starts: 0.00136188
        Stage1:
            total_Stage1:0.396069
            time_add_x_to_o: 0.135759
            time_clear_x: 0.02362
            timing_AStarSearchUntil:
                total_astar_search_until:0.236661
                num_values_f_less_fmax:6371
                ASU Exp:
                    total_ASUExp:0.236649
                    time_top_o:0.00462114
                    time_check_in_c:0.00545176
                    time_add_parent:0.0032348
                    num_neighbors:273098
                    time_add_neighbors_to_o:0.207588
        Stage2:
            total_Stage2:0.0445033
            num_len_path:245
            time_expanding_s:0.000237626
            timing_AStarSearchUntil:
                total_astar_search_until:0.0440539
                num_values_f_less_fmax:873
                ASU Exp:
                    total_ASUExp:0.0440443
                    time_top_o:0.00047412
                    time_check_in_c:0.000477014
                    time_add_parent:0.000921107
                    num_neighbors:47406
                    time_add_neighbors_to_o:0.0395362
        Stage3:
            total_Stage3:0.333144
            num_until_goal_expanded:2070
            timing_S3Exp:
                total_S3Exp: 0.05379
                time_top_o: 0.0010237
                time_check_in_c: 0.000679716
                time_add_parent: 0.00157969
                num_neighbors: 42498
                time_add_neighbors_to_o: 0.0371864
    timing_PIOW_overlapping:
        total_PIOW: 0.0730628
        num_windows: 1373
        time_check_overlap: 8.1333e-05
        num_overlapping_windows: 9
        time_merge_windows: 2.2498e-05
        time_remove_window: 2.492e-06
        time_remove_window: 2.1783e-05
        timing_PlanIn:
            total_PlanIn:0.0728867
            num_until_goal_expanded:974
            timing_expansions:
                total_S3Exp: 0.0728531
                time_top_o: 0.000455225
                time_check_in_c: 0.000373568
                time_add_parent: 0.000797259
                num_neighbors: 69627
                time_add_neighbors_to_o: 0.0647873
    num_new_collisions: 16
    timing_PIOW_new_collisions:
        total_PIOW: 0.00506461
        num_windows: 222
        time_check_overlap: 1.3544e-05
        num_overlapping_windows: 0
        time_merge_windows: 0
        time_remove_window: 0
        time_remove_window: 1.3172e-05
        timing_PlanIn:
            total_PlanIn:0.00499077
            num_until_goal_expanded:202
            timing_expansions:
                total_S3Exp: 0.00492289
                time_top_o: 7.4084e-05
                time_check_in_c: 0.000119081
                time_add_parent: 0.000222963
                num_neighbors: 2372
                time_add_neighbors_to_o: 0.0034885
    num_windows_should_quit: 0
    time_should_quit: 3.2989e-05
    time_remove_window: 0
Complete!
