Total time: 1198.31
is_optimal: false
optimality_bound: 1.00483
successive_bounds: [1.01221, 1.0117, 1.00814, 1.00789, 1.00738, 1.00662, 1.00611, 1.0056, 1.0056, 1.0056, 1.00509, 1.00509, 1.00483, 1.00483, 1.00483, 1.00483, 1.00483, 1.00483]
successive_runtimes: [0.0585426, 0.107568, 0.181193, 0.617923, 0.994163, 10.1005, 28.6361, 64.4286, 119.334, 191.459, 276.587, 355.15, 595.871, 759.257, 866.307, 975.475, 1086.64, 1198.31]
num_agents: 60
time_individual_plan: 0.0154033
time_first_plan: 0.04219
num_max_agents_in_window_first_iteration: 3
num_recWAMPF: 18
timing_recWAMPF:
    total_RecWAMPF: 1198.3
    num_windows: 343
    num_max_agents_in_window: 5
    timing_gari:
        total_GARI: 1189.29
        time_path_btw_starts: 0.0126051
        Stage1:
            total_Stage1:542.901
            time_add_x_to_o: 140.413
            time_clear_x: 74.7098
            timing_AStarSearchUntil:
                total_astar_search_until:327.778
                num_values_f_less_fmax:329016
                ASU Exp:
                    total_ASUExp:327.778
                    time_top_o:1.10233
                    time_check_in_c:2.80109
                    time_add_parent:0.349898
                    num_neighbors:371157839
                    time_add_neighbors_to_o:320.767
        Stage2:
            total_Stage2:0.15812
            num_len_path:266
            time_expanding_s:0.00107885
            timing_AStarSearchUntil:
                total_astar_search_until:0.156794
                num_values_f_less_fmax:1112
                ASU Exp:
                    total_ASUExp:0.156785
                    time_top_o:0.000626349
                    time_check_in_c:0.00215441
                    time_add_parent:0.00172574
                    num_neighbors:177854
                    time_add_neighbors_to_o:0.145223
        Stage3:
            total_Stage3:646.213
            num_until_goal_expanded:165270
            timing_S3Exp:
                total_S3Exp: 318.108
                time_top_o: 0.702933
                time_check_in_c: 0.118184
                time_add_parent: 0.224169
                num_neighbors: 310522913
                time_add_neighbors_to_o: 311.894
    timing_PIOW_overlapping:
        total_PIOW: 8.94662
        num_windows: 2015
        time_check_overlap: 8.9803e-05
        num_overlapping_windows: 17
        time_merge_windows: 3.8216e-05
        time_remove_window: 4.938e-06
        time_remove_window: 3.72e-05
        timing_PlanIn:
            total_PlanIn:8.94639
            num_until_goal_expanded:8255
            timing_expansions:
                total_S3Exp: 8.94633
                time_top_o: 0.0143659
                time_check_in_c: 0.00353536
                time_add_parent: 0.00867914
                num_neighbors: 10210636
                time_add_neighbors_to_o: 8.51023
    num_new_collisions: 28
    timing_PIOW_new_collisions:
        total_PIOW: 0.0307896
        num_windows: 645
        time_check_overlap: 2.5833e-05
        num_overlapping_windows: 3
        time_merge_windows: 0
        time_remove_window: 0.0995974
        time_remove_window: 2.5811e-05
        timing_PlanIn:
            total_PlanIn:0.0306616
            num_until_goal_expanded:522
            timing_expansions:
                total_S3Exp: 0.0305728
                time_top_o: 0.000168526
                time_check_in_c: 0.000215279
                time_add_parent: 0.000422951
                num_neighbors: 27901
                time_add_neighbors_to_o: 0.0266901
    num_windows_should_quit: 0
    time_should_quit: 3.8389e-05
    time_remove_window: 0
Complete!
