Total time: 0.0960759
is_optimal: true
optimality_bound: 1
successive_bounds: [1.00364, 1.00312, 1.00312, 1.00312, 1.00312, 1.00312, 1.00312, 1.00312, 1.00312, 1.00312, 1.00312, 1.00208, 1.00208, 1.00208, 1.00208, 1.00208, 1.00208, 1.00208, 1.00208, 1.00208, 1.00104, 1.00104, 1.00104, 1.00104, 1.00104, 1.00104, 1, 1]
successive_runtimes: [0.0136406, 0.0159287, 0.0180728, 0.0202829, 0.0225554, 0.0248735, 0.0289894, 0.031624, 0.034242, 0.0369099, 0.0402698, 0.044051, 0.0472141, 0.0508594, 0.0539112, 0.0569038, 0.0599614, 0.0631937, 0.0665117, 0.0694043, 0.0764855, 0.0797245, 0.0827237, 0.0859166, 0.0892666, 0.0924562, 0.0960759]
num_agents: 30
time_individual_plan: 0.0102027
time_first_plan: 0.00215883
num_max_agents_in_window_first_iteration: 2
num_recWAMPF: 27
timing_recWAMPF:
    total_RecWAMPF: 0.0845847
    num_windows: 212
    num_max_agents_in_window: 2
    timing_gari:
        total_GARI: 0.0699315
        time_path_btw_starts: 0.00115219
        Stage1:
            total_Stage1:0.0231754
            time_add_x_to_o: 0.00884719
            time_clear_x: 0.00103795
            timing_AStarSearchUntil:
                total_astar_search_until:0.0132679
                num_values_f_less_fmax:875
                ASU Exp:
                    total_ASUExp:0.0132578
                    time_top_o:0.000455388
                    time_check_in_c:0.000411065
                    time_add_parent:0.000521629
                    num_neighbors:10770
                    time_add_neighbors_to_o:0.0103044
        Stage2:
            total_Stage2:0.0141246
            num_len_path:210
            time_expanding_s:0.000239842
            timing_AStarSearchUntil:
                total_astar_search_until:0.0137653
                num_values_f_less_fmax:435
                ASU Exp:
                    total_ASUExp:0.0137565
                    time_top_o:0.000218057
                    time_check_in_c:0.000227886
                    time_add_parent:0.000454452
                    num_neighbors:11092
                    time_add_neighbors_to_o:0.0114279
        Stage3:
            total_Stage3:0.0313797
            num_until_goal_expanded:575
            timing_S3Exp:
                total_S3Exp: 0.0125132
                time_top_o: 0.000255444
                time_check_in_c: 0.000222648
                time_add_parent: 0.00043057
                num_neighbors: 7058
                time_add_neighbors_to_o: 0.00827767
    timing_PIOW_overlapping:
        total_PIOW: 5.6404e-05
        num_windows: 416
        time_check_overlap: 3.425e-05
        num_overlapping_windows: 0
        time_merge_windows: 0
        time_remove_window: 0
        time_remove_window: 0
        timing_PlanIn:
            total_PlanIn:0
            num_until_goal_expanded:0
            timing_expansions:
                total_S3Exp: 0
                time_top_o: 0
                time_check_in_c: 0
                time_add_parent: 0
                num_neighbors: 0
                time_add_neighbors_to_o: 0
    num_new_collisions: 4
    timing_PIOW_new_collisions:
        total_PIOW: 0.00112313
        num_windows: 12
        time_check_overlap: 1.22e-06
        num_overlapping_windows: 0
        time_merge_windows: 0
        time_remove_window: 0
        time_remove_window: 3.124e-06
        timing_PlanIn:
            total_PlanIn:0.00110864
            num_until_goal_expanded:39
            timing_expansions:
                total_S3Exp: 0.0010896
                time_top_o: 1.3966e-05
                time_check_in_c: 2.0862e-05
                time_add_parent: 4.2945e-05
                num_neighbors: 593
                time_add_neighbors_to_o: 0.000806283
    num_windows_should_quit: 0
    time_should_quit: 1.242e-05
    time_remove_window: 0
Complete!
