Total time: 17.2078
is_optimal: true
optimality_bound: 1
successive_bounds: [1.00307, 1.00307, 1.00307, 1.00184, 1.00184, 1.00061, 1.00061, 1.00061, 1.00061, 1.00061, 1.00061, 1, 1]
successive_runtimes: [0.020689, 0.0284225, 0.0350213, 0.0555591, 0.0636695, 0.0691805, 0.0726887, 0.0757471, 0.0789899, 0.0823575, 0.0855079, 17.2078]
num_agents: 30
time_individual_plan: 0.0117801
time_first_plan: 0.00732904
num_max_agents_in_window_first_iteration: 2
num_recWAMPF: 12
timing_recWAMPF:
    total_RecWAMPF: 17.1945
    num_windows: 137
    num_max_agents_in_window: 4
    timing_gari:
        total_GARI: 0.0647043
        time_path_btw_starts: 0.000817816
        Stage1:
            total_Stage1:0.0196422
            time_add_x_to_o: 0.0105037
            time_clear_x: 0.0015581
            timing_AStarSearchUntil:
                total_astar_search_until:0.00756226
                num_values_f_less_fmax:1402
                ASU Exp:
                    total_ASUExp:0.00755543
                    time_top_o:0.00088089
                    time_check_in_c:0.000645778
                    time_add_parent:0.000331992
                    num_neighbors:3331
                    time_add_neighbors_to_o:0.00418179
        Stage2:
            total_Stage2:0.0244539
            num_len_path:139
            time_expanding_s:0.000198714
            timing_AStarSearchUntil:
                total_astar_search_until:0.0241594
                num_values_f_less_fmax:567
                ASU Exp:
                    total_ASUExp:0.0241537
                    time_top_o:0.000426383
                    time_check_in_c:0.000385712
                    time_add_parent:0.000792358
                    num_neighbors:14721
                    time_add_neighbors_to_o:0.0200194
        Stage3:
            total_Stage3:0.0197133
            num_until_goal_expanded:621
            timing_S3Exp:
                total_S3Exp: 0.00885115
                time_top_o: 0.000340256
                time_check_in_c: 0.000309562
                time_add_parent: 0.000501352
                num_neighbors: 3483
                time_add_neighbors_to_o: 0.00448436
    timing_PIOW_overlapping:
        total_PIOW: 6.3613e-05
        num_windows: 396
        time_check_overlap: 3.8182e-05
        num_overlapping_windows: 0
        time_merge_windows: 0
        time_remove_window: 0
        time_remove_window: 0
        timing_PlanIn:
            total_PlanIn:0
            num_until_goal_expanded:0
            timing_expansions:
                total_S3Exp: 0
                time_top_o: 0
                time_check_in_c: 0
                time_add_parent: 0
                num_neighbors: 0
                time_add_neighbors_to_o: 0
    num_new_collisions: 7
    timing_PIOW_new_collisions:
        total_PIOW: 17.1248
        num_windows: 46
        time_check_overlap: 5.825e-06
        num_overlapping_windows: 2
        time_merge_windows: 0
        time_remove_window: 0.179783
        time_remove_window: 6.064e-06
        timing_PlanIn:
            total_PlanIn:17.1248
            num_until_goal_expanded:48574
            timing_expansions:
                total_S3Exp: 17.1247
                time_top_o: 0.098775
                time_check_in_c: 0.0252462
                time_add_parent: 0.059691
                num_neighbors: 18441807
                time_add_neighbors_to_o: 16.1172
    num_windows_should_quit: 0
    time_should_quit: 1.049e-05
    time_remove_window: 0
Complete!
