Total time: 0.0958674
is_optimal: true
optimality_bound: 1
successive_bounds: [1.0055, 1.0055, 1.0055, 1.0044, 1.0044, 1.0033, 1.0022, 1.0022, 1.0011, 1, 1]
successive_runtimes: [0.0199714, 0.0267267, 0.0335684, 0.0398604, 0.0474489, 0.0535176, 0.0623289, 0.0718788, 0.0818049, 0.0958674]
num_agents: 30
time_individual_plan: 0.0127498
time_first_plan: 0.00552185
num_max_agents_in_window_first_iteration: 2
num_recWAMPF: 10
timing_recWAMPF:
    total_RecWAMPF: 0.0814113
    num_windows: 93
    num_max_agents_in_window: 3
    timing_gari:
        total_GARI: 0.0615569
        time_path_btw_starts: 0.000633275
        Stage1:
            total_Stage1:0.0311006
            time_add_x_to_o: 0.011432
            time_clear_x: 0.00185886
            timing_AStarSearchUntil:
                total_astar_search_until:0.0177971
                num_values_f_less_fmax:1941
                ASU Exp:
                    total_ASUExp:0.0177923
                    time_top_o:0.0013499
                    time_check_in_c:0.000893032
                    time_add_parent:0.00080043
                    num_neighbors:9793
                    time_add_neighbors_to_o:0.0120347
        Stage2:
            total_Stage2:0.00711423
            num_len_path:86
            time_expanding_s:0.000145983
            timing_AStarSearchUntil:
                total_astar_search_until:0.00690565
                num_values_f_less_fmax:162
                ASU Exp:
                    total_ASUExp:0.00690154
                    time_top_o:0.00010274
                    time_check_in_c:0.000107004
                    time_add_parent:0.000204741
                    num_neighbors:4216
                    time_add_neighbors_to_o:0.00581412
        Stage3:
            total_Stage3:0.0157516
            num_until_goal_expanded:732
            timing_S3Exp:
                total_S3Exp: 0.0112075
                time_top_o: 0.000455737
                time_check_in_c: 0.000358464
                time_add_parent: 0.000669044
                num_neighbors: 4622
                time_add_neighbors_to_o: 0.00651404
    timing_PIOW_overlapping:
        total_PIOW: 0.00980124
        num_windows: 222
        time_check_overlap: 1.9287e-05
        num_overlapping_windows: 1
        time_merge_windows: 5.091e-06
        time_remove_window: 5.11e-07
        time_remove_window: 4.984e-06
        timing_PlanIn:
            total_PlanIn:0.0097568
            num_until_goal_expanded:90
            timing_expansions:
                total_S3Exp: 0.0097512
                time_top_o: 5.0876e-05
                time_check_in_c: 4.3539e-05
                time_add_parent: 9.4276e-05
                num_neighbors: 5786
                time_add_neighbors_to_o: 0.0087664
    num_new_collisions: 5
    timing_PIOW_new_collisions:
        total_PIOW: 0.00343177
        num_windows: 20
        time_check_overlap: 2.306e-06
        num_overlapping_windows: 0
        time_merge_windows: 0
        time_remove_window: 0
        time_remove_window: 4.97e-06
        timing_PlanIn:
            total_PlanIn:0.00340737
            num_until_goal_expanded:124
            timing_expansions:
                total_S3Exp: 0.00337827
                time_top_o: 5.5452e-05
                time_check_in_c: 8.9549e-05
                time_add_parent: 0.000174504
                num_neighbors: 1171
                time_add_neighbors_to_o: 0.00234035
    num_windows_should_quit: 0
    time_should_quit: 7.896e-06
    time_remove_window: 0
Complete!
