Total time: 0.0676434
is_optimal: true
optimality_bound: 1
successive_bounds: [1.00074, 1.0005, 1.0005, 1.0005, 1.0005, 1.0005, 1.0005, 1.0005, 1.0005, 1, 1]
successive_runtimes: [0.0510797, 0.0527607, 0.0544426, 0.0560805, 0.0577091, 0.0595876, 0.0614897, 0.0635611, 0.0655659, 0.0676434]
num_agents: 40
time_individual_plan: 0.0479239
time_first_plan: 0.00200844
num_max_agents_in_window_first_iteration: 2
num_recWAMPF: 10
timing_recWAMPF:
    total_RecWAMPF: 0.0185654
    num_windows: 38
    num_max_agents_in_window: 2
    timing_gari:
        total_GARI: 0.0070525
        time_path_btw_starts: 0.000213635
        Stage1:
            total_Stage1:0.00211082
            time_add_x_to_o: 0.00124734
            time_clear_x: 0.000153678
            timing_AStarSearchUntil:
                total_astar_search_until:0.000706181
                num_values_f_less_fmax:62
                ASU Exp:
                    total_ASUExp:0.000704509
                    time_top_o:2.9674e-05
                    time_check_in_c:2.8616e-05
                    time_add_parent:2.6193e-05
                    num_neighbors:580
                    time_add_neighbors_to_o:0.000521504
        Stage2:
            total_Stage2:0.00262778
            num_len_path:40
            time_expanding_s:3.3918e-05
            timing_AStarSearchUntil:
                total_astar_search_until:0.00257435
                num_values_f_less_fmax:87
                ASU Exp:
                    total_ASUExp:0.00257285
                    time_top_o:3.5836e-05
                    time_check_in_c:4.1804e-05
                    time_add_parent:7.8584e-05
                    num_neighbors:2296
                    time_add_neighbors_to_o:0.00216069
        Stage3:
            total_Stage3:0.00208129
            num_until_goal_expanded:61
            timing_S3Exp:
                total_S3Exp: 0.00124675
                time_top_o: 1.9541e-05
                time_check_in_c: 2.283e-05
                time_add_parent: 4.5135e-05
                num_neighbors: 695
                time_add_neighbors_to_o: 0.00085459
    timing_PIOW_overlapping:
        total_PIOW: 4.015e-06
        num_windows: 36
        time_check_overlap: 2.027e-06
        num_overlapping_windows: 0
        time_merge_windows: 0
        time_remove_window: 0
        time_remove_window: 0
        timing_PlanIn:
            total_PlanIn:0
            num_until_goal_expanded:0
            timing_expansions:
                total_S3Exp: 0
                time_top_o: 0
                time_check_in_c: 0
                time_add_parent: 0
                num_neighbors: 0
                time_add_neighbors_to_o: 0
    num_new_collisions: 2
    timing_PIOW_new_collisions:
        total_PIOW: 0.00039556
        num_windows: 2
        time_check_overlap: 4.31e-07
        num_overlapping_windows: 0
        time_merge_windows: 0
        time_remove_window: 0
        time_remove_window: 1.411e-06
        timing_PlanIn:
            total_PlanIn:0.000388305
            num_until_goal_expanded:14
            timing_expansions:
                total_S3Exp: 0.000378046
                time_top_o: 4.587e-06
                time_check_in_c: 7.72e-06
                time_add_parent: 1.4537e-05
                num_neighbors: 251
                time_add_neighbors_to_o: 0.000288865
    num_windows_should_quit: 0
    time_should_quit: 1.937e-06
    time_remove_window: 0
Complete!
