Total time: 0.523493
is_optimal: true
optimality_bound: 1
successive_bounds: [1.00273, 1.00273, 1.00273, 1.00273, 1.00273, 1.00273, 1.00273, 1.00273, 1.00273, 1.00273, 1.00273, 1.00273, 1.00273, 1.00273, 1.00273, 1.00273, 1.00164, 1.00109, 1.00109, 1.00109, 1.00109, 1.00109, 1.00109, 1.00109, 1.00109, 1.00109, 1.00109, 1.00109, 1.00109, 1.00109, 1.00109, 1.00109, 1, 1]
successive_runtimes: [0.0155073, 0.020613, 0.0256456, 0.0334234, 0.0431704, 0.0536708, 0.0649257, 0.0765091, 0.0891334, 0.100848, 0.114285, 0.125707, 0.1374, 0.150449, 0.162885, 0.17435, 0.192884, 0.211882, 0.227151, 0.242981, 0.260337, 0.278381, 0.297507, 0.317031, 0.3364, 0.357424, 0.379591, 0.402217, 0.424778, 0.448167, 0.472746, 0.497873, 0.523493]
num_agents: 30
time_individual_plan: 0.0106838
time_first_plan: 0.00346332
num_max_agents_in_window_first_iteration: 2
num_recWAMPF: 33
timing_recWAMPF:
    total_RecWAMPF: 0.511434
    num_windows: 195
    num_max_agents_in_window: 3
    timing_gari:
        total_GARI: 0.492424
        time_path_btw_starts: 0.000858049
        Stage1:
            total_Stage1:0.247273
            time_add_x_to_o: 0.085166
            time_clear_x: 0.0191638
            timing_AStarSearchUntil:
                total_astar_search_until:0.14292
                num_values_f_less_fmax:32434
                ASU Exp:
                    total_ASUExp:0.142913
                    time_top_o:0.0177475
                    time_check_in_c:0.0101653
                    time_add_parent:0.00738607
                    num_neighbors:119261
                    time_add_neighbors_to_o:0.0877621
        Stage2:
            total_Stage2:0.0196921
            num_len_path:172
            time_expanding_s:0.00019436
            timing_AStarSearchUntil:
                total_astar_search_until:0.0193718
                num_values_f_less_fmax:692
                ASU Exp:
                    total_ASUExp:0.019366
                    time_top_o:0.000361185
                    time_check_in_c:0.000288897
                    time_add_parent:0.000567156
                    num_neighbors:19368
                    time_add_neighbors_to_o:0.016591
        Stage3:
            total_Stage3:0.224492
            num_until_goal_expanded:13311
            timing_S3Exp:
                total_S3Exp: 0.117935
                time_top_o: 0.00707433
                time_check_in_c: 0.00438798
                time_add_parent: 0.00763438
                num_neighbors: 84120
                time_add_neighbors_to_o: 0.0690616
    timing_PIOW_overlapping:
        total_PIOW: 4.1969e-05
        num_windows: 288
        time_check_overlap: 2.4841e-05
        num_overlapping_windows: 0
        time_merge_windows: 0
        time_remove_window: 0
        time_remove_window: 0
        timing_PlanIn:
            total_PlanIn:0
            num_until_goal_expanded:0
            timing_expansions:
                total_S3Exp: 0
                time_top_o: 0
                time_check_in_c: 0
                time_add_parent: 0
                num_neighbors: 0
                time_add_neighbors_to_o: 0
    num_new_collisions: 4
    timing_PIOW_new_collisions:
        total_PIOW: 0.00844618
        num_windows: 11
        time_check_overlap: 2.555e-06
        num_overlapping_windows: 1
        time_merge_windows: 0
        time_remove_window: 0.187998
        time_remove_window: 3.264e-06
        timing_PlanIn:
            total_PlanIn:0.00842646
            num_until_goal_expanded:147
            timing_expansions:
                total_S3Exp: 0.00840621
                time_top_o: 5.5762e-05
                time_check_in_c: 7.8165e-05
                time_add_parent: 0.000150596
                num_neighbors: 6205
                time_add_neighbors_to_o: 0.00728004
    num_windows_should_quit: 0
    time_should_quit: 1.5067e-05
    time_remove_window: 0
Complete!
