Total time: 0.0932056
is_optimal: false
optimality_bound: 1.00049
successive_bounds: [1.00147, 1.00147, 1.00147, 1.00147, 1.00073, 1.00073, 1.00073, 1.00073, 1.00073, 1.00049, 1.00049, 1.00049, 1.00049, 1.00049, 1.00049, 1.00049, 1.00049, 1.00049]
successive_runtimes: [0.0413284, 0.0442506, 0.046959, 0.049509, 0.0536411, 0.0559657, 0.0581647, 0.0615762, 0.0635357, 0.0701392, 0.0724821, 0.074553, 0.0765384, 0.0808739, 0.0831682, 0.0856453, 0.090392, 0.0932055]
num_agents: 40
time_individual_plan: 0.0353842
time_first_plan: 0.00490256
num_max_agents_in_window_first_iteration: 2
num_recWAMPF: 18
timing_recWAMPF:
    total_RecWAMPF: 0.0567713
    num_windows: 175
    num_max_agents_in_window: 2
    timing_gari:
        total_GARI: 0.0402874
        time_path_btw_starts: 0.000762533
        Stage1:
            total_Stage1:0.00333318
            time_add_x_to_o: 0.0023391
            time_clear_x: 0.000248383
            timing_AStarSearchUntil:
                total_astar_search_until:0.000732601
                num_values_f_less_fmax:59
                ASU Exp:
                    total_ASUExp:0.000726547
                    time_top_o:2.2093e-05
                    time_check_in_c:1.9367e-05
                    time_add_parent:2.5131e-05
                    num_neighbors:792
                    time_add_neighbors_to_o:0.000563023
        Stage2:
            total_Stage2:0.00872759
            num_len_path:157
            time_expanding_s:0.000120887
            timing_AStarSearchUntil:
                total_astar_search_until:0.00853388
                num_values_f_less_fmax:434
                ASU Exp:
                    total_ASUExp:0.00852861
                    time_top_o:0.000159194
                    time_check_in_c:0.000157362
                    time_add_parent:0.00032102
                    num_neighbors:9208
                    time_add_neighbors_to_o:0.00690473
        Stage3:
            total_Stage3:0.0259948
            num_until_goal_expanded:1008
            timing_S3Exp:
                total_S3Exp: 0.0156929
                time_top_o: 0.000388234
                time_check_in_c: 0.000304123
                time_add_parent: 0.000674178
                num_neighbors: 13658
                time_add_neighbors_to_o: 0.0115534
    timing_PIOW_overlapping:
        total_PIOW: 3.3468e-05
        num_windows: 425
        time_check_overlap: 1.8389e-05
        num_overlapping_windows: 0
        time_merge_windows: 0
        time_remove_window: 0
        time_remove_window: 0
        timing_PlanIn:
            total_PlanIn:0
            num_until_goal_expanded:0
            timing_expansions:
                total_S3Exp: 0
                time_top_o: 0
                time_check_in_c: 0
                time_add_parent: 0
                num_neighbors: 0
                time_add_neighbors_to_o: 0
    num_new_collisions: 5
    timing_PIOW_new_collisions:
        total_PIOW: 0.0030002
        num_windows: 20
        time_check_overlap: 1.163e-06
        num_overlapping_windows: 0
        time_merge_windows: 0
        time_remove_window: 0
        time_remove_window: 3.55e-06
        timing_PlanIn:
            total_PlanIn:0.00298247
            num_until_goal_expanded:121
            timing_expansions:
                total_S3Exp: 0.00295018
                time_top_o: 4.5494e-05
                time_check_in_c: 5.0963e-05
                time_add_parent: 0.000102702
                num_neighbors: 2259
                time_add_neighbors_to_o: 0.00233167
    num_windows_should_quit: 0
    time_should_quit: 1.0422e-05
    time_remove_window: 0
Complete!
