Total time: 0.0867305
is_optimal: true
optimality_bound: 1
successive_bounds: [1.00189, 1.00189, 1.00189, 1.00189, 1.00189, 1.00189, 1.00094, 1.00094, 1.00094, 1.00094, 1.00094, 1.00094, 1.00094, 1.00094, 1.00094, 1.00094, 1, 1]
successive_runtimes: [0.0247703, 0.029128, 0.0335183, 0.0380004, 0.0423617, 0.0464625, 0.0557845, 0.0617439, 0.0648507, 0.0678708, 0.070874, 0.0739205, 0.0770477, 0.0801939, 0.0824172, 0.0840284, 0.0867305]
num_agents: 30
time_individual_plan: 0.0168748
time_first_plan: 0.00629566
num_max_agents_in_window_first_iteration: 2
num_recWAMPF: 17
timing_recWAMPF:
    total_RecWAMPF: 0.0682472
    num_windows: 99
    num_max_agents_in_window: 2
    timing_gari:
        total_GARI: 0.055239
        time_path_btw_starts: 0.000503451
        Stage1:
            total_Stage1:0.0143407
            time_add_x_to_o: 0.00939766
            time_clear_x: 0.00189384
            timing_AStarSearchUntil:
                total_astar_search_until:0.00303622
                num_values_f_less_fmax:333
                ASU Exp:
                    total_ASUExp:0.00303149
                    time_top_o:0.000221372
                    time_check_in_c:0.000177734
                    time_add_parent:0.000155584
                    num_neighbors:1520
                    time_add_neighbors_to_o:0.00206644
        Stage2:
            total_Stage2:0.0100415
            num_len_path:79
            time_expanding_s:0.000218823
            timing_AStarSearchUntil:
                total_astar_search_until:0.00975474
                num_values_f_less_fmax:237
                ASU Exp:
                    total_ASUExp:0.00975068
                    time_top_o:0.000165774
                    time_check_in_c:0.000147662
                    time_add_parent:0.000291383
                    num_neighbors:6220
                    time_add_neighbors_to_o:0.00825076
        Stage3:
            total_Stage3:0.0303049
            num_until_goal_expanded:2259
            timing_S3Exp:
                total_S3Exp: 0.0204073
                time_top_o: 0.00132219
                time_check_in_c: 0.000764912
                time_add_parent: 0.00112634
                num_neighbors: 9273
                time_add_neighbors_to_o: 0.0114947
    timing_PIOW_overlapping:
        total_PIOW: 2.6315e-05
        num_windows: 144
        time_check_overlap: 1.4606e-05
        num_overlapping_windows: 0
        time_merge_windows: 0
        time_remove_window: 0
        time_remove_window: 0
        timing_PlanIn:
            total_PlanIn:0
            num_until_goal_expanded:0
            timing_expansions:
                total_S3Exp: 0
                time_top_o: 0
                time_check_in_c: 0
                time_add_parent: 0
                num_neighbors: 0
                time_add_neighbors_to_o: 0
    num_new_collisions: 3
    timing_PIOW_new_collisions:
        total_PIOW: 0.00511538
        num_windows: 6
        time_check_overlap: 1.066e-06
        num_overlapping_windows: 0
        time_merge_windows: 0
        time_remove_window: 0
        time_remove_window: 3.014e-06
        timing_PlanIn:
            total_PlanIn:0.00510041
            num_until_goal_expanded:182
            timing_expansions:
                total_S3Exp: 0.00508184
                time_top_o: 8.5375e-05
                time_check_in_c: 0.000123654
                time_add_parent: 0.000248597
                num_neighbors: 1954
                time_add_neighbors_to_o: 0.00367352
    num_windows_should_quit: 0
    time_should_quit: 8.831e-06
    time_remove_window: 0
Complete!
