Total time: 16.9361
is_optimal: true
optimality_bound: 1
successive_bounds: [1.00307, 1.00307, 1.00184, 1.00184, 1.00061, 1.00061, 1.00061, 1.00061, 1.00061, 1.00061, 1, 1]
successive_runtimes: [0.023507, 0.0304305, 0.0506095, 0.0583605, 0.0639491, 0.067234, 0.0701993, 0.0734932, 0.0768367, 0.0799974, 16.9361]
num_agents: 30
time_individual_plan: 0.011785
time_first_plan: 0.0101324
num_max_agents_in_window_first_iteration: 2
num_recWAMPF: 11
timing_recWAMPF:
    total_RecWAMPF: 16.9227
    num_windows: 125
    num_max_agents_in_window: 4
    timing_gari:
        total_GARI: 0.0567501
        time_path_btw_starts: 0.000653919
        Stage1:
            total_Stage1:0.0177474
            time_add_x_to_o: 0.00957759
            time_clear_x: 0.00138146
            timing_AStarSearchUntil:
                total_astar_search_until:0.00677171
                num_values_f_less_fmax:1119
                ASU Exp:
                    total_ASUExp:0.00676554
                    time_top_o:0.000714221
                    time_check_in_c:0.000398977
                    time_add_parent:0.000306877
                    num_neighbors:3194
                    time_add_neighbors_to_o:0.00409902
        Stage2:
            total_Stage2:0.0213767
            num_len_path:122
            time_expanding_s:0.000171637
            timing_AStarSearchUntil:
                total_astar_search_until:0.0211198
                num_values_f_less_fmax:509
                ASU Exp:
                    total_ASUExp:0.0211145
                    time_top_o:0.000387676
                    time_check_in_c:0.000310769
                    time_add_parent:0.000655047
                    num_neighbors:13247
                    time_add_neighbors_to_o:0.0177648
        Stage3:
            total_Stage3:0.0168193
            num_until_goal_expanded:458
            timing_S3Exp:
                total_S3Exp: 0.00632447
                time_top_o: 0.000248866
                time_check_in_c: 0.000194974
                time_add_parent: 0.000353733
                num_neighbors: 2504
                time_add_neighbors_to_o: 0.00312242
    timing_PIOW_overlapping:
        total_PIOW: 6.0114e-05
        num_windows: 360
        time_check_overlap: 3.6541e-05
        num_overlapping_windows: 0
        time_merge_windows: 0
        time_remove_window: 0
        time_remove_window: 0
        timing_PlanIn:
            total_PlanIn:0
            num_until_goal_expanded:0
            timing_expansions:
                total_S3Exp: 0
                time_top_o: 0
                time_check_in_c: 0
                time_add_parent: 0
                num_neighbors: 0
                time_add_neighbors_to_o: 0
    num_new_collisions: 7
    timing_PIOW_new_collisions:
        total_PIOW: 16.8613
        num_windows: 46
        time_check_overlap: 6.459e-06
        num_overlapping_windows: 2
        time_merge_windows: 0
        time_remove_window: 0.168807
        time_remove_window: 6.742e-06
        timing_PlanIn:
            total_PlanIn:16.8613
            num_until_goal_expanded:48633
            timing_expansions:
                total_S3Exp: 16.8612
                time_top_o: 0.097943
                time_check_in_c: 0.0231494
                time_add_parent: 0.056269
                num_neighbors: 18443167
                time_add_neighbors_to_o: 15.8825
    num_windows_should_quit: 0
    time_should_quit: 9.686e-06
    time_remove_window: 0
Complete!
