Total time: 0.318458
is_optimal: false
optimality_bound: 1.00098
successive_bounds: [1.00098, 1.00098, 1.00098, 1.00098, 1.00098, 1.00098, 1.00098, 1.00098, 1.00098, 1.00098, 1.00098, 1.00098, 1.00098, 1.00098, 1.00098, 1.00098, 1.00098, 1.00098, 1.00098]
successive_runtimes: [0.0327418, 0.0344348, 0.0366606, 0.0391252, 0.0422811, 0.0455357, 0.0488644, 0.0527711, 0.0577164, 0.0646818, 0.0741247, 0.0859933, 0.101796, 0.124618, 0.165159, 0.180401, 0.223025, 0.248141, 0.318458]
num_agents: 50
time_individual_plan: 0.0307105
time_first_plan: 0.00143639
num_max_agents_in_window_first_iteration: 2
num_recWAMPF: 19
timing_recWAMPF:
    total_RecWAMPF: 0.287148
    num_windows: 74
    num_max_agents_in_window: 2
    timing_gari:
        total_GARI: 0.201229
        time_path_btw_starts: 0.000297038
        Stage1:
            total_Stage1:0.187646
            time_add_x_to_o: 0.0337574
            time_clear_x: 0.00852454
            timing_AStarSearchUntil:
                total_astar_search_until:0.0897177
                num_values_f_less_fmax:39900
                ASU Exp:
                    total_ASUExp:0.0897157
                    time_top_o:0.0158738
                    time_check_in_c:0.00821666
                    time_add_parent:0.0039121
                    num_neighbors:246345
                    time_add_neighbors_to_o:0.100394
        Stage2:
            total_Stage2:0.00429626
            num_len_path:71
            time_expanding_s:5.8635e-05
            timing_AStarSearchUntil:
                total_astar_search_until:0.00421055
                num_values_f_less_fmax:300
                ASU Exp:
                    total_ASUExp:0.00420885
                    time_top_o:8.4161e-05
                    time_check_in_c:6.4926e-05
                    time_add_parent:0.000121366
                    num_neighbors:7417
                    time_add_neighbors_to_o:0.00356917
        Stage3:
            total_Stage3:0.00897425
            num_until_goal_expanded:705
            timing_S3Exp:
                total_S3Exp: 0.00522182
                time_top_o: 0.000210113
                time_check_in_c: 0.000121854
                time_add_parent: 0.000221774
                num_neighbors: 9060
                time_add_neighbors_to_o: 0.00379394
    timing_PIOW_overlapping:
        total_PIOW: 6.332e-06
        num_windows: 72
        time_check_overlap: 2.975e-06
        num_overlapping_windows: 0
        time_merge_windows: 0
        time_remove_window: 0
        time_remove_window: 0
        timing_PlanIn:
            total_PlanIn:0
            num_until_goal_expanded:0
            timing_expansions:
                total_S3Exp: 0
                time_top_o: 0
                time_check_in_c: 0
                time_add_parent: 0
                num_neighbors: 0
                time_add_neighbors_to_o: 0
    num_new_collisions: 2
    timing_PIOW_new_collisions:
        total_PIOW: 0.000693811
        num_windows: 2
        time_check_overlap: 1.43e-07
        num_overlapping_windows: 0
        time_merge_windows: 0
        time_remove_window: 0
        time_remove_window: 7.15e-07
        timing_PlanIn:
            total_PlanIn:0.000690408
            num_until_goal_expanded:63
            timing_expansions:
                total_S3Exp: 0.000685279
                time_top_o: 1.086e-05
                time_check_in_c: 1.3224e-05
                time_add_parent: 1.9167e-05
                num_neighbors: 957
                time_add_neighbors_to_o: 0.000422069
    num_windows_should_quit: 0
    time_should_quit: 3.828e-06
    time_remove_window: 0
Complete!
