Total time: 0.322359
is_optimal: true
optimality_bound: 1
successive_bounds: [1.00355, 1.00284, 1.00213, 1.00213, 1.00213, 1.00213, 1.00142, 1.00071, 1.00071, 1.00071, 1.00071, 1.00071, 1.00071, 1.00071, 1.00071, 1.00071, 1.00071, 1.00071, 1.00071, 1.00071, 1.00071, 1, 1]
successive_runtimes: [0.0285886, 0.0374846, 0.0456551, 0.0563592, 0.0725678, 0.0917774, 0.110634, 0.134573, 0.140271, 0.144491, 0.148797, 0.154314, 0.246542, 0.283137, 0.288401, 0.294975, 0.29936, 0.3038, 0.308308, 0.312846, 0.317639, 0.322359]
num_agents: 40
time_individual_plan: 0.0188964
time_first_plan: 0.00807645
num_max_agents_in_window_first_iteration: 2
num_recWAMPF: 22
timing_recWAMPF:
    total_RecWAMPF: 0.301836
    num_windows: 199
    num_max_agents_in_window: 3
    timing_gari:
        total_GARI: 0.183149
        time_path_btw_starts: 0.00124705
        Stage1:
            total_Stage1:0.0835046
            time_add_x_to_o: 0.0440381
            time_clear_x: 0.00811825
            timing_AStarSearchUntil:
                total_astar_search_until:0.0313252
                num_values_f_less_fmax:1867
                ASU Exp:
                    total_ASUExp:0.0313159
                    time_top_o:0.00130736
                    time_check_in_c:0.000931475
                    time_add_parent:0.000864693
                    num_neighbors:19988
                    time_add_neighbors_to_o:0.0238237
        Stage2:
            total_Stage2:0.0307346
            num_len_path:192
            time_expanding_s:0.000604566
            timing_AStarSearchUntil:
                total_astar_search_until:0.0300047
                num_values_f_less_fmax:855
                ASU Exp:
                    total_ASUExp:0.0299959
                    time_top_o:0.000503855
                    time_check_in_c:0.000658029
                    time_add_parent:0.000841831
                    num_neighbors:24741
                    time_add_neighbors_to_o:0.025283
        Stage3:
            total_Stage3:0.0668046
            num_until_goal_expanded:886
            timing_S3Exp:
                total_S3Exp: 0.0242241
                time_top_o: 0.000476043
                time_check_in_c: 0.000367647
                time_add_parent: 0.000686256
                num_neighbors: 11797
                time_add_neighbors_to_o: 0.0131042
    timing_PIOW_overlapping:
        total_PIOW: 0.0897366
        num_windows: 513
        time_check_overlap: 4.0771e-05
        num_overlapping_windows: 3
        time_merge_windows: 1.1204e-05
        time_remove_window: 1.398e-06
        time_remove_window: 1.0846e-05
        timing_PlanIn:
            total_PlanIn:0.0896472
            num_until_goal_expanded:746
            timing_expansions:
                total_S3Exp: 0.0896335
                time_top_o: 0.000328881
                time_check_in_c: 0.000260305
                time_add_parent: 0.000561964
                num_neighbors: 80111
                time_add_neighbors_to_o: 0.0823403
    num_new_collisions: 7
    timing_PIOW_new_collisions:
        total_PIOW: 0.00806979
        num_windows: 46
        time_check_overlap: 5.36e-06
        num_overlapping_windows: 1
        time_merge_windows: 0
        time_remove_window: 0.0631509
        time_remove_window: 7.222e-06
        timing_PlanIn:
            total_PlanIn:0.00802623
            num_until_goal_expanded:213
            timing_expansions:
                total_S3Exp: 0.00798482
                time_top_o: 9.2823e-05
                time_check_in_c: 0.000152575
                time_add_parent: 0.000300976
                num_neighbors: 3455
                time_add_neighbors_to_o: 0.00603699
    num_windows_should_quit: 0
    time_should_quit: 1.4663e-05
    time_remove_window: 0
Complete!
