Total time: 0.229197
is_optimal: false
optimality_bound: 1.00089
successive_bounds: [1.00443, 1.00399, 1.00399, 1.00177, 1.00177, 1.00177, 1.00089]
successive_runtimes: [0.0265155, 0.0447971, 0.0583311, 0.11287, 0.172225, 0.2031, 0.229197]
num_agents: 30
time_individual_plan: 0.0171037
time_first_plan: 0.00788304
num_max_agents_in_window_first_iteration: 3
num_recWAMPF: 7
timing_recWAMPF:
    total_RecWAMPF: 0.210559
    num_windows: 83
    num_max_agents_in_window: 4
    timing_gari:
        total_GARI: 0.16732
        time_path_btw_starts: 0.000482845
        Stage1:
            total_Stage1:0.0569186
            time_add_x_to_o: 0.0315797
            time_clear_x: 0.00496334
            timing_AStarSearchUntil:
                total_astar_search_until:0.0203659
                num_values_f_less_fmax:963
                ASU Exp:
                    total_ASUExp:0.0203623
                    time_top_o:0.00055379
                    time_check_in_c:0.000532394
                    time_add_parent:0.000470551
                    num_neighbors:17874
                    time_add_neighbors_to_o:0.0175107
        Stage2:
            total_Stage2:0.021148
            num_len_path:72
            time_expanding_s:0.000587546
            timing_AStarSearchUntil:
                total_astar_search_until:0.0205049
                num_values_f_less_fmax:209
                ASU Exp:
                    total_ASUExp:0.0205019
                    time_top_o:0.000134648
                    time_check_in_c:0.000160447
                    time_add_parent:0.000243939
                    num_neighbors:18370
                    time_add_neighbors_to_o:0.0191571
        Stage3:
            total_Stage3:0.0723999
            num_until_goal_expanded:743
            timing_S3Exp:
                total_S3Exp: 0.0528136
                time_top_o: 0.000477842
                time_check_in_c: 0.000375347
                time_add_parent: 0.000652322
                num_neighbors: 45635
                time_add_neighbors_to_o: 0.0462862
    timing_PIOW_overlapping:
        total_PIOW: 0.00574426
        num_windows: 251
        time_check_overlap: 2.0721e-05
        num_overlapping_windows: 1
        time_merge_windows: 3.518e-06
        time_remove_window: 4.96e-07
        time_remove_window: 3.386e-06
        timing_PlanIn:
            total_PlanIn:0.00570014
            num_until_goal_expanded:55
            timing_expansions:
                total_S3Exp: 0.00569414
                time_top_o: 3.1185e-05
                time_check_in_c: 4.225e-05
                time_add_parent: 7.3754e-05
                num_neighbors: 2980
                time_add_neighbors_to_o: 0.00505998
    num_new_collisions: 9
    timing_PIOW_new_collisions:
        total_PIOW: 0.0337201
        num_windows: 71
        time_check_overlap: 7.115e-06
        num_overlapping_windows: 2
        time_merge_windows: 0
        time_remove_window: 0.106866
        time_remove_window: 6.542e-06
        timing_PlanIn:
            total_PlanIn:0.0336672
            num_until_goal_expanded:162
            timing_expansions:
                total_S3Exp: 0.0336216
                time_top_o: 8.7138e-05
                time_check_in_c: 0.000142421
                time_add_parent: 0.000237332
                num_neighbors: 20645
                time_add_neighbors_to_o: 0.0311
    num_windows_should_quit: 0
    time_should_quit: 8.732e-06
    time_remove_window: 0
Complete!
