Total time: 0.0864949
is_optimal: true
optimality_bound: 1
successive_bounds: [1.00189, 1.00189, 1.00189, 1.00189, 1.00189, 1.00189, 1.00189, 1.00189, 1.00189, 1.00094, 1.00094, 1.00094, 1.00094, 1.00094, 1.00094, 1.00094, 1.00094, 1.00094, 1.00094, 1, 1]
successive_runtimes: [0.0194163, 0.0229411, 0.0266607, 0.0304772, 0.0343607, 0.0380897, 0.0420268, 0.0459979, 0.0496763, 0.0581026, 0.0635566, 0.0664935, 0.0693896, 0.0720883, 0.0748225, 0.0778965, 0.0808135, 0.0827566, 0.0841454, 0.0864948]
num_agents: 30
time_individual_plan: 0.013548
time_first_plan: 0.00450686
num_max_agents_in_window_first_iteration: 2
num_recWAMPF: 20
timing_recWAMPF:
    total_RecWAMPF: 0.0715754
    num_windows: 117
    num_max_agents_in_window: 2
    timing_gari:
        total_GARI: 0.0597936
        time_path_btw_starts: 0.000573194
        Stage1:
            total_Stage1:0.0150897
            time_add_x_to_o: 0.0100135
            time_clear_x: 0.00217088
            timing_AStarSearchUntil:
                total_astar_search_until:0.00289133
                num_values_f_less_fmax:526
                ASU Exp:
                    total_ASUExp:0.00288594
                    time_top_o:0.000299705
                    time_check_in_c:0.000206791
                    time_add_parent:0.000147192
                    num_neighbors:1525
                    time_add_neighbors_to_o:0.00178594
        Stage2:
            total_Stage2:0.00992114
            num_len_path:94
            time_expanding_s:0.000243912
            timing_AStarSearchUntil:
                total_astar_search_until:0.00960173
                num_values_f_less_fmax:261
                ASU Exp:
                    total_ASUExp:0.00959723
                    time_top_o:0.000169963
                    time_check_in_c:0.000148063
                    time_add_parent:0.000290658
                    num_neighbors:6860
                    time_add_neighbors_to_o:0.00809589
        Stage3:
            total_Stage3:0.0341469
            num_until_goal_expanded:2993
            timing_S3Exp:
                total_S3Exp: 0.0241201
                time_top_o: 0.00161999
                time_check_in_c: 0.000925308
                time_add_parent: 0.00135877
                num_neighbors: 12243
                time_add_neighbors_to_o: 0.0135577
    timing_PIOW_overlapping:
        total_PIOW: 2.8941e-05
        num_windows: 171
        time_check_overlap: 1.5972e-05
        num_overlapping_windows: 0
        time_merge_windows: 0
        time_remove_window: 0
        time_remove_window: 0
        timing_PlanIn:
            total_PlanIn:0
            num_until_goal_expanded:0
            timing_expansions:
                total_S3Exp: 0
                time_top_o: 0
                time_check_in_c: 0
                time_add_parent: 0
                num_neighbors: 0
                time_add_neighbors_to_o: 0
    num_new_collisions: 3
    timing_PIOW_new_collisions:
        total_PIOW: 0.00346624
        num_windows: 6
        time_check_overlap: 8.03e-07
        num_overlapping_windows: 0
        time_merge_windows: 0
        time_remove_window: 0
        time_remove_window: 2.746e-06
        timing_PlanIn:
            total_PlanIn:0.00345309
            num_until_goal_expanded:153
            timing_expansions:
                total_S3Exp: 0.00343639
                time_top_o: 5.9823e-05
                time_check_in_c: 9.4528e-05
                time_add_parent: 0.000183112
                num_neighbors: 1419
                time_add_neighbors_to_o: 0.00235559
    num_windows_should_quit: 0
    time_should_quit: 9.532e-06
    time_remove_window: 0
Complete!
