Total time: 4.45159
is_optimal: false
optimality_bound: 1.00154
successive_bounds: [1.00369, 1.00246, 1.00185, 1.00185, 1.00185, 1.00154, 1.00154, 1.00154, 1.00154, 1.00154, 1.00154, 1.00154, 1.00154, 1.00154]
successive_runtimes: [1.7841, 2.61108, 3.35881, 4.25947, 4.26814, 4.29108, 4.30563, 4.32111, 4.33355, 4.34768, 4.37531, 4.39425, 4.4133, 4.45159]
num_agents: 50
time_individual_plan: 0.0189797
time_first_plan: 1.76373
num_max_agents_in_window_first_iteration: 4
num_recWAMPF: 14
timing_recWAMPF:
    total_RecWAMPF: 4.43122
    num_windows: 126
    num_max_agents_in_window: 5
    timing_gari:
        total_GARI: 1.88744
        time_path_btw_starts: 0.000529663
        Stage1:
            total_Stage1:0.256854
            time_add_x_to_o: 0.182316
            time_clear_x: 0.0415874
            timing_AStarSearchUntil:
                total_astar_search_until:0.032939
                num_values_f_less_fmax:1312
                ASU Exp:
                    total_ASUExp:0.032934
                    time_top_o:0.000654348
                    time_check_in_c:0.000855822
                    time_add_parent:0.000564709
                    num_neighbors:43820
                    time_add_neighbors_to_o:0.0293176
        Stage2:
            total_Stage2:0.0468297
            num_len_path:106
            time_expanding_s:0.00284614
            timing_AStarSearchUntil:
                total_astar_search_until:0.0439139
                num_values_f_less_fmax:284
                ASU Exp:
                    total_ASUExp:0.0439102
                    time_top_o:0.000132554
                    time_check_in_c:9.7818e-05
                    time_add_parent:0.0012883
                    num_neighbors:43483
                    time_add_neighbors_to_o:0.0310269
        Stage3:
            total_Stage3:1.58256
            num_until_goal_expanded:4136
            timing_S3Exp:
                total_S3Exp: 1.12326
                time_top_o: 0.00370868
                time_check_in_c: 0.00135304
                time_add_parent: 0.00375701
                num_neighbors: 983499
                time_add_neighbors_to_o: 1.04725
    timing_PIOW_overlapping:
        total_PIOW: 0.755135
        num_windows: 324
        time_check_overlap: 2.0195e-05
        num_overlapping_windows: 4
        time_merge_windows: 1.2336e-05
        time_remove_window: 1.975e-06
        time_remove_window: 1.2049e-05
        timing_PlanIn:
            total_PlanIn:0.755072
            num_until_goal_expanded:2174
            timing_expansions:
                total_S3Exp: 0.755054
                time_top_o: 0.00138535
                time_check_in_c: 0.000750034
                time_add_parent: 0.00205352
                num_neighbors: 772988
                time_add_neighbors_to_o: 0.71397
    num_new_collisions: 12
    timing_PIOW_new_collisions:
        total_PIOW: 1.77305
        num_windows: 116
        time_check_overlap: 8.239e-06
        num_overlapping_windows: 4
        time_merge_windows: 4.973e-06
        time_remove_window: 2.54589
        time_remove_window: 1.2518e-05
        timing_PlanIn:
            total_PlanIn:1.77297
            num_until_goal_expanded:21298
            timing_expansions:
                total_S3Exp: 0.25334
                time_top_o: 0.0251731
                time_check_in_c: 0.00848997
                time_add_parent: 0.0213844
                num_neighbors: 1608417
                time_add_neighbors_to_o: 1.3654
    num_windows_should_quit: 0
    time_should_quit: 1.1265e-05
    time_remove_window: 0
Complete!
