Total time: 0.0868856
is_optimal: true
optimality_bound: 1
successive_bounds: [1.00091, 1.00091, 1.00091, 1.00091, 1.00091, 1.00091, 1.00091, 1.00091, 1.00091, 1.00091, 1.00091, 1.00091, 1, 1]
successive_runtimes: [0.0187513, 0.0200046, 0.021275, 0.0244049, 0.0259314, 0.0273889, 0.0288751, 0.0303759, 0.0319592, 0.0334678, 0.0349961, 0.0364321, 0.0868855]
num_agents: 30
time_individual_plan: 0.0143588
time_first_plan: 0.00296751
num_max_agents_in_window_first_iteration: 2
num_recWAMPF: 13
timing_recWAMPF:
    total_RecWAMPF: 0.0710948
    num_windows: 50
    num_max_agents_in_window: 2
    timing_gari:
        total_GARI: 0.0615086
        time_path_btw_starts: 0.000357574
        Stage1:
            total_Stage1:0.00109071
            time_add_x_to_o: 0.000971255
            time_clear_x: 0.000107877
            timing_AStarSearchUntil:
                total_astar_search_until:5.206e-06
                num_values_f_less_fmax:0
                ASU Exp:
                    total_ASUExp:2.553e-06
                    time_top_o:0
                    time_check_in_c:0
                    time_add_parent:0
                    num_neighbors:0
                    time_add_neighbors_to_o:0
        Stage2:
            total_Stage2:0.0518537
            num_len_path:66
            time_expanding_s:0.00017878
            timing_AStarSearchUntil:
                total_astar_search_until:0.0516387
                num_values_f_less_fmax:1458
                ASU Exp:
                    total_ASUExp:0.0516364
                    time_top_o:0.00121383
                    time_check_in_c:0.00075006
                    time_add_parent:0.00157132
                    num_neighbors:35713
                    time_add_neighbors_to_o:0.0432899
        Stage3:
            total_Stage3:0.00817495
            num_until_goal_expanded:123
            timing_S3Exp:
                total_S3Exp: 0.00391445
                time_top_o: 6.8247e-05
                time_check_in_c: 7.618e-05
                time_add_parent: 0.000131212
                num_neighbors: 1790
                time_add_neighbors_to_o: 0.00279983
    timing_PIOW_overlapping:
        total_PIOW: 8.087e-06
        num_windows: 48
        time_check_overlap: 3.907e-06
        num_overlapping_windows: 0
        time_merge_windows: 0
        time_remove_window: 0
        time_remove_window: 0
        timing_PlanIn:
            total_PlanIn:0
            num_until_goal_expanded:0
            timing_expansions:
                total_S3Exp: 0
                time_top_o: 0
                time_check_in_c: 0
                time_add_parent: 0
                num_neighbors: 0
                time_add_neighbors_to_o: 0
    num_new_collisions: 2
    timing_PIOW_new_collisions:
        total_PIOW: 0.00198706
        num_windows: 2
        time_check_overlap: 5.89e-07
        num_overlapping_windows: 0
        time_merge_windows: 0
        time_remove_window: 0
        time_remove_window: 2.341e-06
        timing_PlanIn:
            total_PlanIn:0.00197691
            num_until_goal_expanded:45
            timing_expansions:
                total_S3Exp: 0.0019596
                time_top_o: 2.4103e-05
                time_check_in_c: 3.4292e-05
                time_add_parent: 5.8179e-05
                num_neighbors: 925
                time_add_neighbors_to_o: 0.00159433
    num_windows_should_quit: 0
    time_should_quit: 4.996e-06
    time_remove_window: 0
Complete!
