Total time: 0.0816017
is_optimal: false
optimality_bound: 1.00316
successive_bounds: [1.00316, 1.00316, 1.00316, 1.00316, 1.00474, 1.00316, 1.00316, 1.00316]
successive_runtimes: [0.0111659, 0.017533, 0.0264718, 0.0351088, 0.0452461, 0.0557219, 0.0676572, 0.0816016]
num_agents: 20
time_individual_plan: 0.0069942
time_first_plan: 0.0028814
num_max_agents_in_window_first_iteration: 2
num_recWAMPF: 8
timing_recWAMPF:
    total_RecWAMPF: 0.0733134
    num_windows: 30
    num_max_agents_in_window: 2
    timing_gari:
        total_GARI: 0.0678305
        time_path_btw_starts: 0.000180816
        Stage1:
            total_Stage1:0.0349778
            time_add_x_to_o: 0.0129093
            time_clear_x: 0.00211097
            timing_AStarSearchUntil:
                total_astar_search_until:0.019953
                num_values_f_less_fmax:5141
                ASU Exp:
                    total_ASUExp:0.0199512
                    time_top_o:0.00308914
                    time_check_in_c:0.00140218
                    time_add_parent:0.00104806
                    num_neighbors:10136
                    time_add_neighbors_to_o:0.0106611
        Stage2:
            total_Stage2:0.00730158
            num_len_path:33
            time_expanding_s:3.1364e-05
            timing_AStarSearchUntil:
                total_astar_search_until:0.00725143
                num_values_f_less_fmax:212
                ASU Exp:
                    total_ASUExp:0.00724997
                    time_top_o:0.00011304
                    time_check_in_c:0.000121716
                    time_add_parent:0.000206115
                    num_neighbors:5751
                    time_add_neighbors_to_o:0.00621906
        Stage3:
            total_Stage3:0.02535
            num_until_goal_expanded:2004
            timing_S3Exp:
                total_S3Exp: 0.0217612
                time_top_o: 0.00117592
                time_check_in_c: 0.000877799
                time_add_parent: 0.00153902
                num_neighbors: 11382
                time_add_neighbors_to_o: 0.0131344
    timing_PIOW_overlapping:
        total_PIOW: 4.479e-06
        num_windows: 28
        time_check_overlap: 2.448e-06
        num_overlapping_windows: 0
        time_merge_windows: 0
        time_remove_window: 0
        time_remove_window: 0
        timing_PlanIn:
            total_PlanIn:0
            num_until_goal_expanded:0
            timing_expansions:
                total_S3Exp: 0
                time_top_o: 0
                time_check_in_c: 0
                time_add_parent: 0
                num_neighbors: 0
                time_add_neighbors_to_o: 0
    num_new_collisions: 3
    timing_PIOW_new_collisions:
        total_PIOW: 0.00349371
        num_windows: 5
        time_check_overlap: 1.035e-06
        num_overlapping_windows: 1
        time_merge_windows: 0
        time_remove_window: 0.0254155
        time_remove_window: 2.773e-06
        timing_PlanIn:
            total_PlanIn:0.00347278
            num_until_goal_expanded:140
            timing_expansions:
                total_S3Exp: 0.0034569
                time_top_o: 5.2688e-05
                time_check_in_c: 8.7667e-05
                time_add_parent: 0.000166996
                num_neighbors: 1686
                time_add_neighbors_to_o: 0.00246081
    num_windows_should_quit: 0
    time_should_quit: 1.999e-06
    time_remove_window: 0
Complete!
