Total time: 0.0774585
is_optimal: true
optimality_bound: 1
successive_bounds: [1.0055, 1.0044, 1.0044, 1.0033, 1.0022, 1.0011, 1, 1]
successive_runtimes: [0.0181923, 0.0241507, 0.0316284, 0.039812, 0.0482145, 0.0562586, 0.0774584]
num_agents: 30
time_individual_plan: 0.0106146
time_first_plan: 0.00622842
num_max_agents_in_window_first_iteration: 2
num_recWAMPF: 7
timing_recWAMPF:
    total_RecWAMPF: 0.0654901
    num_windows: 60
    num_max_agents_in_window: 3
    timing_gari:
        total_GARI: 0.0367257
        time_path_btw_starts: 0.000367537
        Stage1:
            total_Stage1:0.0200497
            time_add_x_to_o: 0.00676034
            time_clear_x: 0.00104131
            timing_AStarSearchUntil:
                total_astar_search_until:0.0122406
                num_values_f_less_fmax:1378
                ASU Exp:
                    total_ASUExp:0.0122381
                    time_top_o:0.000896862
                    time_check_in_c:0.000562705
                    time_add_parent:0.000419282
                    num_neighbors:7542
                    time_add_neighbors_to_o:0.00848091
        Stage2:
            total_Stage2:0.00428396
            num_len_path:53
            time_expanding_s:8.8569e-05
            timing_AStarSearchUntil:
                total_astar_search_until:0.00416025
                num_values_f_less_fmax:108
                ASU Exp:
                    total_ASUExp:0.004158
                    time_top_o:6.187e-05
                    time_check_in_c:7.3388e-05
                    time_add_parent:0.000160697
                    num_neighbors:2876
                    time_add_neighbors_to_o:0.00348307
        Stage3:
            total_Stage3:0.00816768
            num_until_goal_expanded:412
            timing_S3Exp:
                total_S3Exp: 0.0055234
                time_top_o: 0.000226275
                time_check_in_c: 0.000187168
                time_add_parent: 0.000315424
                num_neighbors: 2674
                time_add_neighbors_to_o: 0.00325354
    timing_PIOW_overlapping:
        total_PIOW: 0.0198137
        num_windows: 149
        time_check_overlap: 1.1369e-05
        num_overlapping_windows: 3
        time_merge_windows: 9.579e-06
        time_remove_window: 1.137e-06
        time_remove_window: 9.307e-06
        timing_PlanIn:
            total_PlanIn:0.0197733
            num_until_goal_expanded:254
            timing_expansions:
                total_S3Exp: 0.0197578
                time_top_o: 0.000116044
                time_check_in_c: 0.000112968
                time_add_parent: 0.00025435
                num_neighbors: 12307
                time_add_neighbors_to_o: 0.0175599
    num_new_collisions: 5
    timing_PIOW_new_collisions:
        total_PIOW: 0.00450029
        num_windows: 20
        time_check_overlap: 2.037e-06
        num_overlapping_windows: 0
        time_merge_windows: 0
        time_remove_window: 0
        time_remove_window: 4.042e-06
        timing_PlanIn:
            total_PlanIn:0.00447879
            num_until_goal_expanded:164
            timing_expansions:
                total_S3Exp: 0.00444862
                time_top_o: 6.7881e-05
                time_check_in_c: 9.7526e-05
                time_add_parent: 0.000190015
                num_neighbors: 1999
                time_add_neighbors_to_o: 0.00329075
    num_windows_should_quit: 0
    time_should_quit: 5.051e-06
    time_remove_window: 0
Complete!
