Total time: 0.416858
is_optimal: true
optimality_bound: 1
successive_bounds: [1.00178, 1.00178, 1.00178, 1.00178, 1.00178, 1.00178, 1.00178, 1.00178, 1.00178, 1.00089, 1.00089, 1, 1]
successive_runtimes: [0.0241625, 0.038861, 0.057124, 0.0768893, 0.0968149, 0.117083, 0.138997, 0.16026, 0.182532, 0.211201, 0.246359, 0.416858]
num_agents: 30
time_individual_plan: 0.0152732
time_first_plan: 0.00737279
num_max_agents_in_window_first_iteration: 3
num_recWAMPF: 12
timing_recWAMPF:
    total_RecWAMPF: 0.400061
    num_windows: 68
    num_max_agents_in_window: 4
    timing_gari:
        total_GARI: 0.261405
        time_path_btw_starts: 0.000396942
        Stage1:
            total_Stage1:0.164724
            time_add_x_to_o: 0.0480018
            time_clear_x: 0.00979752
            timing_AStarSearchUntil:
                total_astar_search_until:0.106915
                num_values_f_less_fmax:3001
                ASU Exp:
                    total_ASUExp:0.106913
                    time_top_o:0.00214475
                    time_check_in_c:0.00401657
                    time_add_parent:0.00311092
                    num_neighbors:118359
                    time_add_neighbors_to_o:0.0939267
        Stage2:
            total_Stage2:0.0127605
            num_len_path:69
            time_expanding_s:6.3761e-05
            timing_AStarSearchUntil:
                total_astar_search_until:0.0126522
                num_values_f_less_fmax:150
                ASU Exp:
                    total_ASUExp:0.01265
                    time_top_o:8.1188e-05
                    time_check_in_c:7.6938e-05
                    time_add_parent:0.000146554
                    num_neighbors:11876
                    time_add_neighbors_to_o:0.0118086
        Stage3:
            total_Stage3:0.0834817
            num_until_goal_expanded:1562
            timing_S3Exp:
                total_S3Exp: 0.0605704
                time_top_o: 0.00100678
                time_check_in_c: 0.000549669
                time_add_parent: 0.00105967
                num_neighbors: 61583
                time_add_neighbors_to_o: 0.0527425
    timing_PIOW_overlapping:
        total_PIOW: 0.127621
        num_windows: 101
        time_check_overlap: 7.249e-06
        num_overlapping_windows: 1
        time_merge_windows: 3.73e-06
        time_remove_window: 9.03e-07
        time_remove_window: 3.665e-06
        timing_PlanIn:
            total_PlanIn:0.127596
            num_until_goal_expanded:249
            timing_expansions:
                total_S3Exp: 0.12759
                time_top_o: 0.000199521
                time_check_in_c: 0.000111742
                time_add_parent: 0.000250004
                num_neighbors: 120845
                time_add_neighbors_to_o: 0.121547
    num_new_collisions: 4
    timing_PIOW_new_collisions:
        total_PIOW: 0.00623909
        num_windows: 13
        time_check_overlap: 1.56e-06
        num_overlapping_windows: 1
        time_merge_windows: 0
        time_remove_window: 0.0190479
        time_remove_window: 7.073e-06
        timing_PlanIn:
            total_PlanIn:0.00621466
            num_until_goal_expanded:97
            timing_expansions:
                total_S3Exp: 0.00619134
                time_top_o: 5.4181e-05
                time_check_in_c: 6.7228e-05
                time_add_parent: 0.000134627
                num_neighbors: 3011
                time_add_neighbors_to_o: 0.00516549
    num_windows_should_quit: 0
    time_should_quit: 5.155e-06
    time_remove_window: 0
Complete!
