Total time: 0.129296
is_optimal: true
optimality_bound: 1
successive_bounds: [1.00512, 1.00512, 1.00512, 1.00512, 1.00512, 1.00512, 1.00256, 1.00256, 1.00256, 1.00256, 1.00256, 1.00256, 1.00256, 1.00256, 1.00256, 1.00256, 1.00256, 1.00256, 1, 1]
successive_runtimes: [0.00824947, 0.0102335, 0.0126202, 0.0153083, 0.0184346, 0.0219121, 0.0259944, 0.0337626, 0.044192, 0.0541461, 0.0630178, 0.0719048, 0.0805009, 0.088945, 0.0972388, 0.105244, 0.112996, 0.120832, 0.129296]
num_agents: 10
time_individual_plan: 0.0061781
time_first_plan: 0.000991693
num_max_agents_in_window_first_iteration: 2
num_recWAMPF: 19
timing_recWAMPF:
    total_RecWAMPF: 0.122032
    num_windows: 74
    num_max_agents_in_window: 2
    timing_gari:
        total_GARI: 0.120314
        time_path_btw_starts: 0.000325353
        Stage1:
            total_Stage1:0.0691722
            time_add_x_to_o: 0.0221537
            time_clear_x: 0.00442786
            timing_AStarSearchUntil:
                total_astar_search_until:0.0425822
                num_values_f_less_fmax:9715
                ASU Exp:
                    total_ASUExp:0.0425787
                    time_top_o:0.00484301
                    time_check_in_c:0.00297815
                    time_add_parent:0.00252845
                    num_neighbors:32492
                    time_add_neighbors_to_o:0.0249222
        Stage2:
            total_Stage2:0.00589483
            num_len_path:74
            time_expanding_s:5.8085e-05
            timing_AStarSearchUntil:
                total_astar_search_until:0.00579861
                num_values_f_less_fmax:208
                ASU Exp:
                    total_ASUExp:0.00579579
                    time_top_o:9.7666e-05
                    time_check_in_c:9.2372e-05
                    time_add_parent:0.000172696
                    num_neighbors:5310
                    time_add_neighbors_to_o:0.00483707
        Stage3:
            total_Stage3:0.0448889
            num_until_goal_expanded:3945
            timing_S3Exp:
                total_S3Exp: 0.0320756
                time_top_o: 0.00182972
                time_check_in_c: 0.00137113
                time_add_parent: 0.00227582
                num_neighbors: 22419
                time_add_neighbors_to_o: 0.0185133
    timing_PIOW_overlapping:
        total_PIOW: 8.385e-06
        num_windows: 72
        time_check_overlap: 4.334e-06
        num_overlapping_windows: 0
        time_merge_windows: 0
        time_remove_window: 0
        time_remove_window: 0
        timing_PlanIn:
            total_PlanIn:0
            num_until_goal_expanded:0
            timing_expansions:
                total_S3Exp: 0
                time_top_o: 0
                time_check_in_c: 0
                time_add_parent: 0
                num_neighbors: 0
                time_add_neighbors_to_o: 0
    num_new_collisions: 2
    timing_PIOW_new_collisions:
        total_PIOW: 0.000901747
        num_windows: 2
        time_check_overlap: 3.58e-07
        num_overlapping_windows: 0
        time_merge_windows: 0
        time_remove_window: 0
        time_remove_window: 1.39e-06
        timing_PlanIn:
            total_PlanIn:0.00089531
            num_until_goal_expanded:59
            timing_expansions:
                total_S3Exp: 0.000886196
                time_top_o: 1.6044e-05
                time_check_in_c: 2.9038e-05
                time_add_parent: 5.5242e-05
                num_neighbors: 477
                time_add_neighbors_to_o: 0.000582289
    num_windows_should_quit: 0
    time_should_quit: 3.654e-06
    time_remove_window: 0
Complete!
