Total time: 68.6581
is_optimal: false
optimality_bound: 1.00142
successive_bounds: [1.00188, 1.00174, 1.00146, 1.00146, 1.00142]
successive_runtimes: [0.83567, 65.2185, 66.1236, 67.2696, 68.6581]
num_agents: 160
time_individual_plan: 0.376814
time_first_plan: 0.458011
num_max_agents_in_window_first_iteration: 3
num_recWAMPF: 5
timing_recWAMPF:
    total_RecWAMPF: 68.2805
    num_windows: 334
    num_max_agents_in_window: 3
    timing_gari:
        total_GARI: 3.56181
        time_path_btw_starts: 0.00149293
        Stage1:
            total_Stage1:2.69112
            time_add_x_to_o: 0.790419
            time_clear_x: 0.194353
            timing_AStarSearchUntil:
                total_astar_search_until:1.70633
                num_values_f_less_fmax:54812
                ASU Exp:
                    total_ASUExp:1.70631
                    time_top_o:0.0629483
                    time_check_in_c:0.0255716
                    time_add_parent:0.0249313
                    num_neighbors:1924197
                    time_add_neighbors_to_o:1.39383
        Stage2:
            total_Stage2:0.0369658
            num_len_path:320
            time_expanding_s:0.000508371
            timing_AStarSearchUntil:
                total_astar_search_until:0.0362814
                num_values_f_less_fmax:908
                ASU Exp:
                    total_ASUExp:0.0362726
                    time_top_o:0.000349124
                    time_check_in_c:0.00032588
                    time_add_parent:0.000690415
                    num_neighbors:45665
                    time_add_neighbors_to_o:0.0326323
        Stage3:
            total_Stage3:0.831745
            num_until_goal_expanded:22450
            timing_S3Exp:
                total_S3Exp: 0.394368
                time_top_o: 0.0144064
                time_check_in_c: 0.00757188
                time_add_parent: 0.0140687
                num_neighbors: 434818
                time_add_neighbors_to_o: 0.305906
    timing_PIOW_overlapping:
        total_PIOW: 64.1593
        num_windows: 5538
        time_check_overlap: 0.000164022
        num_overlapping_windows: 1
        time_merge_windows: 5.707e-06
        time_remove_window: 9.32e-07
        time_remove_window: 5.625e-06
        timing_PlanIn:
            total_PlanIn:64.1589
            num_until_goal_expanded:624268
            timing_expansions:
                total_S3Exp: 0.603005
                time_top_o: 0.711412
                time_check_in_c: 0.207645
                time_add_parent: 0.437814
                num_neighbors: 73081582
                time_add_neighbors_to_o: 50.2616
    num_new_collisions: 41
    timing_PIOW_new_collisions:
        total_PIOW: 0.136833
        num_windows: 1644
        time_check_overlap: 5.5226e-05
        num_overlapping_windows: 3
        time_merge_windows: 0
        time_remove_window: 66.3753
        time_remove_window: 5.9902e-05
        timing_PlanIn:
            total_PlanIn:0.136576
            num_until_goal_expanded:3398
            timing_expansions:
                total_S3Exp: 0.136356
                time_top_o: 0.0011512
                time_check_in_c: 0.00115482
                time_add_parent: 0.00238677
                num_neighbors: 141159
                time_add_neighbors_to_o: 0.116701
    num_windows_should_quit: 0
    time_should_quit: 3.9746e-05
    time_remove_window: 0
Complete!
