Total time: 0.085276
is_optimal: true
optimality_bound: 1
successive_bounds: [1.00091, 1.00091, 1.00091, 1.00091, 1.00091, 1.00091, 1.00091, 1.00091, 1.00091, 1.00091, 1.00091, 1.00091, 1.00091, 1.00091, 1, 1]
successive_runtimes: [0.0173794, 0.0184434, 0.0196062, 0.0207732, 0.0219733, 0.0249815, 0.0264791, 0.027886, 0.0292831, 0.0307305, 0.0322263, 0.033668, 0.0351126, 0.0365004, 0.0852759]
num_agents: 30
time_individual_plan: 0.0136888
time_first_plan: 0.00227036
num_max_agents_in_window_first_iteration: 2
num_recWAMPF: 15
timing_recWAMPF:
    total_RecWAMPF: 0.0701596
    num_windows: 58
    num_max_agents_in_window: 2
    timing_gari:
        total_GARI: 0.060471
        time_path_btw_starts: 0.000411268
        Stage1:
            total_Stage1:0.00112927
            time_add_x_to_o: 0.00100226
            time_clear_x: 0.000114596
            timing_AStarSearchUntil:
                total_astar_search_until:5.459e-06
                num_values_f_less_fmax:0
                ASU Exp:
                    total_ASUExp:2.579e-06
                    time_top_o:0
                    time_check_in_c:0
                    time_add_parent:0
                    num_neighbors:0
                    time_add_neighbors_to_o:0
        Stage2:
            total_Stage2:0.0503818
            num_len_path:75
            time_expanding_s:0.000165354
            timing_AStarSearchUntil:
                total_astar_search_until:0.0501772
                num_values_f_less_fmax:1471
                ASU Exp:
                    total_ASUExp:0.0501746
                    time_top_o:0.00117575
                    time_check_in_c:0.000727481
                    time_add_parent:0.00154399
                    num_neighbors:35971
                    time_add_neighbors_to_o:0.0420382
        Stage3:
            total_Stage3:0.00851144
            num_until_goal_expanded:138
            timing_S3Exp:
                total_S3Exp: 0.00412434
                time_top_o: 7.1308e-05
                time_check_in_c: 6.4362e-05
                time_add_parent: 0.000156762
                num_neighbors: 1944
                time_add_neighbors_to_o: 0.00293233
    timing_PIOW_overlapping:
        total_PIOW: 9.385e-06
        num_windows: 56
        time_check_overlap: 4.648e-06
        num_overlapping_windows: 0
        time_merge_windows: 0
        time_remove_window: 0
        time_remove_window: 0
        timing_PlanIn:
            total_PlanIn:0
            num_until_goal_expanded:0
            timing_expansions:
                total_S3Exp: 0
                time_top_o: 0
                time_check_in_c: 0
                time_add_parent: 0
                num_neighbors: 0
                time_add_neighbors_to_o: 0
    num_new_collisions: 2
    timing_PIOW_new_collisions:
        total_PIOW: 0.00134327
        num_windows: 2
        time_check_overlap: 1.794e-06
        num_overlapping_windows: 0
        time_merge_windows: 0
        time_remove_window: 0
        time_remove_window: 1.731e-06
        timing_PlanIn:
            total_PlanIn:0.00133204
            num_until_goal_expanded:32
            timing_expansions:
                total_S3Exp: 0.00131935
                time_top_o: 1.6364e-05
                time_check_in_c: 2.1089e-05
                time_add_parent: 4.0242e-05
                num_neighbors: 655
                time_add_neighbors_to_o: 0.00107785
    num_windows_should_quit: 0
    time_should_quit: 5.137e-06
    time_remove_window: 0
Complete!
