Total time: 0.441533
is_optimal: true
optimality_bound: 1
successive_bounds: [1.00631, 1.00631, 1.00483, 1.00483, 1.00483, 1.00408, 1.00408, 1.00408, 1.00334, 1.00334, 1.0026, 1.00149, 1.00149, 1.00149, 1.00149, 1.00149, 1.00149, 1.00149, 1.00149, 1.00149, 1.00149, 1.00074, 1, 1]
successive_runtimes: [0.0325663, 0.0455367, 0.0616968, 0.077614, 0.093403, 0.112973, 0.128358, 0.148799, 0.173257, 0.198269, 0.220116, 0.237959, 0.254647, 0.271567, 0.287554, 0.303641, 0.320493, 0.338536, 0.357073, 0.377167, 0.39705, 0.418778, 0.441533]
num_agents: 40
time_individual_plan: 0.0179419
time_first_plan: 0.0131071
num_max_agents_in_window_first_iteration: 2
num_recWAMPF: 23
timing_recWAMPF:
    total_RecWAMPF: 0.422066
    num_windows: 495
    num_max_agents_in_window: 2
    timing_gari:
        total_GARI: 0.394504
        time_path_btw_starts: 0.00206686
        Stage1:
            total_Stage1:0.213257
            time_add_x_to_o: 0.0757838
            time_clear_x: 0.0144394
            timing_AStarSearchUntil:
                total_astar_search_until:0.122992
                num_values_f_less_fmax:21791
                ASU Exp:
                    total_ASUExp:0.122973
                    time_top_o:0.0112727
                    time_check_in_c:0.00780915
                    time_add_parent:0.00655471
                    num_neighbors:115373
                    time_add_neighbors_to_o:0.0804352
        Stage2:
            total_Stage2:0.0403282
            num_len_path:478
            time_expanding_s:0.000472097
            timing_AStarSearchUntil:
                total_astar_search_until:0.0395744
                num_values_f_less_fmax:1335
                ASU Exp:
                    total_ASUExp:0.0395576
                    time_top_o:0.000679235
                    time_check_in_c:0.000670756
                    time_add_parent:0.00117285
                    num_neighbors:35530
                    time_add_neighbors_to_o:0.0330982
        Stage3:
            total_Stage3:0.138652
            num_until_goal_expanded:7251
            timing_S3Exp:
                total_S3Exp: 0.074356
                time_top_o: 0.00348264
                time_check_in_c: 0.00278691
                time_add_parent: 0.00442519
                num_neighbors: 46872
                time_add_neighbors_to_o: 0.0441288
    timing_PIOW_overlapping:
        total_PIOW: 0.000242182
        num_windows: 2662
        time_check_overlap: 0.000147183
        num_overlapping_windows: 0
        time_merge_windows: 0
        time_remove_window: 0
        time_remove_window: 0
        timing_PlanIn:
            total_PlanIn:0
            num_until_goal_expanded:0
            timing_expansions:
                total_S3Exp: 0
                time_top_o: 0
                time_check_in_c: 0
                time_add_parent: 0
                num_neighbors: 0
                time_add_neighbors_to_o: 0
    num_new_collisions: 11
    timing_PIOW_new_collisions:
        total_PIOW: 0.00724189
        num_windows: 110
        time_check_overlap: 9.273e-06
        num_overlapping_windows: 0
        time_merge_windows: 0
        time_remove_window: 0
        time_remove_window: 9.666e-06
        timing_PlanIn:
            total_PlanIn:0.00718355
            num_until_goal_expanded:264
            timing_expansions:
                total_S3Exp: 0.00712929
                time_top_o: 0.000107699
                time_check_in_c: 0.000194005
                time_add_parent: 0.000366035
                num_neighbors: 2543
                time_add_neighbors_to_o: 0.00490532
    num_windows_should_quit: 0
    time_should_quit: 3.6448e-05
    time_remove_window: 0
Complete!
