Total time: 1.69158
is_optimal: true
optimality_bound: 1
successive_bounds: [1.00191, 1.00191, 1.00191, 1.00191, 1.00191, 1.00191, 1.00191, 1.00096, 1.00096, 1.00096, 1.00096, 1.00096, 1.00096, 1.00096, 1.00096, 1.00096, 1.00096, 1.00096, 1.00096, 1.00096, 1.00096, 1.00096, 1.00096, 1.00096, 1.00096, 1.00096, 1.00096, 1.00096, 1.00096, 1.00096, 1.00096, 1.00096, 1.00096, 1.00096, 1.00096, 1.00096, 1.00096, 1.00096, 1, 1]
successive_runtimes: [0.0251269, 0.0296415, 0.0335958, 0.0375949, 0.0415797, 0.0456637, 0.0512337, 0.0567725, 0.0607018, 0.0643504, 0.0679765, 0.0716522, 0.0752405, 0.0787676, 0.0823317, 0.119656, 0.164364, 0.203393, 0.231838, 0.25293, 0.271681, 0.293304, 0.321264, 0.348559, 0.373773, 0.404617, 0.442174, 0.484422, 0.533102, 0.772659, 0.831056, 0.895433, 0.95603, 1.00507, 1.04966, 1.29213, 1.33829, 1.38523, 1.69158]
num_agents: 30
time_individual_plan: 0.0152298
time_first_plan: 0.00830029
num_max_agents_in_window_first_iteration: 2
num_recWAMPF: 39
timing_recWAMPF:
    total_RecWAMPF: 1.67474
    num_windows: 219
    num_max_agents_in_window: 2
    timing_gari:
        total_GARI: 1.16468
        time_path_btw_starts: 0.00178898
        Stage1:
            total_Stage1:0.901061
            time_add_x_to_o: 0.218468
            time_clear_x: 0.0551304
            timing_AStarSearchUntil:
                total_astar_search_until:0.371875
                num_values_f_less_fmax:50409
                ASU Exp:
                    total_ASUExp:0.371865
                    time_top_o:0.0361921
                    time_check_in_c:0.0212139
                    time_add_parent:0.0257959
                    num_neighbors:703933
                    time_add_neighbors_to_o:0.486222
        Stage2:
            total_Stage2:0.0655643
            num_len_path:229
            time_expanding_s:0.000368296
            timing_AStarSearchUntil:
                total_astar_search_until:0.0650286
                num_values_f_less_fmax:2094
                ASU Exp:
                    total_ASUExp:0.0650215
                    time_top_o:0.00124738
                    time_check_in_c:0.00113256
                    time_add_parent:0.00177893
                    num_neighbors:58337
                    time_add_neighbors_to_o:0.055015
        Stage3:
            total_Stage3:0.196142
            num_until_goal_expanded:4711
            timing_S3Exp:
                total_S3Exp: 0.0473692
                time_top_o: 0.00249494
                time_check_in_c: 0.00138276
                time_add_parent: 0.00246932
                num_neighbors: 23709
                time_add_neighbors_to_o: 0.0205458
    timing_PIOW_overlapping:
        total_PIOW: 5.2216e-05
        num_windows: 312
        time_check_overlap: 2.9795e-05
        num_overlapping_windows: 0
        time_merge_windows: 0
        time_remove_window: 0
        time_remove_window: 0
        timing_PlanIn:
            total_PlanIn:0
            num_until_goal_expanded:0
            timing_expansions:
                total_S3Exp: 0
                time_top_o: 0
                time_check_in_c: 0
                time_add_parent: 0
                num_neighbors: 0
                time_add_neighbors_to_o: 0
    num_new_collisions: 3
    timing_PIOW_new_collisions:
        total_PIOW: 0.00678284
        num_windows: 6
        time_check_overlap: 1.359e-06
        num_overlapping_windows: 0
        time_merge_windows: 0
        time_remove_window: 0
        time_remove_window: 3.172e-06
        timing_PlanIn:
            total_PlanIn:0.00676737
            num_until_goal_expanded:214
            timing_expansions:
                total_S3Exp: 0.00674803
                time_top_o: 0.000112034
                time_check_in_c: 0.000144879
                time_add_parent: 0.000300331
                num_neighbors: 2997
                time_add_neighbors_to_o: 0.00503738
    num_windows_should_quit: 1
    time_should_quit: 1.9487e-05
    time_remove_window: 4.71e-07
Complete!
