Total time: 17.0077
is_optimal: true
optimality_bound: 1
successive_bounds: [1.00491, 1.00491, 1.00368, 1.00307, 1.00307, 1.00307, 1.00307, 1.00061, 1.00061, 1.00061, 1.00061, 1.00061, 1.00061, 1.00061, 1.00061, 1, 1]
successive_runtimes: [0.0191086, 0.0247224, 0.0298777, 0.0352568, 0.0404377, 0.0478223, 0.0547704, 0.0732002, 0.0778344, 0.0808257, 0.0837154, 0.086605, 0.0897586, 0.0930534, 0.0961002, 17.0077]
num_agents: 30
time_individual_plan: 0.012637
time_first_plan: 0.00475949
num_max_agents_in_window_first_iteration: 2
num_recWAMPF: 16
timing_recWAMPF:
    total_RecWAMPF: 16.9933
    num_windows: 185
    num_max_agents_in_window: 4
    timing_gari:
        total_GARI: 0.0753049
        time_path_btw_starts: 0.00104412
        Stage1:
            total_Stage1:0.0226101
            time_add_x_to_o: 0.0123481
            time_clear_x: 0.00187148
            timing_AStarSearchUntil:
                total_astar_search_until:0.00836767
                num_values_f_less_fmax:2067
                ASU Exp:
                    total_ASUExp:0.00835834
                    time_top_o:0.00128755
                    time_check_in_c:0.000870456
                    time_add_parent:0.000556564
                    num_neighbors:3086
                    time_add_neighbors_to_o:0.00386135
        Stage2:
            total_Stage2:0.025826
            num_len_path:189
            time_expanding_s:0.000253988
            timing_AStarSearchUntil:
                total_astar_search_until:0.0254418
                num_values_f_less_fmax:635
                ASU Exp:
                    total_ASUExp:0.0254341
                    time_top_o:0.000464946
                    time_check_in_c:0.000382076
                    time_add_parent:0.000793286
                    num_neighbors:16390
                    time_add_neighbors_to_o:0.0213606
        Stage3:
            total_Stage3:0.0257135
            num_until_goal_expanded:961
            timing_S3Exp:
                total_S3Exp: 0.0135073
                time_top_o: 0.000584207
                time_check_in_c: 0.000453804
                time_add_parent: 0.000782085
                num_neighbors: 5213
                time_add_neighbors_to_o: 0.00745147
    timing_PIOW_overlapping:
        total_PIOW: 8.391e-05
        num_windows: 540
        time_check_overlap: 4.8305e-05
        num_overlapping_windows: 0
        time_merge_windows: 0
        time_remove_window: 0
        time_remove_window: 0
        timing_PlanIn:
            total_PlanIn:0
            num_until_goal_expanded:0
            timing_expansions:
                total_S3Exp: 0
                time_top_o: 0
                time_check_in_c: 0
                time_add_parent: 0
                num_neighbors: 0
                time_add_neighbors_to_o: 0
    num_new_collisions: 7
    timing_PIOW_new_collisions:
        total_PIOW: 16.9115
        num_windows: 46
        time_check_overlap: 6.708e-06
        num_overlapping_windows: 2
        time_merge_windows: 0
        time_remove_window: 0.201842
        time_remove_window: 6.208e-06
        timing_PlanIn:
            total_PlanIn:16.9114
            num_until_goal_expanded:48501
            timing_expansions:
                total_S3Exp: 16.9114
                time_top_o: 0.0985762
                time_check_in_c: 0.0237789
                time_add_parent: 0.0562536
                num_neighbors: 18440656
                time_add_neighbors_to_o: 15.9296
    num_windows_should_quit: 0
    time_should_quit: 1.4165e-05
    time_remove_window: 0
Complete!
