Total time: 16.0285
is_optimal: false
optimality_bound: 1.00157
successive_bounds: [1.00785, 1.00576, 1.00471, 1.00366, 1.00262, 1.00262, 1.00262, 1.00262, 1.00262, 1.00209, 1.00209, 1.00209, 1.00209, 1.00157, 1.00157, 1.00157, 1.00157]
successive_runtimes: [0.0166687, 0.0277122, 0.0373046, 0.0465164, 0.0545637, 0.0606317, 0.0663654, 0.0718577, 0.0779984, 0.291561, 0.347365, 0.391524, 0.462608, 3.99396, 7.92354, 12.2489, 16.0285]
num_agents: 30
time_individual_plan: 0.00889975
time_first_plan: 0.00665989
num_max_agents_in_window_first_iteration: 2
num_recWAMPF: 17
timing_recWAMPF:
    total_RecWAMPF: 16.0184
    num_windows: 273
    num_max_agents_in_window: 4
    timing_gari:
        total_GARI: 12.3419
        time_path_btw_starts: 0.00120194
        Stage1:
            total_Stage1:10.4141
            time_add_x_to_o: 2.50288
            time_clear_x: 1.18286
            timing_AStarSearchUntil:
                total_astar_search_until:6.72831
                num_values_f_less_fmax:38357
                ASU Exp:
                    total_ASUExp:6.7283
                    time_top_o:0.077502
                    time_check_in_c:0.0273876
                    time_add_parent:0.0369648
                    num_neighbors:8282953
                    time_add_neighbors_to_o:6.42518
        Stage2:
            total_Stage2:0.019304
            num_len_path:295
            time_expanding_s:0.000285803
            timing_AStarSearchUntil:
                total_astar_search_until:0.0188596
                num_values_f_less_fmax:609
                ASU Exp:
                    total_ASUExp:0.0188507
                    time_top_o:0.000246491
                    time_check_in_c:0.000241192
                    time_add_parent:0.000481713
                    num_neighbors:19035
                    time_add_neighbors_to_o:0.0163306
        Stage3:
            total_Stage3:1.90332
            num_until_goal_expanded:3179
            timing_S3Exp:
                total_S3Exp: 0.0699798
                time_top_o: 0.00164704
                time_check_in_c: 0.0010188
                time_add_parent: 0.00182704
                num_neighbors: 59506
                time_add_neighbors_to_o: 0.0506185
    timing_PIOW_overlapping:
        total_PIOW: 3.66446
        num_windows: 1117
        time_check_overlap: 5.5199e-05
        num_overlapping_windows: 2
        time_merge_windows: 6.489e-06
        time_remove_window: 1.365e-06
        time_remove_window: 6.238e-06
        timing_PlanIn:
            total_PlanIn:3.66435
            num_until_goal_expanded:11576
            timing_expansions:
                total_S3Exp: 3.66434
                time_top_o: 0.0150764
                time_check_in_c: 0.00499745
                time_add_parent: 0.0114898
                num_neighbors: 4015957
                time_add_neighbors_to_o: 3.44596
    num_new_collisions: 9
    timing_PIOW_new_collisions:
        total_PIOW: 0.00445435
        num_windows: 72
        time_check_overlap: 4.241e-06
        num_overlapping_windows: 0
        time_merge_windows: 0
        time_remove_window: 0
        time_remove_window: 5.931e-06
        timing_PlanIn:
            total_PlanIn:0.00442364
            num_until_goal_expanded:250
            timing_expansions:
                total_S3Exp: 0.00439034
                time_top_o: 6.6614e-05
                time_check_in_c: 0.000116811
                time_add_parent: 0.000233364
                num_neighbors: 2352
                time_add_neighbors_to_o: 0.00297355
    num_windows_should_quit: 0
    time_should_quit: 1.9045e-05
    time_remove_window: 0
Complete!
