Total time: 0.34606
is_optimal: true
optimality_bound: 1
successive_bounds: [1.0026, 1.00087, 1.00087, 1.00087, 1.00087, 1.00087, 1.00087, 1.00087, 1.00087, 1.00087, 1.00087, 1.00087, 1.00087, 1.00087, 1.00087, 1.00087, 1.00087, 1.00087, 1.00087, 1.00087, 1.00087, 1.00087, 1.00087, 1.00087, 1.00087, 1, 1]
successive_runtimes: [0.0299454, 0.0404456, 0.0447185, 0.0513928, 0.0560601, 0.0609084, 0.065777, 0.0724569, 0.0774081, 0.0827023, 0.0880221, 0.0931461, 0.0983645, 0.108427, 0.116306, 0.124803, 0.230019, 0.26129, 0.285039, 0.297674, 0.306053, 0.314201, 0.322107, 0.329907, 0.337601, 0.34606]
num_agents: 30
time_individual_plan: 0.018289
time_first_plan: 0.01006
num_max_agents_in_window_first_iteration: 3
num_recWAMPF: 26
timing_recWAMPF:
    total_RecWAMPF: 0.32616
    num_windows: 204
    num_max_agents_in_window: 3
    timing_gari:
        total_GARI: 0.305282
        time_path_btw_starts: 0.00166554
        Stage1:
            total_Stage1:0.085669
            time_add_x_to_o: 0.0288448
            time_clear_x: 0.00410855
            timing_AStarSearchUntil:
                total_astar_search_until:0.0526889
                num_values_f_less_fmax:3326
                ASU Exp:
                    total_ASUExp:0.0526796
                    time_top_o:0.00272521
                    time_check_in_c:0.00204746
                    time_add_parent:0.0028251
                    num_neighbors:36667
                    time_add_neighbors_to_o:0.0397564
        Stage2:
            total_Stage2:0.111268
            num_len_path:210
            time_expanding_s:0.000442493
            timing_AStarSearchUntil:
                total_astar_search_until:0.110667
                num_values_f_less_fmax:2739
                ASU Exp:
                    total_ASUExp:0.110659
                    time_top_o:0.00268785
                    time_check_in_c:0.00161058
                    time_add_parent:0.00351231
                    num_neighbors:72149
                    time_add_neighbors_to_o:0.0926389
        Stage3:
            total_Stage3:0.10653
            num_until_goal_expanded:572
            timing_S3Exp:
                total_S3Exp: 0.0213587
                time_top_o: 0.000320859
                time_check_in_c: 0.000257983
                time_add_parent: 0.00055412
                num_neighbors: 10288
                time_add_neighbors_to_o: 0.015339
    timing_PIOW_overlapping:
        total_PIOW: 7.1278e-05
        num_windows: 400
        time_check_overlap: 4.2878e-05
        num_overlapping_windows: 0
        time_merge_windows: 0
        time_remove_window: 0
        time_remove_window: 0
        timing_PlanIn:
            total_PlanIn:0
            num_until_goal_expanded:0
            timing_expansions:
                total_S3Exp: 0
                time_top_o: 0
                time_check_in_c: 0
                time_add_parent: 0
                num_neighbors: 0
                time_add_neighbors_to_o: 0
    num_new_collisions: 5
    timing_PIOW_new_collisions:
        total_PIOW: 0.00842587
        num_windows: 19
        time_check_overlap: 3.171e-06
        num_overlapping_windows: 1
        time_merge_windows: 0
        time_remove_window: 0.0230632
        time_remove_window: 6.741e-06
        timing_PlanIn:
            total_PlanIn:0.0083928
            num_until_goal_expanded:94
            timing_expansions:
                total_S3Exp: 0.00835539
                time_top_o: 5.2895e-05
                time_check_in_c: 6.9328e-05
                time_add_parent: 0.000143821
                num_neighbors: 3729
                time_add_neighbors_to_o: 0.00728276
    num_windows_should_quit: 0
    time_should_quit: 1.7996e-05
    time_remove_window: 0
Complete!
