Total time: 0.0380982
is_optimal: true
optimality_bound: 1
successive_bounds: [1.00201, 1.00201, 1.00201, 1.00201, 1.00201, 1.00201, 1.00201, 1.00201, 1.00201, 1.00201, 1.00201, 1.001, 1.001, 1.001, 1.001, 1.001, 1.001, 1.001, 1.001, 1.001, 1.001, 1.001, 1.001, 1.001, 1.001, 1.001, 1.001, 1.001, 1.001, 1, 1]
successive_runtimes: [0.0091143, 0.00987377, 0.0106046, 0.0113301, 0.0121057, 0.0128307, 0.0136595, 0.0145646, 0.0154661, 0.0163679, 0.0173217, 0.0186479, 0.0198996, 0.0211322, 0.0220902, 0.0230258, 0.0239997, 0.0249704, 0.0259081, 0.0268899, 0.0278649, 0.0289947, 0.0300743, 0.0311745, 0.0323132, 0.0332926, 0.034256, 0.0352296, 0.0362037, 0.0380982]
num_agents: 30
time_individual_plan: 0.00627977
time_first_plan: 0.0021277
num_max_agents_in_window_first_iteration: 2
num_recWAMPF: 30
timing_recWAMPF:
    total_RecWAMPF: 0.0311039
    num_windows: 177
    num_max_agents_in_window: 2
    timing_gari:
        total_GARI: 0.0227104
        time_path_btw_starts: 0.000544818
        Stage1:
            total_Stage1:0.002621
            time_add_x_to_o: 0.00202284
            time_clear_x: 0.000243983
            timing_AStarSearchUntil:
                total_astar_search_until:0.000343068
                num_values_f_less_fmax:18
                ASU Exp:
                    total_ASUExp:0.000338826
                    time_top_o:8.067e-06
                    time_check_in_c:1.5206e-05
                    time_add_parent:1.4258e-05
                    num_neighbors:411
                    time_add_neighbors_to_o:0.000258262
        Stage2:
            total_Stage2:0.00531208
            num_len_path:175
            time_expanding_s:0.000114646
            timing_AStarSearchUntil:
                total_astar_search_until:0.00513559
                num_values_f_less_fmax:259
                ASU Exp:
                    total_ASUExp:0.00513162
                    time_top_o:9.5003e-05
                    time_check_in_c:9.2333e-05
                    time_add_parent:0.000188348
                    num_neighbors:6288
                    time_add_neighbors_to_o:0.00417971
        Stage3:
            total_Stage3:0.0141779
            num_until_goal_expanded:283
            timing_S3Exp:
                total_S3Exp: 0.00490932
                time_top_o: 7.0846e-05
                time_check_in_c: 6.3894e-05
                time_add_parent: 0.000139272
                num_neighbors: 3535
                time_add_neighbors_to_o: 0.00307623
    timing_PIOW_overlapping:
        total_PIOW: 2.4395e-05
        num_windows: 261
        time_check_overlap: 1.2767e-05
        num_overlapping_windows: 0
        time_merge_windows: 0
        time_remove_window: 0
        time_remove_window: 0
        timing_PlanIn:
            total_PlanIn:0
            num_until_goal_expanded:0
            timing_expansions:
                total_S3Exp: 0
                time_top_o: 0
                time_check_in_c: 0
                time_add_parent: 0
                num_neighbors: 0
                time_add_neighbors_to_o: 0
    num_new_collisions: 3
    timing_PIOW_new_collisions:
        total_PIOW: 0.0017333
        num_windows: 6
        time_check_overlap: 7.73e-07
        num_overlapping_windows: 0
        time_merge_windows: 0
        time_remove_window: 0
        time_remove_window: 1.28e-06
        timing_PlanIn:
            total_PlanIn:0.00172552
            num_until_goal_expanded:77
            timing_expansions:
                total_S3Exp: 0.00171645
                time_top_o: 2.0671e-05
                time_check_in_c: 2.5225e-05
                time_add_parent: 5.1131e-05
                num_neighbors: 1729
                time_add_neighbors_to_o: 0.00141204
    num_windows_should_quit: 0
    time_should_quit: 5.098e-06
    time_remove_window: 0
Complete!
