Total time: 222.305
is_optimal: false
optimality_bound: 1.00875
successive_bounds: [1.01099, 1.01009, 1.01009, 1.01009, 1.01009, 1.01009, 1.00964, 1.00964, 1.00964, 1.00964, 1.00875, 1.00875, 1.00875, 1.00875]
successive_runtimes: [0.0709747, 0.107066, 0.112292, 0.116829, 6.06942, 20.8989, 45.8619, 66.2401, 87.8143, 109.971, 134.625, 161.135, 189.272, 222.305]
num_agents: 60
time_individual_plan: 0.0252335
time_first_plan: 0.0446978
num_max_agents_in_window_first_iteration: 3
num_recWAMPF: 14
timing_recWAMPF:
    total_RecWAMPF: 222.279
    num_windows: 233
    num_max_agents_in_window: 5
    timing_gari:
        total_GARI: 216.238
        time_path_btw_starts: 0.000933243
        Stage1:
            total_Stage1:151.954
            time_add_x_to_o: 30.8916
            time_clear_x: 14.4899
            timing_AStarSearchUntil:
                total_astar_search_until:106.572
                num_values_f_less_fmax:84936
                ASU Exp:
                    total_ASUExp:106.572
                    time_top_o:0.25445
                    time_check_in_c:1.3801
                    time_add_parent:0.250883
                    num_neighbors:125444756
                    time_add_neighbors_to_o:103.943
        Stage2:
            total_Stage2:0.501464
            num_len_path:215
            time_expanding_s:0.00296067
            timing_AStarSearchUntil:
                total_astar_search_until:0.498349
                num_values_f_less_fmax:2203
                ASU Exp:
                    total_ASUExp:0.498342
                    time_top_o:0.00126597
                    time_check_in_c:0.000783697
                    time_add_parent:0.00295612
                    num_neighbors:589598
                    time_add_neighbors_to_o:0.472186
        Stage3:
            total_Stage3:63.7819
            num_until_goal_expanded:7959
            timing_S3Exp:
                total_S3Exp: 11.1879
                time_top_o: 0.0209481
                time_check_in_c: 0.0089339
                time_add_parent: 1.18902
                num_neighbors: 11424461
                time_add_neighbors_to_o: 9.76191
    timing_PIOW_overlapping:
        total_PIOW: 0.106387
        num_windows: 1132
        time_check_overlap: 5.1805e-05
        num_overlapping_windows: 12
        time_merge_windows: 1.9209e-05
        time_remove_window: 3.276e-06
        time_remove_window: 1.8412e-05
        timing_PlanIn:
            total_PlanIn:0.106256
            num_until_goal_expanded:921
            timing_expansions:
                total_S3Exp: 0.106221
                time_top_o: 0.000358586
                time_check_in_c: 0.000339706
                time_add_parent: 0.000690903
                num_neighbors: 106878
                time_add_neighbors_to_o: 0.0977237
    num_new_collisions: 22
    timing_PIOW_new_collisions:
        total_PIOW: 5.90653
        num_windows: 430
        time_check_overlap: 1.8997e-05
        num_overlapping_windows: 2
        time_merge_windows: 0
        time_remove_window: 0.234992
        time_remove_window: 2.0946e-05
        timing_PlanIn:
            total_PlanIn:5.90643
            num_until_goal_expanded:3119
            timing_expansions:
                total_S3Exp: 5.90634
                time_top_o: 0.00513309
                time_check_in_c: 0.00150161
                time_add_parent: 0.00319717
                num_neighbors: 6798572
                time_add_neighbors_to_o: 5.63635
    num_windows_should_quit: 0
    time_should_quit: 2.0275e-05
    time_remove_window: 0
Complete!
