Total time: 1016.81
is_optimal: false
optimality_bound: 1.00091
successive_bounds: [1.00283, 1.00183, 1.00165, 1.00146, 1.00128, 1.00128, 1.00128, 1.00091, 1.00091, 1.00091, 1.00091, 1.00091, 1.00091]
successive_runtimes: [0.12156, 0.159053, 0.201749, 0.271223, 0.356495, 0.486311, 0.678239, 145.062, 166.255, 231.526, 396.629, 663.445, 1016.81]
num_agents: 80
time_individual_plan: 0.0916809
time_first_plan: 0.0291296
num_max_agents_in_window_first_iteration: 3
num_recWAMPF: 13
timing_recWAMPF:
    total_RecWAMPF: 1016.71
    num_windows: 219
    num_max_agents_in_window: 5
    timing_gari:
        total_GARI: 872.256
        time_path_btw_starts: 0.00105011
        Stage1:
            total_Stage1:430.175
            time_add_x_to_o: 80.8956
            time_clear_x: 50.0089
            timing_AStarSearchUntil:
                total_astar_search_until:299.27
                num_values_f_less_fmax:271474
                ASU Exp:
                    total_ASUExp:299.27
                    time_top_o:0.950544
                    time_check_in_c:0.219973
                    time_add_parent:0.271655
                    num_neighbors:315430729
                    time_add_neighbors_to_o:296.174
        Stage2:
            total_Stage2:1.42653
            num_len_path:225
            time_expanding_s:0.000284091
            timing_AStarSearchUntil:
                total_astar_search_until:1.42613
                num_values_f_less_fmax:941
                ASU Exp:
                    total_ASUExp:1.42612
                    time_top_o:0.00128101
                    time_check_in_c:0.000407852
                    time_add_parent:0.000784156
                    num_neighbors:1651540
                    time_add_neighbors_to_o:1.41973
        Stage3:
            total_Stage3:440.646
            num_until_goal_expanded:263732
            timing_S3Exp:
                total_S3Exp: 272.645
                time_top_o: 0.758218
                time_check_in_c: 0.107098
                time_add_parent: 0.310417
                num_neighbors: 229412628
                time_add_neighbors_to_o: 268.92
    timing_PIOW_overlapping:
        total_PIOW: 144.381
        num_windows: 1247
        time_check_overlap: 4.308e-05
        num_overlapping_windows: 10
        time_merge_windows: 2.7897e-05
        time_remove_window: 3.938e-06
        time_remove_window: 2.7223e-05
        timing_PlanIn:
            total_PlanIn:144.381
            num_until_goal_expanded:360696
            timing_expansions:
                total_S3Exp: 10.3562
                time_top_o: 0.894748
                time_check_in_c: 0.22935
                time_add_parent: 0.420233
                num_neighbors: 155259921
                time_add_neighbors_to_o: 128.967
    num_new_collisions: 16
    timing_PIOW_new_collisions:
        total_PIOW: 0.0137782
        num_windows: 242
        time_check_overlap: 7.865e-06
        num_overlapping_windows: 2
        time_merge_windows: 0
        time_remove_window: 0.377796
        time_remove_window: 7.973e-06
        timing_PlanIn:
            total_PlanIn:0.0137216
            num_until_goal_expanded:633
            timing_expansions:
                total_S3Exp: 0.013657
                time_top_o: 0.000129655
                time_check_in_c: 0.000181462
                time_add_parent: 0.000370595
                num_neighbors: 14394
                time_add_neighbors_to_o: 0.011095
    num_windows_should_quit: 0
    time_should_quit: 2.0791e-05
    time_remove_window: 0
Complete!
