Total time: 256.56
is_optimal: false
optimality_bound: 1.00228
successive_bounds: [1.00254, 1.00228, 1.00228, 1.00228, 1.00228, 1.00228, 1.00228, 1.00228]
successive_runtimes: [0.448472, 2.90614, 6.41341, 23.3503, 64.0892, 111.132, 158.87, 256.56]
num_agents: 80
time_individual_plan: 0.102056
time_first_plan: 0.345488
num_max_agents_in_window_first_iteration: 4
num_recWAMPF: 8
timing_recWAMPF:
    total_RecWAMPF: 256.457
    num_windows: 160
    num_max_agents_in_window: 5
    timing_gari:
        total_GARI: 250.525
        time_path_btw_starts: 0.00515148
        Stage1:
            total_Stage1:89.2411
            time_add_x_to_o: 11.7493
            time_clear_x: 4.22103
            timing_AStarSearchUntil:
                total_astar_search_until:73.2708
                num_values_f_less_fmax:100732
                ASU Exp:
                    total_ASUExp:73.2708
                    time_top_o:0.298573
                    time_check_in_c:0.0580941
                    time_add_parent:0.860277
                    num_neighbors:78552888
                    time_add_neighbors_to_o:71.1033
        Stage2:
            total_Stage2:0.117851
            num_len_path:162
            time_expanding_s:0.00015762
            timing_AStarSearchUntil:
                total_astar_search_until:0.117592
                num_values_f_less_fmax:457
                ASU Exp:
                    total_ASUExp:0.117588
                    time_top_o:0.000250154
                    time_check_in_c:0.000167157
                    time_add_parent:0.000408873
                    num_neighbors:143438
                    time_add_neighbors_to_o:0.115617
        Stage3:
            total_Stage3:161.161
            num_until_goal_expanded:282007
            timing_S3Exp:
                total_S3Exp: 133.792
                time_top_o: 0.653781
                time_check_in_c: 0.114555
                time_add_parent: 0.333171
                num_neighbors: 143637059
                time_add_neighbors_to_o: 131.412
    timing_PIOW_overlapping:
        total_PIOW: 2.08037
        num_windows: 935
        time_check_overlap: 3.7122e-05
        num_overlapping_windows: 9
        time_merge_windows: 2.9012e-05
        time_remove_window: 4.321e-06
        time_remove_window: 2.7946e-05
        timing_PlanIn:
            total_PlanIn:2.08025
            num_until_goal_expanded:25961
            timing_expansions:
                total_S3Exp: 0.609616
                time_top_o: 0.0309977
                time_check_in_c: 0.00906064
                time_add_parent: 0.0215398
                num_neighbors: 2241699
                time_add_neighbors_to_o: 1.68678
    num_new_collisions: 26
    timing_PIOW_new_collisions:
        total_PIOW: 3.767
        num_windows: 534
        time_check_overlap: 2.4129e-05
        num_overlapping_windows: 7
        time_merge_windows: 0
        time_remove_window: 30.0153
        time_remove_window: 2.2192e-05
        timing_PlanIn:
            total_PlanIn:3.76685
            num_until_goal_expanded:8419
            timing_expansions:
                total_S3Exp: 3.76669
                time_top_o: 0.00861001
                time_check_in_c: 0.00326847
                time_add_parent: 0.00743045
                num_neighbors: 3943424
                time_add_neighbors_to_o: 3.57488
    num_windows_should_quit: 0
    time_should_quit: 2.2337e-05
    time_remove_window: 0
Complete!
