Total time: 0.266765
is_optimal: false
optimality_bound: 1.00053
successive_bounds: [1.00105, 1.00105, 1.00105, 1.00053, 1.00053, 1.00053, 1.00053, 1.00053, 1.00053, 1.00053, 1.00053, 1.00053, 1.00053, 1.00053, 1.00053, 1.00053, 1.00053, 1.00053, 1.00053, 1.00053, 1.00053, 1.00053, 1.00053, 1.00053, 1.00053, 1.00053, 1.00053]
successive_runtimes: [0.0536705, 0.0555259, 0.0573087, 0.0623746, 0.0647168, 0.0671361, 0.069831, 0.0797936, 0.0829445, 0.0862981, 0.0900015, 0.0923744, 0.102271, 0.107061, 0.113428, 0.117717, 0.122968, 0.12748, 0.135358, 0.159446, 0.174077, 0.200749, 0.214136, 0.22543, 0.241855, 0.254575, 0.266765]
num_agents: 40
time_individual_plan: 0.0500896
time_first_plan: 0.00234674
num_max_agents_in_window_first_iteration: 2
num_recWAMPF: 27
timing_recWAMPF:
    total_RecWAMPF: 0.215433
    num_windows: 106
    num_max_agents_in_window: 2
    timing_gari:
        total_GARI: 0.191548
        time_path_btw_starts: 0.000618728
        Stage1:
            total_Stage1:0.0743865
            time_add_x_to_o: 0.0174265
            time_clear_x: 0.00241364
            timing_AStarSearchUntil:
                total_astar_search_until:0.0545352
                num_values_f_less_fmax:5344
                ASU Exp:
                    total_ASUExp:0.0545304
                    time_top_o:0.0029119
                    time_check_in_c:0.00185615
                    time_add_parent:0.00206466
                    num_neighbors:60005
                    time_add_neighbors_to_o:0.0416504
        Stage2:
            total_Stage2:0.0813409
            num_len_path:122
            time_expanding_s:0.000115374
            timing_AStarSearchUntil:
                total_astar_search_until:0.0811694
                num_values_f_less_fmax:4406
                ASU Exp:
                    total_ASUExp:0.0811652
                    time_top_o:0.00241322
                    time_check_in_c:0.00168009
                    time_add_parent:0.00331308
                    num_neighbors:85768
                    time_add_neighbors_to_o:0.0647636
        Stage3:
            total_Stage3:0.035152
            num_until_goal_expanded:103
            timing_S3Exp:
                total_S3Exp: 0.0025817
                time_top_o: 3.0822e-05
                time_check_in_c: 2.6814e-05
                time_add_parent: 4.9272e-05
                num_neighbors: 917
                time_add_neighbors_to_o: 0.00121389
    timing_PIOW_overlapping:
        total_PIOW: 1.3295e-05
        num_windows: 104
        time_check_overlap: 7.302e-06
        num_overlapping_windows: 0
        time_merge_windows: 0
        time_remove_window: 0
        time_remove_window: 0
        timing_PlanIn:
            total_PlanIn:0
            num_until_goal_expanded:0
            timing_expansions:
                total_S3Exp: 0
                time_top_o: 0
                time_check_in_c: 0
                time_add_parent: 0
                num_neighbors: 0
                time_add_neighbors_to_o: 0
    num_new_collisions: 2
    timing_PIOW_new_collisions:
        total_PIOW: 0.00063106
        num_windows: 2
        time_check_overlap: 2.157e-06
        num_overlapping_windows: 0
        time_merge_windows: 0
        time_remove_window: 0
        time_remove_window: 1.73e-06
        timing_PlanIn:
            total_PlanIn:0.000622519
            num_until_goal_expanded:22
            timing_expansions:
                total_S3Exp: 0.000611846
                time_top_o: 8.018e-06
                time_check_in_c: 1.1651e-05
                time_add_parent: 2.1684e-05
                num_neighbors: 372
                time_add_neighbors_to_o: 0.000481398
    num_windows_should_quit: 0
    time_should_quit: 6.049e-06
    time_remove_window: 0
Complete!
