Total time: 0.0846188
is_optimal: true
optimality_bound: 1
successive_bounds: [1.00218, 1.00218, 1.00218, 1.00218, 1.00218, 1.00218, 1.00218, 1.00218, 1.00109, 1.00109, 1.00109, 1.00109, 1, 1]
successive_runtimes: [0.0120793, 0.0137474, 0.0156911, 0.0175935, 0.0240754, 0.0290263, 0.0312064, 0.0332979, 0.0488655, 0.0616145, 0.0714511, 0.0784042, 0.0846188]
num_agents: 30
time_individual_plan: 0.00771938
time_first_plan: 0.0033681
num_max_agents_in_window_first_iteration: 2
num_recWAMPF: 13
timing_recWAMPF:
    total_RecWAMPF: 0.0759024
    num_windows: 133
    num_max_agents_in_window: 3
    timing_gari:
        total_GARI: 0.0641475
        time_path_btw_starts: 0.00061455
        Stage1:
            total_Stage1:0.028436
            time_add_x_to_o: 0.0129551
            time_clear_x: 0.00186069
            timing_AStarSearchUntil:
                total_astar_search_until:0.0136082
                num_values_f_less_fmax:1367
                ASU Exp:
                    total_ASUExp:0.0136035
                    time_top_o:0.000825384
                    time_check_in_c:0.000595232
                    time_add_parent:0.000425988
                    num_neighbors:13835
                    time_add_neighbors_to_o:0.0104896
        Stage2:
            total_Stage2:0.0219406
            num_len_path:150
            time_expanding_s:0.000198641
            timing_AStarSearchUntil:
                total_astar_search_until:0.0216754
                num_values_f_less_fmax:750
                ASU Exp:
                    total_ASUExp:0.0216714
                    time_top_o:0.000381464
                    time_check_in_c:0.000305384
                    time_add_parent:0.000624022
                    num_neighbors:21897
                    time_add_neighbors_to_o:0.0184587
        Stage3:
            total_Stage3:0.0131045
            num_until_goal_expanded:307
            timing_S3Exp:
                total_S3Exp: 0.00462944
                time_top_o: 0.000102126
                time_check_in_c: 8.728e-05
                time_add_parent: 0.000171763
                num_neighbors: 2590
                time_add_neighbors_to_o: 0.00234955
    timing_PIOW_overlapping:
        total_PIOW: 0.0047169
        num_windows: 349
        time_check_overlap: 2.7076e-05
        num_overlapping_windows: 1
        time_merge_windows: 2.43e-06
        time_remove_window: 3.3e-07
        time_remove_window: 2.346e-06
        timing_PlanIn:
            total_PlanIn:0.00466763
            num_until_goal_expanded:70
            timing_expansions:
                total_S3Exp: 0.0046639
                time_top_o: 2.5369e-05
                time_check_in_c: 2.6965e-05
                time_add_parent: 5.865e-05
                num_neighbors: 3582
                time_add_neighbors_to_o: 0.00411027
    num_new_collisions: 6
    timing_PIOW_new_collisions:
        total_PIOW: 0.00249677
        num_windows: 30
        time_check_overlap: 3.253e-06
        num_overlapping_windows: 0
        time_merge_windows: 0
        time_remove_window: 0
        time_remove_window: 3.222e-06
        timing_PlanIn:
            total_PlanIn:0.00247777
            num_until_goal_expanded:105
            timing_expansions:
                total_S3Exp: 0.00245734
                time_top_o: 3.347e-05
                time_check_in_c: 4.6488e-05
                time_add_parent: 9.157e-05
                num_neighbors: 1567
                time_add_neighbors_to_o: 0.00188545
    num_windows_should_quit: 0
    time_should_quit: 1.2549e-05
    time_remove_window: 0
Complete!
