Total time: 673.366
is_optimal: true
optimality_bound: 1
successive_bounds: [1.00256, 1.0021, 1.0021, 1.0021, 1.0021, 1.00187, 1.00187, 1.0014, 1.0014, 1.00093, 1.00093, 1.00093, 1.00093, 1.00093, 1.00093, 1.00093, 1.00093, 1.00093, 1.00093, 1.00093, 1.00047, 1.00047, 1, 1]
successive_runtimes: [0.0532932, 0.0794017, 0.106648, 0.135878, 0.165545, 0.190314, 0.220503, 0.256543, 0.291663, 0.331148, 0.442705, 0.517504, 0.583287, 0.651692, 0.744379, 0.814979, 0.939413, 1.04974, 1.15964, 1.27162, 617.804, 631.777, 673.366]
num_agents: 40
time_individual_plan: 0.0464894
time_first_plan: 0.00563345
num_max_agents_in_window_first_iteration: 2
num_recWAMPF: 23
timing_recWAMPF:
    total_RecWAMPF: 673.319
    num_windows: 310
    num_max_agents_in_window: 4
    timing_gari:
        total_GARI: 56.9212
        time_path_btw_starts: 0.00138013
        Stage1:
            total_Stage1:26.0433
            time_add_x_to_o: 0.265678
            time_clear_x: 0.0419636
            timing_AStarSearchUntil:
                total_astar_search_until:25.7356
                num_values_f_less_fmax:77864
                ASU Exp:
                    total_ASUExp:25.7356
                    time_top_o:0.180723
                    time_check_in_c:0.0345162
                    time_add_parent:0.0752351
                    num_neighbors:30296926
                    time_add_neighbors_to_o:25.1866
        Stage2:
            total_Stage2:0.0484216
            num_len_path:315
            time_expanding_s:0.00038463
            timing_AStarSearchUntil:
                total_astar_search_until:0.0478312
                num_values_f_less_fmax:1631
                ASU Exp:
                    total_ASUExp:0.0478221
                    time_top_o:0.000692805
                    time_check_in_c:0.000626125
                    time_add_parent:0.00121118
                    num_neighbors:58049
                    time_add_neighbors_to_o:0.0417351
        Stage3:
            total_Stage3:30.8273
            num_until_goal_expanded:18378
            timing_S3Exp:
                total_S3Exp: 1.2045
                time_top_o: 0.0176807
                time_check_in_c: 0.00588197
                time_add_parent: 0.0137094
                num_neighbors: 1511440
                time_add_neighbors_to_o: 1.11196
    timing_PIOW_overlapping:
        total_PIOW: 616.376
        num_windows: 1056
        time_check_overlap: 5.88e-05
        num_overlapping_windows: 2
        time_merge_windows: 7.573e-06
        time_remove_window: 1.122e-06
        time_remove_window: 7.415e-06
        timing_PlanIn:
            total_PlanIn:616.376
            num_until_goal_expanded:1383609
            timing_expansions:
                total_S3Exp: 133.871
                time_top_o: 3.90582
                time_check_in_c: 0.614463
                time_add_parent: 1.368
                num_neighbors: 652460133
                time_add_neighbors_to_o: 543.343
    num_new_collisions: 8
    timing_PIOW_new_collisions:
        total_PIOW: 0.00274978
        num_windows: 56
        time_check_overlap: 3.017e-06
        num_overlapping_windows: 0
        time_merge_windows: 0
        time_remove_window: 0
        time_remove_window: 5.261e-06
        timing_PlanIn:
            total_PlanIn:0.0027219
            num_until_goal_expanded:148
            timing_expansions:
                total_S3Exp: 0.00269169
                time_top_o: 4.1085e-05
                time_check_in_c: 6.7786e-05
                time_add_parent: 0.000134344
                num_neighbors: 1557
                time_add_neighbors_to_o: 0.00192614
    num_windows_should_quit: 0
    time_should_quit: 2.3808e-05
    time_remove_window: 0
Complete!
