Total time: 6.51544
is_optimal: false
optimality_bound: 1.00075
successive_bounds: [1.003, 1.002, 1.00175, 1.00175, 1.00175, 1.00125, 1.00125, 1.00125, 1.00125, 1.00125, 1.00125, 1.00125, 1.00125, 1.00125, 1.00125, 1.00075, 1.00075, 1.00075]
successive_runtimes: [0.137544, 0.201261, 0.23811, 0.268327, 0.517985, 0.610418, 1.05199, 1.47785, 1.62781, 1.99758, 2.47378, 2.82344, 3.16416, 3.91282, 4.38963, 4.70395, 5.20291, 6.51544]
num_agents: 40
time_individual_plan: 0.0449288
time_first_plan: 0.0913253
num_max_agents_in_window_first_iteration: 3
num_recWAMPF: 18
timing_recWAMPF:
    total_RecWAMPF: 6.46921
    num_windows: 245
    num_max_agents_in_window: 3
    timing_gari:
        total_GARI: 6.358
        time_path_btw_starts: 0.00326547
        Stage1:
            total_Stage1:2.38705
            time_add_x_to_o: 0.231229
            time_clear_x: 0.040096
            timing_AStarSearchUntil:
                total_astar_search_until:2.1157
                num_values_f_less_fmax:38469
                ASU Exp:
                    total_ASUExp:2.11569
                    time_top_o:0.0379574
                    time_check_in_c:0.018106
                    time_add_parent:0.0317188
                    num_neighbors:2822416
                    time_add_neighbors_to_o:1.94538
        Stage2:
            total_Stage2:0.692036
            num_len_path:230
            time_expanding_s:0.000231639
            timing_AStarSearchUntil:
                total_astar_search_until:0.691639
                num_values_f_less_fmax:9674
                ASU Exp:
                    total_ASUExp:0.691632
                    time_top_o:0.00990823
                    time_check_in_c:0.00291777
                    time_add_parent:0.00813762
                    num_neighbors:907178
                    time_add_neighbors_to_o:0.645112
        Stage3:
            total_Stage3:3.27556
            num_until_goal_expanded:22295
            timing_S3Exp:
                total_S3Exp: 1.3945
                time_top_o: 0.0282825
                time_check_in_c: 0.0070012
                time_add_parent: 0.0173897
                num_neighbors: 1768919
                time_add_neighbors_to_o: 1.28331
    timing_PIOW_overlapping:
        total_PIOW: 7.1492e-05
        num_windows: 833
        time_check_overlap: 4.4061e-05
        num_overlapping_windows: 0
        time_merge_windows: 0
        time_remove_window: 0
        time_remove_window: 0
        timing_PlanIn:
            total_PlanIn:0
            num_until_goal_expanded:0
            timing_expansions:
                total_S3Exp: 0
                time_top_o: 0
                time_check_in_c: 0
                time_add_parent: 0
                num_neighbors: 0
                time_add_neighbors_to_o: 0
    num_new_collisions: 9
    timing_PIOW_new_collisions:
        total_PIOW: 0.0947509
        num_windows: 63
        time_check_overlap: 3.869e-06
        num_overlapping_windows: 2
        time_merge_windows: 0
        time_remove_window: 6.55761
        time_remove_window: 5.672e-06
        timing_PlanIn:
            total_PlanIn:0.0947097
            num_until_goal_expanded:1187
            timing_expansions:
                total_S3Exp: 0.0946669
                time_top_o: 0.000812177
                time_check_in_c: 0.000511242
                time_add_parent: 0.00108947
                num_neighbors: 86813
                time_add_neighbors_to_o: 0.0838427
    num_windows_should_quit: 0
    time_should_quit: 2.4468e-05
    time_remove_window: 0
Complete!
