Total time: 0.0548211
is_optimal: true
optimality_bound: 1
successive_bounds: [1.00321, 1.00321, 1.00321, 1.00321, 1.00321, 1.00321, 1.0016, 1.0016, 1, 1]
successive_runtimes: [0.0143035, 0.0174086, 0.0210881, 0.0259111, 0.0313964, 0.0376017, 0.0442169, 0.0498765, 0.0548211]
num_agents: 20
time_individual_plan: 0.0111096
time_first_plan: 0.0016182
num_max_agents_in_window_first_iteration: 2
num_recWAMPF: 9
timing_recWAMPF:
    total_RecWAMPF: 0.0421311
    num_windows: 34
    num_max_agents_in_window: 2
    timing_gari:
        total_GARI: 0.0388379
        time_path_btw_starts: 0.00022142
        Stage1:
            total_Stage1:0.0166653
            time_add_x_to_o: 0.00683582
            time_clear_x: 0.00108352
            timing_AStarSearchUntil:
                total_astar_search_until:0.00874129
                num_values_f_less_fmax:2323
                ASU Exp:
                    total_ASUExp:0.00873766
                    time_top_o:0.00144599
                    time_check_in_c:0.000818819
                    time_add_parent:0.000605837
                    num_neighbors:2740
                    time_add_neighbors_to_o:0.00361194
        Stage2:
            total_Stage2:0.00421759
            num_len_path:30
            time_expanding_s:3.629e-05
            timing_AStarSearchUntil:
                total_astar_search_until:0.00415624
                num_values_f_less_fmax:113
                ASU Exp:
                    total_ASUExp:0.00415427
                    time_top_o:6.8299e-05
                    time_check_in_c:8.2104e-05
                    time_add_parent:0.000141485
                    num_neighbors:2646
                    time_add_neighbors_to_o:0.00346328
        Stage3:
            total_Stage3:0.0176985
            num_until_goal_expanded:1100
            timing_S3Exp:
                total_S3Exp: 0.0146539
                time_top_o: 0.00068369
                time_check_in_c: 0.000553242
                time_add_parent: 0.000992381
                num_neighbors: 6506
                time_add_neighbors_to_o: 0.00882745
    timing_PIOW_overlapping:
        total_PIOW: 6.404e-06
        num_windows: 32
        time_check_overlap: 2.382e-06
        num_overlapping_windows: 0
        time_merge_windows: 0
        time_remove_window: 0
        time_remove_window: 0
        timing_PlanIn:
            total_PlanIn:0
            num_until_goal_expanded:0
            timing_expansions:
                total_S3Exp: 0
                time_top_o: 0
                time_check_in_c: 0
                time_add_parent: 0
                num_neighbors: 0
                time_add_neighbors_to_o: 0
    num_new_collisions: 2
    timing_PIOW_new_collisions:
        total_PIOW: 0.00121693
        num_windows: 2
        time_check_overlap: 4.58e-07
        num_overlapping_windows: 0
        time_merge_windows: 0
        time_remove_window: 0
        time_remove_window: 2.159e-06
        timing_PlanIn:
            total_PlanIn:0.00120849
            num_until_goal_expanded:52
            timing_expansions:
                total_S3Exp: 0.00119458
                time_top_o: 2.0801e-05
                time_check_in_c: 3.6015e-05
                time_add_parent: 7.048e-05
                num_neighbors: 434
                time_add_neighbors_to_o: 0.000759704
    num_windows_should_quit: 0
    time_should_quit: 2.565e-06
    time_remove_window: 0
Complete!
