Total time: 263.8
is_optimal: true
optimality_bound: 1
successive_bounds: [1.04153, 1.00593, 1.00519, 1.00482, 1.00482, 1.00482, 1.00482, 1.00482, 1.00482, 1.00482, 1.00482, 1.00482, 1.00482, 1.00482, 1.00482, 1.00482, 1.00482, 1.00482, 1.00482, 1.00482, 1.00482, 1.00482, 1.00482, 1.00482, 1.00482, 1.00482, 1.00482, 1.00482, 1.00482, 1.00482, 1.00482, 1.00482, 1.00482, 1.00482, 1]
successive_runtimes: [53.6223, 263.546, 263.661, 263.73, 263.738, 263.741, 263.743, 263.745, 263.748, 263.75, 263.753, 263.755, 263.757, 263.759, 263.761, 263.763, 263.765, 263.767, 263.769, 263.771, 263.773, 263.775, 263.777, 263.779, 263.781, 263.783, 263.785, 263.788, 263.789, 263.792, 263.794, 263.796, 263.798, 263.8]
num_agents: 40
time_individual_plan: 0.0201991
time_first_plan: 53.6006
num_max_agents_in_window_first_iteration: 4
num_recWAMPF: 34
timing_recWAMPF:
    total_RecWAMPF: 263.778
    num_windows: 118
    num_max_agents_in_window: 4
    timing_gari:
        total_GARI: 77.3855
        time_path_btw_starts: 0.00454362
        Stage1:
            total_Stage1:77.2631
            time_add_x_to_o: 4.65297
            time_clear_x: 1.19233
            timing_AStarSearchUntil:
                total_astar_search_until:0.00396613
                num_values_f_less_fmax:355790
                ASU Exp:
                    total_ASUExp:0.0039623
                    time_top_o:0.912808
                    time_check_in_c:0.273236
                    time_add_parent:0.311935
                    num_neighbors:79726353
                    time_add_neighbors_to_o:67.357
        Stage2:
            total_Stage2:0.0303483
            num_len_path:82
            time_expanding_s:0.00442133
            timing_AStarSearchUntil:
                total_astar_search_until:0.0258665
                num_values_f_less_fmax:165
                ASU Exp:
                    total_ASUExp:0.0258637
                    time_top_o:6.6762e-05
                    time_check_in_c:6.438e-05
                    time_add_parent:0.00413607
                    num_neighbors:8111
                    time_add_neighbors_to_o:0.00687341
        Stage3:
            total_Stage3:0.087464
            num_until_goal_expanded:617
            timing_S3Exp:
                total_S3Exp: 0.040825
                time_top_o: 0.000233531
                time_check_in_c: 0.000149072
                time_add_parent: 0.00217999
                num_neighbors: 5674
                time_add_neighbors_to_o: 0.0352282
    timing_PIOW_overlapping:
        total_PIOW: 0.0678457
        num_windows: 349
        time_check_overlap: 1.0326e-05
        num_overlapping_windows: 10
        time_merge_windows: 1.5909e-05
        time_remove_window: 2.152e-06
        time_remove_window: 1.5412e-05
        timing_PlanIn:
            total_PlanIn:0.0677925
            num_until_goal_expanded:760
            timing_expansions:
                total_S3Exp: 0.0677657
                time_top_o: 0.000251851
                time_check_in_c: 0.000240084
                time_add_parent: 0.000492511
                num_neighbors: 75161
                time_add_neighbors_to_o: 0.0623012
    num_new_collisions: 13
    timing_PIOW_new_collisions:
        total_PIOW: 53.5943
        num_windows: 175
        time_check_overlap: 1.124e-05
        num_overlapping_windows: 2
        time_merge_windows: 2.903e-06
        time_remove_window: 0.0525192
        time_remove_window: 1.0989e-05
        timing_PlanIn:
            total_PlanIn:53.5943
            num_until_goal_expanded:164743
            timing_expansions:
                total_S3Exp: 53.5942
                time_top_o: 0.276038
                time_check_in_c: 0.120973
                time_add_parent: 0.185303
                num_neighbors: 64115395
                time_add_neighbors_to_o: 50.1047
    num_windows_should_quit: 1
    time_should_quit: 1.2122e-05
    time_remove_window: 6.61e-07
Complete!
