Total time: 0.257475
is_optimal: true
optimality_bound: 1
successive_bounds: [1.00087, 1.00087, 1.00087, 1.00087, 1.00087, 1.00087, 1.00087, 1.00087, 1.00087, 1.00087, 1.00087, 1.00087, 1.00087, 1.00087, 1.00087, 1.00087, 1.00087, 1.00087, 1.00087, 1.00087, 1.00087, 1.00087, 1, 1]
successive_runtimes: [0.0323626, 0.0394909, 0.0437891, 0.0478672, 0.0538126, 0.0581513, 0.0629018, 0.067819, 0.0725161, 0.0773279, 0.0865555, 0.0913689, 0.0959943, 0.161942, 0.184765, 0.203311, 0.213768, 0.220982, 0.228202, 0.235309, 0.242397, 0.24956, 0.257475]
num_agents: 30
time_individual_plan: 0.014403
time_first_plan: 0.0166727
num_max_agents_in_window_first_iteration: 3
num_recWAMPF: 23
timing_recWAMPF:
    total_RecWAMPF: 0.241774
    num_windows: 180
    num_max_agents_in_window: 3
    timing_gari:
        total_GARI: 0.217356
        time_path_btw_starts: 0.000965934
        Stage1:
            total_Stage1:0.061919
            time_add_x_to_o: 0.0217819
            time_clear_x: 0.00307778
            timing_AStarSearchUntil:
                total_astar_search_until:0.0370398
                num_values_f_less_fmax:3279
                ASU Exp:
                    total_ASUExp:0.0370326
                    time_top_o:0.00197737
                    time_check_in_c:0.001533
                    time_add_parent:0.00209316
                    num_neighbors:36233
                    time_add_neighbors_to_o:0.0276977
        Stage2:
            total_Stage2:0.0713508
            num_len_path:181
            time_expanding_s:0.000349129
            timing_AStarSearchUntil:
                total_astar_search_until:0.0708857
                num_values_f_less_fmax:2645
                ASU Exp:
                    total_ASUExp:0.07088
                    time_top_o:0.00175019
                    time_check_in_c:0.00104847
                    time_add_parent:0.00230605
                    num_neighbors:69077
                    time_add_neighbors_to_o:0.059363
        Stage3:
            total_Stage3:0.0830294
            num_until_goal_expanded:446
            timing_S3Exp:
                total_S3Exp: 0.0131585
                time_top_o: 0.000193267
                time_check_in_c: 0.000152193
                time_add_parent: 0.000347156
                num_neighbors: 7341
                time_add_neighbors_to_o: 0.00880742
    timing_PIOW_overlapping:
        total_PIOW: 5.0499e-05
        num_windows: 352
        time_check_overlap: 3.0283e-05
        num_overlapping_windows: 0
        time_merge_windows: 0
        time_remove_window: 0
        time_remove_window: 0
        timing_PlanIn:
            total_PlanIn:0
            num_until_goal_expanded:0
            timing_expansions:
                total_S3Exp: 0
                time_top_o: 0
                time_check_in_c: 0
                time_add_parent: 0
                num_neighbors: 0
                time_add_neighbors_to_o: 0
    num_new_collisions: 5
    timing_PIOW_new_collisions:
        total_PIOW: 0.0153805
        num_windows: 19
        time_check_overlap: 2.27e-06
        num_overlapping_windows: 1
        time_merge_windows: 0
        time_remove_window: 0.0250292
        time_remove_window: 4.134e-06
        timing_PlanIn:
            total_PlanIn:0.0153537
            num_until_goal_expanded:290
            timing_expansions:
                total_S3Exp: 0.015327
                time_top_o: 0.000165517
                time_check_in_c: 0.00016434
                time_add_parent: 0.000327682
                num_neighbors: 8701
                time_add_neighbors_to_o: 0.0130017
    num_windows_should_quit: 0
    time_should_quit: 1.6729e-05
    time_remove_window: 0
Complete!
