Total time: 0.586616
is_optimal: false
optimality_bound: 1.00128
successive_bounds: [1.00164, 1.00137, 1.00137, 1.00137, 1.00137, 1.00137, 1.00128, 1.00128, 1.00128, 1.00128, 1.00128, 1.00128, 1.00128, 1.00128, 1.00128, 1.00128, 1.00128, 1.00128, 1.00128]
successive_runtimes: [0.166398, 0.197683, 0.216337, 0.228374, 0.240674, 0.271427, 0.286996, 0.301864, 0.322584, 0.340678, 0.410467, 0.429975, 0.448378, 0.472898, 0.489327, 0.508904, 0.534865, 0.560665, 0.586616]
num_agents: 80
time_individual_plan: 0.133917
time_first_plan: 0.0316397
num_max_agents_in_window_first_iteration: 2
num_recWAMPF: 19
timing_recWAMPF:
    total_RecWAMPF: 0.45185
    num_windows: 158
    num_max_agents_in_window: 3
    timing_gari:
        total_GARI: 0.30766
        time_path_btw_starts: 0.000689911
        Stage1:
            total_Stage1:0.0565669
            time_add_x_to_o: 0.0158854
            time_clear_x: 0.00195382
            timing_AStarSearchUntil:
                total_astar_search_until:0.0387157
                num_values_f_less_fmax:3566
                ASU Exp:
                    total_ASUExp:0.0387103
                    time_top_o:0.00168497
                    time_check_in_c:0.00153448
                    time_add_parent:0.00239131
                    num_neighbors:49136
                    time_add_neighbors_to_o:0.0288082
        Stage2:
            total_Stage2:0.0174272
            num_len_path:163
            time_expanding_s:0.000256996
            timing_AStarSearchUntil:
                total_astar_search_until:0.0170953
                num_values_f_less_fmax:1012
                ASU Exp:
                    total_ASUExp:0.0170912
                    time_top_o:0.000395399
                    time_check_in_c:0.00028721
                    time_add_parent:0.000602504
                    num_neighbors:21621
                    time_add_neighbors_to_o:0.0139657
        Stage3:
            total_Stage3:0.232926
            num_until_goal_expanded:9237
            timing_S3Exp:
                total_S3Exp: 0.144542
                time_top_o: 0.00446619
                time_check_in_c: 0.00245965
                time_add_parent: 0.00500175
                num_neighbors: 170169
                time_add_neighbors_to_o: 0.114782
    timing_PIOW_overlapping:
        total_PIOW: 0.0248859
        num_windows: 409
        time_check_overlap: 1.9161e-05
        num_overlapping_windows: 9
        time_merge_windows: 1.3886e-05
        time_remove_window: 1.752e-06
        time_remove_window: 1.3434e-05
        timing_PlanIn:
            total_PlanIn:0.0248215
            num_until_goal_expanded:671
            timing_expansions:
                total_S3Exp: 0.0247966
                time_top_o: 0.000188896
                time_check_in_c: 0.00020435
                time_add_parent: 0.000437909
                num_neighbors: 23291
                time_add_neighbors_to_o: 0.0213233
    num_new_collisions: 13
    timing_PIOW_new_collisions:
        total_PIOW: 0.00934567
        num_windows: 156
        time_check_overlap: 6.21e-06
        num_overlapping_windows: 0
        time_merge_windows: 0
        time_remove_window: 0
        time_remove_window: 8.327e-06
        timing_PlanIn:
            total_PlanIn:0.00929909
            num_until_goal_expanded:549
            timing_expansions:
                total_S3Exp: 0.00923412
                time_top_o: 0.000143715
                time_check_in_c: 0.000193861
                time_add_parent: 0.000375679
                num_neighbors: 8274
                time_add_neighbors_to_o: 0.00698462
    num_windows_should_quit: 0
    time_should_quit: 1.1844e-05
    time_remove_window: 0
Complete!
