Total time: 0.0457735
is_optimal: true
optimality_bound: 1
successive_bounds: [1.00132, 1.00132, 1.00132, 1.00132, 1.00132, 1.00132, 1.00132, 1.00132, 1.00132, 1.00132, 1.00132, 1.00132, 1.00132, 1.00132, 1, 1]
successive_runtimes: [0.0130553, 0.014106, 0.0152872, 0.0165224, 0.0178647, 0.0191755, 0.0205052, 0.0218683, 0.0231705, 0.0251064, 0.0268847, 0.0282615, 0.0323336, 0.0340191, 0.0457734]
num_agents: 20
time_individual_plan: 0.0104164
time_first_plan: 0.00130302
num_max_agents_in_window_first_iteration: 2
num_recWAMPF: 15
timing_recWAMPF:
    total_RecWAMPF: 0.0340134
    num_windows: 58
    num_max_agents_in_window: 2
    timing_gari:
        total_GARI: 0.0291185
        time_path_btw_starts: 0.000405636
        Stage1:
            total_Stage1:0.00419625
            time_add_x_to_o: 0.00269986
            time_clear_x: 0.000372336
            timing_AStarSearchUntil:
                total_astar_search_until:0.00111693
                num_values_f_less_fmax:31
                ASU Exp:
                    total_ASUExp:0.00111335
                    time_top_o:2.2137e-05
                    time_check_in_c:2.9103e-05
                    time_add_parent:3.9757e-05
                    num_neighbors:745
                    time_add_neighbors_to_o:0.000894338
        Stage2:
            total_Stage2:0.0142829
            num_len_path:69
            time_expanding_s:8.9492e-05
            timing_AStarSearchUntil:
                total_astar_search_until:0.0141562
                num_values_f_less_fmax:392
                ASU Exp:
                    total_ASUExp:0.0141532
                    time_top_o:0.000268132
                    time_check_in_c:0.000232302
                    time_add_parent:0.000462856
                    num_neighbors:9658
                    time_add_neighbors_to_o:0.0117769
        Stage3:
            total_Stage3:0.0101978
            num_until_goal_expanded:455
            timing_S3Exp:
                total_S3Exp: 0.00722168
                time_top_o: 0.000247921
                time_check_in_c: 0.00018613
                time_add_parent: 0.000308872
                num_neighbors: 3856
                time_add_neighbors_to_o: 0.00485689
    timing_PIOW_overlapping:
        total_PIOW: 9.241e-06
        num_windows: 56
        time_check_overlap: 4.97e-06
        num_overlapping_windows: 0
        time_merge_windows: 0
        time_remove_window: 0
        time_remove_window: 0
        timing_PlanIn:
            total_PlanIn:0
            num_until_goal_expanded:0
            timing_expansions:
                total_S3Exp: 0
                time_top_o: 0
                time_check_in_c: 0
                time_add_parent: 0
                num_neighbors: 0
                time_add_neighbors_to_o: 0
    num_new_collisions: 2
    timing_PIOW_new_collisions:
        total_PIOW: 0.000856103
        num_windows: 2
        time_check_overlap: 4.95e-07
        num_overlapping_windows: 0
        time_merge_windows: 0
        time_remove_window: 0
        time_remove_window: 2.148e-06
        timing_PlanIn:
            total_PlanIn:0.000847607
            num_until_goal_expanded:32
            timing_expansions:
                total_S3Exp: 0.000834861
                time_top_o: 1.1912e-05
                time_check_in_c: 2.1099e-05
                time_add_parent: 3.8475e-05
                num_neighbors: 372
                time_add_neighbors_to_o: 0.000600068
    num_windows_should_quit: 0
    time_should_quit: 2.593e-06
    time_remove_window: 0
Complete!
