Total time: 0.0256825
is_optimal: true
optimality_bound: 1
successive_bounds: [1.00194, 1.00194, 1.00097, 1.00097, 1.00097, 1.00097, 1.00097, 1.00097, 1.00097, 1.00097, 1.00097, 1, 1]
successive_runtimes: [0.0196602, 0.020448, 0.0211902, 0.0217976, 0.0223345, 0.0228192, 0.0232641, 0.0237075, 0.0241374, 0.024572, 0.0250063, 0.0256825]
num_agents: 50
time_individual_plan: 0.0182499
time_first_plan: 0.000740497
num_max_agents_in_window_first_iteration: 2
num_recWAMPF: 12
timing_recWAMPF:
    total_RecWAMPF: 0.00676009
    num_windows: 46
    num_max_agents_in_window: 2
    timing_gari:
        total_GARI: 0.00271358
        time_path_btw_starts: 7.5684e-05
        Stage1:
            total_Stage1:0.000589162
            time_add_x_to_o: 0.000374162
            time_clear_x: 5.4428e-05
            timing_AStarSearchUntil:
                total_astar_search_until:0.000157775
                num_values_f_less_fmax:90
                ASU Exp:
                    total_ASUExp:0.000156482
                    time_top_o:1.948e-05
                    time_check_in_c:1.1086e-05
                    time_add_parent:5.997e-06
                    num_neighbors:225
                    time_add_neighbors_to_o:8.3615e-05
        Stage2:
            total_Stage2:0.000682584
            num_len_path:32
            time_expanding_s:1.7954e-05
            timing_AStarSearchUntil:
                total_astar_search_until:0.000650238
                num_values_f_less_fmax:50
                ASU Exp:
                    total_ASUExp:0.000649089
                    time_top_o:1.4397e-05
                    time_check_in_c:1.265e-05
                    time_add_parent:1.9754e-05
                    num_neighbors:1244
                    time_add_neighbors_to_o:0.000522704
        Stage3:
            total_Stage3:0.00135859
            num_until_goal_expanded:99
            timing_S3Exp:
                total_S3Exp: 0.000823229
                time_top_o: 1.9942e-05
                time_check_in_c: 1.5854e-05
                time_add_parent: 3.0013e-05
                num_neighbors: 929
                time_add_neighbors_to_o: 0.00054701
    timing_PIOW_overlapping:
        total_PIOW: 3.494e-06
        num_windows: 44
        time_check_overlap: 1.633e-06
        num_overlapping_windows: 0
        time_merge_windows: 0
        time_remove_window: 0
        time_remove_window: 0
        timing_PlanIn:
            total_PlanIn:0
            num_until_goal_expanded:0
            timing_expansions:
                total_S3Exp: 0
                time_top_o: 0
                time_check_in_c: 0
                time_add_parent: 0
                num_neighbors: 0
                time_add_neighbors_to_o: 0
    num_new_collisions: 2
    timing_PIOW_new_collisions:
        total_PIOW: 0.000334834
        num_windows: 2
        time_check_overlap: 1.57e-07
        num_overlapping_windows: 0
        time_merge_windows: 0
        time_remove_window: 0
        time_remove_window: 1.317e-06
        timing_PlanIn:
            total_PlanIn:0.000330662
            num_until_goal_expanded:32
            timing_expansions:
                total_S3Exp: 0.000325515
                time_top_o: 5.938e-06
                time_check_in_c: 7.901e-06
                time_add_parent: 1.1369e-05
                num_neighbors: 400
                time_add_neighbors_to_o: 0.000238053
    num_windows_should_quit: 0
    time_should_quit: 1.979e-06
    time_remove_window: 0
Complete!
