Total time: 332.016
is_optimal: false
optimality_bound: 1.00091
successive_bounds: [1.0034, 1.00159, 1.00159, 1.00159, 1.00113, 1.00113, 1.00113, 1.00113, 1.00113, 1.00091, 1.00091, 1.00091, 1.00091, 1.00091, 1.00091]
successive_runtimes: [0.0633554, 0.0857105, 0.100775, 0.111746, 0.120184, 0.128301, 0.13563, 0.142944, 0.875604, 1.57896, 2.73618, 4.43848, 7.59001, 11.6699, 332.016]
num_agents: 70
time_individual_plan: 0.0383055
time_first_plan: 0.0235876
num_max_agents_in_window_first_iteration: 3
num_recWAMPF: 15
timing_recWAMPF:
    total_RecWAMPF: 331.977
    num_windows: 291
    num_max_agents_in_window: 6
    timing_gari:
        total_GARI: 21.5637
        time_path_btw_starts: 0.00170017
        Stage1:
            total_Stage1:10.4043
            time_add_x_to_o: 2.58238
            time_clear_x: 0.811626
            timing_AStarSearchUntil:
                total_astar_search_until:7.01027
                num_values_f_less_fmax:23592
                ASU Exp:
                    total_ASUExp:7.01025
                    time_top_o:0.0577853
                    time_check_in_c:0.259294
                    time_add_parent:0.0314504
                    num_neighbors:7644960
                    time_add_neighbors_to_o:6.40241
        Stage2:
            total_Stage2:0.0447406
            num_len_path:288
            time_expanding_s:0.00042479
            timing_AStarSearchUntil:
                total_astar_search_until:0.0441222
                num_values_f_less_fmax:479
                ASU Exp:
                    total_ASUExp:0.044112
                    time_top_o:0.000313265
                    time_check_in_c:0.000233693
                    time_add_parent:0.000465563
                    num_neighbors:44353
                    time_add_neighbors_to_o:0.0413748
        Stage3:
            total_Stage3:11.1128
            num_until_goal_expanded:21483
            timing_S3Exp:
                total_S3Exp: 7.57112
                time_top_o: 0.0342456
                time_check_in_c: 0.00827405
                time_add_parent: 0.0209979
                num_neighbors: 7397643
                time_add_neighbors_to_o: 7.41258
    timing_PIOW_overlapping:
        total_PIOW: 0.640063
        num_windows: 1462
        time_check_overlap: 9.0754e-05
        num_overlapping_windows: 2
        time_merge_windows: 8.045e-06
        time_remove_window: 1.313e-06
        time_remove_window: 7.91e-06
        timing_PlanIn:
            total_PlanIn:0.639895
            num_until_goal_expanded:1576
            timing_expansions:
                total_S3Exp: 0.639884
                time_top_o: 0.00134754
                time_check_in_c: 0.000676514
                time_add_parent: 0.00146305
                num_neighbors: 634382
                time_add_neighbors_to_o: 0.605093
    num_new_collisions: 14
    timing_PIOW_new_collisions:
        total_PIOW: 309.733
        num_windows: 166
        time_check_overlap: 1.3318e-05
        num_overlapping_windows: 4
        time_merge_windows: 0
        time_remove_window: 44.6862
        time_remove_window: 2.26e-05
        timing_PlanIn:
            total_PlanIn:309.733
            num_until_goal_expanded:136478
            timing_expansions:
                total_S3Exp: 309.733
                time_top_o: 0.267943
                time_check_in_c: 0.0893744
                time_add_parent: 0.198583
                num_neighbors: 255949629
                time_add_neighbors_to_o: 298.455
    num_windows_should_quit: 0
    time_should_quit: 2.6504e-05
    time_remove_window: 0
Complete!
