Total time: 720.609
is_optimal: false
optimality_bound: 1.0022
successive_bounds: [1.00688, 1.00578, 1.00578, 1.0044, 1.0044, 1.00303, 1.00248, 1.00248, 1.0022, 1.0022]
successive_runtimes: [0.0442761, 0.05916, 0.0762462, 0.104871, 0.129351, 0.155554, 0.553606, 1.68076, 3.03271, 720.609]
num_agents: 50
time_individual_plan: 0.0261228
time_first_plan: 0.0166237
num_max_agents_in_window_first_iteration: 2
num_recWAMPF: 10
timing_recWAMPF:
    total_RecWAMPF: 720.581
    num_windows: 227
    num_max_agents_in_window: 6
    timing_gari:
        total_GARI: 4.02849
        time_path_btw_starts: 0.00135145
        Stage1:
            total_Stage1:2.92213
            time_add_x_to_o: 0.883702
            time_clear_x: 0.323389
            timing_AStarSearchUntil:
                total_astar_search_until:1.71501
                num_values_f_less_fmax:10629
                ASU Exp:
                    total_ASUExp:1.715
                    time_top_o:0.0169246
                    time_check_in_c:0.00782195
                    time_add_parent:0.00814267
                    num_neighbors:1883485
                    time_add_neighbors_to_o:1.60514
        Stage2:
            total_Stage2:0.0209166
            num_len_path:218
            time_expanding_s:0.000300369
            timing_AStarSearchUntil:
                total_astar_search_until:0.0204543
                num_values_f_less_fmax:434
                ASU Exp:
                    total_ASUExp:0.0204452
                    time_top_o:0.000247161
                    time_check_in_c:0.000254767
                    time_add_parent:0.000812703
                    num_neighbors:16142
                    time_add_neighbors_to_o:0.0175577
        Stage3:
            total_Stage3:1.08232
            num_until_goal_expanded:3461
            timing_S3Exp:
                total_S3Exp: 0.619602
                time_top_o: 0.00370266
                time_check_in_c: 0.0329755
                time_add_parent: 0.00402654
                num_neighbors: 627012
                time_add_neighbors_to_o: 0.549592
    timing_PIOW_overlapping:
        total_PIOW: 18.1784
        num_windows: 1408
        time_check_overlap: 8.443e-05
        num_overlapping_windows: 7
        time_merge_windows: 2.3337e-05
        time_remove_window: 4.011e-06
        time_remove_window: 2.2758e-05
        timing_PlanIn:
            total_PlanIn:18.1782
            num_until_goal_expanded:5366
            timing_expansions:
                total_S3Exp: 18.1781
                time_top_o: 0.0111325
                time_check_in_c: 0.00318467
                time_add_parent: 0.00590739
                num_neighbors: 18650175
                time_add_neighbors_to_o: 17.4702
    num_new_collisions: 15
    timing_PIOW_new_collisions:
        total_PIOW: 698.354
        num_windows: 201
        time_check_overlap: 1.521e-05
        num_overlapping_windows: 1
        time_merge_windows: 0
        time_remove_window: 22.265
        time_remove_window: 2.2026e-05
        timing_PlanIn:
            total_PlanIn:698.354
            num_until_goal_expanded:43966
            timing_expansions:
                total_S3Exp: 698.354
                time_top_o: 0.197787
                time_check_in_c: 0.0382698
                time_add_parent: 0.0614952
                num_neighbors: 678777604
                time_add_neighbors_to_o: 672.197
    num_windows_should_quit: 0
    time_should_quit: 1.9612e-05
    time_remove_window: 0
Complete!
