Total time: 0.0580724
is_optimal: true
optimality_bound: 1
successive_bounds: [1.00197, 1.00197, 1.00197, 1.00197, 1.00197, 1.00197, 1.00197, 1.00098, 1.00098, 1.00098, 1.00098, 1, 1]
successive_runtimes: [0.0226615, 0.0245346, 0.0264535, 0.0286075, 0.030755, 0.0333086, 0.0365067, 0.0465207, 0.0497251, 0.0521018, 0.0544736, 0.0580723]
num_agents: 30
time_individual_plan: 0.0182148
time_first_plan: 0.00274684
num_max_agents_in_window_first_iteration: 2
num_recWAMPF: 12
timing_recWAMPF:
    total_RecWAMPF: 0.0381515
    num_windows: 69
    num_max_agents_in_window: 2
    timing_gari:
        total_GARI: 0.0292178
        time_path_btw_starts: 0.000460915
        Stage1:
            total_Stage1:0.00350718
            time_add_x_to_o: 0.00299455
            time_clear_x: 0.000497942
            timing_AStarSearchUntil:
                total_astar_search_until:6.127e-06
                num_values_f_less_fmax:0
                ASU Exp:
                    total_ASUExp:2.262e-06
                    time_top_o:0
                    time_check_in_c:0
                    time_add_parent:0
                    num_neighbors:0
                    time_add_neighbors_to_o:0
        Stage2:
            total_Stage2:0.0104224
            num_len_path:61
            time_expanding_s:0.000102669
            timing_AStarSearchUntil:
                total_astar_search_until:0.0102679
                num_values_f_less_fmax:262
                ASU Exp:
                    total_ASUExp:0.0102641
                    time_top_o:0.000200683
                    time_check_in_c:0.000171964
                    time_add_parent:0.000348484
                    num_neighbors:6140
                    time_add_neighbors_to_o:0.00848178
        Stage3:
            total_Stage3:0.0147858
            num_until_goal_expanded:874
            timing_S3Exp:
                total_S3Exp: 0.0109854
                time_top_o: 0.000474372
                time_check_in_c: 0.000345571
                time_add_parent: 0.000536709
                num_neighbors: 5163
                time_add_neighbors_to_o: 0.00717432
    timing_PIOW_overlapping:
        total_PIOW: 1.556e-05
        num_windows: 99
        time_check_overlap: 7.957e-06
        num_overlapping_windows: 0
        time_merge_windows: 0
        time_remove_window: 0
        time_remove_window: 0
        timing_PlanIn:
            total_PlanIn:0
            num_until_goal_expanded:0
            timing_expansions:
                total_S3Exp: 0
                time_top_o: 0
                time_check_in_c: 0
                time_add_parent: 0
                num_neighbors: 0
                time_add_neighbors_to_o: 0
    num_new_collisions: 3
    timing_PIOW_new_collisions:
        total_PIOW: 0.00155607
        num_windows: 6
        time_check_overlap: 7.34e-07
        num_overlapping_windows: 0
        time_merge_windows: 0
        time_remove_window: 0
        time_remove_window: 3.076e-06
        timing_PlanIn:
            total_PlanIn:0.0015437
            num_until_goal_expanded:67
            timing_expansions:
                total_S3Exp: 0.00152693
                time_top_o: 2.5846e-05
                time_check_in_c: 4.2426e-05
                time_add_parent: 8.5455e-05
                num_neighbors: 617
                time_add_neighbors_to_o: 0.00102754
    num_windows_should_quit: 0
    time_should_quit: 6.042e-06
    time_remove_window: 0
Complete!
