Total time: 0.209298
is_optimal: true
optimality_bound: 1
successive_bounds: [1.03599, 1.03599, 1.00192, 1.00192, 1.00192, 1.00192, 1.00192, 1.00096, 1.00096, 1.00096, 1.00096, 1.00096, 1.00096, 1.00096, 1, 1]
successive_runtimes: [0.0177402, 0.0638505, 0.125701, 0.130023, 0.1347, 0.140477, 0.147265, 0.154097, 0.160277, 0.166153, 0.172407, 0.179522, 0.187217, 0.19842, 0.209298]
num_agents: 30
time_individual_plan: 0.00772875
time_first_plan: 0.00913616
num_max_agents_in_window_first_iteration: 2
num_recWAMPF: 15
timing_recWAMPF:
    total_RecWAMPF: 0.200689
    num_windows: 58
    num_max_agents_in_window: 2
    timing_gari:
        total_GARI: 0.177983
        time_path_btw_starts: 0.000234546
        Stage1:
            total_Stage1:0.133332
            time_add_x_to_o: 0.0318763
            time_clear_x: 0.00589883
            timing_AStarSearchUntil:
                total_astar_search_until:0.0618651
                num_values_f_less_fmax:20041
                ASU Exp:
                    total_ASUExp:0.061863
                    time_top_o:0.00890234
                    time_check_in_c:0.00462257
                    time_add_parent:0.00347049
                    num_neighbors:96065
                    time_add_neighbors_to_o:0.0638038
        Stage2:
            total_Stage2:0.00738726
            num_len_path:62
            time_expanding_s:3.5855e-05
            timing_AStarSearchUntil:
                total_astar_search_until:0.00732953
                num_values_f_less_fmax:406
                ASU Exp:
                    total_ASUExp:0.00732778
                    time_top_o:0.000142101
                    time_check_in_c:0.00013692
                    time_add_parent:0.000257561
                    num_neighbors:9597
                    time_add_neighbors_to_o:0.00613597
        Stage3:
            total_Stage3:0.0370108
            num_until_goal_expanded:4867
            timing_S3Exp:
                total_S3Exp: 0.0295521
                time_top_o: 0.00170399
                time_check_in_c: 0.00110318
                time_add_parent: 0.00221376
                num_neighbors: 27178
                time_add_neighbors_to_o: 0.0170903
    timing_PIOW_overlapping:
        total_PIOW: 5.119e-06
        num_windows: 56
        time_check_overlap: 2.674e-06
        num_overlapping_windows: 0
        time_merge_windows: 0
        time_remove_window: 0
        time_remove_window: 0
        timing_PlanIn:
            total_PlanIn:0
            num_until_goal_expanded:0
            timing_expansions:
                total_S3Exp: 0
                time_top_o: 0
                time_check_in_c: 0
                time_add_parent: 0
                num_neighbors: 0
                time_add_neighbors_to_o: 0
    num_new_collisions: 2
    timing_PIOW_new_collisions:
        total_PIOW: 0.00855134
        num_windows: 2
        time_check_overlap: 3.74e-07
        num_overlapping_windows: 0
        time_merge_windows: 0
        time_remove_window: 0
        time_remove_window: 1.311e-06
        timing_PlanIn:
            total_PlanIn:0.00854499
            num_until_goal_expanded:446
            timing_expansions:
                total_S3Exp: 0.00853707
                time_top_o: 9.7707e-05
                time_check_in_c: 0.000160639
                time_add_parent: 0.000316541
                num_neighbors: 8522
                time_add_neighbors_to_o: 0.0067887
    num_windows_should_quit: 0
    time_should_quit: 2.829e-06
    time_remove_window: 0
Complete!
