Total time: 0.107847
is_optimal: true
optimality_bound: 1
successive_bounds: [1.00391, 1.00391, 1.00391, 1.00391, 1.00391, 1.00391, 1.00391, 1.00196, 1.00196, 1.00196, 1.00196, 1.00196, 1.00196, 1.00196, 1.00196, 1.00196, 1.00196, 1.00196, 1, 1]
successive_runtimes: [0.0128103, 0.0163402, 0.0202525, 0.0255576, 0.0314293, 0.0373909, 0.0435683, 0.0502624, 0.0545679, 0.0590333, 0.0633168, 0.0695494, 0.074886, 0.080593, 0.0854016, 0.0895638, 0.0933486, 0.097671, 0.107847]
num_agents: 20
time_individual_plan: 0.00913335
time_first_plan: 0.00203317
num_max_agents_in_window_first_iteration: 2
num_recWAMPF: 19
timing_recWAMPF:
    total_RecWAMPF: 0.0970602
    num_windows: 111
    num_max_agents_in_window: 2
    timing_gari:
        total_GARI: 0.0916117
        time_path_btw_starts: 0.000702145
        Stage1:
            total_Stage1:0.0519123
            time_add_x_to_o: 0.0174869
            time_clear_x: 0.00285011
            timing_AStarSearchUntil:
                total_astar_search_until:0.03156
                num_values_f_less_fmax:3295
                ASU Exp:
                    total_ASUExp:0.0315524
                    time_top_o:0.00218144
                    time_check_in_c:0.00166144
                    time_add_parent:0.00128537
                    num_neighbors:19708
                    time_add_neighbors_to_o:0.0220124
        Stage2:
            total_Stage2:0.0120915
            num_len_path:120
            time_expanding_s:0.000150948
            timing_AStarSearchUntil:
                total_astar_search_until:0.011865
                num_values_f_less_fmax:303
                ASU Exp:
                    total_ASUExp:0.0118591
                    time_top_o:0.000179183
                    time_check_in_c:0.000176077
                    time_add_parent:0.000396267
                    num_neighbors:7688
                    time_add_neighbors_to_o:0.00996191
        Stage3:
            total_Stage3:0.026837
            num_until_goal_expanded:1146
            timing_S3Exp:
                total_S3Exp: 0.0160901
                time_top_o: 0.000672814
                time_check_in_c: 0.000542652
                time_add_parent: 0.000936897
                num_neighbors: 8290
                time_add_neighbors_to_o: 0.00944849
    timing_PIOW_overlapping:
        total_PIOW: 2.6477e-05
        num_windows: 162
        time_check_overlap: 1.5472e-05
        num_overlapping_windows: 0
        time_merge_windows: 0
        time_remove_window: 0
        time_remove_window: 0
        timing_PlanIn:
            total_PlanIn:0
            num_until_goal_expanded:0
            timing_expansions:
                total_S3Exp: 0
                time_top_o: 0
                time_check_in_c: 0
                time_add_parent: 0
                num_neighbors: 0
                time_add_neighbors_to_o: 0
    num_new_collisions: 3
    timing_PIOW_new_collisions:
        total_PIOW: 0.00150811
        num_windows: 6
        time_check_overlap: 8.59e-07
        num_overlapping_windows: 0
        time_merge_windows: 0
        time_remove_window: 0
        time_remove_window: 2.879e-06
        timing_PlanIn:
            total_PlanIn:0.00149598
            num_until_goal_expanded:60
            timing_expansions:
                total_S3Exp: 0.00147767
                time_top_o: 2.4463e-05
                time_check_in_c: 4.3484e-05
                time_add_parent: 8.5173e-05
                num_neighbors: 518
                time_add_neighbors_to_o: 0.000971088
    num_windows_should_quit: 0
    time_should_quit: 7.33e-06
    time_remove_window: 0
Complete!
