Total time: 0.573924
is_optimal: true
optimality_bound: 1
successive_bounds: [1.00178, 1.00178, 1.00178, 1.00178, 1.00178, 1.00178, 1.00089, 1.00089, 1, 1]
successive_runtimes: [0.0428285, 0.0790538, 0.114389, 0.149491, 0.183378, 0.21788, 0.27535, 0.352312, 0.573924]
num_agents: 30
time_individual_plan: 0.0167729
time_first_plan: 0.0244444
num_max_agents_in_window_first_iteration: 3
num_recWAMPF: 9
timing_recWAMPF:
    total_RecWAMPF: 0.555533
    num_windows: 50
    num_max_agents_in_window: 4
    timing_gari:
        total_GARI: 0.400141
        time_path_btw_starts: 0.000291016
        Stage1:
            total_Stage1:0.265809
            time_add_x_to_o: 0.0781501
            time_clear_x: 0.0188604
            timing_AStarSearchUntil:
                total_astar_search_until:0.168792
                num_values_f_less_fmax:4295
                ASU Exp:
                    total_ASUExp:0.16879
                    time_top_o:0.00385326
                    time_check_in_c:0.00539271
                    time_add_parent:0.00345009
                    num_neighbors:187422
                    time_add_neighbors_to_o:0.149652
        Stage2:
            total_Stage2:0.00832539
            num_len_path:50
            time_expanding_s:4.8972e-05
            timing_AStarSearchUntil:
                total_astar_search_until:0.00823698
                num_values_f_less_fmax:110
                ASU Exp:
                    total_ASUExp:0.00823535
                    time_top_o:5.7538e-05
                    time_check_in_c:4.7053e-05
                    time_add_parent:9.4627e-05
                    num_neighbors:8285
                    time_add_neighbors_to_o:0.00767869
        Stage3:
            total_Stage3:0.125687
            num_until_goal_expanded:1769
            timing_S3Exp:
                total_S3Exp: 0.0912588
                time_top_o: 0.00128923
                time_check_in_c: 0.000679314
                time_add_parent: 0.00125381
                num_neighbors: 101724
                time_add_neighbors_to_o: 0.082275
    timing_PIOW_overlapping:
        total_PIOW: 0.128292
        num_windows: 74
        time_check_overlap: 5.377e-06
        num_overlapping_windows: 1
        time_merge_windows: 3.921e-06
        time_remove_window: 8.69e-07
        time_remove_window: 3.789e-06
        timing_PlanIn:
            total_PlanIn:0.128269
            num_until_goal_expanded:249
            timing_expansions:
                total_S3Exp: 0.128262
                time_top_o: 0.00019709
                time_check_in_c: 0.00010763
                time_add_parent: 0.000258569
                num_neighbors: 120845
                time_add_neighbors_to_o: 0.122204
    num_new_collisions: 4
    timing_PIOW_new_collisions:
        total_PIOW: 0.0232728
        num_windows: 13
        time_check_overlap: 1.716e-06
        num_overlapping_windows: 1
        time_merge_windows: 0
        time_remove_window: 0.022596
        time_remove_window: 3.661e-06
        timing_PlanIn:
            total_PlanIn:0.023248
            num_until_goal_expanded:233
            timing_expansions:
                total_S3Exp: 0.0232179
                time_top_o: 0.000163266
                time_check_in_c: 0.000153804
                time_add_parent: 0.000341631
                num_neighbors: 11938
                time_add_neighbors_to_o: 0.0202833
    num_windows_should_quit: 0
    time_should_quit: 5.337e-06
    time_remove_window: 0
Complete!
