Total time: 0.807303
is_optimal: true
optimality_bound: 1
successive_bounds: [1.00282, 1.00282, 1.00282, 1.00282, 1.00282, 1.00282, 1.00282, 1.00188, 1.00188, 1.00188, 1.00188, 1.00188, 1.00188, 1.00188, 1.00094, 1.00094, 1.00094, 1.00094, 1.00094, 1.00094, 1, 1]
successive_runtimes: [0.0275443, 0.0318461, 0.0363745, 0.0402008, 0.0440924, 0.0482026, 0.0525743, 0.0684945, 0.0743472, 0.0798728, 0.0861324, 0.0924803, 0.0985314, 0.1092, 0.169798, 0.256129, 0.357862, 0.465981, 0.570207, 0.684638, 0.807303]
num_agents: 30
time_individual_plan: 0.0214585
time_first_plan: 0.00451127
num_max_agents_in_window_first_iteration: 2
num_recWAMPF: 21
timing_recWAMPF:
    total_RecWAMPF: 0.784257
    num_windows: 123
    num_max_agents_in_window: 3
    timing_gari:
        total_GARI: 0.72392
        time_path_btw_starts: 0.000689308
        Stage1:
            total_Stage1:0.319147
            time_add_x_to_o: 0.101911
            time_clear_x: 0.0272715
            timing_AStarSearchUntil:
                total_astar_search_until:0.189946
                num_values_f_less_fmax:9730
                ASU Exp:
                    total_ASUExp:0.18994
                    time_top_o:0.00783108
                    time_check_in_c:0.0052038
                    time_add_parent:0.00664926
                    num_neighbors:205706
                    time_add_neighbors_to_o:0.157812
        Stage2:
            total_Stage2:0.0299454
            num_len_path:122
            time_expanding_s:0.000148575
            timing_AStarSearchUntil:
                total_astar_search_until:0.0296958
                num_values_f_less_fmax:777
                ASU Exp:
                    total_ASUExp:0.0296911
                    time_top_o:0.000508641
                    time_check_in_c:0.000434065
                    time_add_parent:0.000845221
                    num_neighbors:23573
                    time_add_neighbors_to_o:0.0253435
        Stage3:
            total_Stage3:0.374057
            num_until_goal_expanded:13830
            timing_S3Exp:
                total_S3Exp: 0.282962
                time_top_o: 0.0092213
                time_check_in_c: 0.00387282
                time_add_parent: 0.00927234
                num_neighbors: 347512
                time_add_neighbors_to_o: 0.228726
    timing_PIOW_overlapping:
        total_PIOW: 3.4734e-05
        num_windows: 180
        time_check_overlap: 2.0166e-05
        num_overlapping_windows: 0
        time_merge_windows: 0
        time_remove_window: 0
        time_remove_window: 0
        timing_PlanIn:
            total_PlanIn:0
            num_until_goal_expanded:0
            timing_expansions:
                total_S3Exp: 0
                time_top_o: 0
                time_check_in_c: 0
                time_add_parent: 0
                num_neighbors: 0
                time_add_neighbors_to_o: 0
    num_new_collisions: 4
    timing_PIOW_new_collisions:
        total_PIOW: 0.0499643
        num_windows: 13
        time_check_overlap: 3.755e-06
        num_overlapping_windows: 1
        time_merge_windows: 0
        time_remove_window: 0.12435
        time_remove_window: 4.328e-06
        timing_PlanIn:
            total_PlanIn:0.0499419
            num_until_goal_expanded:1284
            timing_expansions:
                total_S3Exp: 0.0499187
                time_top_o: 0.000857742
                time_check_in_c: 0.000536881
                time_add_parent: 0.00122895
                num_neighbors: 38654
                time_add_neighbors_to_o: 0.0405454
    num_windows_should_quit: 0
    time_should_quit: 9.276e-06
    time_remove_window: 0
Complete!
