Total time: 16.9818
is_optimal: true
optimality_bound: 1
successive_bounds: [1.00491, 1.00368, 1.00307, 1.00307, 1.00307, 1.00307, 1.00061, 1.00061, 1.00061, 1.00061, 1.00061, 1.00061, 1.00061, 1.00061, 1, 1]
successive_runtimes: [0.0197884, 0.0251901, 0.0302977, 0.0351677, 0.0424351, 0.0489634, 0.0670612, 0.071674, 0.074622, 0.0774677, 0.0802875, 0.0833742, 0.0866072, 0.0895378, 16.9818]
num_agents: 30
time_individual_plan: 0.0129343
time_first_plan: 0.00525654
num_max_agents_in_window_first_iteration: 2
num_recWAMPF: 15
timing_recWAMPF:
    total_RecWAMPF: 16.9672
    num_windows: 173
    num_max_agents_in_window: 4
    timing_gari:
        total_GARI: 0.0684985
        time_path_btw_starts: 0.000942778
        Stage1:
            total_Stage1:0.0201351
            time_add_x_to_o: 0.0112087
            time_clear_x: 0.0016336
            timing_AStarSearchUntil:
                total_astar_search_until:0.00727081
                num_values_f_less_fmax:1717
                ASU Exp:
                    total_ASUExp:0.00726243
                    time_top_o:0.00102771
                    time_check_in_c:0.000553183
                    time_add_parent:0.000422167
                    num_neighbors:3009
                    time_add_neighbors_to_o:0.00369369
        Stage2:
            total_Stage2:0.0250329
            num_len_path:176
            time_expanding_s:0.000235379
            timing_AStarSearchUntil:
                total_astar_search_until:0.0246815
                num_values_f_less_fmax:617
                ASU Exp:
                    total_ASUExp:0.0246745
                    time_top_o:0.000429964
                    time_check_in_c:0.000373491
                    time_add_parent:0.000749746
                    num_neighbors:15955
                    time_add_neighbors_to_o:0.0205028
        Stage3:
            total_Stage3:0.0222695
            num_until_goal_expanded:777
            timing_S3Exp:
                total_S3Exp: 0.0108093
                time_top_o: 0.000431868
                time_check_in_c: 0.000348172
                time_add_parent: 0.000604759
                num_neighbors: 4173
                time_add_neighbors_to_o: 0.00568834
    timing_PIOW_overlapping:
        total_PIOW: 8.0418e-05
        num_windows: 504
        time_check_overlap: 4.5843e-05
        num_overlapping_windows: 0
        time_merge_windows: 0
        time_remove_window: 0
        time_remove_window: 0
        timing_PlanIn:
            total_PlanIn:0
            num_until_goal_expanded:0
            timing_expansions:
                total_S3Exp: 0
                time_top_o: 0
                time_check_in_c: 0
                time_add_parent: 0
                num_neighbors: 0
                time_add_neighbors_to_o: 0
    num_new_collisions: 7
    timing_PIOW_new_collisions:
        total_PIOW: 16.8927
        num_windows: 46
        time_check_overlap: 6.606e-06
        num_overlapping_windows: 2
        time_merge_windows: 0
        time_remove_window: 0.188365
        time_remove_window: 6.139e-06
        timing_PlanIn:
            total_PlanIn:16.8927
            num_until_goal_expanded:48521
            timing_expansions:
                total_S3Exp: 16.8927
                time_top_o: 0.0975173
                time_check_in_c: 0.0235024
                time_add_parent: 0.0557311
                num_neighbors: 18440997
                time_add_neighbors_to_o: 15.8976
    num_windows_should_quit: 0
    time_should_quit: 1.2539e-05
    time_remove_window: 0
Complete!
