Total time: 0.852929
is_optimal: false
optimality_bound: 1.00676
successive_bounds: [1.00892, 1.00892, 1.00892, 1.00892, 1.00892, 1.00892, 1.00892, 1.00811, 1.00757, 1.0073, 1.0073, 1.0073, 1.0073, 1.0073, 1.00676, 1.00676, 1.00676, 1.00676]
successive_runtimes: [0.0653379, 0.0988089, 0.109661, 0.120109, 0.130981, 0.142165, 0.154974, 0.169458, 0.184474, 0.254666, 0.347205, 0.439848, 0.531857, 0.612447, 0.674353, 0.727542, 0.786355, 0.852929]
num_agents: 50
time_individual_plan: 0.025233
time_first_plan: 0.0385732
num_max_agents_in_window_first_iteration: 3
num_recWAMPF: 18
timing_recWAMPF:
    total_RecWAMPF: 0.826158
    num_windows: 136
    num_max_agents_in_window: 4
    timing_gari:
        total_GARI: 0.679131
        time_path_btw_starts: 0.000740547
        Stage1:
            total_Stage1:0.156531
            time_add_x_to_o: 0.103892
            time_clear_x: 0.0223683
            timing_AStarSearchUntil:
                total_astar_search_until:0.0302554
                num_values_f_less_fmax:511
                ASU Exp:
                    total_ASUExp:0.0302492
                    time_top_o:0.000415485
                    time_check_in_c:0.00117936
                    time_add_parent:0.000592071
                    num_neighbors:28379
                    time_add_neighbors_to_o:0.0270649
        Stage2:
            total_Stage2:0.0190996
            num_len_path:111
            time_expanding_s:0.00126397
            timing_AStarSearchUntil:
                total_astar_search_until:0.0177429
                num_values_f_less_fmax:231
                ASU Exp:
                    total_ASUExp:0.0177378
                    time_top_o:0.00013064
                    time_check_in_c:0.000112913
                    time_add_parent:0.000511783
                    num_neighbors:18357
                    time_add_neighbors_to_o:0.0161198
        Stage3:
            total_Stage3:0.501653
            num_until_goal_expanded:2373
            timing_S3Exp:
                total_S3Exp: 0.281601
                time_top_o: 0.00153105
                time_check_in_c: 0.00082558
                time_add_parent: 0.00198539
                num_neighbors: 240345
                time_add_neighbors_to_o: 0.247659
    timing_PIOW_overlapping:
        total_PIOW: 0.0367825
        num_windows: 412
        time_check_overlap: 2.4922e-05
        num_overlapping_windows: 14
        time_merge_windows: 3.247e-05
        time_remove_window: 4.95e-06
        time_remove_window: 3.1111e-05
        timing_PlanIn:
            total_PlanIn:0.0366696
            num_until_goal_expanded:735
            timing_expansions:
                total_S3Exp: 0.036609
                time_top_o: 0.000266022
                time_check_in_c: 0.000348189
                time_add_parent: 0.000728629
                num_neighbors: 23673
                time_add_neighbors_to_o: 0.0308263
    num_new_collisions: 19
    timing_PIOW_new_collisions:
        total_PIOW: 0.0780701
        num_windows: 307
        time_check_overlap: 2.137e-05
        num_overlapping_windows: 2
        time_merge_windows: 0
        time_remove_window: 0.23823
        time_remove_window: 2.3259e-05
        timing_PlanIn:
            total_PlanIn:0.0779421
            num_until_goal_expanded:891
            timing_expansions:
                total_S3Exp: 0.0778459
                time_top_o: 0.00038008
                time_check_in_c: 0.000489223
                time_add_parent: 0.000976929
                num_neighbors: 63785
                time_add_neighbors_to_o: 0.0689118
    num_windows_should_quit: 0
    time_should_quit: 1.4553e-05
    time_remove_window: 0
Complete!
