Total time: 0.0962394
is_optimal: true
optimality_bound: 1
successive_bounds: [1.00091, 1.00091, 1.00091, 1.00091, 1.00091, 1.00091, 1.00091, 1.00091, 1.00091, 1.00091, 1.00091, 1.00091, 1.00091, 1, 1]
successive_runtimes: [0.020916, 0.0223268, 0.0237299, 0.0251858, 0.0286138, 0.030291, 0.0319082, 0.0335574, 0.0352702, 0.0370463, 0.0386564, 0.0402486, 0.0417816, 0.0962394]
num_agents: 30
time_individual_plan: 0.0163534
time_first_plan: 0.00295067
num_max_agents_in_window_first_iteration: 2
num_recWAMPF: 14
timing_recWAMPF:
    total_RecWAMPF: 0.0782651
    num_windows: 54
    num_max_agents_in_window: 2
    timing_gari:
        total_GARI: 0.0673301
        time_path_btw_starts: 0.00043956
        Stage1:
            total_Stage1:0.00126262
            time_add_x_to_o: 0.00112523
            time_clear_x: 0.00012437
            timing_AStarSearchUntil:
                total_astar_search_until:5.618e-06
                num_values_f_less_fmax:0
                ASU Exp:
                    total_ASUExp:2.589e-06
                    time_top_o:0
                    time_check_in_c:0
                    time_add_parent:0
                    num_neighbors:0
                    time_add_neighbors_to_o:0
        Stage2:
            total_Stage2:0.056303
            num_len_path:71
            time_expanding_s:0.000195864
            timing_AStarSearchUntil:
                total_astar_search_until:0.0560629
                num_values_f_less_fmax:1465
                ASU Exp:
                    total_ASUExp:0.0560603
                    time_top_o:0.00133506
                    time_check_in_c:0.000817014
                    time_add_parent:0.00170595
                    num_neighbors:35854
                    time_add_neighbors_to_o:0.0469397
        Stage3:
            total_Stage3:0.0092697
            num_until_goal_expanded:131
            timing_S3Exp:
                total_S3Exp: 0.00451909
                time_top_o: 7.8473e-05
                time_check_in_c: 7.7508e-05
                time_add_parent: 0.000164139
                num_neighbors: 1874
                time_add_neighbors_to_o: 0.00320343
    timing_PIOW_overlapping:
        total_PIOW: 1.0853e-05
        num_windows: 52
        time_check_overlap: 5.196e-06
        num_overlapping_windows: 0
        time_merge_windows: 0
        time_remove_window: 0
        time_remove_window: 0
        timing_PlanIn:
            total_PlanIn:0
            num_until_goal_expanded:0
            timing_expansions:
                total_S3Exp: 0
                time_top_o: 0
                time_check_in_c: 0
                time_add_parent: 0
                num_neighbors: 0
                time_add_neighbors_to_o: 0
    num_new_collisions: 2
    timing_PIOW_new_collisions:
        total_PIOW: 0.00185049
        num_windows: 2
        time_check_overlap: 8.17e-07
        num_overlapping_windows: 0
        time_merge_windows: 0
        time_remove_window: 0
        time_remove_window: 1.821e-06
        timing_PlanIn:
            total_PlanIn:0.00183986
            num_until_goal_expanded:38
            timing_expansions:
                total_S3Exp: 0.00182609
                time_top_o: 2.2629e-05
                time_check_in_c: 3.0162e-05
                time_add_parent: 5.7393e-05
                num_neighbors: 777
                time_add_neighbors_to_o: 0.00148306
    num_windows_should_quit: 0
    time_should_quit: 5.578e-06
    time_remove_window: 0
Complete!
