Total time: 1013.42
is_optimal: false
optimality_bound: 1.00208
successive_bounds: [1.02132, 1.0052, 1.0052, 1.0052, 1.0052, 1.0052, 1.00416, 1.00416, 1.00416, 1.00416, 1.00312, 1.00312, 1.00312, 1.00312, 1.00208, 1.00208]
successive_runtimes: [0.102218, 0.965203, 4.91595, 31.1897, 78.5347, 130.979, 140.586, 165.297, 205.125, 258.743, 318.661, 324.747, 346.706, 379.147, 467.224, 1013.42]
num_agents: 30
time_individual_plan: 0.0205023
time_first_plan: 0.0801397
num_max_agents_in_window_first_iteration: 3
num_recWAMPF: 16
timing_recWAMPF:
    total_RecWAMPF: 1013.39
    num_windows: 153
    num_max_agents_in_window: 5
    timing_gari:
        total_GARI: 955.414
        time_path_btw_starts: 0.00161225
        Stage1:
            total_Stage1:870.573
            time_add_x_to_o: 24.8958
            time_clear_x: 13.2906
            timing_AStarSearchUntil:
                total_astar_search_until:747.756
                num_values_f_less_fmax:2313799
                ASU Exp:
                    total_ASUExp:747.756
                    time_top_o:4.82273
                    time_check_in_c:1.75247
                    time_add_parent:1.38623
                    num_neighbors:984040015
                    time_add_neighbors_to_o:812.26
        Stage2:
            total_Stage2:0.202762
            num_len_path:155
            time_expanding_s:0.000209091
            timing_AStarSearchUntil:
                total_astar_search_until:0.202438
                num_values_f_less_fmax:867
                ASU Exp:
                    total_ASUExp:0.202433
                    time_top_o:0.000555062
                    time_check_in_c:0.000371366
                    time_add_parent:0.000667369
                    num_neighbors:265028
                    time_add_neighbors_to_o:0.198218
        Stage3:
            total_Stage3:84.6358
            num_until_goal_expanded:436277
            timing_S3Exp:
                total_S3Exp: 79.1886
                time_top_o: 0.50297
                time_check_in_c: 0.232949
                time_add_parent: 0.381281
                num_neighbors: 98681011
                time_add_neighbors_to_o: 75.289
    timing_PIOW_overlapping:
        total_PIOW: 43.8165
        num_windows: 384
        time_check_overlap: 2.2015e-05
        num_overlapping_windows: 3
        time_merge_windows: 1.1765e-05
        time_remove_window: 1.695e-06
        time_remove_window: 1.1573e-05
        timing_PlanIn:
            total_PlanIn:43.8165
            num_until_goal_expanded:58228
            timing_expansions:
                total_S3Exp: 43.8164
                time_top_o: 0.114939
                time_check_in_c: 0.033728
                time_add_parent: 0.0675502
                num_neighbors: 52007122
                time_add_neighbors_to_o: 41.375
    num_new_collisions: 9
    timing_PIOW_new_collisions:
        total_PIOW: 0.135334
        num_windows: 60
        time_check_overlap: 6.849e-06
        num_overlapping_windows: 2
        time_merge_windows: 0
        time_remove_window: 318.633
        time_remove_window: 7.234e-06
        timing_PlanIn:
            total_PlanIn:0.135288
            num_until_goal_expanded:1012
            timing_expansions:
                total_S3Exp: 0.135239
                time_top_o: 0.000452158
                time_check_in_c: 0.000547389
                time_add_parent: 0.00116728
                num_neighbors: 60331
                time_add_neighbors_to_o: 0.124642
    num_windows_should_quit: 0
    time_should_quit: 1.9195e-05
    time_remove_window: 0
Complete!
