Total time: 9.56929
is_optimal: true
optimality_bound: 1
successive_bounds: [1.00182, 1.00182, 1.00182, 1.00182, 1.00182, 1.00182, 1.00091, 1.00091, 1.00046, 1.00046, 1.00046, 1.00046, 1.00046, 1.00046, 1.00046, 1.00046, 1.00046, 1.00046, 1.00046, 1.00046, 1.00046, 1.00046, 1.00046, 1.00046, 1.00046, 1.00046, 1.00046, 1, 1]
successive_runtimes: [0.0251873, 0.0367522, 0.08196, 0.150463, 0.243678, 0.37515, 0.487756, 0.540542, 0.568085, 0.599025, 0.63447, 0.675568, 0.720811, 0.797577, 0.942873, 1.1466, 1.50988, 1.86392, 2.27868, 2.78103, 3.307, 3.9236, 4.66501, 5.55947, 6.45003, 7.41751, 8.44898, 9.56929]
num_agents: 30
time_individual_plan: 0.0199811
time_first_plan: 0.00355466
num_max_agents_in_window_first_iteration: 2
num_recWAMPF: 28
timing_recWAMPF:
    total_RecWAMPF: 9.54764
    num_windows: 165
    num_max_agents_in_window: 3
    timing_gari:
        total_GARI: 9.52664
        time_path_btw_starts: 0.00094768
        Stage1:
            total_Stage1:5.93412
            time_add_x_to_o: 1.90686
            time_clear_x: 0.974138
            timing_AStarSearchUntil:
                total_astar_search_until:3.05309
                num_values_f_less_fmax:95724
                ASU Exp:
                    total_ASUExp:3.05308
                    time_top_o:0.129366
                    time_check_in_c:0.0610371
                    time_add_parent:0.0572869
                    num_neighbors:3600400
                    time_add_neighbors_to_o:2.65246
        Stage2:
            total_Stage2:0.050173
            num_len_path:172
            time_expanding_s:0.000201
            timing_AStarSearchUntil:
                total_astar_search_until:0.0498183
                num_values_f_less_fmax:573
                ASU Exp:
                    total_ASUExp:0.0498114
                    time_top_o:0.000334287
                    time_check_in_c:0.00021857
                    time_add_parent:0.000525955
                    num_neighbors:55491
                    time_add_neighbors_to_o:0.0468389
        Stage3:
            total_Stage3:3.54131
            num_until_goal_expanded:32251
            timing_S3Exp:
                total_S3Exp: 0.797684
                time_top_o: 0.026624
                time_check_in_c: 0.0129983
                time_add_parent: 0.0256889
                num_neighbors: 774277
                time_add_neighbors_to_o: 0.631558
    timing_PIOW_overlapping:
        total_PIOW: 3.3643e-05
        num_windows: 243
        time_check_overlap: 2.0362e-05
        num_overlapping_windows: 0
        time_merge_windows: 0
        time_remove_window: 0
        time_remove_window: 0
        timing_PlanIn:
            total_PlanIn:0
            num_until_goal_expanded:0
            timing_expansions:
                total_S3Exp: 0
                time_top_o: 0
                time_check_in_c: 0
                time_add_parent: 0
                num_neighbors: 0
                time_add_neighbors_to_o: 0
    num_new_collisions: 4
    timing_PIOW_new_collisions:
        total_PIOW: 0.00956357
        num_windows: 13
        time_check_overlap: 1.725e-06
        num_overlapping_windows: 1
        time_merge_windows: 0
        time_remove_window: 0.0288588
        time_remove_window: 4.541e-06
        timing_PlanIn:
            total_PlanIn:0.00953538
            num_until_goal_expanded:204
            timing_expansions:
                total_S3Exp: 0.00950996
                time_top_o: 9.1327e-05
                time_check_in_c: 0.000135564
                time_add_parent: 0.000304672
                num_neighbors: 4412
                time_add_neighbors_to_o: 0.00752835
    num_windows_should_quit: 0
    time_should_quit: 1.8191e-05
    time_remove_window: 0
Complete!
