Total time: 0.0545185
is_optimal: true
optimality_bound: 1
successive_bounds: [1.0042, 1.0042, 1.0042, 1.0042, 1.0042, 1.0042, 1.00315, 1.0021, 1.0021, 1, 1]
successive_runtimes: [0.011391, 0.0149891, 0.0190374, 0.0237273, 0.0284585, 0.0334868, 0.0385753, 0.0446531, 0.0479969, 0.0545185]
num_agents: 30
time_individual_plan: 0.00755177
time_first_plan: 0.00293248
num_max_agents_in_window_first_iteration: 2
num_recWAMPF: 10
timing_recWAMPF:
    total_RecWAMPF: 0.0460566
    num_windows: 95
    num_max_agents_in_window: 2
    timing_gari:
        total_GARI: 0.0401177
        time_path_btw_starts: 0.000450649
        Stage1:
            total_Stage1:0.0124972
            time_add_x_to_o: 0.00618471
            time_clear_x: 0.00102997
            timing_AStarSearchUntil:
                total_astar_search_until:0.00527446
                num_values_f_less_fmax:2390
                ASU Exp:
                    total_ASUExp:0.00527071
                    time_top_o:0.000950118
                    time_check_in_c:0.000558534
                    time_add_parent:0.000395642
                    num_neighbors:2543
                    time_add_neighbors_to_o:0.0021503
        Stage2:
            total_Stage2:0.0112597
            num_len_path:109
            time_expanding_s:8.6225e-05
            timing_AStarSearchUntil:
                total_astar_search_until:0.0111155
                num_values_f_less_fmax:430
                ASU Exp:
                    total_ASUExp:0.0111121
                    time_top_o:0.000189484
                    time_check_in_c:0.000167333
                    time_add_parent:0.000334778
                    num_neighbors:10755
                    time_add_neighbors_to_o:0.00934172
        Stage3:
            total_Stage3:0.0158749
            num_until_goal_expanded:1206
            timing_S3Exp:
                total_S3Exp: 0.0121603
                time_top_o: 0.000474378
                time_check_in_c: 0.000381468
                time_add_parent: 0.000663428
                num_neighbors: 8820
                time_add_neighbors_to_o: 0.00783899
    timing_PIOW_overlapping:
        total_PIOW: 2.0802e-05
        num_windows: 225
        time_check_overlap: 1.1897e-05
        num_overlapping_windows: 0
        time_merge_windows: 0
        time_remove_window: 0
        time_remove_window: 0
        timing_PlanIn:
            total_PlanIn:0
            num_until_goal_expanded:0
            timing_expansions:
                total_S3Exp: 0
                time_top_o: 0
                time_check_in_c: 0
                time_add_parent: 0
                num_neighbors: 0
                time_add_neighbors_to_o: 0
    num_new_collisions: 5
    timing_PIOW_new_collisions:
        total_PIOW: 0.00176602
        num_windows: 20
        time_check_overlap: 1.199e-06
        num_overlapping_windows: 0
        time_merge_windows: 0
        time_remove_window: 0
        time_remove_window: 3.376e-06
        timing_PlanIn:
            total_PlanIn:0.00174758
            num_until_goal_expanded:111
            timing_expansions:
                total_S3Exp: 0.00173032
                time_top_o: 2.6612e-05
                time_check_in_c: 4.6853e-05
                time_add_parent: 8.9492e-05
                num_neighbors: 1067
                time_add_neighbors_to_o: 0.00117864
    num_windows_should_quit: 0
    time_should_quit: 5.106e-06
    time_remove_window: 0
Complete!
