Total time: 0.0193764
is_optimal: true
optimality_bound: 1
successive_bounds: [1.00197, 1.00197, 1.00197, 1.00197, 1.00197, 1.00197, 1.00197, 1.00098, 1.00098, 1.00098, 1.00098, 1, 1]
successive_runtimes: [0.00774065, 0.00836712, 0.00898038, 0.00964991, 0.0103263, 0.0112224, 0.0122625, 0.0154702, 0.0165713, 0.0173515, 0.018153, 0.0193764]
num_agents: 30
time_individual_plan: 0.00624725
time_first_plan: 0.000914432
num_max_agents_in_window_first_iteration: 2
num_recWAMPF: 12
timing_recWAMPF:
    total_RecWAMPF: 0.0125481
    num_windows: 69
    num_max_agents_in_window: 2
    timing_gari:
        total_GARI: 0.00901351
        time_path_btw_starts: 0.000142512
        Stage1:
            total_Stage1:0.00110017
            time_add_x_to_o: 0.000939321
            time_clear_x: 0.000154551
            timing_AStarSearchUntil:
                total_astar_search_until:2.919e-06
                num_values_f_less_fmax:0
                ASU Exp:
                    total_ASUExp:1.37e-06
                    time_top_o:0
                    time_check_in_c:0
                    time_add_parent:0
                    num_neighbors:0
                    time_add_neighbors_to_o:0
        Stage2:
            total_Stage2:0.0032298
            num_len_path:61
            time_expanding_s:4.1309e-05
            timing_AStarSearchUntil:
                total_astar_search_until:0.00317115
                num_values_f_less_fmax:262
                ASU Exp:
                    total_ASUExp:0.00316976
                    time_top_o:7.1194e-05
                    time_check_in_c:5.6016e-05
                    time_add_parent:8.2946e-05
                    num_neighbors:6140
                    time_add_neighbors_to_o:0.00267545
        Stage3:
            total_Stage3:0.00453097
            num_until_goal_expanded:862
            timing_S3Exp:
                total_S3Exp: 0.00325753
                time_top_o: 0.00018325
                time_check_in_c: 9.8179e-05
                time_add_parent: 0.000165057
                num_neighbors: 4912
                time_add_neighbors_to_o: 0.00213347
    timing_PIOW_overlapping:
        total_PIOW: 5.67e-06
        num_windows: 99
        time_check_overlap: 2.913e-06
        num_overlapping_windows: 0
        time_merge_windows: 0
        time_remove_window: 0
        time_remove_window: 0
        timing_PlanIn:
            total_PlanIn:0
            num_until_goal_expanded:0
            timing_expansions:
                total_S3Exp: 0
                time_top_o: 0
                time_check_in_c: 0
                time_add_parent: 0
                num_neighbors: 0
                time_add_neighbors_to_o: 0
    num_new_collisions: 3
    timing_PIOW_new_collisions:
        total_PIOW: 0.000427089
        num_windows: 6
        time_check_overlap: 3.06e-07
        num_overlapping_windows: 0
        time_merge_windows: 0
        time_remove_window: 0
        time_remove_window: 9.4e-07
        timing_PlanIn:
            total_PlanIn:0.000422644
            num_until_goal_expanded:67
            timing_expansions:
                total_S3Exp: 0.000416586
                time_top_o: 9.111e-06
                time_check_in_c: 1.2145e-05
                time_add_parent: 1.8362e-05
                num_neighbors: 617
                time_add_neighbors_to_o: 0.000275443
    num_windows_should_quit: 0
    time_should_quit: 2.203e-06
    time_remove_window: 0
Complete!
