Total time: 3.63988
is_optimal: true
optimality_bound: 1
successive_bounds: [1.00256, 1.00256, 1.00256, 1.00256, 1.00256, 1.00256, 1.00256, 1.00256, 1.00256, 1.00256, 1.00256, 1.00256, 1.00256, 1.00256, 1.00256, 1.00256, 1.00256, 1.00256, 1.00256, 1.00256, 1.00256, 1.00256, 1.00256, 1.00256, 1, 1]
successive_runtimes: [0.00303301, 0.00388899, 0.00481098, 0.00607221, 0.00748435, 0.00894121, 0.0104362, 0.0122975, 0.0140439, 0.0184133, 0.0244793, 0.0306371, 0.0357248, 0.0557542, 0.11624, 0.214952, 0.340354, 0.51087, 0.748913, 1.13964, 1.64032, 2.12471, 2.57423, 3.06837, 3.63988]
num_agents: 10
time_individual_plan: 0.00218643
time_first_plan: 0.000317872
num_max_agents_in_window_first_iteration: 2
num_recWAMPF: 25
timing_recWAMPF:
    total_RecWAMPF: 3.63716
    num_windows: 49
    num_max_agents_in_window: 3
    timing_gari:
        total_GARI: 3.62065
        time_path_btw_starts: 0.000682712
        Stage1:
            total_Stage1:2.79952
            time_add_x_to_o: 0.712115
            time_clear_x: 0.316685
            timing_AStarSearchUntil:
                total_astar_search_until:1.77071
                num_values_f_less_fmax:66705
                ASU Exp:
                    total_ASUExp:1.77071
                    time_top_o:0.0632159
                    time_check_in_c:0.0246875
                    time_add_parent:0.043506
                    num_neighbors:3352142
                    time_add_neighbors_to_o:1.52989
        Stage2:
            total_Stage2:0.00368918
            num_len_path:43
            time_expanding_s:3.0586e-05
            timing_AStarSearchUntil:
                total_astar_search_until:0.00362993
                num_values_f_less_fmax:214
                ASU Exp:
                    total_ASUExp:0.00362852
                    time_top_o:6.107e-05
                    time_check_in_c:4.1393e-05
                    time_add_parent:0.000166054
                    num_neighbors:7305
                    time_add_neighbors_to_o:0.0031338
        Stage3:
            total_Stage3:0.816738
            num_until_goal_expanded:10927
            timing_S3Exp:
                total_S3Exp: 0.169445
                time_top_o: 0.00580927
                time_check_in_c: 0.00274927
                time_add_parent: 0.00585618
                num_neighbors: 266138
                time_add_neighbors_to_o: 0.127315
    timing_PIOW_overlapping:
        total_PIOW: 7.59e-07
        num_windows: 24
        time_check_overlap: 0
        num_overlapping_windows: 0
        time_merge_windows: 0
        time_remove_window: 0
        time_remove_window: 0
        timing_PlanIn:
            total_PlanIn:0
            num_until_goal_expanded:0
            timing_expansions:
                total_S3Exp: 0
                time_top_o: 0
                time_check_in_c: 0
                time_add_parent: 0
                num_neighbors: 0
                time_add_neighbors_to_o: 0
    num_new_collisions: 2
    timing_PIOW_new_collisions:
        total_PIOW: 0.0158198
        num_windows: 1
        time_check_overlap: 1.11e-07
        num_overlapping_windows: 1
        time_merge_windows: 0
        time_remove_window: 0.0407803
        time_remove_window: 4.74e-07
        timing_PlanIn:
            total_PlanIn:0.0158158
            num_until_goal_expanded:366
            timing_expansions:
                total_S3Exp: 0.0158107
                time_top_o: 7.8e-05
                time_check_in_c: 6.2955e-05
                time_add_parent: 9.7075e-05
                num_neighbors: 33388
                time_add_neighbors_to_o: 0.014219
    num_windows_should_quit: 0
    time_should_quit: 1.896e-06
    time_remove_window: 0
Complete!
