Total time: 0.0104006
is_optimal: true
optimality_bound: 1
successive_bounds: [1.00071, 1.00071, 1.00071, 1.00071, 1.00071, 1.00071, 1.00071, 1.00071, 1.00071, 1.00071, 1.00071, 1.00071, 1, 1]
successive_runtimes: [0.00298748, 0.0031493, 0.00330014, 0.00345476, 0.00361098, 0.00377116, 0.0039321, 0.00410024, 0.00426599, 0.0044324, 0.00460147, 0.00477717, 0.0104006]
num_agents: 20
time_individual_plan: 0.00223939
time_first_plan: 0.00017811
num_max_agents_in_window_first_iteration: 2
num_recWAMPF: 13
timing_recWAMPF:
    total_RecWAMPF: 0.00758929
    num_windows: 25
    num_max_agents_in_window: 2
    timing_gari:
        total_GARI: 0.0063365
        time_path_btw_starts: 6.3357e-05
        Stage1:
            total_Stage1:9.6804e-05
            time_add_x_to_o: 8.3786e-05
            time_clear_x: 1.0301e-05
            timing_AStarSearchUntil:
                total_astar_search_until:1.142e-06
                num_values_f_less_fmax:0
                ASU Exp:
                    total_ASUExp:5.34e-07
                    time_top_o:0
                    time_check_in_c:0
                    time_add_parent:0
                    num_neighbors:0
                    time_add_neighbors_to_o:0
        Stage2:
            total_Stage2:0.00547314
            num_len_path:37
            time_expanding_s:1.3603e-05
            timing_AStarSearchUntil:
                total_astar_search_until:0.00545278
                num_values_f_less_fmax:372
                ASU Exp:
                    total_ASUExp:0.00545224
                    time_top_o:8.5262e-05
                    time_check_in_c:7.4384e-05
                    time_add_parent:0.000100694
                    num_neighbors:9665
                    time_add_neighbors_to_o:0.0048213
        Stage3:
            total_Stage3:0.000699384
            num_until_goal_expanded:23
            timing_S3Exp:
                total_S3Exp: 0.000260136
                time_top_o: 2.716e-06
                time_check_in_c: 1.75e-06
                time_add_parent: 3.25e-06
                num_neighbors: 330
                time_add_neighbors_to_o: 0.000188282
    timing_PIOW_overlapping:
        total_PIOW: 2.91e-07
        num_windows: 12
        time_check_overlap: 0
        num_overlapping_windows: 0
        time_merge_windows: 0
        time_remove_window: 0
        time_remove_window: 0
        timing_PlanIn:
            total_PlanIn:0
            num_until_goal_expanded:0
            timing_expansions:
                total_S3Exp: 0
                time_top_o: 0
                time_check_in_c: 0
                time_add_parent: 0
                num_neighbors: 0
                time_add_neighbors_to_o: 0
    num_new_collisions: 1
    timing_PIOW_new_collisions:
        total_PIOW: 6.0285e-05
        num_windows: 0
        time_check_overlap: 0
        num_overlapping_windows: 0
        time_merge_windows: 0
        time_remove_window: 0
        time_remove_window: 3.16e-07
        timing_PlanIn:
            total_PlanIn:5.8616e-05
            num_until_goal_expanded:4
            timing_expansions:
                total_S3Exp: 5.5387e-05
                time_top_o: 1.025e-06
                time_check_in_c: 1.15e-06
                time_add_parent: 1.744e-06
                num_neighbors: 80
                time_add_neighbors_to_o: 4.1988e-05
    num_windows_should_quit: 0
    time_should_quit: 5.9e-07
    time_remove_window: 0
Complete!
