Total time: 0.30465
is_optimal: true
optimality_bound: 1
successive_bounds: [1.00639, 1.00639, 1.00639, 1.00639, 1.00639, 1.00639, 1.00639, 1.00639, 1.00639, 1.00639, 1.00639, 1.00639, 1.00639, 1.00639, 1.00639, 1.00319, 1.00319, 1.00319, 1.00319, 1, 1]
successive_runtimes: [0.00342632, 0.0103768, 0.0176832, 0.0250803, 0.0326458, 0.040582, 0.0482766, 0.0560476, 0.0640648, 0.0718698, 0.0797997, 0.0890796, 0.0981336, 0.107096, 0.11661, 0.145118, 0.166308, 0.188401, 0.210301, 0.30465]
num_agents: 10
time_individual_plan: 0.00114342
time_first_plan: 0.00177129
num_max_agents_in_window_first_iteration: 3
num_recWAMPF: 20
timing_recWAMPF:
    total_RecWAMPF: 0.302991
    num_windows: 39
    num_max_agents_in_window: 3
    timing_gari:
        total_GARI: 0.300767
        time_path_btw_starts: 0.000114206
        Stage1:
            total_Stage1:0.152447
            time_add_x_to_o: 0.0295448
            time_clear_x: 0.00406367
            timing_AStarSearchUntil:
                total_astar_search_until:0.118834
                num_values_f_less_fmax:5607
                ASU Exp:
                    total_ASUExp:0.118833
                    time_top_o:0.00271728
                    time_check_in_c:0.0014358
                    time_add_parent:0.00213097
                    num_neighbors:237780
                    time_add_neighbors_to_o:0.106339
        Stage2:
            total_Stage2:0.00839409
            num_len_path:38
            time_expanding_s:1.9677e-05
            timing_AStarSearchUntil:
                total_astar_search_until:0.00835749
                num_values_f_less_fmax:117
                ASU Exp:
                    total_ASUExp:0.00835659
                    time_top_o:5.6557e-05
                    time_check_in_c:1.9287e-05
                    time_add_parent:2.929e-05
                    num_neighbors:20820
                    time_add_neighbors_to_o:0.00809203
        Stage3:
            total_Stage3:0.139801
            num_until_goal_expanded:4037
            timing_S3Exp:
                total_S3Exp: 0.0741824
                time_top_o: 0.00148031
                time_check_in_c: 0.000633997
                time_add_parent: 0.00139137
                num_neighbors: 175411
                time_add_neighbors_to_o: 0.065845
    timing_PIOW_overlapping:
        total_PIOW: 1.07e-06
        num_windows: 19
        time_check_overlap: 0
        num_overlapping_windows: 0
        time_merge_windows: 0
        time_remove_window: 0
        time_remove_window: 0
        timing_PlanIn:
            total_PlanIn:0
            num_until_goal_expanded:0
            timing_expansions:
                total_S3Exp: 0
                time_top_o: 0
                time_check_in_c: 0
                time_add_parent: 0
                num_neighbors: 0
                time_add_neighbors_to_o: 0
    num_new_collisions: 2
    timing_PIOW_new_collisions:
        total_PIOW: 0.00173039
        num_windows: 1
        time_check_overlap: 1.36e-07
        num_overlapping_windows: 1
        time_merge_windows: 0
        time_remove_window: 0.00177962
        time_remove_window: 4.46e-07
        timing_PlanIn:
            total_PlanIn:0.00172641
            num_until_goal_expanded:51
            timing_expansions:
                total_S3Exp: 0.00172114
                time_top_o: 9.164e-06
                time_check_in_c: 9.976e-06
                time_add_parent: 1.4935e-05
                num_neighbors: 3498
                time_add_neighbors_to_o: 0.00148005
    num_windows_should_quit: 0
    time_should_quit: 1.705e-06
    time_remove_window: 0
Complete!
