Total time: 0.0201045
is_optimal: true
optimality_bound: 1
successive_bounds: [1.0026, 1.0026, 1.0026, 1.0026, 1.0026, 1.0026, 1.0026, 1.0026, 1.0026, 1.0026, 1.00156, 1.00156, 1.00104, 1.00104, 1.00104, 1.00104, 1, 1]
successive_runtimes: [0.00430878, 0.00493605, 0.0055547, 0.00617009, 0.0067982, 0.0074884, 0.00811787, 0.00878757, 0.00949598, 0.0102364, 0.0112981, 0.0119535, 0.0159767, 0.0171778, 0.0179639, 0.0187863, 0.0201045]
num_agents: 30
time_individual_plan: 0.00308121
time_first_plan: 0.000658273
num_max_agents_in_window_first_iteration: 2
num_recWAMPF: 17
timing_recWAMPF:
    total_RecWAMPF: 0.016451
    num_windows: 99
    num_max_agents_in_window: 2
    timing_gari:
        total_GARI: 0.0115971
        time_path_btw_starts: 0.000247475
        Stage1:
            total_Stage1:0.00208492
            time_add_x_to_o: 0.00134282
            time_clear_x: 0.000165281
            timing_AStarSearchUntil:
                total_astar_search_until:0.000572143
                num_values_f_less_fmax:211
                ASU Exp:
                    total_ASUExp:0.000570011
                    time_top_o:4.4493e-05
                    time_check_in_c:2.5988e-05
                    time_add_parent:1.907e-05
                    num_neighbors:984
                    time_add_neighbors_to_o:0.000394081
        Stage2:
            total_Stage2:0.00498153
            num_len_path:100
            time_expanding_s:4.6397e-05
            timing_AStarSearchUntil:
                total_astar_search_until:0.00491147
                num_values_f_less_fmax:354
                ASU Exp:
                    total_ASUExp:0.00490943
                    time_top_o:8.3873e-05
                    time_check_in_c:6.433e-05
                    time_add_parent:9.4126e-05
                    num_neighbors:9241
                    time_add_neighbors_to_o:0.0042882
        Stage3:
            total_Stage3:0.00426985
            num_until_goal_expanded:239
            timing_S3Exp:
                total_S3Exp: 0.00196569
                time_top_o: 4.2263e-05
                time_check_in_c: 3.0333e-05
                time_add_parent: 5.8713e-05
                num_neighbors: 2836
                time_add_neighbors_to_o: 0.00144584
    timing_PIOW_overlapping:
        total_PIOW: 8.671e-06
        num_windows: 144
        time_check_overlap: 4.597e-06
        num_overlapping_windows: 0
        time_merge_windows: 0
        time_remove_window: 0
        time_remove_window: 0
        timing_PlanIn:
            total_PlanIn:0
            num_until_goal_expanded:0
            timing_expansions:
                total_S3Exp: 0
                time_top_o: 0
                time_check_in_c: 0
                time_add_parent: 0
                num_neighbors: 0
                time_add_neighbors_to_o: 0
    num_new_collisions: 3
    timing_PIOW_new_collisions:
        total_PIOW: 0.000263233
        num_windows: 6
        time_check_overlap: 2.88e-07
        num_overlapping_windows: 0
        time_merge_windows: 0
        time_remove_window: 0
        time_remove_window: 1.798e-06
        timing_PlanIn:
            total_PlanIn:0.00025796
            num_until_goal_expanded:27
            timing_expansions:
                total_S3Exp: 0.00025175
                time_top_o: 3.722e-06
                time_check_in_c: 4.904e-06
                time_add_parent: 7.844e-06
                num_neighbors: 379
                time_add_neighbors_to_o: 0.000190848
    num_windows_should_quit: 0
    time_should_quit: 2.775e-06
    time_remove_window: 0
Complete!
