Total time: 3.46556
is_optimal: true
optimality_bound: 1
successive_bounds: [1.00571, 1.00571, 1.00571, 1.00571, 1.00571, 1.00571, 1.00571, 1.00444, 1.00444, 1.00444, 1.00444, 1.00444, 1.0019, 1.0019, 1.0019, 1.0019, 1.0019, 1.0019, 1.0019, 1.0019, 1.0019, 1.0019, 1.0019, 1.00127, 1.00127, 1, 1]
successive_runtimes: [0.00638947, 0.0128927, 0.0201172, 0.0290463, 0.0383149, 0.0480106, 0.0588855, 0.0707715, 0.082773, 0.155151, 0.377722, 0.609455, 1.36027, 1.81222, 2.08484, 2.26837, 2.4025, 2.53263, 2.64897, 2.76512, 2.87899, 2.99174, 3.10297, 3.21667, 3.33251, 3.46556]
num_agents: 30
time_individual_plan: 0.002832
time_first_plan: 0.00304792
num_max_agents_in_window_first_iteration: 3
num_recWAMPF: 26
timing_recWAMPF:
    total_RecWAMPF: 3.46221
    num_windows: 209
    num_max_agents_in_window: 3
    timing_gari:
        total_GARI: 3.44736
        time_path_btw_starts: 0.00772348
        Stage1:
            total_Stage1:1.74703
            time_add_x_to_o: 0.483897
            time_clear_x: 0.141302
            timing_AStarSearchUntil:
                total_astar_search_until:1.12181
                num_values_f_less_fmax:35555
                ASU Exp:
                    total_ASUExp:1.1218
                    time_top_o:0.0320806
                    time_check_in_c:0.0155614
                    time_add_parent:0.0131322
                    num_neighbors:2188386
                    time_add_neighbors_to_o:1.00177
        Stage2:
            total_Stage2:0.0733347
            num_len_path:164
            time_expanding_s:9.2938e-05
            timing_AStarSearchUntil:
                total_astar_search_until:0.0731372
                num_values_f_less_fmax:1178
                ASU Exp:
                    total_ASUExp:0.0731327
                    time_top_o:0.000581305
                    time_check_in_c:0.000482783
                    time_add_parent:0.000580001
                    num_neighbors:166298
                    time_add_neighbors_to_o:0.0693216
        Stage3:
            total_Stage3:1.61922
            num_until_goal_expanded:13534
            timing_S3Exp:
                total_S3Exp: 0.193602
                time_top_o: 0.00639805
                time_check_in_c: 0.00221545
                time_add_parent: 0.00750479
                num_neighbors: 324500
                time_add_neighbors_to_o: 0.152495
    timing_PIOW_overlapping:
        total_PIOW: 0.00580632
        num_windows: 449
        time_check_overlap: 2.133e-05
        num_overlapping_windows: 1
        time_merge_windows: 1.653e-06
        time_remove_window: 2.84e-07
        time_remove_window: 1.6e-06
        timing_PlanIn:
            total_PlanIn:0.00576868
            num_until_goal_expanded:169
            timing_expansions:
                total_S3Exp: 0.00576558
                time_top_o: 4.3583e-05
                time_check_in_c: 3.57e-05
                time_add_parent: 6.0229e-05
                num_neighbors: 7389
                time_add_neighbors_to_o: 0.00520853
    num_new_collisions: 6
    timing_PIOW_new_collisions:
        total_PIOW: 0.00244199
        num_windows: 29
        time_check_overlap: 1.04e-06
        num_overlapping_windows: 1
        time_merge_windows: 0
        time_remove_window: 0.0038973
        time_remove_window: 1.662e-06
        timing_PlanIn:
            total_PlanIn:0.00243266
            num_until_goal_expanded:172
            timing_expansions:
                total_S3Exp: 0.00242198
                time_top_o: 2.3254e-05
                time_check_in_c: 3.0619e-05
                time_add_parent: 4.4407e-05
                num_neighbors: 4325
                time_add_neighbors_to_o: 0.00199013
    num_windows_should_quit: 2
    time_should_quit: 1.2438e-05
    time_remove_window: 4.93e-07
Complete!
