Total time: 0.0416021
is_optimal: true
optimality_bound: 1
successive_bounds: [1.00229, 1.00137, 1.00137, 1.00137, 1.00137, 1.00137, 1.00137, 1.00137, 1.00137, 1.00137, 1.00137, 1.00137, 1.00137, 1.00137, 1.00046, 1.00046, 1.00046, 1.00046, 1.00046, 1.00046, 1, 1]
successive_runtimes: [0.00986709, 0.0118165, 0.0129955, 0.013904, 0.0149447, 0.0159155, 0.0169419, 0.0179497, 0.0189625, 0.0200271, 0.0213853, 0.0224563, 0.0235214, 0.0245602, 0.0260252, 0.0269493, 0.0341865, 0.036181, 0.0381008, 0.0396095, 0.0416021]
num_agents: 30
time_individual_plan: 0.00700465
time_first_plan: 0.00186273
num_max_agents_in_window_first_iteration: 2
num_recWAMPF: 21
timing_recWAMPF:
    total_RecWAMPF: 0.033592
    num_windows: 123
    num_max_agents_in_window: 2
    timing_gari:
        total_GARI: 0.0233925
        time_path_btw_starts: 0.000491978
        Stage1:
            total_Stage1:0.00298316
            time_add_x_to_o: 0.00212952
            time_clear_x: 0.00025211
            timing_AStarSearchUntil:
                total_astar_search_until:0.000590711
                num_values_f_less_fmax:177
                ASU Exp:
                    total_ASUExp:0.000585591
                    time_top_o:6.5135e-05
                    time_check_in_c:4.8285e-05
                    time_add_parent:2.9841e-05
                    num_neighbors:367
                    time_add_neighbors_to_o:0.000269533
        Stage2:
            total_Stage2:0.00439869
            num_len_path:92
            time_expanding_s:8.2881e-05
            timing_AStarSearchUntil:
                total_astar_search_until:0.00426171
                num_values_f_less_fmax:209
                ASU Exp:
                    total_ASUExp:0.00425701
                    time_top_o:8.6348e-05
                    time_check_in_c:6.1737e-05
                    time_add_parent:0.000100333
                    num_neighbors:5303
                    time_add_neighbors_to_o:0.00359058
        Stage3:
            total_Stage3:0.0154804
            num_until_goal_expanded:546
            timing_S3Exp:
                total_S3Exp: 0.010526
                time_top_o: 0.000186047
                time_check_in_c: 0.000135068
                time_add_parent: 0.000210825
                num_neighbors: 10289
                time_add_neighbors_to_o: 0.00861969
    timing_PIOW_overlapping:
        total_PIOW: 1.8908e-05
        num_windows: 180
        time_check_overlap: 1.0403e-05
        num_overlapping_windows: 0
        time_merge_windows: 0
        time_remove_window: 0
        time_remove_window: 0
        timing_PlanIn:
            total_PlanIn:0
            num_until_goal_expanded:0
            timing_expansions:
                total_S3Exp: 0
                time_top_o: 0
                time_check_in_c: 0
                time_add_parent: 0
                num_neighbors: 0
                time_add_neighbors_to_o: 0
    num_new_collisions: 3
    timing_PIOW_new_collisions:
        total_PIOW: 0.00106048
        num_windows: 6
        time_check_overlap: 4.87e-07
        num_overlapping_windows: 0
        time_merge_windows: 0
        time_remove_window: 0
        time_remove_window: 1.828e-06
        timing_PlanIn:
            total_PlanIn:0.00105248
            num_until_goal_expanded:79
            timing_expansions:
                total_S3Exp: 0.00104114
                time_top_o: 1.9479e-05
                time_check_in_c: 2.6335e-05
                time_add_parent: 3.9023e-05
                num_neighbors: 743
                time_add_neighbors_to_o: 0.000750859
    num_windows_should_quit: 0
    time_should_quit: 5.142e-06
    time_remove_window: 0
Complete!
