Total time: 0.0442943
is_optimal: true
optimality_bound: 1
successive_bounds: [1.00196, 1.00196, 1.00098, 1.00098, 1.00098, 1.00098, 1.00098, 1.00098, 1.00098, 1.00098, 1.00098, 1.00098, 1.00098, 1.00098, 1.00098, 1.00098, 1.00098, 1.00098, 1.00098, 1.00098, 1.00098, 1.00098, 1.00098, 1.00098, 1.00098, 1, 1]
successive_runtimes: [0.00958387, 0.0109809, 0.0123551, 0.0136256, 0.0149822, 0.0162696, 0.0179951, 0.0196818, 0.0216809, 0.0236224, 0.0256156, 0.0275296, 0.031349, 0.0327697, 0.0345718, 0.0356525, 0.036745, 0.0379387, 0.0385895, 0.0392712, 0.0399333, 0.0406297, 0.0414341, 0.0422037, 0.0430037, 0.0442943]
num_agents: 30
time_individual_plan: 0.00449719
time_first_plan: 0.00457513
num_max_agents_in_window_first_iteration: 3
num_recWAMPF: 26
timing_recWAMPF:
    total_RecWAMPF: 0.0392816
    num_windows: 137
    num_max_agents_in_window: 3
    timing_gari:
        total_GARI: 0.0291944
        time_path_btw_starts: 0.000289174
        Stage1:
            total_Stage1:0.00297007
            time_add_x_to_o: 0.00176293
            time_clear_x: 0.000188157
            timing_AStarSearchUntil:
                total_astar_search_until:0.00101187
                num_values_f_less_fmax:122
                ASU Exp:
                    total_ASUExp:0.00100888
                    time_top_o:3.3184e-05
                    time_check_in_c:2.8687e-05
                    time_add_parent:2.7886e-05
                    num_neighbors:2260
                    time_add_neighbors_to_o:0.000795685
        Stage2:
            total_Stage2:0.00291138
            num_len_path:122
            time_expanding_s:6.1046e-05
            timing_AStarSearchUntil:
                total_astar_search_until:0.00281229
                num_values_f_less_fmax:208
                ASU Exp:
                    total_ASUExp:0.00280946
                    time_top_o:5.259e-05
                    time_check_in_c:4.5138e-05
                    time_add_parent:7.5121e-05
                    num_neighbors:6456
                    time_add_neighbors_to_o:0.00237
        Stage3:
            total_Stage3:0.0230027
            num_until_goal_expanded:763
            timing_S3Exp:
                total_S3Exp: 0.0126489
                time_top_o: 0.000192555
                time_check_in_c: 0.000105786
                time_add_parent: 0.000179434
                num_neighbors: 19613
                time_add_neighbors_to_o: 0.010828
    timing_PIOW_overlapping:
        total_PIOW: 1.2371e-05
        num_windows: 185
        time_check_overlap: 6.935e-06
        num_overlapping_windows: 0
        time_merge_windows: 0
        time_remove_window: 0
        time_remove_window: 0
        timing_PlanIn:
            total_PlanIn:0
            num_until_goal_expanded:0
            timing_expansions:
                total_S3Exp: 0
                time_top_o: 0
                time_check_in_c: 0
                time_add_parent: 0
                num_neighbors: 0
                time_add_neighbors_to_o: 0
    num_new_collisions: 4
    timing_PIOW_new_collisions:
        total_PIOW: 0.00419256
        num_windows: 9
        time_check_overlap: 5.37e-07
        num_overlapping_windows: 1
        time_merge_windows: 0
        time_remove_window: 0.00584364
        time_remove_window: 1.12e-06
        timing_PlanIn:
            total_PlanIn:0.00418551
            num_until_goal_expanded:132
            timing_expansions:
                total_S3Exp: 0.00416972
                time_top_o: 2.752e-05
                time_check_in_c: 2.3172e-05
                time_add_parent: 3.6685e-05
                num_neighbors: 5496
                time_add_neighbors_to_o: 0.00377058
    num_windows_should_quit: 1
    time_should_quit: 4.031e-06
    time_remove_window: 1.69e-07
Complete!
