Total time: 0.0167486
is_optimal: true
optimality_bound: 1
successive_bounds: [1.00236, 1.00236, 1.00236, 1.00236, 1.00236, 1.00236, 1.00236, 1.00236, 1.00236, 1.00236, 1.00236, 1.00236, 1.00236, 1.00236, 1, 1]
successive_runtimes: [0.00706604, 0.00725824, 0.00742557, 0.0076112, 0.0078027, 0.00799986, 0.00821114, 0.00850672, 0.00878298, 0.00909751, 0.00940978, 0.00973583, 0.0100859, 0.0150585, 0.0167486]
num_agents: 10
time_individual_plan: 0.00634366
time_first_plan: 0.000192251
num_max_agents_in_window_first_iteration: 2
num_recWAMPF: 15
timing_recWAMPF:
    total_RecWAMPF: 0.00987269
    num_windows: 58
    num_max_agents_in_window: 2
    timing_gari:
        total_GARI: 0.00928654
        time_path_btw_starts: 0.000110661
        Stage1:
            total_Stage1:0.00128051
            time_add_x_to_o: 0.000500809
            time_clear_x: 5.7087e-05
            timing_AStarSearchUntil:
                total_astar_search_until:0.000719683
                num_values_f_less_fmax:74
                ASU Exp:
                    total_ASUExp:0.000718439
                    time_top_o:1.9081e-05
                    time_check_in_c:1.3774e-05
                    time_add_parent:1.9037e-05
                    num_neighbors:1673
                    time_add_neighbors_to_o:0.000582997
        Stage2:
            total_Stage2:0.00115035
            num_len_path:58
            time_expanding_s:2.1593e-05
            timing_AStarSearchUntil:
                total_astar_search_until:0.00111534
                num_values_f_less_fmax:107
                ASU Exp:
                    total_ASUExp:0.00111421
                    time_top_o:2.2988e-05
                    time_check_in_c:1.8819e-05
                    time_add_parent:2.9551e-05
                    num_neighbors:2476
                    time_add_neighbors_to_o:0.000929796
        Stage3:
            total_Stage3:0.0067378
            num_until_goal_expanded:546
            timing_S3Exp:
                total_S3Exp: 0.00582573
                time_top_o: 0.000143768
                time_check_in_c: 9.279e-05
                time_add_parent: 0.000129627
                num_neighbors: 10877
                time_add_neighbors_to_o: 0.00482829
    timing_PIOW_overlapping:
        total_PIOW: 3.359e-06
        num_windows: 56
        time_check_overlap: 1.438e-06
        num_overlapping_windows: 0
        time_merge_windows: 0
        time_remove_window: 0
        time_remove_window: 0
        timing_PlanIn:
            total_PlanIn:0
            num_until_goal_expanded:0
            timing_expansions:
                total_S3Exp: 0
                time_top_o: 0
                time_check_in_c: 0
                time_add_parent: 0
                num_neighbors: 0
                time_add_neighbors_to_o: 0
    num_new_collisions: 2
    timing_PIOW_new_collisions:
        total_PIOW: 0.000147521
        num_windows: 2
        time_check_overlap: 9.2e-08
        num_overlapping_windows: 0
        time_merge_windows: 0
        time_remove_window: 0
        time_remove_window: 6.07e-07
        timing_PlanIn:
            total_PlanIn:0.000144319
            num_until_goal_expanded:14
            timing_expansions:
                total_S3Exp: 0.000139609
                time_top_o: 2.422e-06
                time_check_in_c: 2.573e-06
                time_add_parent: 4.383e-06
                num_neighbors: 242
                time_add_neighbors_to_o: 0.000106822
    num_windows_should_quit: 0
    time_should_quit: 1.359e-06
    time_remove_window: 0
Complete!
