Total time: 0.0274518
is_optimal: true
optimality_bound: 1
successive_bounds: [1.0042, 1.0042, 1.0042, 1.0042, 1.0042, 1.0042, 1.00315, 1.0021, 1.0021, 1, 1]
successive_runtimes: [0.00637683, 0.00811957, 0.00999374, 0.012196, 0.0145114, 0.0169248, 0.0193082, 0.0224079, 0.0240842, 0.0274518]
num_agents: 30
time_individual_plan: 0.00438354
time_first_plan: 0.00148445
num_max_agents_in_window_first_iteration: 2
num_recWAMPF: 10
timing_recWAMPF:
    total_RecWAMPF: 0.0225574
    num_windows: 95
    num_max_agents_in_window: 2
    timing_gari:
        total_GARI: 0.0190525
        time_path_btw_starts: 0.000299241
        Stage1:
            total_Stage1:0.00595933
            time_add_x_to_o: 0.00304172
            time_clear_x: 0.000448029
            timing_AStarSearchUntil:
                total_astar_search_until:0.0024651
                num_values_f_less_fmax:2390
                ASU Exp:
                    total_ASUExp:0.00246303
                    time_top_o:0.0004888
                    time_check_in_c:0.000343251
                    time_add_parent:0.000152977
                    num_neighbors:2543
                    time_add_neighbors_to_o:0.000899196
        Stage2:
            total_Stage2:0.00545444
            num_len_path:109
            time_expanding_s:4.51e-05
            timing_AStarSearchUntil:
                total_astar_search_until:0.00538647
                num_values_f_less_fmax:430
                ASU Exp:
                    total_ASUExp:0.00538462
                    time_top_o:0.000108388
                    time_check_in_c:7.6929e-05
                    time_add_parent:0.00011594
                    num_neighbors:10755
                    time_add_neighbors_to_o:0.00458849
        Stage3:
            total_Stage3:0.00732683
            num_until_goal_expanded:1205
            timing_S3Exp:
                total_S3Exp: 0.0054234
                time_top_o: 0.000255237
                time_check_in_c: 0.000161649
                time_add_parent: 0.000323266
                num_neighbors: 8780
                time_add_neighbors_to_o: 0.00355139
    timing_PIOW_overlapping:
        total_PIOW: 1.2309e-05
        num_windows: 225
        time_check_overlap: 6.618e-06
        num_overlapping_windows: 0
        time_merge_windows: 0
        time_remove_window: 0
        time_remove_window: 0
        timing_PlanIn:
            total_PlanIn:0
            num_until_goal_expanded:0
            timing_expansions:
                total_S3Exp: 0
                time_top_o: 0
                time_check_in_c: 0
                time_add_parent: 0
                num_neighbors: 0
                time_add_neighbors_to_o: 0
    num_new_collisions: 5
    timing_PIOW_new_collisions:
        total_PIOW: 0.000764772
        num_windows: 20
        time_check_overlap: 7.38e-07
        num_overlapping_windows: 0
        time_merge_windows: 0
        time_remove_window: 0
        time_remove_window: 2.598e-06
        timing_PlanIn:
            total_PlanIn:0.000757075
            num_until_goal_expanded:111
            timing_expansions:
                total_S3Exp: 0.000748094
                time_top_o: 1.3382e-05
                time_check_in_c: 2.0338e-05
                time_add_parent: 2.9235e-05
                num_neighbors: 1067
                time_add_neighbors_to_o: 0.000523176
    num_windows_should_quit: 0
    time_should_quit: 2.474e-06
    time_remove_window: 0
Complete!
