Total time: 5.47848
is_optimal: false
optimality_bound: 1.00288
successive_bounds: [1.00432, 1.00432, 1.00432, 1.00432, 1.00432, 1.00432, 1.0036, 1.0036, 1.0036, 1.0036, 1.0036, 1.00288, 1.00288, 1.00288]
successive_runtimes: [0.00750713, 0.00942717, 0.0112944, 0.0137574, 0.0162561, 0.0184288, 0.0205434, 0.0225824, 0.0755297, 0.162735, 0.261638, 0.68897, 2.25429, 5.47848]
num_agents: 40
time_individual_plan: 0.00495966
time_first_plan: 0.00202463
num_max_agents_in_window_first_iteration: 2
num_recWAMPF: 14
timing_recWAMPF:
    total_RecWAMPF: 5.47299
    num_windows: 139
    num_max_agents_in_window: 4
    timing_gari:
        total_GARI: 5.07553
        time_path_btw_starts: 0.0035876
        Stage1:
            total_Stage1:4.21893
            time_add_x_to_o: 0.796606
            time_clear_x: 0.435214
            timing_AStarSearchUntil:
                total_astar_search_until:2.9871
                num_values_f_less_fmax:22977
                ASU Exp:
                    total_ASUExp:2.9871
                    time_top_o:0.0351767
                    time_check_in_c:0.0341889
                    time_add_parent:0.00778068
                    num_neighbors:5923932
                    time_add_neighbors_to_o:2.88238
        Stage2:
            total_Stage2:0.00643941
            num_len_path:131
            time_expanding_s:6.4337e-05
            timing_AStarSearchUntil:
                total_astar_search_until:0.0063269
                num_values_f_less_fmax:388
                ASU Exp:
                    total_ASUExp:0.00632384
                    time_top_o:9.5951e-05
                    time_check_in_c:8.1783e-05
                    time_add_parent:0.000143701
                    num_neighbors:13140
                    time_add_neighbors_to_o:0.00559011
        Stage3:
            total_Stage3:0.846542
            num_until_goal_expanded:3169
            timing_S3Exp:
                total_S3Exp: 0.531071
                time_top_o: 0.00326831
                time_check_in_c: 0.000811188
                time_add_parent: 0.00130321
                num_neighbors: 802080
                time_add_neighbors_to_o: 0.520551
    timing_PIOW_overlapping:
        total_PIOW: 0.389531
        num_windows: 379
        time_check_overlap: 1.5262e-05
        num_overlapping_windows: 3
        time_merge_windows: 5.141e-06
        time_remove_window: 1.346e-06
        time_remove_window: 4.952e-06
        timing_PlanIn:
            total_PlanIn:0.389491
            num_until_goal_expanded:2053
            timing_expansions:
                total_S3Exp: 0.389482
                time_top_o: 0.00115577
                time_check_in_c: 0.000495791
                time_add_parent: 0.000752587
                num_neighbors: 742248
                time_add_neighbors_to_o: 0.365105
    num_new_collisions: 6
    timing_PIOW_new_collisions:
        total_PIOW: 0.000861054
        num_windows: 30
        time_check_overlap: 9.8e-07
        num_overlapping_windows: 0
        time_merge_windows: 0
        time_remove_window: 0
        time_remove_window: 3.914e-06
        timing_PlanIn:
            total_PlanIn:0.000848395
            num_until_goal_expanded:104
            timing_expansions:
                total_S3Exp: 0.000837832
                time_top_o: 1.2989e-05
                time_check_in_c: 1.8171e-05
                time_add_parent: 2.6514e-05
                num_neighbors: 1259
                time_add_neighbors_to_o: 0.000621653
    num_windows_should_quit: 0
    time_should_quit: 6.158e-06
    time_remove_window: 0
Complete!
