Total time: 9.51428
is_optimal: false
optimality_bound: 1.00166
successive_bounds: [1.0058, 1.0058, 1.0058, 1.00469, 1.00442, 1.00442, 1.00442, 1.00442, 1.00387, 1.00387, 1.00387, 1.00276, 1.00221, 1.00166, 1.00166, 1.00166, 1.00166, 1.00166, 1.00166, 1.00166, 1.00166, 1.00166, 1.00166, 1.00166, 1.00166]
successive_runtimes: [0.0189111, 0.0336221, 0.056461, 0.110696, 0.143349, 0.178783, 0.218717, 0.258956, 0.303105, 0.362078, 0.428687, 0.731573, 0.952033, 1.03463, 1.11298, 1.19503, 1.2914, 1.44297, 1.61017, 1.71334, 1.93448, 2.13805, 2.34514, 2.4822, 9.51428]
num_agents: 50
time_individual_plan: 0.0089462
time_first_plan: 0.00937316
num_max_agents_in_window_first_iteration: 3
num_recWAMPF: 25
timing_recWAMPF:
    total_RecWAMPF: 9.50474
    num_windows: 515
    num_max_agents_in_window: 4
    timing_gari:
        total_GARI: 3.34041
        time_path_btw_starts: 0.00746258
        Stage1:
            total_Stage1:0.918978
            time_add_x_to_o: 0.26539
            time_clear_x: 0.0525926
            timing_AStarSearchUntil:
                total_astar_search_until:0.600955
                num_values_f_less_fmax:19310
                ASU Exp:
                    total_ASUExp:0.600938
                    time_top_o:0.0123736
                    time_check_in_c:0.00525381
                    time_add_parent:0.00531761
                    num_neighbors:1174296
                    time_add_neighbors_to_o:0.557962
        Stage2:
            total_Stage2:0.991785
            num_len_path:495
            time_expanding_s:0.00114961
            timing_AStarSearchUntil:
                total_astar_search_until:0.990366
                num_values_f_less_fmax:17820
                ASU Exp:
                    total_ASUExp:0.990356
                    time_top_o:0.0156528
                    time_check_in_c:0.00459904
                    time_add_parent:0.00995337
                    num_neighbors:1822983
                    time_add_neighbors_to_o:0.932455
        Stage3:
            total_Stage3:1.42205
            num_until_goal_expanded:7526
            timing_S3Exp:
                total_S3Exp: 0.182574
                time_top_o: 0.00331737
                time_check_in_c: 0.00133429
                time_add_parent: 0.00269506
                num_neighbors: 263846
                time_add_neighbors_to_o: 0.137169
    timing_PIOW_overlapping:
        total_PIOW: 0.0499743
        num_windows: 2734
        time_check_overlap: 0.000137212
        num_overlapping_windows: 5
        time_merge_windows: 9.271e-06
        time_remove_window: 1.535e-06
        time_remove_window: 8.595e-06
        timing_PlanIn:
            total_PlanIn:0.049756
            num_until_goal_expanded:893
            timing_expansions:
                total_S3Exp: 0.0497409
                time_top_o: 0.000257387
                time_check_in_c: 0.000163459
                time_add_parent: 0.000248155
                num_neighbors: 91370
                time_add_neighbors_to_o: 0.0455026
    num_new_collisions: 18
    timing_PIOW_new_collisions:
        total_PIOW: 6.09209
        num_windows: 253
        time_check_overlap: 9.911e-06
        num_overlapping_windows: 3
        time_merge_windows: 0
        time_remove_window: 3.80266
        time_remove_window: 1.331e-05
        timing_PlanIn:
            total_PlanIn:6.09204
            num_until_goal_expanded:20842
            timing_expansions:
                total_S3Exp: 6.092
                time_top_o: 0.0354042
                time_check_in_c: 0.00621148
                time_add_parent: 0.0117767
                num_neighbors: 10765975
                time_add_neighbors_to_o: 5.72725
    num_windows_should_quit: 0
    time_should_quit: 4.0226e-05
    time_remove_window: 0
Complete!
