Total time: 6.49247
is_optimal: false
optimality_bound: 1.0018
successive_bounds: [1.02157, 1.00503, 1.00216, 1.00216, 1.00216, 1.0018]
successive_runtimes: [0.0171051, 0.0374126, 0.0525706, 0.0570758, 0.118574, 6.49247]
num_agents: 40
time_individual_plan: 0.00976399
time_first_plan: 0.00680742
num_max_agents_in_window_first_iteration: 2
num_recWAMPF: 6
timing_recWAMPF:
    total_RecWAMPF: 6.48217
    num_windows: 126
    num_max_agents_in_window: 5
    timing_gari:
        total_GARI: 0.646035
        time_path_btw_starts: 0.00132897
        Stage1:
            total_Stage1:0.6173
            time_add_x_to_o: 0.0357819
            time_clear_x: 0.00572691
            timing_AStarSearchUntil:
                total_astar_search_until:0.575783
                num_values_f_less_fmax:6036
                ASU Exp:
                    total_ASUExp:0.57578
                    time_top_o:0.00442625
                    time_check_in_c:0.00565118
                    time_add_parent:0.00175613
                    num_neighbors:1280730
                    time_add_neighbors_to_o:0.557521
        Stage2:
            total_Stage2:0.00623142
            num_len_path:138
            time_expanding_s:0.000110752
            timing_AStarSearchUntil:
                total_astar_search_until:0.00607943
                num_values_f_less_fmax:259
                ASU Exp:
                    total_ASUExp:0.00607706
                    time_top_o:6.4983e-05
                    time_check_in_c:5.1732e-05
                    time_add_parent:7.7688e-05
                    num_neighbors:13111
                    time_add_neighbors_to_o:0.00557856
        Stage3:
            total_Stage3:0.0211534
            num_until_goal_expanded:590
            timing_S3Exp:
                total_S3Exp: 0.0104525
                time_top_o: 0.000159176
                time_check_in_c: 8.5304e-05
                time_add_parent: 0.000184268
                num_neighbors: 18625
                time_add_neighbors_to_o: 0.00898597
    timing_PIOW_overlapping:
        total_PIOW: 5.82346
        num_windows: 709
        time_check_overlap: 2.0101e-05
        num_overlapping_windows: 3
        time_merge_windows: 6.556e-06
        time_remove_window: 1.401e-06
        time_remove_window: 6.338e-06
        timing_PlanIn:
            total_PlanIn:5.8234
            num_until_goal_expanded:1822
            timing_expansions:
                total_S3Exp: 5.82339
                time_top_o: 0.00121552
                time_check_in_c: 0.000563327
                time_add_parent: 0.000856684
                num_neighbors: 10494023
                time_add_neighbors_to_o: 5.55529
    num_new_collisions: 15
    timing_PIOW_new_collisions:
        total_PIOW: 0.00690169
        num_windows: 219
        time_check_overlap: 5.917e-06
        num_overlapping_windows: 3
        time_merge_windows: 0
        time_remove_window: 0.137918
        time_remove_window: 6.504e-06
        timing_PlanIn:
            total_PlanIn:0.00686796
            num_until_goal_expanded:567
            timing_expansions:
                total_S3Exp: 0.00684198
                time_top_o: 7.6375e-05
                time_check_in_c: 9.8618e-05
                time_add_parent: 0.000141883
                num_neighbors: 11999
                time_add_neighbors_to_o: 0.00556577
    num_windows_should_quit: 0
    time_should_quit: 7.207e-06
    time_remove_window: 0
Complete!
