Total time: 0.064851
is_optimal: true
optimality_bound: 1
successive_bounds: [1.0029, 1.0029, 1.00248, 1.00248, 1.00248, 1.00248, 1.00248, 1.00248, 1.00248, 1.00248, 1.00248, 1.00248, 1.00248, 1.00165, 1.00165, 1.00165, 1.00165, 1.00165, 1.00165, 1.00083, 1.00083, 1, 1]
successive_runtimes: [0.00589824, 0.00687496, 0.00785718, 0.00875393, 0.0096815, 0.0106788, 0.011586, 0.0130823, 0.0141531, 0.0151484, 0.0161679, 0.0171798, 0.0182501, 0.043145, 0.0473779, 0.0497097, 0.051985, 0.0543833, 0.0566231, 0.0593562, 0.061735, 0.064851]
num_agents: 30
time_individual_plan: 0.0041767
time_first_plan: 0.00119703
num_max_agents_in_window_first_iteration: 2
num_recWAMPF: 22
timing_recWAMPF:
    total_RecWAMPF: 0.0601465
    num_windows: 172
    num_max_agents_in_window: 2
    timing_gari:
        total_GARI: 0.0534804
        time_path_btw_starts: 0.000616715
        Stage1:
            total_Stage1:0.00907785
            time_add_x_to_o: 0.00503076
            time_clear_x: 0.00061844
            timing_AStarSearchUntil:
                total_astar_search_until:0.00341992
                num_values_f_less_fmax:1097
                ASU Exp:
                    total_ASUExp:0.00341594
                    time_top_o:0.000253986
                    time_check_in_c:0.000193589
                    time_add_parent:0.000123645
                    num_neighbors:6218
                    time_add_neighbors_to_o:0.00239756
        Stage2:
            total_Stage2:0.0263506
            num_len_path:179
            time_expanding_s:0.000103156
            timing_AStarSearchUntil:
                total_astar_search_until:0.0261909
                num_values_f_less_fmax:2189
                ASU Exp:
                    total_ASUExp:0.0261874
                    time_top_o:0.000712999
                    time_check_in_c:0.000470293
                    time_add_parent:0.000606906
                    num_neighbors:54751
                    time_add_neighbors_to_o:0.0222188
        Stage3:
            total_Stage3:0.0174115
            num_until_goal_expanded:864
            timing_S3Exp:
                total_S3Exp: 0.00460758
                time_top_o: 0.000174844
                time_check_in_c: 0.000112074
                time_add_parent: 0.000229264
                num_neighbors: 7636
                time_add_neighbors_to_o: 0.00296302
    timing_PIOW_overlapping:
        total_PIOW: 2.0691e-05
        num_windows: 336
        time_check_overlap: 1.128e-05
        num_overlapping_windows: 0
        time_merge_windows: 0
        time_remove_window: 0
        time_remove_window: 0
        timing_PlanIn:
            total_PlanIn:0
            num_until_goal_expanded:0
            timing_expansions:
                total_S3Exp: 0
                time_top_o: 0
                time_check_in_c: 0
                time_add_parent: 0
                num_neighbors: 0
                time_add_neighbors_to_o: 0
    num_new_collisions: 4
    timing_PIOW_new_collisions:
        total_PIOW: 0.000449912
        num_windows: 12
        time_check_overlap: 4.78e-07
        num_overlapping_windows: 0
        time_merge_windows: 0
        time_remove_window: 0
        time_remove_window: 1.077e-06
        timing_PlanIn:
            total_PlanIn:0.000444734
            num_until_goal_expanded:55
            timing_expansions:
                total_S3Exp: 0.000437083
                time_top_o: 7.161e-06
                time_check_in_c: 9.532e-06
                time_add_parent: 1.4531e-05
                num_neighbors: 633
                time_add_neighbors_to_o: 0.000316484
    num_windows_should_quit: 0
    time_should_quit: 6.066e-06
    time_remove_window: 0
Complete!
