Total time: 0.155397
is_optimal: true
optimality_bound: 1
successive_bounds: [1.02381, 1.00476, 1.00437, 1.00278, 1.00278, 1.00278, 1.00278, 1.00278, 1.00278, 1.00198, 1.00079, 1.00079, 1.00079, 1.00079, 1.00079, 1.00079, 1.00079, 1.00079, 1.00079, 1.00079, 1.00079, 1.00079, 1.00079, 1.00079, 1.00079, 1.00079, 1.00079, 1.00079, 1, 1]
successive_runtimes: [0.0127189, 0.037549, 0.050825, 0.0556745, 0.0593467, 0.0628813, 0.0665542, 0.0704401, 0.074939, 0.0807941, 0.0847709, 0.0881326, 0.0913088, 0.0950407, 0.0989045, 0.102801, 0.106728, 0.110658, 0.114542, 0.11826, 0.122032, 0.125975, 0.130007, 0.134096, 0.138143, 0.142065, 0.146471, 0.150406, 0.155397]
num_agents: 40
time_individual_plan: 0.00668267
time_first_plan: 0.00550697
num_max_agents_in_window_first_iteration: 2
num_recWAMPF: 29
timing_recWAMPF:
    total_RecWAMPF: 0.148179
    num_windows: 338
    num_max_agents_in_window: 2
    timing_gari:
        total_GARI: 0.131447
        time_path_btw_starts: 0.00124724
        Stage1:
            total_Stage1:0.0576556
            time_add_x_to_o: 0.0218686
            time_clear_x: 0.00282786
            timing_AStarSearchUntil:
                total_astar_search_until:0.0329388
                num_values_f_less_fmax:10360
                ASU Exp:
                    total_ASUExp:0.0329306
                    time_top_o:0.00275636
                    time_check_in_c:0.00184214
                    time_add_parent:0.000987479
                    num_neighbors:60710
                    time_add_neighbors_to_o:0.023224
        Stage2:
            total_Stage2:0.00621171
            num_len_path:322
            time_expanding_s:0.000185251
            timing_AStarSearchUntil:
                total_astar_search_until:0.00591905
                num_values_f_less_fmax:486
                ASU Exp:
                    total_ASUExp:0.00591179
                    time_top_o:0.000143287
                    time_check_in_c:0.000101198
                    time_add_parent:0.000158531
                    num_neighbors:12529
                    time_add_neighbors_to_o:0.0049196
        Stage3:
            total_Stage3:0.0662788
            num_until_goal_expanded:5103
            timing_S3Exp:
                total_S3Exp: 0.022165
                time_top_o: 0.00133253
                time_check_in_c: 0.00078203
                time_add_parent: 0.0016012
                num_neighbors: 34058
                time_add_neighbors_to_o: 0.0128588
    timing_PIOW_overlapping:
        total_PIOW: 5.5696e-05
        num_windows: 986
        time_check_overlap: 3.2945e-05
        num_overlapping_windows: 0
        time_merge_windows: 0
        time_remove_window: 0
        time_remove_window: 0
        timing_PlanIn:
            total_PlanIn:0
            num_until_goal_expanded:0
            timing_expansions:
                total_S3Exp: 0
                time_top_o: 0
                time_check_in_c: 0
                time_add_parent: 0
                num_neighbors: 0
                time_add_neighbors_to_o: 0
    num_new_collisions: 6
    timing_PIOW_new_collisions:
        total_PIOW: 0.00431278
        num_windows: 30
        time_check_overlap: 8.52e-07
        num_overlapping_windows: 0
        time_merge_windows: 0
        time_remove_window: 0
        time_remove_window: 1.875e-06
        timing_PlanIn:
            total_PlanIn:0.00430392
            num_until_goal_expanded:385
            timing_expansions:
                total_S3Exp: 0.00429352
                time_top_o: 5.2396e-05
                time_check_in_c: 6.8784e-05
                time_add_parent: 9.5585e-05
                num_neighbors: 7992
                time_add_neighbors_to_o: 0.00350435
    num_windows_should_quit: 1
    time_should_quit: 1.4802e-05
    time_remove_window: 2.8e-07
Complete!
