Total time: 0.00630958
is_optimal: true
optimality_bound: 1
successive_bounds: [1.00161, 1.00161, 1.00161, 1.00161, 1.00161, 1.00161, 1.00161, 1.00161, 1, 1]
successive_runtimes: [0.00315791, 0.00343799, 0.00372742, 0.00406419, 0.00440372, 0.0048109, 0.00532989, 0.00588159, 0.00630956]
num_agents: 20
time_individual_plan: 0.00234855
time_first_plan: 0.000282937
num_max_agents_in_window_first_iteration: 2
num_recWAMPF: 9
timing_recWAMPF:
    total_RecWAMPF: 0.00343298
    num_windows: 17
    num_max_agents_in_window: 2
    timing_gari:
        total_GARI: 0.00243044
        time_path_btw_starts: 3.422e-05
        Stage1:
            total_Stage1:0.00110559
            time_add_x_to_o: 0.000584907
            time_clear_x: 8.5424e-05
            timing_AStarSearchUntil:
                total_astar_search_until:0.000434354
                num_values_f_less_fmax:228
                ASU Exp:
                    total_ASUExp:0.000433947
                    time_top_o:4.826e-05
                    time_check_in_c:2.9428e-05
                    time_add_parent:9.845e-06
                    num_neighbors:839
                    time_add_neighbors_to_o:0.0002758
        Stage2:
            total_Stage2:0.000308737
            num_len_path:16
            time_expanding_s:5.47e-06
            timing_AStarSearchUntil:
                total_astar_search_until:0.000298724
                num_values_f_less_fmax:24
                ASU Exp:
                    total_ASUExp:0.000298355
                    time_top_o:5.269e-06
                    time_check_in_c:1.9696e-05
                    time_add_parent:5.683e-06
                    num_neighbors:705
                    time_add_neighbors_to_o:0.000243287
        Stage3:
            total_Stage3:0.00097928
            num_until_goal_expanded:157
            timing_S3Exp:
                total_S3Exp: 0.000801282
                time_top_o: 3.1492e-05
                time_check_in_c: 2.1481e-05
                time_add_parent: 4.2204e-05
                num_neighbors: 1483
                time_add_neighbors_to_o: 0.000549885
    timing_PIOW_overlapping:
        total_PIOW: 2.03e-07
        num_windows: 8
        time_check_overlap: 0
        num_overlapping_windows: 0
        time_merge_windows: 0
        time_remove_window: 0
        time_remove_window: 0
        timing_PlanIn:
            total_PlanIn:0
            num_until_goal_expanded:0
            timing_expansions:
                total_S3Exp: 0
                time_top_o: 0
                time_check_in_c: 0
                time_add_parent: 0
                num_neighbors: 0
                time_add_neighbors_to_o: 0
    num_new_collisions: 1
    timing_PIOW_new_collisions:
        total_PIOW: 0.000147073
        num_windows: 0
        time_check_overlap: 0
        num_overlapping_windows: 0
        time_merge_windows: 0
        time_remove_window: 0
        time_remove_window: 2.89e-07
        timing_PlanIn:
            total_PlanIn:0.000145581
            num_until_goal_expanded:19
            timing_expansions:
                total_S3Exp: 0.000127126
                time_top_o: 2.657e-06
                time_check_in_c: 3.987e-06
                time_add_parent: 5.774e-06
                num_neighbors: 162
                time_add_neighbors_to_o: 7.64e-05
    num_windows_should_quit: 0
    time_should_quit: 5.19e-07
    time_remove_window: 0
Complete!
