Total time: 0.745241
is_optimal: true
optimality_bound: 1
successive_bounds: [1.00314, 1.00314, 1.00314, 1.00314, 1.00314, 1.00314, 1.00314, 1.00314, 1.00314, 1.00314, 1.00314, 1.00314, 1.00314, 1.00314, 1.00314, 1.00209, 1.00209, 1.00209, 1.00105, 1.00105, 1, 1]
successive_runtimes: [0.0111349, 0.0120651, 0.0130243, 0.0141062, 0.0152897, 0.0165657, 0.0180747, 0.0197872, 0.0216188, 0.0238135, 0.02624, 0.029008, 0.0319305, 0.0348699, 0.0377352, 0.355607, 0.412414, 0.475515, 0.577608, 0.659043, 0.745241]
num_agents: 30
time_individual_plan: 0.00952121
time_first_plan: 0.0010842
num_max_agents_in_window_first_iteration: 2
num_recWAMPF: 21
timing_recWAMPF:
    total_RecWAMPF: 0.735187
    num_windows: 123
    num_max_agents_in_window: 3
    timing_gari:
        total_GARI: 0.41628
        time_path_btw_starts: 0.000342268
        Stage1:
            total_Stage1:0.157815
            time_add_x_to_o: 0.0414508
            time_clear_x: 0.00593938
            timing_AStarSearchUntil:
                total_astar_search_until:0.110416
                num_values_f_less_fmax:7339
                ASU Exp:
                    total_ASUExp:0.110413
                    time_top_o:0.00326678
                    time_check_in_c:0.00227555
                    time_add_parent:0.00229872
                    num_neighbors:228410
                    time_add_neighbors_to_o:0.0969113
        Stage2:
            total_Stage2:0.0546723
            num_len_path:139
            time_expanding_s:6.2808e-05
            timing_AStarSearchUntil:
                total_astar_search_until:0.0545687
                num_values_f_less_fmax:1668
                ASU Exp:
                    total_ASUExp:0.0545661
                    time_top_o:0.000770124
                    time_check_in_c:0.000299948
                    time_add_parent:0.000559882
                    num_neighbors:114619
                    time_add_neighbors_to_o:0.0509017
        Stage3:
            total_Stage3:0.203427
            num_until_goal_expanded:2644
            timing_S3Exp:
                total_S3Exp: 0.0315592
                time_top_o: 0.00106056
                time_check_in_c: 0.000400554
                time_add_parent: 0.00108745
                num_neighbors: 69816
                time_add_neighbors_to_o: 0.0258991
    timing_PIOW_overlapping:
        total_PIOW: 1.2097e-05
        num_windows: 180
        time_check_overlap: 6.783e-06
        num_overlapping_windows: 0
        time_merge_windows: 0
        time_remove_window: 0
        time_remove_window: 0
        timing_PlanIn:
            total_PlanIn:0
            num_until_goal_expanded:0
            timing_expansions:
                total_S3Exp: 0
                time_top_o: 0
                time_check_in_c: 0
                time_add_parent: 0
                num_neighbors: 0
                time_add_neighbors_to_o: 0
    num_new_collisions: 4
    timing_PIOW_new_collisions:
        total_PIOW: 0.313597
        num_windows: 12
        time_check_overlap: 7.96e-07
        num_overlapping_windows: 1
        time_merge_windows: 0
        time_remove_window: 0.0429252
        time_remove_window: 1.393e-06
        timing_PlanIn:
            total_PlanIn:0.313583
            num_until_goal_expanded:6453
            timing_expansions:
                total_S3Exp: 0.313575
                time_top_o: 0.00560709
                time_check_in_c: 0.00115618
                time_add_parent: 0.00247279
                num_neighbors: 594085
                time_add_neighbors_to_o: 0.280531
    num_windows_should_quit: 0
    time_should_quit: 5.212e-06
    time_remove_window: 0
Complete!
