Total time: 0.0573835
is_optimal: true
optimality_bound: 1
successive_bounds: [1.00306, 1.00306, 1.00306, 1.00306, 1.00306, 1.00306, 1.00306, 1.00306, 1.00306, 1.00306, 1.00306, 1.00306, 1.00306, 1.00306, 1.00306, 1.00306, 1.00306, 1.00306, 1.00306, 1.00306, 1.00306, 1.00306, 1.00306, 1.00306, 1.00306, 1.00306, 1, 1]
successive_runtimes: [0.00197218, 0.00236913, 0.00272328, 0.00307942, 0.00343261, 0.00378473, 0.00421373, 0.00457116, 0.00492277, 0.00527518, 0.00565607, 0.00615645, 0.00669038, 0.00723083, 0.00790198, 0.00858628, 0.00937402, 0.0102452, 0.0111212, 0.0121673, 0.0131953, 0.0142941, 0.0204407, 0.0293213, 0.038276, 0.0474432, 0.0573835]
num_agents: 10
time_individual_plan: 0.00118663
time_first_plan: 0.000264789
num_max_agents_in_window_first_iteration: 2
num_recWAMPF: 27
timing_recWAMPF:
    total_RecWAMPF: 0.0556726
    num_windows: 53
    num_max_agents_in_window: 2
    timing_gari:
        total_GARI: 0.0548493
        time_path_btw_starts: 0.000104503
        Stage1:
            total_Stage1:0.040911
            time_add_x_to_o: 0.0122815
            time_clear_x: 0.00208851
            timing_AStarSearchUntil:
                total_astar_search_until:0.0265375
                num_values_f_less_fmax:5761
                ASU Exp:
                    total_ASUExp:0.0265361
                    time_top_o:0.00177097
                    time_check_in_c:0.00117964
                    time_add_parent:0.00111443
                    num_neighbors:52030
                    time_add_neighbors_to_o:0.0191617
        Stage2:
            total_Stage2:0.00582095
            num_len_path:55
            time_expanding_s:2.1006e-05
            timing_AStarSearchUntil:
                total_astar_search_until:0.00578478
                num_values_f_less_fmax:402
                ASU Exp:
                    total_ASUExp:0.0057837
                    time_top_o:0.000109079
                    time_check_in_c:8.1227e-05
                    time_add_parent:0.000109259
                    num_neighbors:11958
                    time_add_neighbors_to_o:0.00510232
        Stage3:
            total_Stage3:0.0080026
            num_until_goal_expanded:981
            timing_S3Exp:
                total_S3Exp: 0.00439527
                time_top_o: 0.000224591
                time_check_in_c: 0.000141793
                time_add_parent: 0.00029086
                num_neighbors: 7423
                time_add_neighbors_to_o: 0.00275542
    timing_PIOW_overlapping:
        total_PIOW: 7.44e-07
        num_windows: 26
        time_check_overlap: 0
        num_overlapping_windows: 0
        time_merge_windows: 0
        time_remove_window: 0
        time_remove_window: 0
        timing_PlanIn:
            total_PlanIn:0
            num_until_goal_expanded:0
            timing_expansions:
                total_S3Exp: 0
                time_top_o: 0
                time_check_in_c: 0
                time_add_parent: 0
                num_neighbors: 0
                time_add_neighbors_to_o: 0
    num_new_collisions: 1
    timing_PIOW_new_collisions:
        total_PIOW: 0.000228097
        num_windows: 0
        time_check_overlap: 0
        num_overlapping_windows: 0
        time_merge_windows: 0
        time_remove_window: 0
        time_remove_window: 3.02e-07
        timing_PlanIn:
            total_PlanIn:0.000226718
            num_until_goal_expanded:40
            timing_expansions:
                total_S3Exp: 0.000223681
                time_top_o: 4.916e-06
                time_check_in_c: 7.901e-06
                time_add_parent: 1.0936e-05
                num_neighbors: 304
                time_add_neighbors_to_o: 0.000135282
    num_windows_should_quit: 0
    time_should_quit: 1.654e-06
    time_remove_window: 0
Complete!
