Total time: 0.655558
is_optimal: true
optimality_bound: 1
successive_bounds: [1.00274, 1.00274, 1.00274, 1.00274, 1.00274, 1.00274, 1.00206, 1.00206, 1.00206, 1.00206, 1.00137, 1.00137, 1.00137, 1.00069, 1.00069, 1.00069, 1.00069, 1, 1]
successive_runtimes: [0.125059, 0.148575, 0.172279, 0.195882, 0.221754, 0.248983, 0.283375, 0.313261, 0.341833, 0.371189, 0.400636, 0.4386, 0.482343, 0.531214, 0.577982, 0.623897, 0.64664, 0.655558]
num_agents: 40
time_individual_plan: 0.00729661
time_first_plan: 0.117232
num_max_agents_in_window_first_iteration: 3
num_recWAMPF: 18
timing_recWAMPF:
    total_RecWAMPF: 0.647727
    num_windows: 269
    num_max_agents_in_window: 3
    timing_gari:
        total_GARI: 0.502336
        time_path_btw_starts: 0.00102705
        Stage1:
            total_Stage1:0.0195431
            time_add_x_to_o: 0.01304
            time_clear_x: 0.00169902
            timing_AStarSearchUntil:
                total_astar_search_until:0.00478643
                num_values_f_less_fmax:2308
                ASU Exp:
                    total_ASUExp:0.00477951
                    time_top_o:0.000575445
                    time_check_in_c:0.000434275
                    time_add_parent:0.00034234
                    num_neighbors:6388
                    time_add_neighbors_to_o:0.00259127
        Stage2:
            total_Stage2:0.014559
            num_len_path:241
            time_expanding_s:0.000145023
            timing_AStarSearchUntil:
                total_astar_search_until:0.0142899
                num_values_f_less_fmax:1071
                ASU Exp:
                    total_ASUExp:0.0142843
                    time_top_o:0.000352611
                    time_check_in_c:0.000210487
                    time_add_parent:0.000337634
                    num_neighbors:27605
                    time_add_neighbors_to_o:0.0121418
        Stage3:
            total_Stage3:0.467151
            num_until_goal_expanded:23750
            timing_S3Exp:
                total_S3Exp: 0.331862
                time_top_o: 0.00718348
                time_check_in_c: 0.00319812
                time_add_parent: 0.00580204
                num_neighbors: 532394
                time_add_neighbors_to_o: 0.285238
    timing_PIOW_overlapping:
        total_PIOW: 0.0207377
        num_windows: 1051
        time_check_overlap: 4.1546e-05
        num_overlapping_windows: 3
        time_merge_windows: 4.668e-06
        time_remove_window: 8.34e-07
        time_remove_window: 4.519e-06
        timing_PlanIn:
            total_PlanIn:0.0206622
            num_until_goal_expanded:866
            timing_expansions:
                total_S3Exp: 0.0206555
                time_top_o: 0.000203831
                time_check_in_c: 0.000166388
                time_add_parent: 0.000241223
                num_neighbors: 33670
                time_add_neighbors_to_o: 0.0179293
    num_new_collisions: 9
    timing_PIOW_new_collisions:
        total_PIOW: 0.115865
        num_windows: 70
        time_check_overlap: 7.645e-06
        num_overlapping_windows: 1
        time_merge_windows: 0.000263412
        time_remove_window: 3.97e-07
        time_remove_window: 6.406e-06
        timing_PlanIn:
            total_PlanIn:0.115571
            num_until_goal_expanded:7190
            timing_expansions:
                total_S3Exp: 0.040506
                time_top_o: 0.00200428
                time_check_in_c: 0.00126341
                time_add_parent: 0.00198245
                num_neighbors: 167871
                time_add_neighbors_to_o: 0.0869884
    num_windows_should_quit: 0
    time_should_quit: 1.998e-05
    time_remove_window: 0
Complete!
