Total time: 3.62663
is_optimal: false
optimality_bound: 1.00387
successive_bounds: [1.00608, 1.00552, 1.00552, 1.00552, 1.00387]
successive_runtimes: [0.0185978, 0.0290388, 0.0354468, 0.174599, 3.62663]
num_agents: 50
time_individual_plan: 0.00831285
time_first_plan: 0.00975089
num_max_agents_in_window_first_iteration: 3
num_recWAMPF: 5
timing_recWAMPF:
    total_RecWAMPF: 3.61778
    num_windows: 73
    num_max_agents_in_window: 5
    timing_gari:
        total_GARI: 0.00941191
        time_path_btw_starts: 0.000144696
        Stage1:
            total_Stage1:0.00440794
            time_add_x_to_o: 0.002072
            time_clear_x: 0.000207308
            timing_AStarSearchUntil:
                total_astar_search_until:0.0021252
                num_values_f_less_fmax:386
                ASU Exp:
                    total_ASUExp:0.00212383
                    time_top_o:8.619e-05
                    time_check_in_c:0.000116437
                    time_add_parent:1.9714e-05
                    num_neighbors:4692
                    time_add_neighbors_to_o:0.00174059
        Stage2:
            total_Stage2:0.00153996
            num_len_path:60
            time_expanding_s:2.4185e-05
            timing_AStarSearchUntil:
                total_astar_search_until:0.00149843
                num_values_f_less_fmax:113
                ASU Exp:
                    total_ASUExp:0.00149715
                    time_top_o:2.4172e-05
                    time_check_in_c:2.4228e-05
                    time_add_parent:3.4152e-05
                    num_neighbors:3080
                    time_add_neighbors_to_o:0.00128492
        Stage3:
            total_Stage3:0.00330886
            num_until_goal_expanded:278
            timing_S3Exp:
                total_S3Exp: 0.00283515
                time_top_o: 5.1915e-05
                time_check_in_c: 3.4089e-05
                time_add_parent: 7.1107e-05
                num_neighbors: 5367
                time_add_neighbors_to_o: 0.00235364
    timing_PIOW_overlapping:
        total_PIOW: 3.5955
        num_windows: 336
        time_check_overlap: 9.403e-06
        num_overlapping_windows: 7
        time_merge_windows: 7.867e-06
        time_remove_window: 1.83e-06
        time_remove_window: 7.513e-06
        timing_PlanIn:
            total_PlanIn:3.59547
            num_until_goal_expanded:2955
            timing_expansions:
                total_S3Exp: 3.59545
                time_top_o: 0.00314385
                time_check_in_c: 0.00091691
                time_add_parent: 0.00135114
                num_neighbors: 6586032
                time_add_neighbors_to_o: 3.41939
    num_new_collisions: 15
    timing_PIOW_new_collisions:
        total_PIOW: 0.00564481
        num_windows: 198
        time_check_overlap: 5.057e-06
        num_overlapping_windows: 1
        time_merge_windows: 0
        time_remove_window: 0.0128688
        time_remove_window: 7.714e-06
        timing_PlanIn:
            total_PlanIn:0.0056102
            num_until_goal_expanded:365
            timing_expansions:
                total_S3Exp: 0.00558494
                time_top_o: 4.9524e-05
                time_check_in_c: 6.6279e-05
                time_add_parent: 9.4351e-05
                num_neighbors: 10178
                time_add_neighbors_to_o: 0.00465387
    num_windows_should_quit: 0
    time_should_quit: 3.413e-06
    time_remove_window: 0
Complete!
