Total time: 0.0433341
is_optimal: true
optimality_bound: 1
successive_bounds: [1.00455, 1.00455, 1.00455, 1.00455, 1.00455, 1.00455, 1.00455, 1, 1]
successive_runtimes: [0.00368295, 0.00453052, 0.00525265, 0.00605795, 0.00695305, 0.00798344, 0.0089304, 0.0433341]
num_agents: 20
time_individual_plan: 0.00252848
time_first_plan: 0.000626024
num_max_agents_in_window_first_iteration: 2
num_recWAMPF: 8
timing_recWAMPF:
    total_RecWAMPF: 0.0402757
    num_windows: 43
    num_max_agents_in_window: 3
    timing_gari:
        total_GARI: 0.0054329
        time_path_btw_starts: 9.3388e-05
        Stage1:
            total_Stage1:0.00206233
            time_add_x_to_o: 0.00106914
            time_clear_x: 0.000152657
            timing_AStarSearchUntil:
                total_astar_search_until:0.000838277
                num_values_f_less_fmax:676
                ASU Exp:
                    total_ASUExp:0.000837381
                    time_top_o:0.000134538
                    time_check_in_c:0.000106328
                    time_add_parent:4.2532e-05
                    num_neighbors:1169
                    time_add_neighbors_to_o:0.000399421
        Stage2:
            total_Stage2:0.000914699
            num_len_path:41
            time_expanding_s:1.6185e-05
            timing_AStarSearchUntil:
                total_astar_search_until:0.000887764
                num_values_f_less_fmax:74
                ASU Exp:
                    total_ASUExp:0.000886935
                    time_top_o:1.6536e-05
                    time_check_in_c:1.3347e-05
                    time_add_parent:1.9784e-05
                    num_neighbors:1877
                    time_add_neighbors_to_o:0.00075496
        Stage3:
            total_Stage3:0.00235633
            num_until_goal_expanded:407
            timing_S3Exp:
                total_S3Exp: 0.00188512
                time_top_o: 8.2268e-05
                time_check_in_c: 5.0885e-05
                time_add_parent: 0.000106297
                num_neighbors: 3116
                time_add_neighbors_to_o: 0.00126141
    timing_PIOW_overlapping:
        total_PIOW: 0.0334373
        num_windows: 66
        time_check_overlap: 2.262e-06
        num_overlapping_windows: 2
        time_merge_windows: 2.42e-06
        time_remove_window: 8.58e-07
        time_remove_window: 2.32e-06
        timing_PlanIn:
            total_PlanIn:0.0334248
            num_until_goal_expanded:549
            timing_expansions:
                total_S3Exp: 0.0334116
                time_top_o: 0.000138646
                time_check_in_c: 9.9279e-05
                time_add_parent: 0.000149131
                num_neighbors: 55372
                time_add_neighbors_to_o: 0.0306825
    num_new_collisions: 3
    timing_PIOW_new_collisions:
        total_PIOW: 0.000391472
        num_windows: 6
        time_check_overlap: 2.88e-07
        num_overlapping_windows: 0
        time_merge_windows: 0
        time_remove_window: 0
        time_remove_window: 1.784e-06
        timing_PlanIn:
            total_PlanIn:0.000386355
            num_until_goal_expanded:48
            timing_expansions:
                total_S3Exp: 0.000378778
                time_top_o: 6.825e-06
                time_check_in_c: 8.685e-06
                time_add_parent: 1.3384e-05
                num_neighbors: 550
                time_add_neighbors_to_o: 0.000278315
    num_windows_should_quit: 0
    time_should_quit: 1.105e-06
    time_remove_window: 0
Complete!
