Total time: 1.4622
is_optimal: true
optimality_bound: 1
successive_bounds: [1.00271, 1.00194, 1.00194, 1.00194, 1.00194, 1.00194, 1.00194, 1.00194, 1.00116, 1.00116, 1.00078, 1.00078, 1, 1]
successive_runtimes: [1.43248, 1.43626, 1.43799, 1.43985, 1.44175, 1.44377, 1.44574, 1.4478, 1.45011, 1.45356, 1.4566, 1.45911, 1.4622]
num_agents: 40
time_individual_plan: 0.00420116
time_first_plan: 1.42775
num_max_agents_in_window_first_iteration: 3
num_recWAMPF: 13
timing_recWAMPF:
    total_RecWAMPF: 1.45746
    num_windows: 125
    num_max_agents_in_window: 3
    timing_gari:
        total_GARI: 0.0246579
        time_path_btw_starts: 0.000316639
        Stage1:
            total_Stage1:0.00787324
            time_add_x_to_o: 0.00489534
            time_clear_x: 0.000882682
            timing_AStarSearchUntil:
                total_astar_search_until:0.00208878
                num_values_f_less_fmax:599
                ASU Exp:
                    total_ASUExp:0.00208592
                    time_top_o:0.000147695
                    time_check_in_c:0.000101799
                    time_add_parent:7.3152e-05
                    num_neighbors:3920
                    time_add_neighbors_to_o:0.00145885
        Stage2:
            total_Stage2:0.00380134
            num_len_path:116
            time_expanding_s:0.000172086
            timing_AStarSearchUntil:
                total_astar_search_until:0.00359453
                num_values_f_less_fmax:242
                ASU Exp:
                    total_ASUExp:0.00359187
                    time_top_o:5.986e-05
                    time_check_in_c:4.5332e-05
                    time_add_parent:7.1233e-05
                    num_neighbors:8059
                    time_add_neighbors_to_o:0.00312913
        Stage3:
            total_Stage3:0.0121492
            num_until_goal_expanded:975
            timing_S3Exp:
                total_S3Exp: 0.00702779
                time_top_o: 0.000239434
                time_check_in_c: 0.000122508
                time_add_parent: 0.000222772
                num_neighbors: 13084
                time_add_neighbors_to_o: 0.00498062
    timing_PIOW_overlapping:
        total_PIOW: 1.8574e-05
        num_windows: 300
        time_check_overlap: 1.116e-05
        num_overlapping_windows: 0
        time_merge_windows: 0
        time_remove_window: 0
        time_remove_window: 0
        timing_PlanIn:
            total_PlanIn:0
            num_until_goal_expanded:0
            timing_expansions:
                total_S3Exp: 0
                time_top_o: 0
                time_check_in_c: 0
                time_add_parent: 0
                num_neighbors: 0
                time_add_neighbors_to_o: 0
    num_new_collisions: 6
    timing_PIOW_new_collisions:
        total_PIOW: 1.42622
        num_windows: 28
        time_check_overlap: 1.55e-06
        num_overlapping_windows: 1
        time_merge_windows: 2.199e-06
        time_remove_window: 2.13e-07
        time_remove_window: 2.892e-06
        timing_PlanIn:
            total_PlanIn:1.4262
            num_until_goal_expanded:90150
            timing_expansions:
                total_S3Exp: 0.213756
                time_top_o: 0.0253281
                time_check_in_c: 0.0162507
                time_add_parent: 0.021761
                num_neighbors: 2620532
                time_add_neighbors_to_o: 1.069
    num_windows_should_quit: 0
    time_should_quit: 5.206e-06
    time_remove_window: 0
Complete!
