Total time: 0.0734399
is_optimal: false
optimality_bound: 1.00208
successive_bounds: [1.01205, 1.0054, 1.0054, 1.0054, 1.0054, 1.00374, 1.00291, 1.00208, 1.00208, 1.00208]
successive_runtimes: [0.0101636, 0.0198063, 0.0245449, 0.0280552, 0.0322601, 0.0388341, 0.0422703, 0.0486441, 0.0624201, 0.0734399]
num_agents: 40
time_individual_plan: 0.00628499
time_first_plan: 0.00335493
num_max_agents_in_window_first_iteration: 2
num_recWAMPF: 10
timing_recWAMPF:
    total_RecWAMPF: 0.0666288
    num_windows: 148
    num_max_agents_in_window: 3
    timing_gari:
        total_GARI: 0.0489082
        time_path_btw_starts: 0.00129026
        Stage1:
            total_Stage1:0.0245603
            time_add_x_to_o: 0.0119142
            time_clear_x: 0.0014657
            timing_AStarSearchUntil:
                total_astar_search_until:0.0111724
                num_values_f_less_fmax:2958
                ASU Exp:
                    total_ASUExp:0.0111689
                    time_top_o:0.000734308
                    time_check_in_c:0.000437807
                    time_add_parent:0.000340795
                    num_neighbors:21775
                    time_add_neighbors_to_o:0.00824927
        Stage2:
            total_Stage2:0.0101355
            num_len_path:159
            time_expanding_s:0.000201316
            timing_AStarSearchUntil:
                total_astar_search_until:0.00989315
                num_values_f_less_fmax:775
                ASU Exp:
                    total_ASUExp:0.00989022
                    time_top_o:0.000196899
                    time_check_in_c:0.000151888
                    time_add_parent:0.000214823
                    num_neighbors:21138
                    time_add_neighbors_to_o:0.00852393
        Stage3:
            total_Stage3:0.0119755
            num_until_goal_expanded:1066
            timing_S3Exp:
                total_S3Exp: 0.00657723
                time_top_o: 0.000245308
                time_check_in_c: 0.000147807
                time_add_parent: 0.000269025
                num_neighbors: 11682
                time_add_neighbors_to_o: 0.00478404
    timing_PIOW_overlapping:
        total_PIOW: 0.0104958
        num_windows: 556
        time_check_overlap: 1.7442e-05
        num_overlapping_windows: 1
        time_merge_windows: 1.567e-06
        time_remove_window: 2.63e-07
        time_remove_window: 1.515e-06
        timing_PlanIn:
            total_PlanIn:0.0104621
            num_until_goal_expanded:210
            timing_expansions:
                total_S3Exp: 0.0104599
                time_top_o: 5.3911e-05
                time_check_in_c: 3.7823e-05
                time_add_parent: 7.1278e-05
                num_neighbors: 18737
                time_add_neighbors_to_o: 0.0094921
    num_new_collisions: 9
    timing_PIOW_new_collisions:
        total_PIOW: 0.00277653
        num_windows: 73
        time_check_overlap: 2.554e-06
        num_overlapping_windows: 1
        time_merge_windows: 0
        time_remove_window: 0.0186859
        time_remove_window: 5.145e-06
        timing_PlanIn:
            total_PlanIn:0.00275851
            num_until_goal_expanded:222
            timing_expansions:
                total_S3Exp: 0.00274104
                time_top_o: 3.1171e-05
                time_check_in_c: 3.9141e-05
                time_add_parent: 5.6229e-05
                num_neighbors: 4942
                time_add_neighbors_to_o: 0.00223389
    num_windows_should_quit: 0
    time_should_quit: 5.505e-06
    time_remove_window: 0
Complete!
