Total time: 6.61109
is_optimal: false
optimality_bound: 1.004
successive_bounds: [1.00801, 1.00585, 1.00524, 1.00524, 1.00524, 1.00524, 1.00493, 1.004, 1.004, 1.004]
successive_runtimes: [0.0211972, 0.0273746, 0.0525433, 0.0733804, 0.105939, 0.159817, 0.222078, 2.97972, 4.65226, 6.61109]
num_agents: 50
time_individual_plan: 0.0149522
time_first_plan: 0.00565237
num_max_agents_in_window_first_iteration: 2
num_recWAMPF: 10
timing_recWAMPF:
    total_RecWAMPF: 6.59554
    num_windows: 113
    num_max_agents_in_window: 4
    timing_gari:
        total_GARI: 3.88442
        time_path_btw_starts: 0.000293374
        Stage1:
            total_Stage1:2.1141
            time_add_x_to_o: 0.526158
            time_clear_x: 0.208284
            timing_AStarSearchUntil:
                total_astar_search_until:1.37965
                num_values_f_less_fmax:12856
                ASU Exp:
                    total_ASUExp:1.37965
                    time_top_o:0.0174265
                    time_check_in_c:0.0646842
                    time_add_parent:0.00458248
                    num_neighbors:2582872
                    time_add_neighbors_to_o:1.27171
        Stage2:
            total_Stage2:0.0104579
            num_len_path:105
            time_expanding_s:5.0187e-05
            timing_AStarSearchUntil:
                total_astar_search_until:0.0103676
                num_values_f_less_fmax:415
                ASU Exp:
                    total_ASUExp:0.0103652
                    time_top_o:0.000123201
                    time_check_in_c:9.7899e-05
                    time_add_parent:0.000153371
                    num_neighbors:21669
                    time_add_neighbors_to_o:0.00951857
        Stage3:
            total_Stage3:1.75955
            num_until_goal_expanded:8535
            timing_S3Exp:
                total_S3Exp: 1.13845
                time_top_o: 0.0100161
                time_check_in_c: 0.00430977
                time_add_parent: 0.00386728
                num_neighbors: 1928776
                time_add_neighbors_to_o: 1.10559
    timing_PIOW_overlapping:
        total_PIOW: 2.69933
        num_windows: 443
        time_check_overlap: 1.6787e-05
        num_overlapping_windows: 9
        time_merge_windows: 1.0857e-05
        time_remove_window: 2.221e-06
        time_remove_window: 1.0417e-05
        timing_PlanIn:
            total_PlanIn:2.69927
            num_until_goal_expanded:12918
            timing_expansions:
                total_S3Exp: 2.69925
                time_top_o: 0.0163148
                time_check_in_c: 0.00347415
                time_add_parent: 0.00617195
                num_neighbors: 4724106
                time_add_neighbors_to_o: 2.52932
    num_new_collisions: 13
    timing_PIOW_new_collisions:
        total_PIOW: 0.00241787
        num_windows: 142
        time_check_overlap: 4.188e-06
        num_overlapping_windows: 0
        time_merge_windows: 0
        time_remove_window: 0
        time_remove_window: 4.532e-06
        timing_PlanIn:
            total_PlanIn:0.00239491
            num_until_goal_expanded:277
            timing_expansions:
                total_S3Exp: 0.00237125
                time_top_o: 3.7167e-05
                time_check_in_c: 4.7983e-05
                time_add_parent: 6.9626e-05
                num_neighbors: 4184
                time_add_neighbors_to_o: 0.0018168
    num_windows_should_quit: 0
    time_should_quit: 6.156e-06
    time_remove_window: 0
Complete!
