Total time: 8.43755
is_optimal: false
optimality_bound: 1.00157
successive_bounds: [1.00785, 1.00576, 1.00471, 1.00366, 1.00262, 1.00262, 1.00262, 1.00262, 1.00262, 1.00209, 1.00209, 1.00209, 1.00209, 1.00157, 1.00157, 1.00157]
successive_runtimes: [0.00788228, 0.0124945, 0.016537, 0.0205859, 0.0242652, 0.0271848, 0.0297993, 0.032433, 0.0353995, 0.166652, 0.201312, 0.231157, 0.278238, 2.57915, 5.37373, 8.43755]
num_agents: 30
time_individual_plan: 0.00438443
time_first_plan: 0.00297174
num_max_agents_in_window_first_iteration: 2
num_recWAMPF: 16
timing_recWAMPF:
    total_RecWAMPF: 8.43264
    num_windows: 259
    num_max_agents_in_window: 4
    timing_gari:
        total_GARI: 6.04858
        time_path_btw_starts: 0.0065118
        Stage1:
            total_Stage1:5.25312
            time_add_x_to_o: 1.32849
            time_clear_x: 0.40973
            timing_AStarSearchUntil:
                total_astar_search_until:3.51489
                num_values_f_less_fmax:28653
                ASU Exp:
                    total_ASUExp:3.51488
                    time_top_o:0.0428175
                    time_check_in_c:0.1484
                    time_add_parent:0.00831224
                    num_neighbors:5672099
                    time_add_neighbors_to_o:3.28418
        Stage2:
            total_Stage2:0.0102433
            num_len_path:283
            time_expanding_s:0.000874171
            timing_AStarSearchUntil:
                total_astar_search_until:0.00927965
                num_values_f_less_fmax:592
                ASU Exp:
                    total_ASUExp:0.00927445
                    time_top_o:0.000160043
                    time_check_in_c:0.000246068
                    time_add_parent:0.000188333
                    num_neighbors:17805
                    time_add_neighbors_to_o:0.00800654
        Stage3:
            total_Stage3:0.776219
            num_until_goal_expanded:2899
            timing_S3Exp:
                total_S3Exp: 0.0668492
                time_top_o: 0.000766453
                time_check_in_c: 0.000450358
                time_add_parent: 0.000869818
                num_neighbors: 38808
                time_add_neighbors_to_o: 0.0220482
    timing_PIOW_overlapping:
        total_PIOW: 2.3775
        num_windows: 1068
        time_check_overlap: 3.3737e-05
        num_overlapping_windows: 2
        time_merge_windows: 3.691e-06
        time_remove_window: 8.15e-07
        time_remove_window: 3.587e-06
        timing_PlanIn:
            total_PlanIn:2.37743
            num_until_goal_expanded:11576
            timing_expansions:
                total_S3Exp: 2.37742
                time_top_o: 0.01111
                time_check_in_c: 0.00313943
                time_add_parent: 0.00630862
                num_neighbors: 4015957
                time_add_neighbors_to_o: 2.23522
    num_new_collisions: 9
    timing_PIOW_new_collisions:
        total_PIOW: 0.0016981
        num_windows: 72
        time_check_overlap: 2.11e-06
        num_overlapping_windows: 0
        time_merge_windows: 0
        time_remove_window: 0
        time_remove_window: 4.315e-06
        timing_PlanIn:
            total_PlanIn:0.00168245
            num_until_goal_expanded:250
            timing_expansions:
                total_S3Exp: 0.00166609
                time_top_o: 2.9195e-05
                time_check_in_c: 4.3137e-05
                time_add_parent: 8.5947e-05
                num_neighbors: 2352
                time_add_neighbors_to_o: 0.00115296
    num_windows_should_quit: 0
    time_should_quit: 1.0458e-05
    time_remove_window: 0
Complete!
