Total time: 0.260412
is_optimal: true
optimality_bound: 1
successive_bounds: [1.00197, 1.00197, 1.00197, 1.00197, 1.00197, 1.00098, 1.00098, 1.00098, 1.00098, 1.00098, 1.00098, 1.00098, 1.00098, 1.00098, 1.00098, 1.00098, 1.00098, 1, 1]
successive_runtimes: [0.0277068, 0.0443866, 0.0505546, 0.0569998, 0.0641157, 0.0715307, 0.0797271, 0.0897714, 0.10151, 0.114791, 0.126173, 0.136508, 0.149895, 0.16449, 0.182504, 0.199949, 0.216652, 0.260412]
num_agents: 30
time_individual_plan: 0.00590141
time_first_plan: 0.0212774
num_max_agents_in_window_first_iteration: 4
num_recWAMPF: 18
timing_recWAMPF:
    total_RecWAMPF: 0.253978
    num_windows: 140
    num_max_agents_in_window: 4
    timing_gari:
        total_GARI: 0.228196
        time_path_btw_starts: 0.000414968
        Stage1:
            total_Stage1:0.0224929
            time_add_x_to_o: 0.0175335
            time_clear_x: 0.00236502
            timing_AStarSearchUntil:
                total_astar_search_until:0.00258313
                num_values_f_less_fmax:247
                ASU Exp:
                    total_ASUExp:0.00257923
                    time_top_o:7.2192e-05
                    time_check_in_c:5.6882e-05
                    time_add_parent:8.8784e-05
                    num_neighbors:5760
                    time_add_neighbors_to_o:0.00210239
        Stage2:
            total_Stage2:0.0361037
            num_len_path:142
            time_expanding_s:0.000304896
            timing_AStarSearchUntil:
                total_astar_search_until:0.0357409
                num_values_f_less_fmax:2656
                ASU Exp:
                    total_ASUExp:0.0357378
                    time_top_o:0.000902743
                    time_check_in_c:0.000498151
                    time_add_parent:0.000792562
                    num_neighbors:75204
                    time_add_neighbors_to_o:0.030778
        Stage3:
            total_Stage3:0.16915
            num_until_goal_expanded:6467
            timing_S3Exp:
                total_S3Exp: 0.0891478
                time_top_o: 0.0019799
                time_check_in_c: 0.00109168
                time_add_parent: 0.00165038
                num_neighbors: 134143
                time_add_neighbors_to_o: 0.0738544
    timing_PIOW_overlapping:
        total_PIOW: 2.2762e-05
        num_windows: 272
        time_check_overlap: 1.4814e-05
        num_overlapping_windows: 0
        time_merge_windows: 0
        time_remove_window: 0
        time_remove_window: 0
        timing_PlanIn:
            total_PlanIn:0
            num_until_goal_expanded:0
            timing_expansions:
                total_S3Exp: 0
                time_top_o: 0
                time_check_in_c: 0
                time_add_parent: 0
                num_neighbors: 0
                time_add_neighbors_to_o: 0
    num_new_collisions: 6
    timing_PIOW_new_collisions:
        total_PIOW: 0.0204902
        num_windows: 24
        time_check_overlap: 9.91e-07
        num_overlapping_windows: 2
        time_merge_windows: 0
        time_remove_window: 0.0189238
        time_remove_window: 1.667e-06
        timing_PlanIn:
            total_PlanIn:0.0204658
            num_until_goal_expanded:267
            timing_expansions:
                total_S3Exp: 0.020443
                time_top_o: 6.4097e-05
                time_check_in_c: 5.0685e-05
                time_add_parent: 7.3373e-05
                num_neighbors: 30170
                time_add_neighbors_to_o: 0.0190578
    num_windows_should_quit: 0
    time_should_quit: 9.695e-06
    time_remove_window: 0
Complete!
