Total time: 5.63905
is_optimal: false
optimality_bound: 1.00594
successive_bounds: [1.00775, 1.00723, 1.00671, 1.0062, 1.0062, 1.00594]
successive_runtimes: [0.0230349, 0.0370987, 0.160073, 0.468309, 1.18089, 5.63905]
num_agents: 60
time_individual_plan: 0.00868098
time_first_plan: 0.0138212
num_max_agents_in_window_first_iteration: 3
num_recWAMPF: 6
timing_recWAMPF:
    total_RecWAMPF: 5.62983
    num_windows: 155
    num_max_agents_in_window: 6
    timing_gari:
        total_GARI: 1.05218
        time_path_btw_starts: 0.000480892
        Stage1:
            total_Stage1:0.856471
            time_add_x_to_o: 0.147634
            time_clear_x: 0.0301154
            timing_AStarSearchUntil:
                total_astar_search_until:0.678712
                num_values_f_less_fmax:6263
                ASU Exp:
                    total_ASUExp:0.678709
                    time_top_o:0.00716624
                    time_check_in_c:0.0199206
                    time_add_parent:0.00232669
                    num_neighbors:1327427
                    time_add_neighbors_to_o:0.634687
        Stage2:
            total_Stage2:0.0115454
            num_len_path:142
            time_expanding_s:7.073e-05
            timing_AStarSearchUntil:
                total_astar_search_until:0.0114227
                num_values_f_less_fmax:342
                ASU Exp:
                    total_ASUExp:0.0114196
                    time_top_o:9.1818e-05
                    time_check_in_c:6.8684e-05
                    time_add_parent:0.000102778
                    num_neighbors:24835
                    time_add_neighbors_to_o:0.0107419
        Stage3:
            total_Stage3:0.183658
            num_until_goal_expanded:1864
            timing_S3Exp:
                total_S3Exp: 0.134203
                time_top_o: 0.000736776
                time_check_in_c: 0.000320429
                time_add_parent: 0.000606115
                num_neighbors: 232355
                time_add_neighbors_to_o: 0.13005
    timing_PIOW_overlapping:
        total_PIOW: 0.526102
        num_windows: 1194
        time_check_overlap: 3.8282e-05
        num_overlapping_windows: 9
        time_merge_windows: 1.3138e-05
        time_remove_window: 2.383e-06
        time_remove_window: 1.2662e-05
        timing_PlanIn:
            total_PlanIn:0.526008
            num_until_goal_expanded:1191
            timing_expansions:
                total_S3Exp: 0.525985
                time_top_o: 0.000533732
                time_check_in_c: 0.000291582
                time_add_parent: 0.000407284
                num_neighbors: 1002966
                time_add_neighbors_to_o: 0.497316
    num_new_collisions: 26
    timing_PIOW_new_collisions:
        total_PIOW: 4.03745
        num_windows: 538
        time_check_overlap: 1.6564e-05
        num_overlapping_windows: 6
        time_merge_windows: 0
        time_remove_window: 12.3777
        time_remove_window: 1.4539e-05
        timing_PlanIn:
            total_PlanIn:4.03737
            num_until_goal_expanded:1247
            timing_expansions:
                total_S3Exp: 4.0373
                time_top_o: 0.000975305
                time_check_in_c: 0.000328808
                time_add_parent: 0.000507167
                num_neighbors: 6625401
                time_add_neighbors_to_o: 3.86762
    num_windows_should_quit: 0
    time_should_quit: 1.1855e-05
    time_remove_window: 0
Complete!
