Total time: 1.58902
is_optimal: false
optimality_bound: 1.0022
successive_bounds: [1.00721, 1.00565, 1.00565, 1.00439, 1.00439, 1.00408, 1.00408, 1.00345, 1.00345, 1.00345, 1.00345, 1.00314, 1.00314, 1.00314, 1.00251, 1.00251, 1.0022, 1.0022, 1.0022]
successive_runtimes: [0.018783, 0.0311551, 0.0402709, 0.0575874, 0.0857389, 0.109591, 0.138157, 0.180116, 0.20338, 0.217599, 0.238674, 0.272868, 0.306041, 0.34297, 0.374709, 0.403601, 0.43247, 0.979858, 1.58902]
num_agents: 50
time_individual_plan: 0.0134043
time_first_plan: 0.00485137
num_max_agents_in_window_first_iteration: 2
num_recWAMPF: 19
timing_recWAMPF:
    total_RecWAMPF: 1.57509
    num_windows: 298
    num_max_agents_in_window: 3
    timing_gari:
        total_GARI: 1.00023
        time_path_btw_starts: 0.00498878
        Stage1:
            total_Stage1:0.729193
            time_add_x_to_o: 0.16618
            time_clear_x: 0.0344297
            timing_AStarSearchUntil:
                total_astar_search_until:0.528565
                num_values_f_less_fmax:17626
                ASU Exp:
                    total_ASUExp:0.528557
                    time_top_o:0.0185718
                    time_check_in_c:0.00673275
                    time_add_parent:0.00505187
                    num_neighbors:977217
                    time_add_neighbors_to_o:0.47851
        Stage2:
            total_Stage2:0.0204558
            num_len_path:244
            time_expanding_s:0.000151814
            timing_AStarSearchUntil:
                total_astar_search_until:0.0201819
                num_values_f_less_fmax:792
                ASU Exp:
                    total_ASUExp:0.0201759
                    time_top_o:0.000269844
                    time_check_in_c:0.000144792
                    time_add_parent:0.000242713
                    num_neighbors:46332
                    time_add_neighbors_to_o:0.0185044
        Stage3:
            total_Stage3:0.238466
            num_until_goal_expanded:1601
            timing_S3Exp:
                total_S3Exp: 0.0192615
                time_top_o: 0.000483843
                time_check_in_c: 0.000300329
                time_add_parent: 0.000527131
                num_neighbors: 30276
                time_add_neighbors_to_o: 0.0153688
    timing_PIOW_overlapping:
        total_PIOW: 0.55688
        num_windows: 1386
        time_check_overlap: 5.1033e-05
        num_overlapping_windows: 10
        time_merge_windows: 1.3627e-05
        time_remove_window: 2.048e-06
        time_remove_window: 1.3178e-05
        timing_PlanIn:
            total_PlanIn:0.556769
            num_until_goal_expanded:9742
            timing_expansions:
                total_S3Exp: 0.556749
                time_top_o: 0.00880896
                time_check_in_c: 0.00224687
                time_add_parent: 0.00421972
                num_neighbors: 1012031
                time_add_neighbors_to_o: 0.500869
    num_new_collisions: 16
    timing_PIOW_new_collisions:
        total_PIOW: 0.00147627
        num_windows: 222
        time_check_overlap: 5.744e-06
        num_overlapping_windows: 0
        time_merge_windows: 0
        time_remove_window: 0
        time_remove_window: 4.286e-06
        timing_PlanIn:
            total_PlanIn:0.00144849
            num_until_goal_expanded:202
            timing_expansions:
                total_S3Exp: 0.00142302
                time_top_o: 2.7513e-05
                time_check_in_c: 3.2742e-05
                time_add_parent: 5.1389e-05
                num_neighbors: 2372
                time_add_neighbors_to_o: 0.00103114
    num_windows_should_quit: 0
    time_should_quit: 2.0093e-05
    time_remove_window: 0
Complete!
