Total time: 0.0602829
is_optimal: true
optimality_bound: 1
successive_bounds: [1.00344, 1.00344, 1.00268, 1.00191, 1.00115, 1.00115, 1.00115, 1.00115, 1.00115, 1.00115, 1.00115, 1.00115, 1.00115, 1.00115, 1.00115, 1.00115, 1.00115, 1.00115, 1.00115, 1.00115, 1.00115, 1.00115, 1.00115, 1.00115, 1.00115, 1.00115, 1.00115, 1.00115, 1.00115, 1.00115, 1.00115, 1.00115, 1]
successive_runtimes: [0.0127852, 0.0163673, 0.0207012, 0.0239176, 0.0317557, 0.0341839, 0.0352396, 0.0363128, 0.037367, 0.0384163, 0.03964, 0.0407091, 0.0417502, 0.0428104, 0.0439653, 0.0458386, 0.0470534, 0.0480039, 0.0492057, 0.050083, 0.0509222, 0.0518031, 0.0526368, 0.0534702, 0.0543081, 0.0551389, 0.0560033, 0.0568388, 0.0577238, 0.0585605, 0.0594623, 0.0602829]
num_agents: 40
time_individual_plan: 0.00779624
time_first_plan: 0.00445746
num_max_agents_in_window_first_iteration: 2
num_recWAMPF: 32
timing_recWAMPF:
    total_RecWAMPF: 0.0519508
    num_windows: 113
    num_max_agents_in_window: 3
    timing_gari:
        total_GARI: 0.0253173
        time_path_btw_starts: 0.000203465
        Stage1:
            total_Stage1:0.00627407
            time_add_x_to_o: 0.00405894
            time_clear_x: 0.000524058
            timing_AStarSearchUntil:
                total_astar_search_until:0.00168538
                num_values_f_less_fmax:1097
                ASU Exp:
                    total_ASUExp:0.00168259
                    time_top_o:0.000222892
                    time_check_in_c:0.00013783
                    time_add_parent:9.7572e-05
                    num_neighbors:2097
                    time_add_neighbors_to_o:0.000766667
        Stage2:
            total_Stage2:0.00241618
            num_len_path:81
            time_expanding_s:5.5126e-05
            timing_AStarSearchUntil:
                total_astar_search_until:0.00233205
                num_values_f_less_fmax:147
                ASU Exp:
                    total_ASUExp:0.00232966
                    time_top_o:3.4923e-05
                    time_check_in_c:2.817e-05
                    time_add_parent:4.7769e-05
                    num_neighbors:5726
                    time_add_neighbors_to_o:0.00200484
        Stage3:
            total_Stage3:0.0164056
            num_until_goal_expanded:1030
            timing_S3Exp:
                total_S3Exp: 0.00790887
                time_top_o: 0.000224215
                time_check_in_c: 0.000140245
                time_add_parent: 0.00026502
                num_neighbors: 12175
                time_add_neighbors_to_o: 0.00595613
    timing_PIOW_overlapping:
        total_PIOW: 0.00689693
        num_windows: 263
        time_check_overlap: 5.664e-06
        num_overlapping_windows: 7
        time_merge_windows: 5.483e-06
        time_remove_window: 1.005e-06
        time_remove_window: 5.175e-06
        timing_PlanIn:
            total_PlanIn:0.00686847
            num_until_goal_expanded:486
            timing_expansions:
                total_S3Exp: 0.00685646
                time_top_o: 8.7778e-05
                time_check_in_c: 8.4288e-05
                time_add_parent: 0.000119105
                num_neighbors: 10936
                time_add_neighbors_to_o: 0.0056914
    num_new_collisions: 9
    timing_PIOW_new_collisions:
        total_PIOW: 0.00292487
        num_windows: 74
        time_check_overlap: 2.163e-06
        num_overlapping_windows: 1
        time_merge_windows: 0
        time_remove_window: 0.0196009
        time_remove_window: 2.387e-06
        timing_PlanIn:
            total_PlanIn:0.00290964
            num_until_goal_expanded:404
            timing_expansions:
                total_S3Exp: 0.00289219
                time_top_o: 5.3178e-05
                time_check_in_c: 7.4432e-05
                time_add_parent: 0.000101305
                num_neighbors: 4185
                time_add_neighbors_to_o: 0.00207939
    num_windows_should_quit: 1
    time_should_quit: 3.661e-06
    time_remove_window: 1.43e-07
Complete!
