Total time: 0.136765
is_optimal: false
optimality_bound: 1.00534
successive_bounds: [1.00738, 1.00687, 1.00611, 1.00585, 1.00585, 1.00585, 1.00585, 1.00585, 1.00585, 1.00585, 1.00585, 1.00585, 1.00534, 1.00534, 1.00534]
successive_runtimes: [0.0185935, 0.0295134, 0.0402333, 0.0488477, 0.0515598, 0.0552722, 0.0690146, 0.0741984, 0.0780208, 0.08432, 0.0889166, 0.0936572, 0.0989357, 0.121957, 0.136765]
num_agents: 60
time_individual_plan: 0.00650315
time_first_plan: 0.0115638
num_max_agents_in_window_first_iteration: 3
num_recWAMPF: 15
timing_recWAMPF:
    total_RecWAMPF: 0.129732
    num_windows: 235
    num_max_agents_in_window: 3
    timing_gari:
        total_GARI: 0.0880504
        time_path_btw_starts: 0.000573219
        Stage1:
            total_Stage1:0.0288873
            time_add_x_to_o: 0.0140021
            time_clear_x: 0.00148698
            timing_AStarSearchUntil:
                total_astar_search_until:0.0133858
                num_values_f_less_fmax:1844
                ASU Exp:
                    total_ASUExp:0.0133804
                    time_top_o:0.00055768
                    time_check_in_c:0.000329795
                    time_add_parent:0.000395855
                    num_neighbors:27438
                    time_add_neighbors_to_o:0.0108095
        Stage2:
            total_Stage2:0.0238496
            num_len_path:223
            time_expanding_s:0.000100467
            timing_AStarSearchUntil:
                total_astar_search_until:0.0236831
                num_values_f_less_fmax:1645
                ASU Exp:
                    total_ASUExp:0.0236785
                    time_top_o:0.000428668
                    time_check_in_c:0.000338018
                    time_add_parent:0.000572887
                    num_neighbors:48132
                    time_add_neighbors_to_o:0.0206535
        Stage3:
            total_Stage3:0.0347047
            num_until_goal_expanded:1507
            timing_S3Exp:
                total_S3Exp: 0.0172522
                time_top_o: 0.00039751
                time_check_in_c: 0.000218486
                time_add_parent: 0.000403296
                num_neighbors: 31401
                time_add_neighbors_to_o: 0.0142592
    timing_PIOW_overlapping:
        total_PIOW: 0.0172056
        num_windows: 1247
        time_check_overlap: 3.5818e-05
        num_overlapping_windows: 12
        time_merge_windows: 1.0178e-05
        time_remove_window: 1.887e-06
        time_remove_window: 9.678e-06
        timing_PlanIn:
            total_PlanIn:0.0171204
            num_until_goal_expanded:480
            timing_expansions:
                total_S3Exp: 0.0171004
                time_top_o: 9.4702e-05
                time_check_in_c: 7.9835e-05
                time_add_parent: 0.00012538
                num_neighbors: 29046
                time_add_neighbors_to_o: 0.0153914
    num_new_collisions: 20
    timing_PIOW_new_collisions:
        total_PIOW: 0.00429143
        num_windows: 376
        time_check_overlap: 9.611e-06
        num_overlapping_windows: 2
        time_merge_windows: 0
        time_remove_window: 0.0305794
        time_remove_window: 1.1498e-05
        timing_PlanIn:
            total_PlanIn:0.00424267
            num_until_goal_expanded:345
            timing_expansions:
                total_S3Exp: 0.00421051
                time_top_o: 4.4753e-05
                time_check_in_c: 5.71e-05
                time_add_parent: 8.7293e-05
                num_neighbors: 6787
                time_add_neighbors_to_o: 0.00342643
    num_windows_should_quit: 0
    time_should_quit: 1.0867e-05
    time_remove_window: 0
Complete!
