Total time: 0.297117
is_optimal: false
optimality_bound: 1.00433
successive_bounds: [1.00765, 1.00663, 1.00612, 1.00561, 1.00561, 1.00484, 1.00484, 1.00484, 1.00484, 1.00484, 1.00484, 1.00484, 1.00484, 1.00484, 1.00484, 1.00484, 1.00484, 1.00484, 1.00433, 1.00433]
successive_runtimes: [0.0154926, 0.0215065, 0.0269962, 0.033572, 0.0415071, 0.0520227, 0.0639575, 0.0686665, 0.0717292, 0.0746372, 0.0775294, 0.0803406, 0.08336, 0.0864522, 0.0896232, 0.0927818, 0.096088, 0.10271, 0.106793, 0.297117]
num_agents: 60
time_individual_plan: 0.00683967
time_first_plan: 0.00812373
num_max_agents_in_window_first_iteration: 2
num_recWAMPF: 20
timing_recWAMPF:
    total_RecWAMPF: 0.289744
    num_windows: 250
    num_max_agents_in_window: 5
    timing_gari:
        total_GARI: 0.0617679
        time_path_btw_starts: 0.000717444
        Stage1:
            total_Stage1:0.0204796
            time_add_x_to_o: 0.010905
            time_clear_x: 0.00138305
            timing_AStarSearchUntil:
                total_astar_search_until:0.00817904
                num_values_f_less_fmax:588
                ASU Exp:
                    total_ASUExp:0.00817396
                    time_top_o:0.000214071
                    time_check_in_c:9.4167e-05
                    time_add_parent:0.000191134
                    num_neighbors:17922
                    time_add_neighbors_to_o:0.0070031
        Stage2:
            total_Stage2:0.00605786
            num_len_path:175
            time_expanding_s:0.000188998
            timing_AStarSearchUntil:
                total_astar_search_until:0.0058015
                num_values_f_less_fmax:239
                ASU Exp:
                    total_ASUExp:0.00579675
                    time_top_o:6.5094e-05
                    time_check_in_c:4.8921e-05
                    time_add_parent:8.3675e-05
                    num_neighbors:13677
                    time_add_neighbors_to_o:0.00528003
        Stage3:
            total_Stage3:0.0342123
            num_until_goal_expanded:1416
            timing_S3Exp:
                total_S3Exp: 0.0221104
                time_top_o: 0.000338642
                time_check_in_c: 0.000194666
                time_add_parent: 0.000351862
                num_neighbors: 39705
                time_add_neighbors_to_o: 0.0191724
    timing_PIOW_overlapping:
        total_PIOW: 0.0823531
        num_windows: 1028
        time_check_overlap: 3.3862e-05
        num_overlapping_windows: 14
        time_merge_windows: 1.2664e-05
        time_remove_window: 2.497e-06
        time_remove_window: 1.2091e-05
        timing_PlanIn:
            total_PlanIn:0.0822653
            num_until_goal_expanded:1241
            timing_expansions:
                total_S3Exp: 0.0822402
                time_top_o: 0.000417409
                time_check_in_c: 0.000268129
                time_add_parent: 0.000386854
                num_neighbors: 130161
                time_add_neighbors_to_o: 0.0758091
    num_new_collisions: 19
    timing_PIOW_new_collisions:
        total_PIOW: 0.120836
        num_windows: 298
        time_check_overlap: 8.479e-06
        num_overlapping_windows: 1
        time_merge_windows: 0
        time_remove_window: 0.178405
        time_remove_window: 1.0586e-05
        timing_PlanIn:
            total_PlanIn:0.120791
            num_until_goal_expanded:1051
            timing_expansions:
                total_S3Exp: 0.120759
                time_top_o: 0.000458891
                time_check_in_c: 0.000203077
                time_add_parent: 0.000399231
                num_neighbors: 169219
                time_add_neighbors_to_o: 0.113547
    num_windows_should_quit: 0
    time_should_quit: 9.756e-06
    time_remove_window: 0
Complete!
