Total time: 9.55158
is_optimal: false
optimality_bound: 1.00095
successive_bounds: [1.00316, 1.00284, 1.00284, 1.00284, 1.00284, 1.00284, 1.00253, 1.00253, 1.00221, 1.00221, 1.0019, 1.0019, 1.0019, 1.0019, 1.0019, 1.0019, 1.0019, 1.0019, 1.0019, 1.0019, 1.0019, 1.00126, 1.00095, 1.00095]
successive_runtimes: [0.012588, 0.0150535, 0.0197077, 0.0240849, 0.0286961, 0.0344008, 0.040702, 0.0483154, 0.058328, 0.0670831, 0.0740316, 0.0843009, 0.0923608, 0.0995896, 0.110233, 0.750036, 1.24436, 1.78231, 2.3367, 2.89411, 3.48287, 6.83073, 7.1656, 9.55158]
num_agents: 50
time_individual_plan: 0.00703179
time_first_plan: 0.00496159
num_max_agents_in_window_first_iteration: 2
num_recWAMPF: 24
timing_recWAMPF:
    total_RecWAMPF: 9.54395
    num_windows: 389
    num_max_agents_in_window: 3
    timing_gari:
        total_GARI: 6.00842
        time_path_btw_starts: 0.00638572
        Stage1:
            total_Stage1:5.02147
            time_add_x_to_o: 0.782505
            time_clear_x: 0.309527
            timing_AStarSearchUntil:
                total_astar_search_until:1.33066
                num_values_f_less_fmax:80381
                ASU Exp:
                    total_ASUExp:1.33065
                    time_top_o:0.0821893
                    time_check_in_c:0.0277441
                    time_add_parent:0.0362211
                    num_neighbors:6698777
                    time_add_neighbors_to_o:3.67873
        Stage2:
            total_Stage2:0.0191753
            num_len_path:329
            time_expanding_s:0.000361388
            timing_AStarSearchUntil:
                total_astar_search_until:0.0186609
                num_values_f_less_fmax:1400
                ASU Exp:
                    total_ASUExp:0.0186529
                    time_top_o:0.000428196
                    time_check_in_c:0.000281099
                    time_add_parent:0.000474083
                    num_neighbors:37049
                    time_add_neighbors_to_o:0.0159185
        Stage3:
            total_Stage3:0.960399
            num_until_goal_expanded:3016
            timing_S3Exp:
                total_S3Exp: 0.0499829
                time_top_o: 0.00105995
                time_check_in_c: 0.000464413
                time_add_parent: 0.000779683
                num_neighbors: 70266
                time_add_neighbors_to_o: 0.0352295
    timing_PIOW_overlapping:
        total_PIOW: 0.633558
        num_windows: 1613
        time_check_overlap: 6.4534e-05
        num_overlapping_windows: 2
        time_merge_windows: 3.612e-06
        time_remove_window: 4.81e-07
        time_remove_window: 3.471e-06
        timing_PlanIn:
            total_PlanIn:0.633448
            num_until_goal_expanded:9252
            timing_expansions:
                total_S3Exp: 0.633444
                time_top_o: 0.00967411
                time_check_in_c: 0.00202722
                time_add_parent: 0.00436393
                num_neighbors: 1102060
                time_add_neighbors_to_o: 0.576489
    num_new_collisions: 11
    timing_PIOW_new_collisions:
        total_PIOW: 0.00240194
        num_windows: 102
        time_check_overlap: 2.854e-06
        num_overlapping_windows: 0
        time_merge_windows: 0
        time_remove_window: 0
        time_remove_window: 4.816e-06
        timing_PlanIn:
            total_PlanIn:0.00238323
            num_until_goal_expanded:236
            timing_expansions:
                total_S3Exp: 0.00236326
                time_top_o: 3.7786e-05
                time_check_in_c: 4.1056e-05
                time_add_parent: 5.8656e-05
                num_neighbors: 3796
                time_add_neighbors_to_o: 0.00186082
    num_windows_should_quit: 2
    time_should_quit: 2.2297e-05
    time_remove_window: 6.98e-07
Complete!
