Total time: 0.00995384
is_optimal: true
optimality_bound: 1
successive_bounds: [1.00109, 1.00109, 1.00109, 1.00109, 1.00109, 1.00109, 1.00109, 1, 1]
successive_runtimes: [0.00410993, 0.00470547, 0.00534938, 0.00606069, 0.00697569, 0.00785788, 0.00890717, 0.00995382]
num_agents: 30
time_individual_plan: 0.00309839
time_first_plan: 0.000488295
num_max_agents_in_window_first_iteration: 2
num_recWAMPF: 8
timing_recWAMPF:
    total_RecWAMPF: 0.00633067
    num_windows: 15
    num_max_agents_in_window: 2
    timing_gari:
        total_GARI: 0.00451962
        time_path_btw_starts: 3.2497e-05
        Stage1:
            total_Stage1:0.00277556
            time_add_x_to_o: 0.0010194
            time_clear_x: 0.000142971
            timing_AStarSearchUntil:
                total_astar_search_until:0.00161222
                num_values_f_less_fmax:536
                ASU Exp:
                    total_ASUExp:0.00161186
                    time_top_o:0.000125506
                    time_check_in_c:7.8414e-05
                    time_add_parent:0.000104719
                    num_neighbors:2971
                    time_add_neighbors_to_o:0.00105943
        Stage2:
            total_Stage2:0.000444058
            num_len_path:14
            time_expanding_s:5.26e-06
            timing_AStarSearchUntil:
                total_astar_search_until:0.000434635
                num_values_f_less_fmax:35
                ASU Exp:
                    total_ASUExp:0.000434311
                    time_top_o:7.987e-06
                    time_check_in_c:6.963e-06
                    time_add_parent:8.337e-06
                    num_neighbors:1032
                    time_add_neighbors_to_o:0.000375837
        Stage3:
            total_Stage3:0.00126491
            num_until_goal_expanded:160
            timing_S3Exp:
                total_S3Exp: 0.000973621
                time_top_o: 3.4642e-05
                time_check_in_c: 2.281e-05
                time_add_parent: 7.2388e-05
                num_neighbors: 1748
                time_add_neighbors_to_o: 0.000687684
    timing_PIOW_overlapping:
        total_PIOW: 1.56e-07
        num_windows: 7
        time_check_overlap: 0
        num_overlapping_windows: 0
        time_merge_windows: 0
        time_remove_window: 0
        time_remove_window: 0
        timing_PlanIn:
            total_PlanIn:0
            num_until_goal_expanded:0
            timing_expansions:
                total_S3Exp: 0
                time_top_o: 0
                time_check_in_c: 0
                time_add_parent: 0
                num_neighbors: 0
                time_add_neighbors_to_o: 0
    num_new_collisions: 1
    timing_PIOW_new_collisions:
        total_PIOW: 0.000213083
        num_windows: 0
        time_check_overlap: 0
        num_overlapping_windows: 0
        time_merge_windows: 0
        time_remove_window: 0
        time_remove_window: 4.46e-07
        timing_PlanIn:
            total_PlanIn:0.000211429
            num_until_goal_expanded:25
            timing_expansions:
                total_S3Exp: 0.000207923
                time_top_o: 3.78e-06
                time_check_in_c: 4.94e-06
                time_add_parent: 7.016e-06
                num_neighbors: 313
                time_add_neighbors_to_o: 0.000151038
    num_windows_should_quit: 0
    time_should_quit: 4.47e-07
    time_remove_window: 0
Complete!
