Total time: 0.286737
is_optimal: true
optimality_bound: 1
successive_bounds: [1.00551, 1.00477, 1.00477, 1.00477, 1.0033, 1.0033, 1.00257, 1.00257, 1.00257, 1.00257, 1.00257, 1.00257, 1.00257, 1.00184, 1.00184, 1.0011, 1.0011, 1.00037, 1.00037, 1.00037, 1.00037, 1.00037, 1.00037, 1.00037, 1.00037, 1.00037, 1, 1]
successive_runtimes: [0.0100082, 0.0129691, 0.0165773, 0.0213961, 0.0266801, 0.0326899, 0.039232, 0.0462154, 0.0533724, 0.0608517, 0.0686997, 0.0772362, 0.0863905, 0.0954772, 0.0997996, 0.120988, 0.127433, 0.133512, 0.138627, 0.143464, 0.148352, 0.153185, 0.180157, 0.208954, 0.233402, 0.258336, 0.286737]
num_agents: 40
time_individual_plan: 0.00663943
time_first_plan: 0.00283612
num_max_agents_in_window_first_iteration: 2
num_recWAMPF: 27
timing_recWAMPF:
    total_RecWAMPF: 0.27956
    num_windows: 378
    num_max_agents_in_window: 4
    timing_gari:
        total_GARI: 0.241363
        time_path_btw_starts: 0.00132374
        Stage1:
            total_Stage1:0.044918
            time_add_x_to_o: 0.0245415
            time_clear_x: 0.0033435
            timing_AStarSearchUntil:
                total_astar_search_until:0.0170114
                num_values_f_less_fmax:14317
                ASU Exp:
                    total_ASUExp:0.0170019
                    time_top_o:0.00362465
                    time_check_in_c:0.0025781
                    time_add_parent:0.000569501
                    num_neighbors:18864
                    time_add_neighbors_to_o:0.00691028
        Stage2:
            total_Stage2:0.0260435
            num_len_path:387
            time_expanding_s:0.000221644
            timing_AStarSearchUntil:
                total_astar_search_until:0.0256908
                num_values_f_less_fmax:2112
                ASU Exp:
                    total_ASUExp:0.0256829
                    time_top_o:0.000692164
                    time_check_in_c:0.00044676
                    time_add_parent:0.000638391
                    num_neighbors:52264
                    time_add_neighbors_to_o:0.0215806
        Stage3:
            total_Stage3:0.168997
            num_until_goal_expanded:9346
            timing_S3Exp:
                total_S3Exp: 0.0941382
                time_top_o: 0.00251079
                time_check_in_c: 0.00145943
                time_add_parent: 0.00262492
                num_neighbors: 149798
                time_add_neighbors_to_o: 0.0768069
    timing_PIOW_overlapping:
        total_PIOW: 0.000958622
        num_windows: 1327
        time_check_overlap: 4.8005e-05
        num_overlapping_windows: 1
        time_merge_windows: 1.107e-06
        time_remove_window: 1.82e-07
        time_remove_window: 1.057e-06
        timing_PlanIn:
            total_PlanIn:0.00087687
            num_until_goal_expanded:36
            timing_expansions:
                total_S3Exp: 0.000874943
                time_top_o: 6.82e-06
                time_check_in_c: 5.874e-06
                time_add_parent: 9.36e-06
                num_neighbors: 1396
                time_add_neighbors_to_o: 0.00076378
    num_new_collisions: 9
    timing_PIOW_new_collisions:
        total_PIOW: 0.0231972
        num_windows: 69
        time_check_overlap: 2.758e-06
        num_overlapping_windows: 1
        time_merge_windows: 0
        time_remove_window: 0.158837
        time_remove_window: 3.762e-06
        timing_PlanIn:
            total_PlanIn:0.0231774
            num_until_goal_expanded:355
            timing_expansions:
                total_S3Exp: 0.0231607
                time_top_o: 8.4067e-05
                time_check_in_c: 8.5929e-05
                time_add_parent: 9.8571e-05
                num_neighbors: 34128
                time_add_neighbors_to_o: 0.0214412
    num_windows_should_quit: 0
    time_should_quit: 1.8362e-05
    time_remove_window: 0
Complete!
