Total time: 6.18163
is_optimal: true
optimality_bound: 1
successive_bounds: [1.00394, 1.00394, 1.00246, 1.00148, 1.00148, 1.00148, 1.00148, 1.00148, 1.00148, 1.00148, 1.00148, 1.00148, 1.00148, 1.00148, 1.00148, 1.00148, 1.00148, 1.00148, 1.00148, 1.00148, 1.00148, 1.00148, 1.00148, 1.00148, 1.00148, 1.00098, 1, 1]
successive_runtimes: [0.00755006, 0.00853366, 0.0100045, 0.014486, 0.0157379, 0.0177181, 0.0199709, 0.0222147, 0.0245377, 0.0269604, 0.029622, 0.0328301, 0.0360432, 0.0391664, 0.0426977, 0.0464452, 0.0503192, 0.0539943, 0.0588283, 0.0632318, 0.11281, 0.173737, 0.221418, 0.265085, 0.308322, 0.350565, 6.18163]
num_agents: 30
time_individual_plan: 0.00593348
time_first_plan: 0.00109154
num_max_agents_in_window_first_iteration: 2
num_recWAMPF: 27
timing_recWAMPF:
    total_RecWAMPF: 6.17517
    num_windows: 259
    num_max_agents_in_window: 4
    timing_gari:
        total_GARI: 0.339269
        time_path_btw_starts: 0.000628973
        Stage1:
            total_Stage1:0.233985
            time_add_x_to_o: 0.10054
            time_clear_x: 0.0155665
            timing_AStarSearchUntil:
                total_astar_search_until:0.117862
                num_values_f_less_fmax:9681
                ASU Exp:
                    total_ASUExp:0.117855
                    time_top_o:0.00497497
                    time_check_in_c:0.00389327
                    time_add_parent:0.00278126
                    num_neighbors:251417
                    time_add_neighbors_to_o:0.0985952
        Stage2:
            total_Stage2:0.0131094
            num_len_path:265
            time_expanding_s:0.000165624
            timing_AStarSearchUntil:
                total_astar_search_until:0.012855
                num_values_f_less_fmax:1131
                ASU Exp:
                    total_ASUExp:0.0128493
                    time_top_o:0.000317087
                    time_check_in_c:0.000214387
                    time_add_parent:0.000360922
                    num_neighbors:25833
                    time_add_neighbors_to_o:0.0107279
        Stage3:
            total_Stage3:0.0914925
            num_until_goal_expanded:2123
            timing_S3Exp:
                total_S3Exp: 0.0133318
                time_top_o: 0.000504686
                time_check_in_c: 0.000315715
                time_add_parent: 0.000601282
                num_neighbors: 17804
                time_add_neighbors_to_o: 0.00743948
    timing_PIOW_overlapping:
        total_PIOW: 0.0542959
        num_windows: 632
        time_check_overlap: 2.605e-05
        num_overlapping_windows: 2
        time_merge_windows: 4.044e-06
        time_remove_window: 5.38e-07
        time_remove_window: 3.931e-06
        timing_PlanIn:
            total_PlanIn:0.0542454
            num_until_goal_expanded:1205
            timing_expansions:
                total_S3Exp: 0.0542406
                time_top_o: 0.000390996
                time_check_in_c: 0.00021588
                time_add_parent: 0.000365112
                num_neighbors: 95311
                time_add_neighbors_to_o: 0.0491472
    num_new_collisions: 7
    timing_PIOW_new_collisions:
        total_PIOW: 5.77518
        num_windows: 38
        time_check_overlap: 2.439e-06
        num_overlapping_windows: 1
        time_merge_windows: 0
        time_remove_window: 0.410174
        time_remove_window: 2.347e-06
        timing_PlanIn:
            total_PlanIn:5.77517
            num_until_goal_expanded:20841
            timing_expansions:
                total_S3Exp: 5.77515
                time_top_o: 0.0179323
                time_check_in_c: 0.00520543
                time_add_parent: 0.0119128
                num_neighbors: 8308633
                time_add_neighbors_to_o: 5.49397
    num_windows_should_quit: 0
    time_should_quit: 8.381e-06
    time_remove_window: 0
Complete!
