Total time: 0.0195431
is_optimal: true
optimality_bound: 1
successive_bounds: [1.00197, 1.00197, 1.00197, 1.00197, 1.00197, 1.00197, 1.00197, 1.00098, 1.00098, 1.00098, 1.00098, 1, 1]
successive_runtimes: [0.00770888, 0.00832349, 0.00892801, 0.00959327, 0.0102913, 0.0111115, 0.0121427, 0.0154782, 0.0166426, 0.0174674, 0.0183084, 0.019543]
num_agents: 30
time_individual_plan: 0.00627458
time_first_plan: 0.000901488
num_max_agents_in_window_first_iteration: 2
num_recWAMPF: 12
timing_recWAMPF:
    total_RecWAMPF: 0.0127335
    num_windows: 69
    num_max_agents_in_window: 2
    timing_gari:
        total_GARI: 0.00918597
        time_path_btw_starts: 0.000145204
        Stage1:
            total_Stage1:0.00112416
            time_add_x_to_o: 0.000961575
            time_clear_x: 0.000156278
            timing_AStarSearchUntil:
                total_astar_search_until:2.851e-06
                num_values_f_less_fmax:0
                ASU Exp:
                    total_ASUExp:1.231e-06
                    time_top_o:0
                    time_check_in_c:0
                    time_add_parent:0
                    num_neighbors:0
                    time_add_neighbors_to_o:0
        Stage2:
            total_Stage2:0.00331408
            num_len_path:61
            time_expanding_s:3.9946e-05
            timing_AStarSearchUntil:
                total_astar_search_until:0.00324293
                num_values_f_less_fmax:262
                ASU Exp:
                    total_ASUExp:0.00324146
                    time_top_o:7.2234e-05
                    time_check_in_c:5.6553e-05
                    time_add_parent:8.4059e-05
                    num_neighbors:6140
                    time_add_neighbors_to_o:0.00269214
        Stage3:
            total_Stage3:0.00459227
            num_until_goal_expanded:862
            timing_S3Exp:
                total_S3Exp: 0.00329941
                time_top_o: 0.000187437
                time_check_in_c: 9.9126e-05
                time_add_parent: 0.000165215
                num_neighbors: 4912
                time_add_neighbors_to_o: 0.00210453
    timing_PIOW_overlapping:
        total_PIOW: 6.087e-06
        num_windows: 99
        time_check_overlap: 3.249e-06
        num_overlapping_windows: 0
        time_merge_windows: 0
        time_remove_window: 0
        time_remove_window: 0
        timing_PlanIn:
            total_PlanIn:0
            num_until_goal_expanded:0
            timing_expansions:
                total_S3Exp: 0
                time_top_o: 0
                time_check_in_c: 0
                time_add_parent: 0
                num_neighbors: 0
                time_add_neighbors_to_o: 0
    num_new_collisions: 3
    timing_PIOW_new_collisions:
        total_PIOW: 0.000426721
        num_windows: 6
        time_check_overlap: 3.89e-07
        num_overlapping_windows: 0
        time_merge_windows: 0
        time_remove_window: 0
        time_remove_window: 1.182e-06
        timing_PlanIn:
            total_PlanIn:0.000422016
            num_until_goal_expanded:67
            timing_expansions:
                total_S3Exp: 0.000416006
                time_top_o: 8.85e-06
                time_check_in_c: 1.202e-05
                time_add_parent: 1.7726e-05
                num_neighbors: 617
                time_add_neighbors_to_o: 0.000270612
    num_windows_should_quit: 0
    time_should_quit: 2.083e-06
    time_remove_window: 0
Complete!
