Total time: 0.0155971
is_optimal: true
optimality_bound: 1
successive_bounds: [1.00325, 1.00325, 1.00325, 1.00325, 1.00163, 1.00163, 1.00163, 1.00163, 1.00163, 1.00163, 1, 1]
successive_runtimes: [0.0030785, 0.00339404, 0.00370377, 0.00401834, 0.00444687, 0.00476712, 0.00508492, 0.00547386, 0.00580428, 0.00615511, 0.0155971]
num_agents: 20
time_individual_plan: 0.00218035
time_first_plan: 0.000366909
num_max_agents_in_window_first_iteration: 2
num_recWAMPF: 11
timing_recWAMPF:
    total_RecWAMPF: 0.0128836
    num_windows: 42
    num_max_agents_in_window: 2
    timing_gari:
        total_GARI: 0.011496
        time_path_btw_starts: 9.4262e-05
        Stage1:
            total_Stage1:0.000281918
            time_add_x_to_o: 0.00025181
            time_clear_x: 2.629e-05
            timing_AStarSearchUntil:
                total_astar_search_until:1.723e-06
                num_values_f_less_fmax:0
                ASU Exp:
                    total_ASUExp:7.89e-07
                    time_top_o:0
                    time_check_in_c:0
                    time_add_parent:0
                    num_neighbors:0
                    time_add_neighbors_to_o:0
        Stage2:
            total_Stage2:0.00969461
            num_len_path:51
            time_expanding_s:2.0036e-05
            timing_AStarSearchUntil:
                total_astar_search_until:0.00966467
                num_values_f_less_fmax:740
                ASU Exp:
                    total_ASUExp:0.00966381
                    time_top_o:0.000213099
                    time_check_in_c:0.000141881
                    time_add_parent:0.000199711
                    num_neighbors:18949
                    time_add_neighbors_to_o:0.00838618
        Stage3:
            total_Stage3:0.00141978
            num_until_goal_expanded:84
            timing_S3Exp:
                total_S3Exp: 0.000675657
                time_top_o: 1.4679e-05
                time_check_in_c: 9.709e-06
                time_add_parent: 1.6751e-05
                num_neighbors: 895
                time_add_neighbors_to_o: 0.000497461
    timing_PIOW_overlapping:
        total_PIOW: 2.672e-06
        num_windows: 40
        time_check_overlap: 1.415e-06
        num_overlapping_windows: 0
        time_merge_windows: 0
        time_remove_window: 0
        time_remove_window: 0
        timing_PlanIn:
            total_PlanIn:0
            num_until_goal_expanded:0
            timing_expansions:
                total_S3Exp: 0
                time_top_o: 0
                time_check_in_c: 0
                time_add_parent: 0
                num_neighbors: 0
                time_add_neighbors_to_o: 0
    num_new_collisions: 2
    timing_PIOW_new_collisions:
        total_PIOW: 0.000205974
        num_windows: 2
        time_check_overlap: 8.4e-08
        num_overlapping_windows: 0
        time_merge_windows: 0
        time_remove_window: 0
        time_remove_window: 7.89e-07
        timing_PlanIn:
            total_PlanIn:0.000202922
            num_until_goal_expanded:16
            timing_expansions:
                total_S3Exp: 0.000197765
                time_top_o: 2.964e-06
                time_check_in_c: 3.466e-06
                time_add_parent: 5.877e-06
                num_neighbors: 320
                time_add_neighbors_to_o: 0.000157384
    num_windows_should_quit: 0
    time_should_quit: 1.035e-06
    time_remove_window: 0
Complete!
