Total time: 0.166884
is_optimal: true
optimality_bound: 1
successive_bounds: [1.00421, 1.00365, 1.00365, 1.00308, 1.00308, 1.00308, 1.00252, 1.00252, 1.00252, 1.00196, 1.00196, 1.00196, 1.00196, 1.00196, 1.00196, 1.00196, 1.00196, 1.00196, 1.0014, 1.00028, 1.00028, 1, 1]
successive_runtimes: [0.0111881, 0.0144851, 0.0178873, 0.0215989, 0.0251975, 0.0290187, 0.0375455, 0.0448423, 0.0534328, 0.0622344, 0.0710697, 0.0808795, 0.0906705, 0.100127, 0.109839, 0.119699, 0.129673, 0.140364, 0.152431, 0.160966, 0.163854, 0.166884]
num_agents: 60
time_individual_plan: 0.00619444
time_first_plan: 0.00446518
num_max_agents_in_window_first_iteration: 2
num_recWAMPF: 22
timing_recWAMPF:
    total_RecWAMPF: 0.160157
    num_windows: 375
    num_max_agents_in_window: 3
    timing_gari:
        total_GARI: 0.129723
        time_path_btw_starts: 0.000790631
        Stage1:
            total_Stage1:0.0578624
            time_add_x_to_o: 0.0231594
            time_clear_x: 0.00378626
            timing_AStarSearchUntil:
                total_astar_search_until:0.0308966
                num_values_f_less_fmax:18554
                ASU Exp:
                    total_ASUExp:0.0308879
                    time_top_o:0.00514855
                    time_check_in_c:0.00297007
                    time_add_parent:0.00147921
                    num_neighbors:45595
                    time_add_neighbors_to_o:0.0163803
        Stage2:
            total_Stage2:0.0113213
            num_len_path:349
            time_expanding_s:0.000154444
            timing_AStarSearchUntil:
                total_astar_search_until:0.0110611
                num_values_f_less_fmax:861
                ASU Exp:
                    total_ASUExp:0.0110536
                    time_top_o:0.000239596
                    time_check_in_c:0.000175056
                    time_add_parent:0.000253668
                    num_neighbors:23201
                    time_add_neighbors_to_o:0.00943314
        Stage3:
            total_Stage3:0.0596945
            num_until_goal_expanded:9124
            timing_S3Exp:
                total_S3Exp: 0.0384843
                time_top_o: 0.0023847
                time_check_in_c: 0.00146098
                time_add_parent: 0.00273788
                num_neighbors: 55187
                time_add_neighbors_to_o: 0.0222303
    timing_PIOW_overlapping:
        total_PIOW: 0.00612115
        num_windows: 1623
        time_check_overlap: 5.3081e-05
        num_overlapping_windows: 2
        time_merge_windows: 2.929e-06
        time_remove_window: 4.57e-07
        time_remove_window: 2.822e-06
        timing_PlanIn:
            total_PlanIn:0.00602672
            num_until_goal_expanded:245
            timing_expansions:
                total_S3Exp: 0.00602278
                time_top_o: 5.4976e-05
                time_check_in_c: 4.1681e-05
                time_add_parent: 6.9541e-05
                num_neighbors: 7737
                time_add_neighbors_to_o: 0.00531128
    num_new_collisions: 9
    timing_PIOW_new_collisions:
        total_PIOW: 0.00133845
        num_windows: 72
        time_check_overlap: 1.968e-06
        num_overlapping_windows: 0
        time_merge_windows: 0
        time_remove_window: 0
        time_remove_window: 1.1038e-05
        timing_PlanIn:
            total_PlanIn:0.00131554
            num_until_goal_expanded:174
            timing_expansions:
                total_S3Exp: 0.00130104
                time_top_o: 2.1185e-05
                time_check_in_c: 3.2694e-05
                time_add_parent: 4.4183e-05
                num_neighbors: 1854
                time_add_neighbors_to_o: 0.000933476
    num_windows_should_quit: 0
    time_should_quit: 1.6918e-05
    time_remove_window: 0
Complete!
