Total time: 9.13802
is_optimal: false
optimality_bound: 1.00142
successive_bounds: [1.00355, 1.00213, 1.00213, 1.00177, 1.00177, 1.00142, 1.00142, 1.00142, 1.00142, 1.00142, 1.00142, 1.00142, 1.00142, 1.00142, 1.00142, 1.00142, 1.00142, 1.00142]
successive_runtimes: [0.0142924, 0.0242712, 0.0343409, 0.0504515, 0.0644881, 0.309989, 0.541949, 0.593763, 0.647062, 0.699641, 0.753871, 0.807683, 0.8582, 0.911151, 5.93493, 7.08576, 8.12969, 9.13802]
num_agents: 40
time_individual_plan: 0.0116763
time_first_plan: 0.00208051
num_max_agents_in_window_first_iteration: 2
num_recWAMPF: 18
timing_recWAMPF:
    total_RecWAMPF: 9.1258
    num_windows: 177
    num_max_agents_in_window: 5
    timing_gari:
        total_GARI: 3.9011
        time_path_btw_starts: 0.00547917
        Stage1:
            total_Stage1:0.316641
            time_add_x_to_o: 0.230141
            time_clear_x: 0.0473964
            timing_AStarSearchUntil:
                total_astar_search_until:0.0390891
                num_values_f_less_fmax:5084
                ASU Exp:
                    total_ASUExp:0.0390823
                    time_top_o:0.00194312
                    time_check_in_c:0.00122669
                    time_add_parent:0.000903073
                    num_neighbors:59207
                    time_add_neighbors_to_o:0.0229613
        Stage2:
            total_Stage2:0.0179786
            num_len_path:130
            time_expanding_s:0.00105882
            timing_AStarSearchUntil:
                total_astar_search_until:0.0168267
                num_values_f_less_fmax:500
                ASU Exp:
                    total_ASUExp:0.016823
                    time_top_o:0.00016978
                    time_check_in_c:0.000468701
                    time_add_parent:0.000189571
                    num_neighbors:26867
                    time_add_neighbors_to_o:0.0133983
        Stage3:
            total_Stage3:3.56094
            num_until_goal_expanded:3427
            timing_S3Exp:
                total_S3Exp: 0.211642
                time_top_o: 0.00145386
                time_check_in_c: 0.00116313
                time_add_parent: 0.00170989
                num_neighbors: 281833
                time_add_neighbors_to_o: 0.165628
    timing_PIOW_overlapping:
        total_PIOW: 0.00836419
        num_windows: 438
        time_check_overlap: 2.9114e-05
        num_overlapping_windows: 2
        time_merge_windows: 1.79e-06
        time_remove_window: 3.1e-07
        time_remove_window: 1.699e-06
        timing_PlanIn:
            total_PlanIn:0.00831907
            num_until_goal_expanded:133
            timing_expansions:
                total_S3Exp: 0.00831504
                time_top_o: 3.2063e-05
                time_check_in_c: 2.4479e-05
                time_add_parent: 3.6411e-05
                num_neighbors: 16915
                time_add_neighbors_to_o: 0.00760748
    num_new_collisions: 10
    timing_PIOW_new_collisions:
        total_PIOW: 5.20783
        num_windows: 74
        time_check_overlap: 4.255e-06
        num_overlapping_windows: 3
        time_merge_windows: 0
        time_remove_window: 1.08907
        time_remove_window: 2.986e-06
        timing_PlanIn:
            total_PlanIn:5.2078
            num_until_goal_expanded:4049
            timing_expansions:
                total_S3Exp: 5.20778
                time_top_o: 0.0045638
                time_check_in_c: 0.000943744
                time_add_parent: 0.00187354
                num_neighbors: 7106090
                time_add_neighbors_to_o: 5.01343
    num_windows_should_quit: 0
    time_should_quit: 1.3084e-05
    time_remove_window: 0
Complete!
