Total time: 0.0473956
is_optimal: true
optimality_bound: 1
successive_bounds: [1.00143, 1.00143, 1.00143, 1.00143, 1.00143, 1.00143, 1.00143, 1.00143, 1.00143, 1.00143, 1.00143, 1.00143, 1.00143, 1.00143, 1.00143, 1.00143, 1.00143, 1.00143, 1.00143, 1.00143, 1, 1]
successive_runtimes: [0.00616545, 0.00653044, 0.00690749, 0.00731113, 0.00786701, 0.00851481, 0.00899237, 0.00946604, 0.00994465, 0.0105103, 0.0115436, 0.0128738, 0.0157616, 0.0205102, 0.0252596, 0.0300804, 0.034841, 0.0389909, 0.042188, 0.0450289, 0.0473955]
num_agents: 20
time_individual_plan: 0.00534292
time_first_plan: 0.000284865
num_max_agents_in_window_first_iteration: 2
num_recWAMPF: 21
timing_recWAMPF:
    total_RecWAMPF: 0.0415119
    num_windows: 41
    num_max_agents_in_window: 2
    timing_gari:
        total_GARI: 0.0388759
        time_path_btw_starts: 8.2765e-05
        Stage1:
            total_Stage1:0.0265171
            time_add_x_to_o: 0.00789042
            time_clear_x: 0.00102501
            timing_AStarSearchUntil:
                total_astar_search_until:0.0175989
                num_values_f_less_fmax:3318
                ASU Exp:
                    total_ASUExp:0.0175979
                    time_top_o:0.00100224
                    time_check_in_c:0.00053058
                    time_add_parent:0.0006058
                    num_neighbors:37540
                    time_add_neighbors_to_o:0.0133969
        Stage2:
            total_Stage2:0.00500719
            num_len_path:44
            time_expanding_s:1.6446e-05
            timing_AStarSearchUntil:
                total_astar_search_until:0.00497857
                num_values_f_less_fmax:422
                ASU Exp:
                    total_ASUExp:0.00497763
                    time_top_o:0.000111094
                    time_check_in_c:9.6182e-05
                    time_add_parent:0.000120216
                    num_neighbors:10045
                    time_add_neighbors_to_o:0.00422419
        Stage3:
            total_Stage3:0.00726233
            num_until_goal_expanded:495
            timing_S3Exp:
                total_S3Exp: 0.00241044
                time_top_o: 0.00012087
                time_check_in_c: 7.0325e-05
                time_add_parent: 0.000146197
                num_neighbors: 4678
                time_add_neighbors_to_o: 0.00154902
    timing_PIOW_overlapping:
        total_PIOW: 5.08e-07
        num_windows: 20
        time_check_overlap: 0
        num_overlapping_windows: 0
        time_merge_windows: 0
        time_remove_window: 0
        time_remove_window: 0
        timing_PlanIn:
            total_PlanIn:0
            num_until_goal_expanded:0
            timing_expansions:
                total_S3Exp: 0
                time_top_o: 0
                time_check_in_c: 0
                time_add_parent: 0
                num_neighbors: 0
                time_add_neighbors_to_o: 0
    num_new_collisions: 1
    timing_PIOW_new_collisions:
        total_PIOW: 0.00014476
        num_windows: 0
        time_check_overlap: 0
        num_overlapping_windows: 0
        time_merge_windows: 0
        time_remove_window: 0
        time_remove_window: 3.44e-07
        timing_PlanIn:
            total_PlanIn:0.000143217
            num_until_goal_expanded:15
            timing_expansions:
                total_S3Exp: 0.000138451
                time_top_o: 2.494e-06
                time_check_in_c: 3.152e-06
                time_add_parent: 4.817e-06
                num_neighbors: 172
                time_add_neighbors_to_o: 7.7056e-05
    num_windows_should_quit: 0
    time_should_quit: 1.127e-06
    time_remove_window: 0
Complete!
