Total time: 0.0396325
is_optimal: true
optimality_bound: 1
successive_bounds: [1.00364, 1.00312, 1.00312, 1.00312, 1.00312, 1.00312, 1.00312, 1.00312, 1.00312, 1.00312, 1.00312, 1.00208, 1.00208, 1.00208, 1.00208, 1.00208, 1.00208, 1.00208, 1.00208, 1.00208, 1.00104, 1.00104, 1.00104, 1.00104, 1.00104, 1.00104, 1, 1]
successive_runtimes: [0.00558157, 0.0064252, 0.00719992, 0.00799494, 0.0088458, 0.00977096, 0.0112989, 0.0122977, 0.0133931, 0.0144483, 0.0158275, 0.0173087, 0.0185894, 0.0200319, 0.0213316, 0.0225466, 0.0238363, 0.0252097, 0.0266148, 0.0278855, 0.0309196, 0.0323567, 0.0336738, 0.0350101, 0.0365267, 0.037979, 0.0396325]
num_agents: 30
time_individual_plan: 0.00416134
time_first_plan: 0.000891932
num_max_agents_in_window_first_iteration: 2
num_recWAMPF: 27
timing_recWAMPF:
    total_RecWAMPF: 0.0349389
    num_windows: 212
    num_max_agents_in_window: 2
    timing_gari:
        total_GARI: 0.0271864
        time_path_btw_starts: 0.000460185
        Stage1:
            total_Stage1:0.00926507
            time_add_x_to_o: 0.00375719
            time_clear_x: 0.00043273
            timing_AStarSearchUntil:
                total_astar_search_until:0.00506436
                num_values_f_less_fmax:875
                ASU Exp:
                    total_ASUExp:0.00505933
                    time_top_o:0.000212932
                    time_check_in_c:0.000172097
                    time_add_parent:0.000140195
                    num_neighbors:10770
                    time_add_neighbors_to_o:0.00392604
        Stage2:
            total_Stage2:0.00521041
            num_len_path:210
            time_expanding_s:8.6579e-05
            timing_AStarSearchUntil:
                total_astar_search_until:0.0050728
                num_values_f_less_fmax:435
                ASU Exp:
                    total_ASUExp:0.00506816
                    time_top_o:0.000106636
                    time_check_in_c:8.2103e-05
                    time_add_parent:0.000147159
                    num_neighbors:11092
                    time_add_neighbors_to_o:0.0042525
        Stage3:
            total_Stage3:0.0122223
            num_until_goal_expanded:574
            timing_S3Exp:
                total_S3Exp: 0.004596
                time_top_o: 0.000113743
                time_check_in_c: 7.3093e-05
                time_add_parent: 0.00014273
                num_neighbors: 7037
                time_add_neighbors_to_o: 0.0032181
    timing_PIOW_overlapping:
        total_PIOW: 2.4143e-05
        num_windows: 416
        time_check_overlap: 1.3567e-05
        num_overlapping_windows: 0
        time_merge_windows: 0
        time_remove_window: 0
        time_remove_window: 0
        timing_PlanIn:
            total_PlanIn:0
            num_until_goal_expanded:0
            timing_expansions:
                total_S3Exp: 0
                time_top_o: 0
                time_check_in_c: 0
                time_add_parent: 0
                num_neighbors: 0
                time_add_neighbors_to_o: 0
    num_new_collisions: 4
    timing_PIOW_new_collisions:
        total_PIOW: 0.00037378
        num_windows: 12
        time_check_overlap: 3.93e-07
        num_overlapping_windows: 0
        time_merge_windows: 0
        time_remove_window: 0
        time_remove_window: 1.191e-06
        timing_PlanIn:
            total_PlanIn:0.000368367
            num_until_goal_expanded:39
            timing_expansions:
                total_S3Exp: 0.000359584
                time_top_o: 5.82e-06
                time_check_in_c: 6.908e-06
                time_add_parent: 1.106e-05
                num_neighbors: 593
                time_add_neighbors_to_o: 0.000262625
    num_windows_should_quit: 0
    time_should_quit: 5.84e-06
    time_remove_window: 0
Complete!
