Total time: 0.0346093
is_optimal: true
optimality_bound: 1
successive_bounds: [1.00396, 1.00308, 1.00308, 1.00308, 1.00308, 1.00308, 1.00308, 1.00308, 1.0022, 1.00088, 1, 1]
successive_runtimes: [0.00577446, 0.00734432, 0.00875647, 0.0102225, 0.011745, 0.0132714, 0.0148868, 0.0164376, 0.0231025, 0.0320497, 0.0346093]
num_agents: 30
time_individual_plan: 0.00384678
time_first_plan: 0.00140434
num_max_agents_in_window_first_iteration: 2
num_recWAMPF: 11
timing_recWAMPF:
    total_RecWAMPF: 0.0302371
    num_windows: 105
    num_max_agents_in_window: 3
    timing_gari:
        total_GARI: 0.0226013
        time_path_btw_starts: 0.000338918
        Stage1:
            total_Stage1:0.00695576
            time_add_x_to_o: 0.00384629
            time_clear_x: 0.000531692
            timing_AStarSearchUntil:
                total_astar_search_until:0.00257263
                num_values_f_less_fmax:2119
                ASU Exp:
                    total_ASUExp:0.00257032
                    time_top_o:0.00043981
                    time_check_in_c:0.000235073
                    time_add_parent:0.000154713
                    num_neighbors:2945
                    time_add_neighbors_to_o:0.00117445
        Stage2:
            total_Stage2:0.00863021
            num_len_path:119
            time_expanding_s:5.6565e-05
            timing_AStarSearchUntil:
                total_astar_search_until:0.00854797
                num_values_f_less_fmax:680
                ASU Exp:
                    total_ASUExp:0.00854594
                    time_top_o:0.000172061
                    time_check_in_c:0.000137754
                    time_add_parent:0.00018091
                    num_neighbors:17182
                    time_add_neighbors_to_o:0.00735902
        Stage3:
            total_Stage3:0.00666266
            num_until_goal_expanded:1027
            timing_S3Exp:
                total_S3Exp: 0.00434832
                time_top_o: 0.000232376
                time_check_in_c: 0.000143864
                time_add_parent: 0.000302559
                num_neighbors: 7163
                time_add_neighbors_to_o: 0.00273247
    timing_PIOW_overlapping:
        total_PIOW: 1.4024e-05
        num_windows: 250
        time_check_overlap: 7.841e-06
        num_overlapping_windows: 0
        time_merge_windows: 0
        time_remove_window: 0
        time_remove_window: 0
        timing_PlanIn:
            total_PlanIn:0
            num_until_goal_expanded:0
            timing_expansions:
                total_S3Exp: 0
                time_top_o: 0
                time_check_in_c: 0
                time_add_parent: 0
                num_neighbors: 0
                time_add_neighbors_to_o: 0
    num_new_collisions: 6
    timing_PIOW_new_collisions:
        total_PIOW: 0.00445735
        num_windows: 29
        time_check_overlap: 1.146e-06
        num_overlapping_windows: 1
        time_merge_windows: 0
        time_remove_window: 0.028477
        time_remove_window: 4.193e-06
        timing_PlanIn:
            total_PlanIn:0.00444485
            num_until_goal_expanded:138
            timing_expansions:
                total_S3Exp: 0.00443355
                time_top_o: 2.3936e-05
                time_check_in_c: 2.5984e-05
                time_add_parent: 3.6169e-05
                num_neighbors: 6965
                time_add_neighbors_to_o: 0.00399066
    num_windows_should_quit: 0
    time_should_quit: 3.466e-06
    time_remove_window: 0
Complete!
