Total time: 8.45582
is_optimal: false
optimality_bound: 1.00216
successive_bounds: [1.00378, 1.00324, 1.0027, 1.0027, 1.0027, 1.00216, 1.00216, 1.00216, 1.00216, 1.00216, 1.00216, 1.00216, 1.00216]
successive_runtimes: [0.00775997, 0.00849095, 0.0117384, 0.0174581, 0.0225212, 0.110702, 0.270289, 0.520572, 0.821498, 1.15395, 1.63949, 2.60118, 8.45582]
num_agents: 30
time_individual_plan: 0.00626181
time_first_plan: 0.000965229
num_max_agents_in_window_first_iteration: 2
num_recWAMPF: 13
timing_recWAMPF:
    total_RecWAMPF: 8.44902
    num_windows: 92
    num_max_agents_in_window: 5
    timing_gari:
        total_GARI: 4.39547
        time_path_btw_starts: 0.00305163
        Stage1:
            total_Stage1:2.72054
            time_add_x_to_o: 0.732587
            time_clear_x: 0.330207
            timing_AStarSearchUntil:
                total_astar_search_until:1.65773
                num_values_f_less_fmax:17781
                ASU Exp:
                    total_ASUExp:1.65773
                    time_top_o:0.023362
                    time_check_in_c:0.00602324
                    time_add_parent:0.00496037
                    num_neighbors:3678121
                    time_add_neighbors_to_o:1.60208
        Stage2:
            total_Stage2:0.375452
            num_len_path:99
            time_expanding_s:8.3643e-05
            timing_AStarSearchUntil:
                total_astar_search_until:0.375324
                num_values_f_less_fmax:1852
                ASU Exp:
                    total_ASUExp:0.375322
                    time_top_o:0.00167109
                    time_check_in_c:0.000472459
                    time_add_parent:0.00100916
                    num_neighbors:729115
                    time_add_neighbors_to_o:0.368794
        Stage3:
            total_Stage3:1.29641
            num_until_goal_expanded:14055
            timing_S3Exp:
                total_S3Exp: 0.676537
                time_top_o: 0.0136794
                time_check_in_c: 0.00353919
                time_add_parent: 0.00653114
                num_neighbors: 1366012
                time_add_neighbors_to_o: 0.633169
    timing_PIOW_overlapping:
        total_PIOW: 0.0868449
        num_windows: 181
        time_check_overlap: 1.0099e-05
        num_overlapping_windows: 3
        time_merge_windows: 3.29e-06
        time_remove_window: 7.22e-07
        time_remove_window: 3.141e-06
        timing_PlanIn:
            total_PlanIn:0.0868199
            num_until_goal_expanded:544
            timing_expansions:
                total_S3Exp: 0.0868136
                time_top_o: 0.000234426
                time_check_in_c: 0.00011829
                time_add_parent: 0.00018009
                num_neighbors: 169422
                time_add_neighbors_to_o: 0.0810479
    num_new_collisions: 7
    timing_PIOW_new_collisions:
        total_PIOW: 3.96378
        num_windows: 35
        time_check_overlap: 1.468e-06
        num_overlapping_windows: 1
        time_merge_windows: 0
        time_remove_window: 4.4933
        time_remove_window: 2.033e-06
        timing_PlanIn:
            total_PlanIn:3.96376
            num_until_goal_expanded:7897
            timing_expansions:
                total_S3Exp: 3.96375
                time_top_o: 0.0113161
                time_check_in_c: 0.00207667
                time_add_parent: 0.00448478
                num_neighbors: 6729735
                time_add_neighbors_to_o: 3.75809
    num_windows_should_quit: 0
    time_should_quit: 3.607e-06
    time_remove_window: 0
Complete!
