Total time: 0.0102601
is_optimal: true
optimality_bound: 1
successive_bounds: [1.00166, 1.00166, 1.00166, 1.00166, 1.00166, 1.00166, 1.00166, 1, 1]
successive_runtimes: [0.00483696, 0.00515608, 0.00548547, 0.00584396, 0.00628887, 0.00696749, 0.00802644, 0.0102601]
num_agents: 20
time_individual_plan: 0.00400131
time_first_plan: 0.000247236
num_max_agents_in_window_first_iteration: 2
num_recWAMPF: 8
timing_recWAMPF:
    total_RecWAMPF: 0.00566904
    num_windows: 15
    num_max_agents_in_window: 2
    timing_gari:
        total_GARI: 0.00459011
        time_path_btw_starts: 2.911e-05
        Stage1:
            total_Stage1:0.00285902
            time_add_x_to_o: 0.000560778
            time_clear_x: 8.6256e-05
            timing_AStarSearchUntil:
                total_astar_search_until:0.00221108
                num_values_f_less_fmax:477
                ASU Exp:
                    total_ASUExp:0.00221072
                    time_top_o:0.000112439
                    time_check_in_c:6.9998e-05
                    time_add_parent:7.1345e-05
                    num_neighbors:4097
                    time_add_neighbors_to_o:0.00162285
        Stage2:
            total_Stage2:0.000481317
            num_len_path:15
            time_expanding_s:4.866e-06
            timing_AStarSearchUntil:
                total_astar_search_until:0.000472333
                num_values_f_less_fmax:37
                ASU Exp:
                    total_ASUExp:0.000472021
                    time_top_o:8.409e-06
                    time_check_in_c:6.245e-06
                    time_add_parent:8.36e-06
                    num_neighbors:1043
                    time_add_neighbors_to_o:0.00041384
        Stage3:
            total_Stage3:0.00121833
            num_until_goal_expanded:209
            timing_S3Exp:
                total_S3Exp: 0.000895387
                time_top_o: 4.1713e-05
                time_check_in_c: 3.1201e-05
                time_add_parent: 5.8508e-05
                num_neighbors: 1698
                time_add_neighbors_to_o: 0.000579583
    timing_PIOW_overlapping:
        total_PIOW: 1.88e-07
        num_windows: 7
        time_check_overlap: 0
        num_overlapping_windows: 0
        time_merge_windows: 0
        time_remove_window: 0
        time_remove_window: 0
        timing_PlanIn:
            total_PlanIn:0
            num_until_goal_expanded:0
            timing_expansions:
                total_S3Exp: 0
                time_top_o: 0
                time_check_in_c: 0
                time_add_parent: 0
                num_neighbors: 0
                time_add_neighbors_to_o: 0
    num_new_collisions: 1
    timing_PIOW_new_collisions:
        total_PIOW: 0.000107543
        num_windows: 0
        time_check_overlap: 0
        num_overlapping_windows: 0
        time_merge_windows: 0
        time_remove_window: 0
        time_remove_window: 3.51e-07
        timing_PlanIn:
            total_PlanIn:0.000106096
            num_until_goal_expanded:15
            timing_expansions:
                total_S3Exp: 0.000103055
                time_top_o: 2.251e-06
                time_check_in_c: 3.549e-06
                time_add_parent: 5.099e-06
                num_neighbors: 133
                time_add_neighbors_to_o: 6.3981e-05
    num_windows_should_quit: 0
    time_should_quit: 4e-07
    time_remove_window: 0
Complete!
