Total time: 8.52929
is_optimal: false
optimality_bound: 1.00192
successive_bounds: [1.01371, 1.00576, 1.00576, 1.00466, 1.00356, 1.00384, 1.00384, 1.00356, 1.00247, 1.00192, 1.00192, 1.00192, 1.00192, 1.00192, 1.00192, 1.00192]
successive_runtimes: [0.0222446, 0.0401953, 0.0510061, 0.0564551, 0.0620267, 0.069303, 0.0767201, 0.0916356, 1.49151, 2.52963, 4.44022, 4.85586, 5.39654, 6.21798, 7.2888, 8.52929]
num_agents: 50
time_individual_plan: 0.0132184
time_first_plan: 0.00849697
num_max_agents_in_window_first_iteration: 2
num_recWAMPF: 16
timing_recWAMPF:
    total_RecWAMPF: 8.51554
    num_windows: 389
    num_max_agents_in_window: 5
    timing_gari:
        total_GARI: 5.19842
        time_path_btw_starts: 0.00176038
        Stage1:
            total_Stage1:3.95281
            time_add_x_to_o: 1.46152
            time_clear_x: 0.596574
            timing_AStarSearchUntil:
                total_astar_search_until:1.89469
                num_values_f_less_fmax:16519
                ASU Exp:
                    total_ASUExp:1.89468
                    time_top_o:0.0229565
                    time_check_in_c:0.0392673
                    time_add_parent:0.00607443
                    num_neighbors:3551864
                    time_add_neighbors_to_o:1.80149
        Stage2:
            total_Stage2:0.203825
            num_len_path:363
            time_expanding_s:0.00787569
            timing_AStarSearchUntil:
                total_astar_search_until:0.195812
                num_values_f_less_fmax:1352
                ASU Exp:
                    total_ASUExp:0.195804
                    time_top_o:0.000392023
                    time_check_in_c:0.149007
                    time_add_parent:0.00234245
                    num_neighbors:62981
                    time_add_neighbors_to_o:0.0362283
        Stage3:
            total_Stage3:1.03865
            num_until_goal_expanded:3703
            timing_S3Exp:
                total_S3Exp: 0.0564245
                time_top_o: 0.00100753
                time_check_in_c: 0.000566064
                time_add_parent: 0.00103117
                num_neighbors: 87184
                time_add_neighbors_to_o: 0.0494968
    timing_PIOW_overlapping:
        total_PIOW: 1.90491
        num_windows: 2916
        time_check_overlap: 9.2437e-05
        num_overlapping_windows: 12
        time_merge_windows: 1.7509e-05
        time_remove_window: 3.619e-06
        time_remove_window: 1.6915e-05
        timing_PlanIn:
            total_PlanIn:1.90472
            num_until_goal_expanded:3542
            timing_expansions:
                total_S3Exp: 1.90469
                time_top_o: 0.00207849
                time_check_in_c: 0.000719535
                time_add_parent: 0.00126188
                num_neighbors: 2939687
                time_add_neighbors_to_o: 1.82112
    num_new_collisions: 23
    timing_PIOW_new_collisions:
        total_PIOW: 1.39499
        num_windows: 538
        time_check_overlap: 1.6114e-05
        num_overlapping_windows: 5
        time_merge_windows: 0
        time_remove_window: 0.68262
        time_remove_window: 1.2117e-05
        timing_PlanIn:
            total_PlanIn:1.39492
            num_until_goal_expanded:2142
            timing_expansions:
                total_S3Exp: 1.39488
                time_top_o: 0.00134075
                time_check_in_c: 0.00046385
                time_add_parent: 0.000775389
                num_neighbors: 2040781
                time_add_neighbors_to_o: 1.33723
    num_windows_should_quit: 0
    time_should_quit: 2.2905e-05
    time_remove_window: 0
Complete!
