Total time: 5.4741
is_optimal: true
optimality_bound: 1
successive_bounds: [1.00082, 1.00082, 1.00082, 1.00082, 1.00082, 1.00082, 1.00082, 1.00082, 1.00082, 1.00082, 1.00082, 1.00082, 1.00082, 1.00082, 1.00082, 1.00082, 1.00082, 1.00082, 1.00082, 1.00082, 1.00082, 1.00082, 1.00082, 1.00082, 1.00082, 1.00082, 1.00082, 1.00082, 1.00082, 1.00082, 1.00082, 1.00082, 1.00082, 1.00082, 1.00082, 1.00082, 1.00082, 1, 1]
successive_runtimes: [0.00526662, 0.00572839, 0.00651499, 0.00729492, 0.00817588, 0.00900743, 0.0101215, 0.0117186, 0.0132715, 0.0202428, 0.0296864, 0.060535, 0.105228, 0.168606, 0.20817, 0.354995, 0.438106, 0.598482, 0.706844, 0.834746, 1.11398, 1.27685, 1.4283, 1.58706, 1.74313, 1.893, 2.03189, 2.39271, 2.7842, 2.99652, 3.20165, 3.43074, 3.90588, 4.16416, 4.42022, 4.67597, 4.93287, 5.4741]
num_agents: 20
time_individual_plan: 0.00422276
time_first_plan: 0.00045674
num_max_agents_in_window_first_iteration: 3
num_recWAMPF: 38
timing_recWAMPF:
    total_RecWAMPF: 5.46928
    num_windows: 75
    num_max_agents_in_window: 4
    timing_gari:
        total_GARI: 5.21615
        time_path_btw_starts: 0.000245278
        Stage1:
            total_Stage1:0.539632
            time_add_x_to_o: 0.1698
            time_clear_x: 0.0297039
            timing_AStarSearchUntil:
                total_astar_search_until:0.34012
                num_values_f_less_fmax:9161
                ASU Exp:
                    total_ASUExp:0.340115
                    time_top_o:0.00730865
                    time_check_in_c:0.00245461
                    time_add_parent:0.00329237
                    num_neighbors:665695
                    time_add_neighbors_to_o:0.314675
        Stage2:
            total_Stage2:0.178164
            num_len_path:72
            time_expanding_s:4.0885e-05
            timing_AStarSearchUntil:
                total_astar_search_until:0.178081
                num_values_f_less_fmax:3004
                ASU Exp:
                    total_ASUExp:0.178079
                    time_top_o:0.00153097
                    time_check_in_c:0.000552042
                    time_add_parent:0.00137406
                    num_neighbors:309501
                    time_add_neighbors_to_o:0.170107
        Stage3:
            total_Stage3:4.49808
            num_until_goal_expanded:14451
            timing_S3Exp:
                total_S3Exp: 0.863761
                time_top_o: 0.0166992
                time_check_in_c: 0.00342283
                time_add_parent: 0.00734668
                num_neighbors: 1367424
                time_add_neighbors_to_o: 0.811572
    timing_PIOW_overlapping:
        total_PIOW: 1.606e-06
        num_windows: 37
        time_check_overlap: 0
        num_overlapping_windows: 0
        time_merge_windows: 0
        time_remove_window: 0
        time_remove_window: 0
        timing_PlanIn:
            total_PlanIn:0
            num_until_goal_expanded:0
            timing_expansions:
                total_S3Exp: 0
                time_top_o: 0
                time_check_in_c: 0
                time_add_parent: 0
                num_neighbors: 0
                time_add_neighbors_to_o: 0
    num_new_collisions: 3
    timing_PIOW_new_collisions:
        total_PIOW: 0.248667
        num_windows: 2
        time_check_overlap: 2.97e-07
        num_overlapping_windows: 2
        time_merge_windows: 0
        time_remove_window: 5.23506
        time_remove_window: 1.076e-06
        timing_PlanIn:
            total_PlanIn:0.248657
            num_until_goal_expanded:3008
            timing_expansions:
                total_S3Exp: 0.248648
                time_top_o: 0.00146133
                time_check_in_c: 0.000728961
                time_add_parent: 0.00111912
                num_neighbors: 389010
                time_add_neighbors_to_o: 0.229716
    num_windows_should_quit: 0
    time_should_quit: 4.877e-06
    time_remove_window: 0
Complete!
