Total time: 0.280471
is_optimal: true
optimality_bound: 1
successive_bounds: [1.00363, 1.00207, 1.00207, 1.00207, 1.00207, 1.00207, 1.00207, 1.00207, 1.00207, 1.00207, 1.00207, 1.00207, 1.00207, 1.00207, 1.00207, 1.00207, 1.00207, 1.00207, 1.00207, 1.00207, 1.00207, 1.00207, 1.00207, 1.00207, 1.00207, 1.00207, 1.00104, 1.00104, 1.00104, 1.00104, 1.00104, 1.00104, 1, 1]
successive_runtimes: [0.00681489, 0.00810545, 0.00884882, 0.00943177, 0.0100397, 0.0106054, 0.0113065, 0.0118564, 0.0124349, 0.0136425, 0.0146118, 0.0155331, 0.0169267, 0.0177329, 0.0186259, 0.019428, 0.020178, 0.0223538, 0.0236814, 0.0249508, 0.0306141, 0.0318761, 0.0337304, 0.0360072, 0.0776728, 0.105925, 0.130979, 0.145711, 0.153986, 0.162085, 0.169567, 0.180936, 0.280471]
num_agents: 30
time_individual_plan: 0.00542983
time_first_plan: 0.000857944
num_max_agents_in_window_first_iteration: 2
num_recWAMPF: 33
timing_recWAMPF:
    total_RecWAMPF: 0.274508
    num_windows: 130
    num_max_agents_in_window: 2
    timing_gari:
        total_GARI: 0.232691
        time_path_btw_starts: 0.000429946
        Stage1:
            total_Stage1:0.0295745
            time_add_x_to_o: 0.01288
            time_clear_x: 0.00153559
            timing_AStarSearchUntil:
                total_astar_search_until:0.0151507
                num_values_f_less_fmax:2138
                ASU Exp:
                    total_ASUExp:0.0151474
                    time_top_o:0.00078938
                    time_check_in_c:0.000413145
                    time_add_parent:0.000456301
                    num_neighbors:32193
                    time_add_neighbors_to_o:0.0118822
        Stage2:
            total_Stage2:0.130618
            num_len_path:178
            time_expanding_s:0.00019116
            timing_AStarSearchUntil:
                total_astar_search_until:0.0703812
                num_values_f_less_fmax:11296
                ASU Exp:
                    total_ASUExp:0.0703786
                    time_top_o:0.00411481
                    time_check_in_c:0.00237479
                    time_add_parent:0.00364584
                    num_neighbors:254222
                    time_add_neighbors_to_o:0.108999
        Stage3:
            total_Stage3:0.0720452
            num_until_goal_expanded:1394
            timing_S3Exp:
                total_S3Exp: 0.0121752
                time_top_o: 0.000368376
                time_check_in_c: 0.000228573
                time_add_parent: 0.000401024
                num_neighbors: 18809
                time_add_neighbors_to_o: 0.00780425
    timing_PIOW_overlapping:
        total_PIOW: 1.0004e-05
        num_windows: 128
        time_check_overlap: 5.401e-06
        num_overlapping_windows: 0
        time_merge_windows: 0
        time_remove_window: 0
        time_remove_window: 0
        timing_PlanIn:
            total_PlanIn:0
            num_until_goal_expanded:0
            timing_expansions:
                total_S3Exp: 0
                time_top_o: 0
                time_check_in_c: 0
                time_add_parent: 0
                num_neighbors: 0
                time_add_neighbors_to_o: 0
    num_new_collisions: 2
    timing_PIOW_new_collisions:
        total_PIOW: 0.000361548
        num_windows: 2
        time_check_overlap: 9.5e-08
        num_overlapping_windows: 0
        time_merge_windows: 0
        time_remove_window: 0
        time_remove_window: 5.87e-07
        timing_PlanIn:
            total_PlanIn:0.000358866
            num_until_goal_expanded:33
            timing_expansions:
                total_S3Exp: 0.000354077
                time_top_o: 5.29e-06
                time_check_in_c: 6.806e-06
                time_add_parent: 9.537e-06
                num_neighbors: 606
                time_add_neighbors_to_o: 0.000250865
    num_windows_should_quit: 0
    time_should_quit: 4.368e-06
    time_remove_window: 0
Complete!
