Total time: 9.57643
is_optimal: false
optimality_bound: 1.00516
successive_bounds: [1.00548, 1.00548, 1.00548, 1.00548, 1.00548, 1.00548, 1.00516, 1.00516, 1.00516, 1.00516]
successive_runtimes: [0.0357468, 0.0552977, 2.83452, 4.02319, 4.99671, 5.9522, 6.80359, 7.68874, 8.6266, 9.57643]
num_agents: 50
time_individual_plan: 0.00531993
time_first_plan: 0.0298948
num_max_agents_in_window_first_iteration: 3
num_recWAMPF: 10
timing_recWAMPF:
    total_RecWAMPF: 9.57058
    num_windows: 148
    num_max_agents_in_window: 4
    timing_gari:
        total_GARI: 6.76405
        time_path_btw_starts: 0.00167118
        Stage1:
            total_Stage1:3.18582
            time_add_x_to_o: 1.19202
            time_clear_x: 0.43083
            timing_AStarSearchUntil:
                total_astar_search_until:1.56296
                num_values_f_less_fmax:11385
                ASU Exp:
                    total_ASUExp:1.56296
                    time_top_o:0.0161174
                    time_check_in_c:0.0215335
                    time_add_parent:0.00461348
                    num_neighbors:2284328
                    time_add_neighbors_to_o:1.50473
        Stage2:
            total_Stage2:0.0233411
            num_len_path:122
            time_expanding_s:7.3633e-05
            timing_AStarSearchUntil:
                total_astar_search_until:0.0231973
                num_values_f_less_fmax:179
                ASU Exp:
                    total_ASUExp:0.0231941
                    time_top_o:9.6227e-05
                    time_check_in_c:5.0766e-05
                    time_add_parent:7.2561e-05
                    num_neighbors:42635
                    time_add_neighbors_to_o:0.0203664
        Stage3:
            total_Stage3:3.55291
            num_until_goal_expanded:2651
            timing_S3Exp:
                total_S3Exp: 0.472082
                time_top_o: 0.00260949
                time_check_in_c: 0.000578711
                time_add_parent: 0.00185218
                num_neighbors: 695870
                time_add_neighbors_to_o: 0.46071
    timing_PIOW_overlapping:
        total_PIOW: 2.77079
        num_windows: 587
        time_check_overlap: 2.7385e-05
        num_overlapping_windows: 4
        time_merge_windows: 1.0338e-05
        time_remove_window: 1.263e-06
        time_remove_window: 1.0146e-05
        timing_PlanIn:
            total_PlanIn:2.77073
            num_until_goal_expanded:6886
            timing_expansions:
                total_S3Exp: 2.77072
                time_top_o: 0.00956346
                time_check_in_c: 0.00212549
                time_add_parent: 0.00399867
                num_neighbors: 4467713
                time_add_neighbors_to_o: 2.62976
    num_new_collisions: 14
    timing_PIOW_new_collisions:
        total_PIOW: 0.0272523
        num_windows: 159
        time_check_overlap: 5.035e-06
        num_overlapping_windows: 3
        time_merge_windows: 0
        time_remove_window: 0.0709857
        time_remove_window: 4.617e-06
        timing_PlanIn:
            total_PlanIn:0.0272222
            num_until_goal_expanded:583
            timing_expansions:
                total_S3Exp: 0.0271745
                time_top_o: 0.000176475
                time_check_in_c: 9.9602e-05
                time_add_parent: 0.00016183
                num_neighbors: 50063
                time_add_neighbors_to_o: 0.0246858
    num_windows_should_quit: 0
    time_should_quit: 1.2545e-05
    time_remove_window: 0
Complete!
