Total time: 8.94783
is_optimal: false
optimality_bound: 1.00112
successive_bounds: [1.00412, 1.00337, 1.00337, 1.00337, 1.00337, 1.00225, 1.00225, 1.0015, 1.0015, 1.0015, 1.0015, 1.0015, 1.0015, 1.0015, 1.0015, 1.00112]
successive_runtimes: [0.0139122, 0.0163766, 0.0189187, 0.02253, 0.0263199, 0.076367, 0.0931287, 0.100349, 0.112485, 0.13023, 0.141691, 0.152792, 0.16571, 0.176906, 0.188476, 8.94783]
num_agents: 40
time_individual_plan: 0.010138
time_first_plan: 0.00324448
num_max_agents_in_window_first_iteration: 2
num_recWAMPF: 16
timing_recWAMPF:
    total_RecWAMPF: 8.93716
    num_windows: 268
    num_max_agents_in_window: 4
    timing_gari:
        total_GARI: 0.127647
        time_path_btw_starts: 0.00132258
        Stage1:
            total_Stage1:0.0316884
            time_add_x_to_o: 0.0252644
            time_clear_x: 0.00338022
            timing_AStarSearchUntil:
                total_astar_search_until:0.00302812
                num_values_f_less_fmax:1411
                ASU Exp:
                    total_ASUExp:0.00302082
                    time_top_o:0.000315634
                    time_check_in_c:0.000247486
                    time_add_parent:0.000154461
                    num_neighbors:4720
                    time_add_neighbors_to_o:0.0017223
        Stage2:
            total_Stage2:0.0104137
            num_len_path:252
            time_expanding_s:0.000305646
            timing_AStarSearchUntil:
                total_astar_search_until:0.0100152
                num_values_f_less_fmax:608
                ASU Exp:
                    total_ASUExp:0.0100097
                    time_top_o:0.000196038
                    time_check_in_c:0.000125728
                    time_add_parent:0.000193265
                    num_neighbors:20701
                    time_add_neighbors_to_o:0.00852289
        Stage3:
            total_Stage3:0.0827607
            num_until_goal_expanded:2178
            timing_S3Exp:
                total_S3Exp: 0.0321519
                time_top_o: 0.00054791
                time_check_in_c: 0.000300658
                time_add_parent: 0.000570706
                num_neighbors: 53873
                time_add_neighbors_to_o: 0.0277799
    timing_PIOW_overlapping:
        total_PIOW: 8.79975
        num_windows: 1259
        time_check_overlap: 4.5503e-05
        num_overlapping_windows: 6
        time_merge_windows: 9.938e-06
        time_remove_window: 1.73e-06
        time_remove_window: 9.359e-06
        timing_PlanIn:
            total_PlanIn:8.79965
            num_until_goal_expanded:27910
            timing_expansions:
                total_S3Exp: 8.79963
                time_top_o: 0.0247515
                time_check_in_c: 0.00898634
                time_add_parent: 0.0182514
                num_neighbors: 12507343
                time_add_neighbors_to_o: 8.38112
    num_new_collisions: 13
    timing_PIOW_new_collisions:
        total_PIOW: 0.00230232
        num_windows: 147
        time_check_overlap: 4.003e-06
        num_overlapping_windows: 1
        time_merge_windows: 0
        time_remove_window: 0.101571
        time_remove_window: 3.501e-06
        timing_PlanIn:
            total_PlanIn:0.00227984
            num_until_goal_expanded:221
            timing_expansions:
                total_S3Exp: 0.00225884
                time_top_o: 2.655e-05
                time_check_in_c: 3.691e-05
                time_add_parent: 7.9505e-05
                num_neighbors: 3389
                time_add_neighbors_to_o: 0.00175119
    num_windows_should_quit: 0
    time_should_quit: 1.5856e-05
    time_remove_window: 0
Complete!
