Total time: 1.07921
is_optimal: true
optimality_bound: 1
successive_bounds: [1.00444, 1.00444, 1.00389, 1.00278, 1.00167, 1.00167, 1.00167, 1.00167, 1.00167, 1.00167, 1.00167, 1.00111, 1.00111, 1.00111, 1.00056, 1.00056, 1, 1]
successive_runtimes: [0.0138593, 0.0161173, 0.0264355, 0.0389822, 0.0501937, 0.0583863, 0.0671869, 0.089124, 0.103667, 0.118725, 0.135223, 0.160122, 0.178147, 0.196361, 0.793159, 0.925583, 1.07921]
num_agents: 50
time_individual_plan: 0.0091698
time_first_plan: 0.00415537
num_max_agents_in_window_first_iteration: 2
num_recWAMPF: 17
timing_recWAMPF:
    total_RecWAMPF: 1.0695
    num_windows: 261
    num_max_agents_in_window: 3
    timing_gari:
        total_GARI: 0.470052
        time_path_btw_starts: 0.00112344
        Stage1:
            total_Stage1:0.138197
            time_add_x_to_o: 0.046681
            time_clear_x: 0.00546268
            timing_AStarSearchUntil:
                total_astar_search_until:0.086037
                num_values_f_less_fmax:3424
                ASU Exp:
                    total_ASUExp:0.0860307
                    time_top_o:0.00167472
                    time_check_in_c:0.000544913
                    time_add_parent:0.00093792
                    num_neighbors:187086
                    time_add_neighbors_to_o:0.0795605
        Stage2:
            total_Stage2:0.0310156
            num_len_path:300
            time_expanding_s:0.00036305
            timing_AStarSearchUntil:
                total_astar_search_until:0.0305453
                num_values_f_less_fmax:1751
                ASU Exp:
                    total_ASUExp:0.0305399
                    time_top_o:0.000546995
                    time_check_in_c:0.00032842
                    time_add_parent:0.000635804
                    num_neighbors:64897
                    time_add_neighbors_to_o:0.0270984
        Stage3:
            total_Stage3:0.299662
            num_until_goal_expanded:2337
            timing_S3Exp:
                total_S3Exp: 0.0432389
                time_top_o: 0.000797149
                time_check_in_c: 0.000353287
                time_add_parent: 0.000852001
                num_neighbors: 100695
                time_add_neighbors_to_o: 0.03604
    timing_PIOW_overlapping:
        total_PIOW: 0.582776
        num_windows: 1016
        time_check_overlap: 3.8495e-05
        num_overlapping_windows: 2
        time_merge_windows: 3.486e-06
        time_remove_window: 4.76e-07
        time_remove_window: 3.386e-06
        timing_PlanIn:
            total_PlanIn:0.582707
            num_until_goal_expanded:8417
            timing_expansions:
                total_S3Exp: 0.582702
                time_top_o: 0.00406674
                time_check_in_c: 0.00182667
                time_add_parent: 0.00397882
                num_neighbors: 931585
                time_add_neighbors_to_o: 0.537443
    num_new_collisions: 9
    timing_PIOW_new_collisions:
        total_PIOW: 0.00101683
        num_windows: 72
        time_check_overlap: 1.896e-06
        num_overlapping_windows: 0
        time_merge_windows: 0
        time_remove_window: 0
        time_remove_window: 3.541e-06
        timing_PlanIn:
            total_PlanIn:0.00100351
            num_until_goal_expanded:106
            timing_expansions:
                total_S3Exp: 0.000989206
                time_top_o: 1.4399e-05
                time_check_in_c: 1.8282e-05
                time_add_parent: 2.804e-05
                num_neighbors: 1549
                time_add_neighbors_to_o: 0.00076642
    num_windows_should_quit: 0
    time_should_quit: 1.4129e-05
    time_remove_window: 0
Complete!
