Total time: 3.87107
is_optimal: false
optimality_bound: 1.01009
successive_bounds: [1.01099, 1.01009, 1.01009, 1.01009, 1.01009]
successive_runtimes: [0.0371646, 0.0562849, 0.0594773, 0.0622704, 3.87107]
num_agents: 60
time_individual_plan: 0.0135855
time_first_plan: 0.0230499
num_max_agents_in_window_first_iteration: 3
num_recWAMPF: 5
timing_recWAMPF:
    total_RecWAMPF: 3.85695
    num_windows: 89
    num_max_agents_in_window: 5
    timing_gari:
        total_GARI: 0.00690781
        time_path_btw_starts: 0.00018382
        Stage1:
            total_Stage1:0.002411
            time_add_x_to_o: 0.00163197
            time_clear_x: 0.000147624
            timing_AStarSearchUntil:
                total_astar_search_until:0.000627642
                num_values_f_less_fmax:88
                ASU Exp:
                    total_ASUExp:0.000626071
                    time_top_o:1.86e-05
                    time_check_in_c:1.5438e-05
                    time_add_parent:2.1919e-05
                    num_neighbors:1311
                    time_add_neighbors_to_o:0.00048286
        Stage2:
            total_Stage2:0.00190496
            num_len_path:74
            time_expanding_s:5.0401e-05
            timing_AStarSearchUntil:
                total_astar_search_until:0.0018352
                num_values_f_less_fmax:146
                ASU Exp:
                    total_ASUExp:0.00183376
                    time_top_o:3.1421e-05
                    time_check_in_c:2.632e-05
                    time_add_parent:4.1975e-05
                    num_neighbors:3989
                    time_add_neighbors_to_o:0.00155961
        Stage3:
            total_Stage3:0.00239775
            num_until_goal_expanded:163
            timing_S3Exp:
                total_S3Exp: 0.0016944
                time_top_o: 2.9199e-05
                time_check_in_c: 2.1164e-05
                time_add_parent: 3.382e-05
                num_neighbors: 2692
                time_add_neighbors_to_o: 0.00136455
    timing_PIOW_overlapping:
        total_PIOW: 0.0572728
        num_windows: 556
        time_check_overlap: 1.2764e-05
        num_overlapping_windows: 12
        time_merge_windows: 8.673e-06
        time_remove_window: 2.102e-06
        time_remove_window: 8.141e-06
        timing_PlanIn:
            total_PlanIn:0.0572252
            num_until_goal_expanded:921
            timing_expansions:
                total_S3Exp: 0.0572048
                time_top_o: 0.000211779
                time_check_in_c: 0.000171793
                time_add_parent: 0.000244442
                num_neighbors: 106878
                time_add_neighbors_to_o: 0.0525816
    num_new_collisions: 22
    timing_PIOW_new_collisions:
        total_PIOW: 3.7803
        num_windows: 430
        time_check_overlap: 1.2025e-05
        num_overlapping_windows: 2
        time_merge_windows: 0
        time_remove_window: 0.127302
        time_remove_window: 1.2686e-05
        timing_PlanIn:
            total_PlanIn:3.78024
            num_until_goal_expanded:3119
            timing_expansions:
                total_S3Exp: 3.78019
                time_top_o: 0.00377279
                time_check_in_c: 0.000862816
                time_add_parent: 0.00139043
                num_neighbors: 6798572
                time_add_neighbors_to_o: 3.59738
    num_windows_should_quit: 0
    time_should_quit: 4.474e-06
    time_remove_window: 0
Complete!
