Total time: 6.61852
is_optimal: true
optimality_bound: 1
successive_bounds: [1.00182, 1.00182, 1.00182, 1.00182, 1.00182, 1.00182, 1.00091, 1.00091, 1.00046, 1.00046, 1.00046, 1.00046, 1.00046, 1.00046, 1.00046, 1.00046, 1.00046, 1.00046, 1.00046, 1.00046, 1.00046, 1.00046, 1.00046, 1.00046, 1.00046, 1.00046, 1.00046, 1, 1]
successive_runtimes: [0.00824493, 0.011617, 0.0260238, 0.0534964, 0.101513, 0.177837, 0.247557, 0.282202, 0.299234, 0.317818, 0.339517, 0.369011, 0.39649, 0.441075, 0.52416, 0.658061, 0.84893, 1.05369, 1.33339, 1.67402, 2.04523, 2.47348, 3.02689, 3.59728, 4.23669, 4.93365, 5.69207, 6.61852]
num_agents: 30
time_individual_plan: 0.00662627
time_first_plan: 0.00108741
num_max_agents_in_window_first_iteration: 2
num_recWAMPF: 28
timing_recWAMPF:
    total_RecWAMPF: 6.61136
    num_windows: 165
    num_max_agents_in_window: 3
    timing_gari:
        total_GARI: 6.60084
        time_path_btw_starts: 0.000647048
        Stage1:
            total_Stage1:4.0956
            time_add_x_to_o: 1.42758
            time_clear_x: 0.70018
            timing_AStarSearchUntil:
                total_astar_search_until:1.96782
                num_values_f_less_fmax:95724
                ASU Exp:
                    total_ASUExp:1.96781
                    time_top_o:0.144791
                    time_check_in_c:0.0359926
                    time_add_parent:0.0251445
                    num_neighbors:3600400
                    time_add_neighbors_to_o:1.66702
        Stage2:
            total_Stage2:0.0258365
            num_len_path:172
            time_expanding_s:0.000118017
            timing_AStarSearchUntil:
                total_astar_search_until:0.025623
                num_values_f_less_fmax:573
                ASU Exp:
                    total_ASUExp:0.0256193
                    time_top_o:0.000227197
                    time_check_in_c:0.000103402
                    time_add_parent:0.000219791
                    num_neighbors:55491
                    time_add_neighbors_to_o:0.0242401
        Stage3:
            total_Stage3:2.47872
            num_until_goal_expanded:32248
            timing_S3Exp:
                total_S3Exp: 0.490391
                time_top_o: 0.0188668
                time_check_in_c: 0.00849533
                time_add_parent: 0.0177614
                num_neighbors: 774231
                time_add_neighbors_to_o: 0.397816
    timing_PIOW_overlapping:
        total_PIOW: 1.9828e-05
        num_windows: 243
        time_check_overlap: 1.152e-05
        num_overlapping_windows: 0
        time_merge_windows: 0
        time_remove_window: 0
        time_remove_window: 0
        timing_PlanIn:
            total_PlanIn:0
            num_until_goal_expanded:0
            timing_expansions:
                total_S3Exp: 0
                time_top_o: 0
                time_check_in_c: 0
                time_add_parent: 0
                num_neighbors: 0
                time_add_neighbors_to_o: 0
    num_new_collisions: 4
    timing_PIOW_new_collisions:
        total_PIOW: 0.00264081
        num_windows: 13
        time_check_overlap: 5.33e-07
        num_overlapping_windows: 1
        time_merge_windows: 0
        time_remove_window: 0.00932735
        time_remove_window: 1.262e-06
        timing_PlanIn:
            total_PlanIn:0.00263318
            num_until_goal_expanded:204
            timing_expansions:
                total_S3Exp: 0.00262394
                time_top_o: 2.7244e-05
                time_check_in_c: 3.4745e-05
                time_add_parent: 5.349e-05
                num_neighbors: 4412
                time_add_neighbors_to_o: 0.00210093
    num_windows_should_quit: 0
    time_should_quit: 1.0025e-05
    time_remove_window: 0
Complete!
