Total time: 1.68694
is_optimal: false
optimality_bound: 1.00233
successive_bounds: [1.00512, 1.00512, 1.00512, 1.00419, 1.00419, 1.00419, 1.00419, 1.00419, 1.00419, 1.00326, 1.00326, 1.00233, 1.00233, 1.00233, 1.00233]
successive_runtimes: [0.00715159, 0.00845137, 0.00978724, 0.011251, 0.0126239, 0.0145816, 0.0165719, 0.0185184, 0.027738, 0.0347718, 0.0406019, 0.349932, 0.745528, 1.23772, 1.68694]
num_agents: 30
time_individual_plan: 0.00521508
time_first_plan: 0.00138664
num_max_agents_in_window_first_iteration: 2
num_recWAMPF: 15
timing_recWAMPF:
    total_RecWAMPF: 1.68117
    num_windows: 188
    num_max_agents_in_window: 3
    timing_gari:
        total_GARI: 1.37147
        time_path_btw_starts: 0.00121446
        Stage1:
            total_Stage1:0.990949
            time_add_x_to_o: 0.313992
            time_clear_x: 0.129755
            timing_AStarSearchUntil:
                total_astar_search_until:0.547189
                num_values_f_less_fmax:27940
                ASU Exp:
                    total_ASUExp:0.547184
                    time_top_o:0.0282077
                    time_check_in_c:0.00920735
                    time_add_parent:0.00774875
                    num_neighbors:995553
                    time_add_neighbors_to_o:0.466972
        Stage2:
            total_Stage2:0.00861794
            num_len_path:193
            time_expanding_s:0.00011264
            timing_AStarSearchUntil:
                total_astar_search_until:0.00844245
                num_values_f_less_fmax:598
                ASU Exp:
                    total_ASUExp:0.00843819
                    time_top_o:0.00015228
                    time_check_in_c:0.000135219
                    time_add_parent:0.000179958
                    num_neighbors:17036
                    time_add_neighbors_to_o:0.00730043
        Stage3:
            total_Stage3:0.370657
            num_until_goal_expanded:5713
            timing_S3Exp:
                total_S3Exp: 0.170063
                time_top_o: 0.00332658
                time_check_in_c: 0.000934284
                time_add_parent: 0.00198883
                num_neighbors: 258717
                time_add_neighbors_to_o: 0.138618
    timing_PIOW_overlapping:
        total_PIOW: 0.305055
        num_windows: 616
        time_check_overlap: 2.6482e-05
        num_overlapping_windows: 2
        time_merge_windows: 4.809e-06
        time_remove_window: 7.22e-07
        time_remove_window: 4.706e-06
        timing_PlanIn:
            total_PlanIn:0.305002
            num_until_goal_expanded:5607
            timing_expansions:
                total_S3Exp: 0.304997
                time_top_o: 0.00372131
                time_check_in_c: 0.00117153
                time_add_parent: 0.00214061
                num_neighbors: 597644
                time_add_neighbors_to_o: 0.274708
    num_new_collisions: 7
    timing_PIOW_new_collisions:
        total_PIOW: 0.000769423
        num_windows: 42
        time_check_overlap: 1.5e-06
        num_overlapping_windows: 0
        time_merge_windows: 0
        time_remove_window: 0
        time_remove_window: 2.738e-06
        timing_PlanIn:
            total_PlanIn:0.000757825
            num_until_goal_expanded:71
            timing_expansions:
                total_S3Exp: 0.000744687
                time_top_o: 9.875e-06
                time_check_in_c: 1.2612e-05
                time_add_parent: 2.0121e-05
                num_neighbors: 1033
                time_add_neighbors_to_o: 0.000562377
    num_windows_should_quit: 0
    time_should_quit: 7.841e-06
    time_remove_window: 0
Complete!
