Total time: 0.0136425
is_optimal: true
optimality_bound: 1
successive_bounds: [1.00336, 1.00336, 1.00336, 1.00336, 1.00336, 1.00336, 1.00336, 1.00336, 1.00336, 1.00336, 1.00336, 1.00336, 1.00336, 1.00336, 1, 1]
successive_runtimes: [0.0016041, 0.0017478, 0.00189157, 0.00201897, 0.00214794, 0.00228695, 0.00242048, 0.00255661, 0.00269756, 0.00284546, 0.00701264, 0.00974533, 0.0113081, 0.01237, 0.0136425]
num_agents: 10
time_individual_plan: 0.000932151
time_first_plan: 0.000115797
num_max_agents_in_window_first_iteration: 2
num_recWAMPF: 15
timing_recWAMPF:
    total_RecWAMPF: 0.012152
    num_windows: 29
    num_max_agents_in_window: 2
    timing_gari:
        total_GARI: 0.011776
        time_path_btw_starts: 6.2723e-05
        Stage1:
            total_Stage1:0.00432868
            time_add_x_to_o: 0.00227895
            time_clear_x: 0.000271095
            timing_AStarSearchUntil:
                total_astar_search_until:0.00177707
                num_values_f_less_fmax:528
                ASU Exp:
                    total_ASUExp:0.00177638
                    time_top_o:0.000157888
                    time_check_in_c:0.000209834
                    time_add_parent:3.2614e-05
                    num_neighbors:3310
                    time_add_neighbors_to_o:0.00119694
        Stage2:
            total_Stage2:0.00554391
            num_len_path:39
            time_expanding_s:1.2381e-05
            timing_AStarSearchUntil:
                total_astar_search_until:0.00552367
                num_values_f_less_fmax:422
                ASU Exp:
                    total_ASUExp:0.00552306
                    time_top_o:0.00012308
                    time_check_in_c:0.000108272
                    time_add_parent:0.000108346
                    num_neighbors:11737
                    time_add_neighbors_to_o:0.00476825
        Stage3:
            total_Stage3:0.00182367
            num_until_goal_expanded:83
            timing_S3Exp:
                total_S3Exp: 0.000495497
                time_top_o: 1.6922e-05
                time_check_in_c: 1.1462e-05
                time_add_parent: 2.0888e-05
                num_neighbors: 1020
                time_add_neighbors_to_o: 0.000318184
    timing_PIOW_overlapping:
        total_PIOW: 3.02e-07
        num_windows: 14
        time_check_overlap: 0
        num_overlapping_windows: 0
        time_merge_windows: 0
        time_remove_window: 0
        time_remove_window: 0
        timing_PlanIn:
            total_PlanIn:0
            num_until_goal_expanded:0
            timing_expansions:
                total_S3Exp: 0
                time_top_o: 0
                time_check_in_c: 0
                time_add_parent: 0
                num_neighbors: 0
                time_add_neighbors_to_o: 0
    num_new_collisions: 1
    timing_PIOW_new_collisions:
        total_PIOW: 8.5447e-05
        num_windows: 0
        time_check_overlap: 0
        num_overlapping_windows: 0
        time_merge_windows: 0
        time_remove_window: 0
        time_remove_window: 3.18e-07
        timing_PlanIn:
            total_PlanIn:8.3995e-05
            num_until_goal_expanded:6
            timing_expansions:
                total_S3Exp: 8.1123e-05
                time_top_o: 1.297e-06
                time_check_in_c: 1.753e-06
                time_add_parent: 2.394e-06
                num_neighbors: 135
                time_add_neighbors_to_o: 6.3018e-05
    num_windows_should_quit: 0
    time_should_quit: 6.57e-07
    time_remove_window: 0
Complete!
