Total time: 4.11485
is_optimal: false
optimality_bound: 1.00214
successive_bounds: [1.00498, 1.00356, 1.00285, 1.00285, 1.00214, 1.00214, 1.00214]
successive_runtimes: [0.0146237, 0.018754, 0.0233101, 0.0278014, 0.0328878, 2.38134, 4.11485]
num_agents: 40
time_individual_plan: 0.0108877
time_first_plan: 0.00320901
num_max_agents_in_window_first_iteration: 3
num_recWAMPF: 7
timing_recWAMPF:
    total_RecWAMPF: 4.10343
    num_windows: 100
    num_max_agents_in_window: 4
    timing_gari:
        total_GARI: 1.75108
        time_path_btw_starts: 0.000214893
        Stage1:
            total_Stage1:1.00968
            time_add_x_to_o: 0.350136
            time_clear_x: 0.0685513
            timing_AStarSearchUntil:
                total_astar_search_until:0.590991
                num_values_f_less_fmax:4560
                ASU Exp:
                    total_ASUExp:0.590988
                    time_top_o:0.00779622
                    time_check_in_c:0.00155283
                    time_add_parent:0.000987933
                    num_neighbors:932461
                    time_add_neighbors_to_o:0.576316
        Stage2:
            total_Stage2:0.00416899
            num_len_path:93
            time_expanding_s:5.1381e-05
            timing_AStarSearchUntil:
                total_astar_search_until:0.00409017
                num_values_f_less_fmax:214
                ASU Exp:
                    total_ASUExp:0.00408827
                    time_top_o:5.1612e-05
                    time_check_in_c:8.8034e-05
                    time_add_parent:6.1041e-05
                    num_neighbors:8757
                    time_add_neighbors_to_o:0.00364531
        Stage3:
            total_Stage3:0.737
            num_until_goal_expanded:3496
            timing_S3Exp:
                total_S3Exp: 0.516901
                time_top_o: 0.00414028
                time_check_in_c: 0.000850591
                time_add_parent: 0.00158832
                num_neighbors: 813540
                time_add_neighbors_to_o: 0.504164
    timing_PIOW_overlapping:
        total_PIOW: 2.34657
        num_windows: 489
        time_check_overlap: 1.3117e-05
        num_overlapping_windows: 9
        time_merge_windows: 1.0585e-05
        time_remove_window: 2.193e-06
        time_remove_window: 1.0213e-05
        timing_PlanIn:
            total_PlanIn:2.34652
            num_until_goal_expanded:9590
            timing_expansions:
                total_S3Exp: 2.3465
                time_top_o: 0.0110296
                time_check_in_c: 0.00288867
                time_add_parent: 0.00460428
                num_neighbors: 4175686
                time_add_neighbors_to_o: 2.20434
    num_new_collisions: 12
    timing_PIOW_new_collisions:
        total_PIOW: 0.00149233
        num_windows: 120
        time_check_overlap: 2.873e-06
        num_overlapping_windows: 1
        time_merge_windows: 0
        time_remove_window: 0.0119385
        time_remove_window: 3.214e-06
        timing_PlanIn:
            total_PlanIn:0.00147395
            num_until_goal_expanded:157
            timing_expansions:
                total_S3Exp: 0.00145461
                time_top_o: 2.073e-05
                time_check_in_c: 2.4662e-05
                time_add_parent: 3.9936e-05
                num_neighbors: 2704
                time_add_neighbors_to_o: 0.00112039
    num_windows_should_quit: 0
    time_should_quit: 3.753e-06
    time_remove_window: 0
Complete!
