Total time: 0.970206
is_optimal: false
optimality_bound: 1.00206
successive_bounds: [1.00343, 1.00309, 1.00275, 1.00275, 1.00275, 1.00275, 1.00275, 1.00275, 1.00275, 1.00275, 1.00275, 1.00275, 1.00275, 1.00275, 1.00275, 1.00275, 1.00206]
successive_runtimes: [0.0139443, 0.0168069, 0.0193164, 0.0224935, 0.048292, 0.108327, 0.195861, 0.288612, 0.37605, 0.460916, 0.54434, 0.625672, 0.704102, 0.780185, 0.845835, 0.9103, 0.970206]
num_agents: 50
time_individual_plan: 0.0081318
time_first_plan: 0.00527067
num_max_agents_in_window_first_iteration: 2
num_recWAMPF: 17
timing_recWAMPF:
    total_RecWAMPF: 0.961528
    num_windows: 265
    num_max_agents_in_window: 3
    timing_gari:
        total_GARI: 0.921643
        time_path_btw_starts: 0.000704487
        Stage1:
            total_Stage1:0.510502
            time_add_x_to_o: 0.177443
            time_clear_x: 0.0585496
            timing_AStarSearchUntil:
                total_astar_search_until:0.274489
                num_values_f_less_fmax:16874
                ASU Exp:
                    total_ASUExp:0.274481
                    time_top_o:0.0117891
                    time_check_in_c:0.00897329
                    time_add_parent:0.00464407
                    num_neighbors:553366
                    time_add_neighbors_to_o:0.229926
        Stage2:
            total_Stage2:0.00418068
            num_len_path:203
            time_expanding_s:0.000120077
            timing_AStarSearchUntil:
                total_astar_search_until:0.0039403
                num_values_f_less_fmax:301
                ASU Exp:
                    total_ASUExp:0.00393459
                    time_top_o:0.000102144
                    time_check_in_c:8.0059e-05
                    time_add_parent:9.9877e-05
                    num_neighbors:7618
                    time_add_neighbors_to_o:0.00325161
        Stage3:
            total_Stage3:0.405818
            num_until_goal_expanded:6254
            timing_S3Exp:
                total_S3Exp: 0.124841
                time_top_o: 0.00258261
                time_check_in_c: 0.00117741
                time_add_parent: 0.00234191
                num_neighbors: 217109
                time_add_neighbors_to_o: 0.102954
    timing_PIOW_overlapping:
        total_PIOW: 0.0238317
        num_windows: 1042
        time_check_overlap: 3.9693e-05
        num_overlapping_windows: 1
        time_merge_windows: 1.148e-06
        time_remove_window: 4.95e-07
        time_remove_window: 1.096e-06
        timing_PlanIn:
            total_PlanIn:0.023764
            num_until_goal_expanded:603
            timing_expansions:
                total_S3Exp: 0.0237619
                time_top_o: 0.000174005
                time_check_in_c: 0.000104043
                time_add_parent: 0.000152838
                num_neighbors: 49339
                time_add_neighbors_to_o: 0.0212921
    num_new_collisions: 9
    timing_PIOW_new_collisions:
        total_PIOW: 0.00316063
        num_windows: 72
        time_check_overlap: 1.929e-06
        num_overlapping_windows: 0
        time_merge_windows: 0
        time_remove_window: 0
        time_remove_window: 4.019e-06
        timing_PlanIn:
            total_PlanIn:0.00314559
            num_until_goal_expanded:314
            timing_expansions:
                total_S3Exp: 0.0031263
                time_top_o: 5.0764e-05
                time_check_in_c: 5.6416e-05
                time_add_parent: 7.7562e-05
                num_neighbors: 4679
                time_add_neighbors_to_o: 0.00244158
    num_windows_should_quit: 1
    time_should_quit: 1.7129e-05
    time_remove_window: 2.98e-07
Complete!
