Total time: 0.59949
is_optimal: true
optimality_bound: 1
successive_bounds: [1.00543, 1.00543, 1.00543, 1.00543, 1.00543, 1.00543, 1.00543, 1.00346, 1.00296, 1.00296, 1.00198, 1.00099, 1.00099, 1.00099, 1.00099, 1.00099, 1, 1]
successive_runtimes: [0.00517851, 0.00609451, 0.00696775, 0.00793188, 0.00884562, 0.0103432, 0.0115451, 0.0848306, 0.189812, 0.257516, 0.322097, 0.390341, 0.431288, 0.47239, 0.513955, 0.555837, 0.59949]
num_agents: 30
time_individual_plan: 0.00332329
time_first_plan: 0.00130313
num_max_agents_in_window_first_iteration: 2
num_recWAMPF: 17
timing_recWAMPF:
    total_RecWAMPF: 0.59561
    num_windows: 192
    num_max_agents_in_window: 4
    timing_gari:
        total_GARI: 0.518936
        time_path_btw_starts: 0.000838825
        Stage1:
            total_Stage1:0.176028
            time_add_x_to_o: 0.105346
            time_clear_x: 0.0207737
            timing_AStarSearchUntil:
                total_astar_search_until:0.0498958
                num_values_f_less_fmax:680
                ASU Exp:
                    total_ASUExp:0.0498906
                    time_top_o:0.000583251
                    time_check_in_c:0.0103744
                    time_add_parent:0.000263637
                    num_neighbors:83885
                    time_add_neighbors_to_o:0.0371335
        Stage2:
            total_Stage2:0.0178037
            num_len_path:174
            time_expanding_s:0.000532325
            timing_AStarSearchUntil:
                total_astar_search_until:0.0171975
                num_values_f_less_fmax:615
                ASU Exp:
                    total_ASUExp:0.0171933
                    time_top_o:0.000179242
                    time_check_in_c:0.000113726
                    time_add_parent:0.000184187
                    num_neighbors:37747
                    time_add_neighbors_to_o:0.0159242
        Stage3:
            total_Stage3:0.323944
            num_until_goal_expanded:599
            timing_S3Exp:
                total_S3Exp: 0.0294618
                time_top_o: 0.0001514
                time_check_in_c: 9.6478e-05
                time_add_parent: 0.000187508
                num_neighbors: 31470
                time_add_neighbors_to_o: 0.0236777
    timing_PIOW_overlapping:
        total_PIOW: 0.0717817
        num_windows: 571
        time_check_overlap: 2.4728e-05
        num_overlapping_windows: 2
        time_merge_windows: 1.981e-06
        time_remove_window: 6.61e-07
        time_remove_window: 1.884e-06
        timing_PlanIn:
            total_PlanIn:0.0717356
            num_until_goal_expanded:223
            timing_expansions:
                total_S3Exp: 0.071731
                time_top_o: 8.3285e-05
                time_check_in_c: 4.5388e-05
                time_add_parent: 6.6752e-05
                num_neighbors: 126733
                time_add_neighbors_to_o: 0.067968
    num_new_collisions: 7
    timing_PIOW_new_collisions:
        total_PIOW: 0.000615833
        num_windows: 42
        time_check_overlap: 1.458e-06
        num_overlapping_windows: 0
        time_merge_windows: 0
        time_remove_window: 0
        time_remove_window: 3.634e-06
        timing_PlanIn:
            total_PlanIn:0.000604002
            num_until_goal_expanded:48
            timing_expansions:
                total_S3Exp: 0.000592177
                time_top_o: 7.111e-06
                time_check_in_c: 8.227e-06
                time_add_parent: 1.39e-05
                num_neighbors: 860
                time_add_neighbors_to_o: 0.000459809
    num_windows_should_quit: 0
    time_should_quit: 9.977e-06
    time_remove_window: 0
Complete!
