Total time: 0.238197
is_optimal: true
optimality_bound: 1
successive_bounds: [1.00477, 1.00477, 1.00477, 1.00404, 1.0033, 1.0033, 1.00257, 1.0022, 1.00147, 1.00147, 1.00147, 1.00147, 1.00073, 1.00073, 1.00073, 1.00073, 1.00073, 1.00073, 1.00073, 1.00073, 1.00073, 1.00073, 1.00073, 1.00073, 1.00073, 1.00073, 1, 1]
successive_runtimes: [0.0110143, 0.0135585, 0.016329, 0.019408, 0.035662, 0.0511961, 0.0600555, 0.0702292, 0.0790326, 0.0882776, 0.0980125, 0.10824, 0.117133, 0.127398, 0.134908, 0.144867, 0.152432, 0.159609, 0.167191, 0.175056, 0.182489, 0.189545, 0.199859, 0.208517, 0.217321, 0.22597, 0.238197]
num_agents: 40
time_individual_plan: 0.00800197
time_first_plan: 0.00247871
num_max_agents_in_window_first_iteration: 2
num_recWAMPF: 27
timing_recWAMPF:
    total_RecWAMPF: 0.229657
    num_windows: 325
    num_max_agents_in_window: 4
    timing_gari:
        total_GARI: 0.201891
        time_path_btw_starts: 0.000835003
        Stage1:
            total_Stage1:0.048547
            time_add_x_to_o: 0.027787
            time_clear_x: 0.00388422
            timing_AStarSearchUntil:
                total_astar_search_until:0.0168557
                num_values_f_less_fmax:10931
                ASU Exp:
                    total_ASUExp:0.0168462
                    time_top_o:0.00268886
                    time_check_in_c:0.00151183
                    time_add_parent:0.000986787
                    num_neighbors:21019
                    time_add_neighbors_to_o:0.00846753
        Stage2:
            total_Stage2:0.0123651
            num_len_path:281
            time_expanding_s:0.000166883
            timing_AStarSearchUntil:
                total_astar_search_until:0.0120733
                num_values_f_less_fmax:719
                ASU Exp:
                    total_ASUExp:0.0120653
                    time_top_o:0.000231972
                    time_check_in_c:0.000149885
                    time_add_parent:0.000226602
                    num_neighbors:25146
                    time_add_neighbors_to_o:0.0103562
        Stage3:
            total_Stage3:0.14008
            num_until_goal_expanded:5954
            timing_S3Exp:
                total_S3Exp: 0.0587262
                time_top_o: 0.00147929
                time_check_in_c: 0.000903143
                time_add_parent: 0.00169603
                num_neighbors: 85732
                time_add_neighbors_to_o: 0.0472602
    timing_PIOW_overlapping:
        total_PIOW: 0.00218879
        num_windows: 982
        time_check_overlap: 3.6614e-05
        num_overlapping_windows: 1
        time_merge_windows: 1.045e-06
        time_remove_window: 1.93e-07
        time_remove_window: 9.92e-07
        timing_PlanIn:
            total_PlanIn:0.00212467
            num_until_goal_expanded:52
            timing_expansions:
                total_S3Exp: 0.00212271
                time_top_o: 1.1783e-05
                time_check_in_c: 8.93e-06
                time_add_parent: 1.3841e-05
                num_neighbors: 3723
                time_add_neighbors_to_o: 0.00189133
    num_new_collisions: 8
    timing_PIOW_new_collisions:
        total_PIOW: 0.0119358
        num_windows: 53
        time_check_overlap: 1.485e-06
        num_overlapping_windows: 1
        time_merge_windows: 0
        time_remove_window: 0.0245141
        time_remove_window: 2.466e-06
        timing_PlanIn:
            total_PlanIn:0.0119216
            num_until_goal_expanded:209
            timing_expansions:
                total_S3Exp: 0.0119073
                time_top_o: 3.5203e-05
                time_check_in_c: 3.9751e-05
                time_add_parent: 5.6815e-05
                num_neighbors: 22767
                time_add_neighbors_to_o: 0.0108985
    num_windows_should_quit: 0
    time_should_quit: 2.2033e-05
    time_remove_window: 0
Complete!
