Total time: 2.92378
is_optimal: false
optimality_bound: 1.00475
successive_bounds: [1.01827, 1.00776, 1.00626, 1.00626, 1.00626, 1.00576, 1.00475]
successive_runtimes: [0.0915999, 0.940103, 0.957921, 0.969688, 0.979719, 1.10227, 2.92378]
num_agents: 60
time_individual_plan: 0.00650506
time_first_plan: 0.0845076
num_max_agents_in_window_first_iteration: 3
num_recWAMPF: 7
timing_recWAMPF:
    total_RecWAMPF: 2.91668
    num_windows: 203
    num_max_agents_in_window: 5
    timing_gari:
        total_GARI: 2.58528
        time_path_btw_starts: 0.000467612
        Stage1:
            total_Stage1:0.996195
            time_add_x_to_o: 0.116823
            time_clear_x: 0.023935
            timing_AStarSearchUntil:
                total_astar_search_until:0.170205
                num_values_f_less_fmax:21988
                ASU Exp:
                    total_ASUExp:0.1702
                    time_top_o:0.01911
                    time_check_in_c:0.00796096
                    time_add_parent:0.0077373
                    num_neighbors:1788149
                    time_add_neighbors_to_o:0.770548
        Stage2:
            total_Stage2:0.00672326
            num_len_path:172
            time_expanding_s:8.5496e-05
            timing_AStarSearchUntil:
                total_astar_search_until:0.00657703
                num_values_f_less_fmax:249
                ASU Exp:
                    total_ASUExp:0.00657318
                    time_top_o:6.6421e-05
                    time_check_in_c:4.9118e-05
                    time_add_parent:8.5251e-05
                    num_neighbors:13832
                    time_add_neighbors_to_o:0.00608488
        Stage3:
            total_Stage3:1.58175
            num_until_goal_expanded:1835
            timing_S3Exp:
                total_S3Exp: 1.54042
                time_top_o: 0.00134232
                time_check_in_c: 0.000340393
                time_add_parent: 0.00075619
                num_neighbors: 2464927
                time_add_neighbors_to_o: 1.53254
    timing_PIOW_overlapping:
        total_PIOW: 0.00818796
        num_windows: 1543
        time_check_overlap: 4.1863e-05
        num_overlapping_windows: 5
        time_merge_windows: 6.608e-06
        time_remove_window: 1.231e-06
        time_remove_window: 6.35e-06
        timing_PlanIn:
            total_PlanIn:0.00810132
            num_until_goal_expanded:409
            timing_expansions:
                total_S3Exp: 0.0080893
                time_top_o: 6.9037e-05
                time_check_in_c: 6.7753e-05
                time_add_parent: 0.000118065
                num_neighbors: 16749
                time_add_neighbors_to_o: 0.00691778
    num_new_collisions: 23
    timing_PIOW_new_collisions:
        total_PIOW: 0.188093
        num_windows: 479
        time_check_overlap: 1.2892e-05
        num_overlapping_windows: 3
        time_merge_windows: 0
        time_remove_window: 1.99619
        time_remove_window: 1.1163e-05
        timing_PlanIn:
            total_PlanIn:0.188032
            num_until_goal_expanded:2060
            timing_expansions:
                total_S3Exp: 0.187994
                time_top_o: 0.000455945
                time_check_in_c: 0.000444266
                time_add_parent: 0.000701763
                num_neighbors: 385056
                time_add_neighbors_to_o: 0.173961
    num_windows_should_quit: 0
    time_should_quit: 1.7294e-05
    time_remove_window: 0
Complete!
