Total time: 9.87229
is_optimal: false
optimality_bound: 1.00157
successive_bounds: [1.00787, 1.00787, 1.00787, 1.00787, 1.00629, 1.00629, 1.00629, 1.00472, 1.00472, 1.00472, 1.00472, 1.00472, 1.00472, 1.00472, 1.00472, 1.00472, 1.00472, 1.00472, 1.00472, 1.00472, 1.00472, 1.00472, 1.00472, 1.00315, 1.00315, 1.00157, 1.00157, 1.00157, 1.00157, 1.00157, 1.00157, 1.00157, 1.00157, 1.00157, 1.00157, 1.00157, 1.00157]
successive_runtimes: [0.00564192, 0.017105, 0.0297495, 0.0481412, 0.100026, 0.14906, 0.190014, 0.294659, 0.395438, 0.462735, 0.533349, 0.607442, 0.685358, 0.766616, 0.850956, 0.938364, 1.03441, 1.12383, 1.22284, 1.31609, 1.40893, 1.50914, 1.62159, 1.88847, 2.27899, 2.69054, 3.10086, 3.55238, 4.06315, 4.61585, 5.22478, 5.92113, 6.59754, 7.31334, 8.11531, 8.95897, 9.87229]
num_agents: 20
time_individual_plan: 0.00227072
time_first_plan: 0.00285056
num_max_agents_in_window_first_iteration: 3
num_recWAMPF: 37
timing_recWAMPF:
    total_RecWAMPF: 9.86949
    num_windows: 270
    num_max_agents_in_window: 3
    timing_gari:
        total_GARI: 9.86235
        time_path_btw_starts: 0.000797492
        Stage1:
            total_Stage1:5.07824
            time_add_x_to_o: 1.41462
            time_clear_x: 1.05015
            timing_AStarSearchUntil:
                total_astar_search_until:2.61344
                num_values_f_less_fmax:135160
                ASU Exp:
                    total_ASUExp:2.61343
                    time_top_o:0.124486
                    time_check_in_c:0.0530807
                    time_add_parent:0.0165829
                    num_neighbors:4451421
                    time_add_neighbors_to_o:2.33173
        Stage2:
            total_Stage2:0.0448156
            num_len_path:210
            time_expanding_s:0.000155301
            timing_AStarSearchUntil:
                total_astar_search_until:0.0444885
                num_values_f_less_fmax:848
                ASU Exp:
                    total_ASUExp:0.0444822
                    time_top_o:0.00036341
                    time_check_in_c:0.000166523
                    time_add_parent:0.000281626
                    num_neighbors:96678
                    time_add_neighbors_to_o:0.0425374
        Stage3:
            total_Stage3:4.73839
            num_until_goal_expanded:138864
            timing_S3Exp:
                total_S3Exp: 2.38418
                time_top_o: 0.095646
                time_check_in_c: 0.0295778
                time_add_parent: 0.0853454
                num_neighbors: 4030420
                time_add_neighbors_to_o: 1.99494
    timing_PIOW_overlapping:
        total_PIOW: 4.6181e-05
        num_windows: 499
        time_check_overlap: 3.1133e-05
        num_overlapping_windows: 0
        time_merge_windows: 0
        time_remove_window: 0
        time_remove_window: 0
        timing_PlanIn:
            total_PlanIn:0
            num_until_goal_expanded:0
            timing_expansions:
                total_S3Exp: 0
                time_top_o: 0
                time_check_in_c: 0
                time_add_parent: 0
                num_neighbors: 0
                time_add_neighbors_to_o: 0
    num_new_collisions: 5
    timing_PIOW_new_collisions:
        total_PIOW: 0.002592
        num_windows: 22
        time_check_overlap: 1.203e-06
        num_overlapping_windows: 1
        time_merge_windows: 0
        time_remove_window: 0.00341705
        time_remove_window: 1.799e-06
        timing_PlanIn:
            total_PlanIn:0.00258203
            num_until_goal_expanded:136
            timing_expansions:
                total_S3Exp: 0.00257264
                time_top_o: 2.0236e-05
                time_check_in_c: 2.4848e-05
                time_add_parent: 3.8098e-05
                num_neighbors: 4604
                time_add_neighbors_to_o: 0.00215571
    num_windows_should_quit: 1
    time_should_quit: 1.9676e-05
    time_remove_window: 2.29e-07
Complete!
