Total time: 0.470372
is_optimal: false
optimality_bound: 1.00153
successive_bounds: [1.00384, 1.00384, 1.00384, 1.00384, 1.0023, 1.00153]
successive_runtimes: [0.0127616, 0.0160837, 0.0297212, 0.0885973, 0.2519, 0.470372]
num_agents: 40
time_individual_plan: 0.00881921
time_first_plan: 0.00341395
num_max_agents_in_window_first_iteration: 2
num_recWAMPF: 6
timing_recWAMPF:
    total_RecWAMPF: 0.461023
    num_windows: 89
    num_max_agents_in_window: 4
    timing_gari:
        total_GARI: 0.433973
        time_path_btw_starts: 0.000183033
        Stage1:
            total_Stage1:0.37512
            time_add_x_to_o: 0.0845088
            time_clear_x: 0.0209966
            timing_AStarSearchUntil:
                total_astar_search_until:0.269608
                num_values_f_less_fmax:3939
                ASU Exp:
                    total_ASUExp:0.269606
                    time_top_o:0.00279342
                    time_check_in_c:0.00145956
                    time_add_parent:0.0196279
                    num_neighbors:547253
                    time_add_neighbors_to_o:0.238867
        Stage2:
            total_Stage2:0.0258904
            num_len_path:78
            time_expanding_s:4.575e-05
            timing_AStarSearchUntil:
                total_astar_search_until:0.0258156
                num_values_f_less_fmax:231
                ASU Exp:
                    total_ASUExp:0.0258139
                    time_top_o:7.4933e-05
                    time_check_in_c:4.5396e-05
                    time_add_parent:6.943e-05
                    num_neighbors:58868
                    time_add_neighbors_to_o:0.0253061
        Stage3:
            total_Stage3:0.0327645
            num_until_goal_expanded:1157
            timing_S3Exp:
                total_S3Exp: 0.00693833
                time_top_o: 0.000261787
                time_check_in_c: 0.00018505
                time_add_parent: 0.000331553
                num_neighbors: 10242
                time_add_neighbors_to_o: 0.00497071
    timing_PIOW_overlapping:
        total_PIOW: 0.0110239
        num_windows: 353
        time_check_overlap: 1.1899e-05
        num_overlapping_windows: 2
        time_merge_windows: 2.125e-06
        time_remove_window: 3.15e-07
        time_remove_window: 2.021e-06
        timing_PlanIn:
            total_PlanIn:0.0109995
            num_until_goal_expanded:96
            timing_expansions:
                total_S3Exp: 0.0109956
                time_top_o: 2.0497e-05
                time_check_in_c: 1.828e-05
                time_add_parent: 2.7369e-05
                num_neighbors: 21162
                time_add_neighbors_to_o: 0.0102422
    num_new_collisions: 11
    timing_PIOW_new_collisions:
        total_PIOW: 0.0115465
        num_windows: 108
        time_check_overlap: 3.966e-06
        num_overlapping_windows: 2
        time_merge_windows: 1.054e-06
        time_remove_window: 0.241377
        time_remove_window: 3.24e-06
        timing_PlanIn:
            total_PlanIn:0.0115246
            num_until_goal_expanded:369
            timing_expansions:
                total_S3Exp: 0.0114986
                time_top_o: 7.1006e-05
                time_check_in_c: 6.4584e-05
                time_add_parent: 9.6202e-05
                num_neighbors: 18400
                time_add_neighbors_to_o: 0.0103232
    num_windows_should_quit: 0
    time_should_quit: 5.377e-06
    time_remove_window: 0
Complete!
