Total time: 9.01667
is_optimal: false
optimality_bound: 1.002
successive_bounds: [1.01451, 1.00551, 1.0035, 1.003, 1.003, 1.003, 1.003, 1.002, 1.002, 1.002]
successive_runtimes: [0.00982596, 0.0197691, 0.203141, 0.240224, 0.264641, 0.284004, 2.10107, 5.22498, 7.27135, 9.01667]
num_agents: 30
time_individual_plan: 0.006506
time_first_plan: 0.00279238
num_max_agents_in_window_first_iteration: 2
num_recWAMPF: 10
timing_recWAMPF:
    total_RecWAMPF: 9.00964
    num_windows: 84
    num_max_agents_in_window: 4
    timing_gari:
        total_GARI: 7.40667
        time_path_btw_starts: 0.000329235
        Stage1:
            total_Stage1:5.67702
            time_add_x_to_o: 1.1598
            time_clear_x: 0.575922
            timing_AStarSearchUntil:
                total_astar_search_until:3.94129
                num_values_f_less_fmax:36792
                ASU Exp:
                    total_ASUExp:3.94129
                    time_top_o:0.0554264
                    time_check_in_c:0.0587755
                    time_add_parent:0.0181113
                    num_neighbors:7433847
                    time_add_neighbors_to_o:3.70779
        Stage2:
            total_Stage2:0.0137539
            num_len_path:92
            time_expanding_s:5.9004e-05
            timing_AStarSearchUntil:
                total_astar_search_until:0.0136568
                num_values_f_less_fmax:324
                ASU Exp:
                    total_ASUExp:0.0136549
                    time_top_o:9.8466e-05
                    time_check_in_c:6.2869e-05
                    time_add_parent:9.1146e-05
                    num_neighbors:29877
                    time_add_neighbors_to_o:0.0130168
        Stage3:
            total_Stage3:1.71555
            num_until_goal_expanded:16957
            timing_S3Exp:
                total_S3Exp: 0.991747
                time_top_o: 0.0144238
                time_check_in_c: 0.00542676
                time_add_parent: 0.0085173
                num_neighbors: 2042343
                time_add_neighbors_to_o: 0.939358
    timing_PIOW_overlapping:
        total_PIOW: 0.181043
        num_windows: 193
        time_check_overlap: 8.694e-06
        num_overlapping_windows: 2
        time_merge_windows: 3e-06
        time_remove_window: 6.53e-07
        time_remove_window: 2.852e-06
        timing_PlanIn:
            total_PlanIn:0.18102
            num_until_goal_expanded:1550
            timing_expansions:
                total_S3Exp: 0.181015
                time_top_o: 0.00075244
                time_check_in_c: 0.000347264
                time_add_parent: 0.00048985
                num_neighbors: 365917
                time_add_neighbors_to_o: 0.167563
    num_new_collisions: 8
    timing_PIOW_new_collisions:
        total_PIOW: 1.41892
        num_windows: 55
        time_check_overlap: 2.042e-06
        num_overlapping_windows: 2
        time_merge_windows: 0
        time_remove_window: 0.706401
        time_remove_window: 4.773e-06
        timing_PlanIn:
            total_PlanIn:1.4189
            num_until_goal_expanded:7515
            timing_expansions:
                total_S3Exp: 1.41888
                time_top_o: 0.00771398
                time_check_in_c: 0.00265565
                time_add_parent: 0.00390634
                num_neighbors: 2678577
                time_add_neighbors_to_o: 1.32319
    num_windows_should_quit: 0
    time_should_quit: 5.501e-06
    time_remove_window: 0
Complete!
