Total time: 2.51648
is_optimal: false
optimality_bound: 1.00278
successive_bounds: [1.00473, 1.00473, 1.00473, 1.00473, 1.00473, 1.00389, 1.00389, 1.00334, 1.00334, 1.00334, 1.00278]
successive_runtimes: [0.0112966, 0.0152725, 0.0204416, 0.0286941, 0.0361421, 0.0864997, 0.331734, 0.731232, 1.21152, 1.77457, 2.51648]
num_agents: 50
time_individual_plan: 0.00623291
time_first_plan: 0.00453629
num_max_agents_in_window_first_iteration: 2
num_recWAMPF: 11
timing_recWAMPF:
    total_RecWAMPF: 2.50972
    num_windows: 199
    num_max_agents_in_window: 4
    timing_gari:
        total_GARI: 2.45308
        time_path_btw_starts: 0.000672566
        Stage1:
            total_Stage1:1.96952
            time_add_x_to_o: 0.512386
            time_clear_x: 0.231927
            timing_AStarSearchUntil:
                total_astar_search_until:1.22519
                num_values_f_less_fmax:8120
                ASU Exp:
                    total_ASUExp:1.22518
                    time_top_o:0.0109472
                    time_check_in_c:0.0251968
                    time_add_parent:0.00305683
                    num_neighbors:2526727
                    time_add_neighbors_to_o:1.16538
        Stage2:
            total_Stage2:0.0134142
            num_len_path:189
            time_expanding_s:0.00010694
            timing_AStarSearchUntil:
                total_astar_search_until:0.0132356
                num_values_f_less_fmax:412
                ASU Exp:
                    total_ASUExp:0.0132315
                    time_top_o:0.000117754
                    time_check_in_c:8.3243e-05
                    time_add_parent:0.000127005
                    num_neighbors:27655
                    time_add_neighbors_to_o:0.0123988
        Stage3:
            total_Stage3:0.469112
            num_until_goal_expanded:1965
            timing_S3Exp:
                total_S3Exp: 0.105566
                time_top_o: 0.000792551
                time_check_in_c: 0.000318313
                time_add_parent: 0.000638915
                num_neighbors: 182976
                time_add_neighbors_to_o: 0.101103
    timing_PIOW_overlapping:
        total_PIOW: 0.0406134
        num_windows: 914
        time_check_overlap: 3.15e-05
        num_overlapping_windows: 1
        time_merge_windows: 1.521e-06
        time_remove_window: 5.22e-07
        time_remove_window: 1.467e-06
        timing_PlanIn:
            total_PlanIn:0.0405561
            num_until_goal_expanded:192
            timing_expansions:
                total_S3Exp: 0.0405536
                time_top_o: 7.7226e-05
                time_check_in_c: 4.2658e-05
                time_add_parent: 6.2087e-05
                num_neighbors: 77915
                time_add_neighbors_to_o: 0.0380855
    num_new_collisions: 12
    timing_PIOW_new_collisions:
        total_PIOW: 0.0046305
        num_windows: 128
        time_check_overlap: 3.915e-06
        num_overlapping_windows: 2
        time_merge_windows: 0
        time_remove_window: 0.0971037
        time_remove_window: 4.185e-06
        timing_PlanIn:
            total_PlanIn:0.00460764
            num_until_goal_expanded:203
            timing_expansions:
                total_S3Exp: 0.00458506
                time_top_o: 3.17e-05
                time_check_in_c: 4.6568e-05
                time_add_parent: 5.5541e-05
                num_neighbors: 7808
                time_add_neighbors_to_o: 0.00398599
    num_windows_should_quit: 0
    time_should_quit: 1.3228e-05
    time_remove_window: 0
Complete!
