Total time: 7.59176
is_optimal: false
optimality_bound: 1.00403
successive_bounds: [1.00604, 1.00604, 1.00604, 1.00604, 1.00504, 1.00453, 1.00403, 1.00403, 1.00403, 1.00403, 1.00403, 1.00403, 1.00403, 1.00403]
successive_runtimes: [0.00531955, 0.00716415, 0.00902655, 0.0112707, 0.267657, 0.968901, 2.29462, 3.24255, 4.12589, 4.92583, 5.66957, 6.36625, 7.06196, 7.59176]
num_agents: 30
time_individual_plan: 0.00329801
time_first_plan: 0.00150232
num_max_agents_in_window_first_iteration: 2
num_recWAMPF: 14
timing_recWAMPF:
    total_RecWAMPF: 7.58794
    num_windows: 112
    num_max_agents_in_window: 4
    timing_gari:
        total_GARI: 7.32464
        time_path_btw_starts: 0.0160448
        Stage1:
            total_Stage1:3.89872
            time_add_x_to_o: 1.39005
            time_clear_x: 0.529927
            timing_AStarSearchUntil:
                total_astar_search_until:1.97873
                num_values_f_less_fmax:14434
                ASU Exp:
                    total_ASUExp:1.97873
                    time_top_o:0.0192711
                    time_check_in_c:0.0310495
                    time_add_parent:0.0240758
                    num_neighbors:3489389
                    time_add_neighbors_to_o:1.8876
        Stage2:
            total_Stage2:0.0169518
            num_len_path:104
            time_expanding_s:6.4648e-05
            timing_AStarSearchUntil:
                total_astar_search_until:0.0168333
                num_values_f_less_fmax:542
                ASU Exp:
                    total_ASUExp:0.0168303
                    time_top_o:0.000192851
                    time_check_in_c:0.000142064
                    time_add_parent:0.000216084
                    num_neighbors:26640
                    time_add_neighbors_to_o:0.0156021
        Stage3:
            total_Stage3:3.39184
            num_until_goal_expanded:5243
            timing_S3Exp:
                total_S3Exp: 1.00018
                time_top_o: 0.00598036
                time_check_in_c: 0.0016908
                time_add_parent: 0.00250119
                num_neighbors: 1501251
                time_add_neighbors_to_o: 0.934258
    timing_PIOW_overlapping:
        total_PIOW: 0.258815
        num_windows: 278
        time_check_overlap: 1.4301e-05
        num_overlapping_windows: 4
        time_merge_windows: 6.569e-06
        time_remove_window: 1.524e-06
        time_remove_window: 6.289e-06
        timing_PlanIn:
            total_PlanIn:0.258775
            num_until_goal_expanded:1438
            timing_expansions:
                total_S3Exp: 0.258763
                time_top_o: 0.000772676
                time_check_in_c: 0.000327549
                time_add_parent: 0.000473569
                num_neighbors: 486645
                time_add_neighbors_to_o: 0.24254
    num_new_collisions: 7
    timing_PIOW_new_collisions:
        total_PIOW: 0.000868583
        num_windows: 42
        time_check_overlap: 1.104e-06
        num_overlapping_windows: 0
        time_merge_windows: 0
        time_remove_window: 0
        time_remove_window: 1.853e-06
        timing_PlanIn:
            total_PlanIn:0.00084895
            num_until_goal_expanded:117
            timing_expansions:
                total_S3Exp: 0.000838004
                time_top_o: 1.4258e-05
                time_check_in_c: 2.239e-05
                time_add_parent: 3.0429e-05
                num_neighbors: 1202
                time_add_neighbors_to_o: 0.000603688
    num_windows_should_quit: 0
    time_should_quit: 6.741e-06
    time_remove_window: 0
Complete!
