Total time: 1.1508
is_optimal: false
optimality_bound: 1.01298
successive_bounds: [1.01391, 1.01344, 1.01344, 1.01344, 1.01298, 1.01298]
successive_runtimes: [0.19157, 0.462079, 0.599271, 0.784319, 0.987275, 1.1508]
num_agents: 60
time_individual_plan: 0.00708266
time_first_plan: 0.183959
num_max_agents_in_window_first_iteration: 2
num_recWAMPF: 6
timing_recWAMPF:
    total_RecWAMPF: 1.14318
    num_windows: 59
    num_max_agents_in_window: 4
    timing_gari:
        total_GARI: 0.798897
        time_path_btw_starts: 0.00373539
        Stage1:
            total_Stage1:0.564517
            time_add_x_to_o: 0.18075
            time_clear_x: 0.05178
            timing_AStarSearchUntil:
                total_astar_search_until:0.331983
                num_values_f_less_fmax:1691
                ASU Exp:
                    total_ASUExp:0.33198
                    time_top_o:0.00237959
                    time_check_in_c:0.0173319
                    time_add_parent:0.000868143
                    num_neighbors:644710
                    time_add_neighbors_to_o:0.301957
        Stage2:
            total_Stage2:0.011066
            num_len_path:42
            time_expanding_s:3.1207e-05
            timing_AStarSearchUntil:
                total_astar_search_until:0.0110103
                num_values_f_less_fmax:69
                ASU Exp:
                    total_ASUExp:0.0110093
                    time_top_o:2.8235e-05
                    time_check_in_c:1.5706e-05
                    time_add_parent:2.7128e-05
                    num_neighbors:15434
                    time_add_neighbors_to_o:0.0108331
        Stage3:
            total_Stage3:0.219565
            num_until_goal_expanded:625
            timing_S3Exp:
                total_S3Exp: 0.0997751
                time_top_o: 0.000417809
                time_check_in_c: 0.00013936
                time_add_parent: 0.000272707
                num_neighbors: 156306
                time_add_neighbors_to_o: 0.0928246
    timing_PIOW_overlapping:
        total_PIOW: 0.154721
        num_windows: 286
        time_check_overlap: 9.17e-06
        num_overlapping_windows: 14
        time_merge_windows: 1.6861e-05
        time_remove_window: 4.174e-06
        time_remove_window: 1.608e-05
        timing_PlanIn:
            total_PlanIn:0.154663
            num_until_goal_expanded:4675
            timing_expansions:
                total_S3Exp: 0.154635
                time_top_o: 0.00112304
                time_check_in_c: 0.000971564
                time_add_parent: 0.00119158
                num_neighbors: 317025
                time_add_neighbors_to_o: 0.138861
    num_new_collisions: 18
    timing_PIOW_new_collisions:
        total_PIOW: 0.178667
        num_windows: 278
        time_check_overlap: 7.655e-06
        num_overlapping_windows: 0
        time_merge_windows: 0
        time_remove_window: 0
        time_remove_window: 1.1906e-05
        timing_PlanIn:
            total_PlanIn:0.178623
            num_until_goal_expanded:13594
            timing_expansions:
                total_S3Exp: 0.172917
                time_top_o: 0.0030335
                time_check_in_c: 0.00245302
                time_add_parent: 0.00307598
                num_neighbors: 367534
                time_add_neighbors_to_o: 0.143456
    num_windows_should_quit: 0
    time_should_quit: 5.667e-06
    time_remove_window: 0
Complete!
