Total time: 9.0191
is_optimal: false
optimality_bound: 1.00523
successive_bounds: [1.01466, 1.0068, 1.0068, 1.00628, 1.00628, 1.00628, 1.00628, 1.00628, 1.00602, 1.00576, 1.00576, 1.00576, 1.00576, 1.00576, 1.00576, 1.00576, 1.00523, 1.00523, 1.00523, 1.00523, 1.00523, 1.00523, 1.00523, 1.00523]
successive_runtimes: [0.0327091, 0.0745183, 0.123022, 0.170232, 0.190908, 0.194554, 0.197632, 0.20055, 0.203676, 0.208319, 2.927, 3.43707, 3.92445, 4.38155, 4.8617, 5.31578, 5.7673, 6.21771, 6.7281, 7.1814, 7.6307, 8.081, 8.52994, 9.0191]
num_agents: 60
time_individual_plan: 0.0134211
time_first_plan: 0.0187069
num_max_agents_in_window_first_iteration: 3
num_recWAMPF: 24
timing_recWAMPF:
    total_RecWAMPF: 9.0051
    num_windows: 220
    num_max_agents_in_window: 4
    timing_gari:
        total_GARI: 6.23171
        time_path_btw_starts: 0.00126075
        Stage1:
            total_Stage1:0.10309
            time_add_x_to_o: 0.0431993
            time_clear_x: 0.00603942
            timing_AStarSearchUntil:
                total_astar_search_until:0.0538383
                num_values_f_less_fmax:8181
                ASU Exp:
                    total_ASUExp:0.0538325
                    time_top_o:0.00252681
                    time_check_in_c:0.0020635
                    time_add_parent:0.000894079
                    num_neighbors:111533
                    time_add_neighbors_to_o:0.0428732
        Stage2:
            total_Stage2:0.0121817
            num_len_path:164
            time_expanding_s:0.000193214
            timing_AStarSearchUntil:
                total_astar_search_until:0.0118939
                num_values_f_less_fmax:270
                ASU Exp:
                    total_ASUExp:0.0118894
                    time_top_o:0.000101905
                    time_check_in_c:5.9763e-05
                    time_add_parent:9.5804e-05
                    num_neighbors:24589
                    time_add_neighbors_to_o:0.0110052
        Stage3:
            total_Stage3:6.11484
            num_until_goal_expanded:6133
            timing_S3Exp:
                total_S3Exp: 0.10864
                time_top_o: 0.00185033
                time_check_in_c: 0.000913539
                time_add_parent: 0.00175904
                num_neighbors: 166100
                time_add_neighbors_to_o: 0.0926851
    timing_PIOW_overlapping:
        total_PIOW: 0.0214959
        num_windows: 908
        time_check_overlap: 3.3148e-05
        num_overlapping_windows: 12
        time_merge_windows: 1.2825e-05
        time_remove_window: 2.133e-06
        time_remove_window: 1.2291e-05
        timing_PlanIn:
            total_PlanIn:0.0214137
            num_until_goal_expanded:1050
            timing_expansions:
                total_S3Exp: 0.0213903
                time_top_o: 0.000206305
                time_check_in_c: 0.000175769
                time_add_parent: 0.00027841
                num_neighbors: 37587
                time_add_neighbors_to_o: 0.0184006
    num_new_collisions: 21
    timing_PIOW_new_collisions:
        total_PIOW: 2.72232
        num_windows: 336
        time_check_overlap: 9.882e-06
        num_overlapping_windows: 6
        time_merge_windows: 0
        time_remove_window: 0.332298
        time_remove_window: 9.922e-06
        timing_PlanIn:
            total_PlanIn:2.72227
            num_until_goal_expanded:8197
            timing_expansions:
                total_S3Exp: 2.72222
                time_top_o: 0.00667448
                time_check_in_c: 0.00213754
                time_add_parent: 0.00464728
                num_neighbors: 3830685
                time_add_neighbors_to_o: 2.59641
    num_windows_should_quit: 0
    time_should_quit: 1.5782e-05
    time_remove_window: 0
Complete!
