Total time: 0.0247042
is_optimal: true
optimality_bound: 1
successive_bounds: [1.00229, 1.00137, 1.00137, 1.00137, 1.00137, 1.00137, 1.00137, 1.00137, 1.00137, 1.00137, 1.00137, 1.00137, 1.00137, 1.00137, 1.00046, 1.00046, 1.00046, 1.00046, 1.00046, 1.00046, 1, 1]
successive_runtimes: [0.00515971, 0.00616746, 0.00682949, 0.00729485, 0.00776717, 0.00826419, 0.00878303, 0.00930136, 0.00982209, 0.0104266, 0.0111332, 0.0116827, 0.0122213, 0.0127556, 0.0135414, 0.0141633, 0.0188427, 0.0202788, 0.0218546, 0.0230296, 0.0247042]
num_agents: 30
time_individual_plan: 0.00362949
time_first_plan: 0.00100761
num_max_agents_in_window_first_iteration: 2
num_recWAMPF: 21
timing_recWAMPF:
    total_RecWAMPF: 0.020549
    num_windows: 123
    num_max_agents_in_window: 2
    timing_gari:
        total_GARI: 0.0147985
        time_path_btw_starts: 0.000247654
        Stage1:
            total_Stage1:0.00170176
            time_add_x_to_o: 0.00124383
            time_clear_x: 0.000146372
            timing_AStarSearchUntil:
                total_astar_search_until:0.000305025
                num_values_f_less_fmax:177
                ASU Exp:
                    total_ASUExp:0.000302361
                    time_top_o:3.2995e-05
                    time_check_in_c:2.5113e-05
                    time_add_parent:1.5708e-05
                    num_neighbors:367
                    time_add_neighbors_to_o:0.000139005
        Stage2:
            total_Stage2:0.00278636
            num_len_path:92
            time_expanding_s:4.6233e-05
            timing_AStarSearchUntil:
                total_astar_search_until:0.00271006
                num_values_f_less_fmax:209
                ASU Exp:
                    total_ASUExp:0.00270736
                    time_top_o:5.3949e-05
                    time_check_in_c:3.8489e-05
                    time_add_parent:6.1006e-05
                    num_neighbors:5303
                    time_add_neighbors_to_o:0.00229498
        Stage3:
            total_Stage3:0.0100399
            num_until_goal_expanded:546
            timing_S3Exp:
                total_S3Exp: 0.00675075
                time_top_o: 0.000119898
                time_check_in_c: 8.7828e-05
                time_add_parent: 0.000137635
                num_neighbors: 10289
                time_add_neighbors_to_o: 0.0055334
    timing_PIOW_overlapping:
        total_PIOW: 1.079e-05
        num_windows: 180
        time_check_overlap: 6.024e-06
        num_overlapping_windows: 0
        time_merge_windows: 0
        time_remove_window: 0
        time_remove_window: 0
        timing_PlanIn:
            total_PlanIn:0
            num_until_goal_expanded:0
            timing_expansions:
                total_S3Exp: 0
                time_top_o: 0
                time_check_in_c: 0
                time_add_parent: 0
                num_neighbors: 0
                time_add_neighbors_to_o: 0
    num_new_collisions: 3
    timing_PIOW_new_collisions:
        total_PIOW: 0.00060252
        num_windows: 6
        time_check_overlap: 2.83e-07
        num_overlapping_windows: 0
        time_merge_windows: 0
        time_remove_window: 0
        time_remove_window: 1.242e-06
        timing_PlanIn:
            total_PlanIn:0.000597535
            num_until_goal_expanded:79
            timing_expansions:
                total_S3Exp: 0.000589977
                time_top_o: 9.931e-06
                time_check_in_c: 1.375e-05
                time_add_parent: 2.0231e-05
                num_neighbors: 743
                time_add_neighbors_to_o: 0.000423426
    num_windows_should_quit: 0
    time_should_quit: 3.12e-06
    time_remove_window: 0
Complete!
