Total time: 0.0654306
is_optimal: true
optimality_bound: 1
successive_bounds: [1.00422, 1.00422, 1.00281, 1.00281, 1.00281, 1.00141, 1.00141, 1.00141, 1.00141, 1.00141, 1.00141, 1.00141, 1.00141, 1.00141, 1.00141, 1.00141, 1.00141, 1.00141, 1.00141, 1.00141, 1.00141, 1, 1]
successive_runtimes: [0.00521076, 0.00612774, 0.00712729, 0.00804592, 0.00893637, 0.0105737, 0.0154522, 0.0189384, 0.0211026, 0.0236512, 0.0262233, 0.0288363, 0.0316497, 0.0344735, 0.0373794, 0.0405257, 0.0437542, 0.047093, 0.0507609, 0.0549237, 0.0592482, 0.0654306]
num_agents: 20
time_individual_plan: 0.00377211
time_first_plan: 0.000905801
num_max_agents_in_window_first_iteration: 2
num_recWAMPF: 22
timing_recWAMPF:
    total_RecWAMPF: 0.0611223
    num_windows: 184
    num_max_agents_in_window: 3
    timing_gari:
        total_GARI: 0.0543278
        time_path_btw_starts: 0.000521881
        Stage1:
            total_Stage1:0.0253691
            time_add_x_to_o: 0.0110364
            time_clear_x: 0.00179438
            timing_AStarSearchUntil:
                total_astar_search_until:0.0125285
                num_values_f_less_fmax:2869
                ASU Exp:
                    total_ASUExp:0.0125243
                    time_top_o:0.000815477
                    time_check_in_c:0.000537625
                    time_add_parent:0.000391522
                    num_neighbors:24605
                    time_add_neighbors_to_o:0.00916951
        Stage2:
            total_Stage2:0.00648524
            num_len_path:203
            time_expanding_s:0.000250441
            timing_AStarSearchUntil:
                total_astar_search_until:0.00618289
                num_values_f_less_fmax:396
                ASU Exp:
                    total_ASUExp:0.0061791
                    time_top_o:0.000103211
                    time_check_in_c:7.6544e-05
                    time_add_parent:0.000142121
                    num_neighbors:14102
                    time_add_neighbors_to_o:0.00539458
        Stage3:
            total_Stage3:0.0217266
            num_until_goal_expanded:2122
            timing_S3Exp:
                total_S3Exp: 0.0127912
                time_top_o: 0.000569232
                time_check_in_c: 0.000262742
                time_add_parent: 0.00050846
                num_neighbors: 26585
                time_add_neighbors_to_o: 0.00917675
    timing_PIOW_overlapping:
        total_PIOW: 0.0037183
        num_windows: 394
        time_check_overlap: 1.4718e-05
        num_overlapping_windows: 1
        time_merge_windows: 1.072e-06
        time_remove_window: 1.19e-07
        time_remove_window: 1.021e-06
        timing_PlanIn:
            total_PlanIn:0.00369095
            num_until_goal_expanded:118
            timing_expansions:
                total_S3Exp: 0.0036888
                time_top_o: 2.3311e-05
                time_check_in_c: 2.0136e-05
                time_add_parent: 3.2894e-05
                num_neighbors: 6468
                time_add_neighbors_to_o: 0.00326981
    num_new_collisions: 5
    timing_PIOW_new_collisions:
        total_PIOW: 0.000567841
        num_windows: 20
        time_check_overlap: 7.32e-07
        num_overlapping_windows: 0
        time_merge_windows: 0
        time_remove_window: 0
        time_remove_window: 1.402e-06
        timing_PlanIn:
            total_PlanIn:0.000561123
            num_until_goal_expanded:73
            timing_expansions:
                total_S3Exp: 0.000551778
                time_top_o: 9.681e-06
                time_check_in_c: 1.2315e-05
                time_add_parent: 1.9627e-05
                num_neighbors: 829
                time_add_neighbors_to_o: 0.000404291
    num_windows_should_quit: 0
    time_should_quit: 6.025e-06
    time_remove_window: 0
Complete!
