Total time: 0.664984
is_optimal: true
optimality_bound: 1
successive_bounds: [1.00345, 1.00345, 1.00296, 1.00296, 1.00296, 1.00296, 1.00296, 1.00197, 1.00148, 1.00148, 1.00148, 1.00099, 1.00099, 1.00099, 1.00099, 1.00099, 1.00099, 1.00099, 1.00099, 1.00099, 1.00099, 1.00099, 1, 1]
successive_runtimes: [0.00645177, 0.0075053, 0.00877125, 0.00975491, 0.011037, 0.0122759, 0.0135408, 0.0207602, 0.0284258, 0.0341612, 0.0397683, 0.0454269, 0.0510103, 0.0569978, 0.0633785, 0.0825234, 0.0915034, 0.10127, 0.111242, 0.122692, 0.267151, 0.447763, 0.664984]
num_agents: 30
time_individual_plan: 0.00484831
time_first_plan: 0.00107508
num_max_agents_in_window_first_iteration: 2
num_recWAMPF: 23
timing_recWAMPF:
    total_RecWAMPF: 0.659603
    num_windows: 219
    num_max_agents_in_window: 3
    timing_gari:
        total_GARI: 0.521781
        time_path_btw_starts: 0.000543116
        Stage1:
            total_Stage1:0.414323
            time_add_x_to_o: 0.122248
            time_clear_x: 0.0275939
            timing_AStarSearchUntil:
                total_astar_search_until:0.264467
                num_values_f_less_fmax:16288
                ASU Exp:
                    total_ASUExp:0.264461
                    time_top_o:0.0102794
                    time_check_in_c:0.00488023
                    time_add_parent:0.00370259
                    num_neighbors:484569
                    time_add_neighbors_to_o:0.230083
        Stage2:
            total_Stage2:0.014865
            num_len_path:228
            time_expanding_s:0.000114355
            timing_AStarSearchUntil:
                total_astar_search_until:0.0146809
                num_values_f_less_fmax:1148
                ASU Exp:
                    total_ASUExp:0.0146763
                    time_top_o:0.000309329
                    time_check_in_c:0.000222898
                    time_add_parent:0.00032255
                    num_neighbors:29383
                    time_add_neighbors_to_o:0.0126124
        Stage3:
            total_Stage3:0.0920097
            num_until_goal_expanded:2916
            timing_S3Exp:
                total_S3Exp: 0.0230562
                time_top_o: 0.000833081
                time_check_in_c: 0.000489101
                time_add_parent: 0.000858152
                num_neighbors: 40797
                time_add_neighbors_to_o: 0.0169937
    timing_PIOW_overlapping:
        total_PIOW: 0.131843
        num_windows: 528
        time_check_overlap: 2.1811e-05
        num_overlapping_windows: 1
        time_merge_windows: 2.244e-06
        time_remove_window: 3e-07
        time_remove_window: 2.189e-06
        timing_PlanIn:
            total_PlanIn:0.131803
            num_until_goal_expanded:2166
            timing_expansions:
                total_S3Exp: 0.1318
                time_top_o: 0.00137949
                time_check_in_c: 0.000434822
                time_add_parent: 0.000773091
                num_neighbors: 242988
                time_add_neighbors_to_o: 0.119949
    num_new_collisions: 5
    timing_PIOW_new_collisions:
        total_PIOW: 0.00045695
        num_windows: 20
        time_check_overlap: 5.8e-07
        num_overlapping_windows: 0
        time_merge_windows: 0
        time_remove_window: 0
        time_remove_window: 1.624e-06
        timing_PlanIn:
            total_PlanIn:0.000450371
            num_until_goal_expanded:59
            timing_expansions:
                total_S3Exp: 0.000441901
                time_top_o: 7.559e-06
                time_check_in_c: 9.531e-06
                time_add_parent: 1.5327e-05
                num_neighbors: 680
                time_add_neighbors_to_o: 0.000309894
    num_windows_should_quit: 0
    time_should_quit: 9.939e-06
    time_remove_window: 0
Complete!
