Total time: 0.516064
is_optimal: false
optimality_bound: 1.00352
successive_bounds: [1.02819, 1.00705, 1.00512, 1.00416, 1.00416, 1.00416, 1.00352, 1.00352, 1.00352, 1.00352, 1.00352, 1.00352, 1.00352, 1.00352, 1.00352, 1.00352, 1.00352, 1.00352, 1.00352, 1.00352]
successive_runtimes: [0.0196447, 0.0526573, 0.0843989, 0.218729, 0.293727, 0.440271, 0.45924, 0.468115, 0.472028, 0.475921, 0.479803, 0.483663, 0.488161, 0.492693, 0.496727, 0.500551, 0.504509, 0.507901, 0.511807, 0.516064]
num_agents: 50
time_individual_plan: 0.00941124
time_first_plan: 0.00970472
num_max_agents_in_window_first_iteration: 2
num_recWAMPF: 20
timing_recWAMPF:
    total_RecWAMPF: 0.506119
    num_windows: 219
    num_max_agents_in_window: 4
    timing_gari:
        total_GARI: 0.333066
        time_path_btw_starts: 0.000674732
        Stage1:
            total_Stage1:0.200698
            time_add_x_to_o: 0.0675284
            time_clear_x: 0.0125495
            timing_AStarSearchUntil:
                total_astar_search_until:0.120607
                num_values_f_less_fmax:5939
                ASU Exp:
                    total_ASUExp:0.120602
                    time_top_o:0.00225861
                    time_check_in_c:0.00169786
                    time_add_parent:0.000809415
                    num_neighbors:238091
                    time_add_neighbors_to_o:0.111551
        Stage2:
            total_Stage2:0.0159687
            num_len_path:187
            time_expanding_s:0.000419796
            timing_AStarSearchUntil:
                total_astar_search_until:0.0154638
                num_values_f_less_fmax:261
                ASU Exp:
                    total_ASUExp:0.0154594
                    time_top_o:8.5957e-05
                    time_check_in_c:5.6996e-05
                    time_add_parent:9.8061e-05
                    num_neighbors:37214
                    time_add_neighbors_to_o:0.0147778
        Stage3:
            total_Stage3:0.115681
            num_until_goal_expanded:1335
            timing_S3Exp:
                total_S3Exp: 0.0505537
                time_top_o: 0.000431943
                time_check_in_c: 0.000305405
                time_add_parent: 0.000595817
                num_neighbors: 85403
                time_add_neighbors_to_o: 0.0470385
    timing_PIOW_overlapping:
        total_PIOW: 0.150635
        num_windows: 873
        time_check_overlap: 2.9103e-05
        num_overlapping_windows: 11
        time_merge_windows: 1.5506e-05
        time_remove_window: 3.073e-06
        time_remove_window: 1.5012e-05
        timing_PlanIn:
            total_PlanIn:0.15055
            num_until_goal_expanded:1148
            timing_expansions:
                total_S3Exp: 0.150524
                time_top_o: 0.000373222
                time_check_in_c: 0.000238639
                time_add_parent: 0.000337263
                num_neighbors: 268926
                time_add_neighbors_to_o: 0.140931
    num_new_collisions: 15
    timing_PIOW_new_collisions:
        total_PIOW: 0.00655729
        num_windows: 210
        time_check_overlap: 5.145e-06
        num_overlapping_windows: 0
        time_merge_windows: 0
        time_remove_window: 0
        time_remove_window: 7.855e-06
        timing_PlanIn:
            total_PlanIn:0.00652805
            num_until_goal_expanded:600
            timing_expansions:
                total_S3Exp: 0.00650502
                time_top_o: 7.9575e-05
                time_check_in_c: 0.000104793
                time_add_parent: 0.000151648
                num_neighbors: 11921
                time_add_neighbors_to_o: 0.00527013
    num_windows_should_quit: 0
    time_should_quit: 1.521e-05
    time_remove_window: 0
Complete!
