Total time: 7.49174
is_optimal: false
optimality_bound: 1.00487
successive_bounds: [1.00692, 1.0064, 1.00615, 1.00615, 1.00589, 1.00589, 1.00589, 1.00589, 1.00589, 1.00589, 1.00589, 1.00589, 1.00589, 1.00538, 1.00538, 1.00487, 1.00487, 1.00487, 1.00487, 1.00487, 1.00487, 1.00487, 1.00487, 1.00487, 1.00487, 1.00487, 1.00487, 1.00487, 1.00487, 1.00487, 1.00487]
successive_runtimes: [0.0294774, 0.053468, 0.0647086, 0.0675289, 0.0699791, 0.0720775, 0.0741613, 0.0760898, 0.077967, 0.079839, 0.081722, 0.0836162, 0.0856382, 0.0899473, 0.0925445, 0.213719, 0.412424, 0.637701, 0.888879, 1.48921, 2.18741, 2.70831, 3.11014, 3.48812, 3.85092, 4.2068, 4.52195, 5.47329, 6.06207, 6.46772, 7.49174]
num_agents: 60
time_individual_plan: 0.0149094
time_first_plan: 0.0140344
num_max_agents_in_window_first_iteration: 3
num_recWAMPF: 31
timing_recWAMPF:
    total_RecWAMPF: 7.47629
    num_windows: 287
    num_max_agents_in_window: 4
    timing_gari:
        total_GARI: 7.29857
        time_path_btw_starts: 0.00379409
        Stage1:
            total_Stage1:2.34879
            time_add_x_to_o: 0.91273
            time_clear_x: 0.336407
            timing_AStarSearchUntil:
                total_astar_search_until:1.09964
                num_values_f_less_fmax:11266
                ASU Exp:
                    total_ASUExp:1.09963
                    time_top_o:0.0155562
                    time_check_in_c:0.00411568
                    time_add_parent:0.00379432
                    num_neighbors:1991596
                    time_add_neighbors_to_o:1.00052
        Stage2:
            total_Stage2:0.0113245
            num_len_path:173
            time_expanding_s:0.00013656
            timing_AStarSearchUntil:
                total_astar_search_until:0.01105
                num_values_f_less_fmax:235
                ASU Exp:
                    total_ASUExp:0.0110437
                    time_top_o:9.6736e-05
                    time_check_in_c:5.3319e-05
                    time_add_parent:9.2132e-05
                    num_neighbors:18615
                    time_add_neighbors_to_o:0.0103022
        Stage3:
            total_Stage3:4.93437
            num_until_goal_expanded:17695
            timing_S3Exp:
                total_S3Exp: 2.31871
                time_top_o: 0.0211116
                time_check_in_c: 0.00490476
                time_add_parent: 0.00995011
                num_neighbors: 4340604
                time_add_neighbors_to_o: 2.251
    timing_PIOW_overlapping:
        total_PIOW: 0.00977608
        num_windows: 1009
        time_check_overlap: 3.5002e-05
        num_overlapping_windows: 14
        time_merge_windows: 1.0757e-05
        time_remove_window: 2.12e-06
        time_remove_window: 1.0136e-05
        timing_PlanIn:
            total_PlanIn:0.00969317
            num_until_goal_expanded:652
            timing_expansions:
                total_S3Exp: 0.0096705
                time_top_o: 9.719e-05
                time_check_in_c: 0.000112902
                time_add_parent: 0.000162477
                num_neighbors: 16594
                time_add_neighbors_to_o: 0.0080502
    num_new_collisions: 22
    timing_PIOW_new_collisions:
        total_PIOW: 0.12668
        num_windows: 393
        time_check_overlap: 1.0596e-05
        num_overlapping_windows: 4
        time_merge_windows: 0
        time_remove_window: 0.228096
        time_remove_window: 9.642e-06
        timing_PlanIn:
            total_PlanIn:0.126626
            num_until_goal_expanded:1032
            timing_expansions:
                total_S3Exp: 0.126588
                time_top_o: 0.000427085
                time_check_in_c: 0.000211192
                time_add_parent: 0.000316295
                num_neighbors: 233860
                time_add_neighbors_to_o: 0.118168
    num_windows_should_quit: 0
    time_should_quit: 1.5314e-05
    time_remove_window: 0
Complete!
