Total time: 0.00695394
is_optimal: true
optimality_bound: 1
successive_bounds: [1.00296, 1.00296, 1.00296, 1.00296, 1.00296, 1.00296, 1.00296, 1.00296, 1.00296, 1.00296, 1.00296, 1, 1]
successive_runtimes: [0.00257331, 0.00273423, 0.00301643, 0.00345081, 0.00389389, 0.00435549, 0.0048547, 0.0054481, 0.00613388, 0.00638676, 0.0065523, 0.00695392]
num_agents: 10
time_individual_plan: 0.00192323
time_first_plan: 0.00011784
num_max_agents_in_window_first_iteration: 2
num_recWAMPF: 12
timing_recWAMPF:
    total_RecWAMPF: 0.00449656
    num_windows: 23
    num_max_agents_in_window: 2
    timing_gari:
        total_GARI: 0.00415163
        time_path_btw_starts: 4.7733e-05
        Stage1:
            total_Stage1:0.00147082
            time_add_x_to_o: 0.000610374
            time_clear_x: 6.146e-05
            timing_AStarSearchUntil:
                total_astar_search_until:0.000797744
                num_values_f_less_fmax:96
                ASU Exp:
                    total_ASUExp:0.000797163
                    time_top_o:2.3168e-05
                    time_check_in_c:1.8548e-05
                    time_add_parent:3.2079e-05
                    num_neighbors:1770
                    time_add_neighbors_to_o:0.000615793
        Stage2:
            total_Stage2:0.00147218
            num_len_path:21
            time_expanding_s:8.972e-06
            timing_AStarSearchUntil:
                total_astar_search_until:0.00145743
                num_values_f_less_fmax:150
                ASU Exp:
                    total_ASUExp:0.00145696
                    time_top_o:3.3387e-05
                    time_check_in_c:2.5821e-05
                    time_add_parent:3.6645e-05
                    num_neighbors:3360
                    time_add_neighbors_to_o:0.00120825
        Stage3:
            total_Stage3:0.00115741
            num_until_goal_expanded:55
            timing_S3Exp:
                total_S3Exp: 0.000535245
                time_top_o: 1.1106e-05
                time_check_in_c: 7.313e-06
                time_add_parent: 1.2281e-05
                num_neighbors: 674
                time_add_neighbors_to_o: 0.000409934
    timing_PIOW_overlapping:
        total_PIOW: 2.71e-07
        num_windows: 11
        time_check_overlap: 0
        num_overlapping_windows: 0
        time_merge_windows: 0
        time_remove_window: 0
        time_remove_window: 0
        timing_PlanIn:
            total_PlanIn:0
            num_until_goal_expanded:0
            timing_expansions:
                total_S3Exp: 0
                time_top_o: 0
                time_check_in_c: 0
                time_add_parent: 0
                num_neighbors: 0
                time_add_neighbors_to_o: 0
    num_new_collisions: 1
    timing_PIOW_new_collisions:
        total_PIOW: 9.2394e-05
        num_windows: 0
        time_check_overlap: 0
        num_overlapping_windows: 0
        time_merge_windows: 0
        time_remove_window: 0
        time_remove_window: 2.85e-07
        timing_PlanIn:
            total_PlanIn:9.0489e-05
            num_until_goal_expanded:11
            timing_expansions:
                total_S3Exp: 8.598e-05
                time_top_o: 2.03e-06
                time_check_in_c: 2.278e-06
                time_add_parent: 3.548e-06
                num_neighbors: 145
                time_add_neighbors_to_o: 6.0431e-05
    num_windows_should_quit: 0
    time_should_quit: 5.32e-07
    time_remove_window: 0
Complete!
