Total time: 0.0149974
is_optimal: true
optimality_bound: 1
successive_bounds: [1.00131, 1.00066, 1.00066, 1.00066, 1.00066, 1.00066, 1.00066, 1.00066, 1.00066, 1, 1]
successive_runtimes: [0.00677363, 0.00714193, 0.00745355, 0.00777073, 0.00844143, 0.00914317, 0.00969043, 0.0102073, 0.0107906, 0.0149974]
num_agents: 20
time_individual_plan: 0.00583985
time_first_plan: 0.000394707
num_max_agents_in_window_first_iteration: 2
num_recWAMPF: 10
timing_recWAMPF:
    total_RecWAMPF: 0.00861661
    num_windows: 57
    num_max_agents_in_window: 2
    timing_gari:
        total_GARI: 0.00726717
        time_path_btw_starts: 0.000128706
        Stage1:
            total_Stage1:0.00453073
            time_add_x_to_o: 0.000676634
            time_clear_x: 7.9092e-05
            timing_AStarSearchUntil:
                total_astar_search_until:0.00377201
                num_values_f_less_fmax:364
                ASU Exp:
                    total_ASUExp:0.00377076
                    time_top_o:9.2948e-05
                    time_check_in_c:7.0653e-05
                    time_add_parent:9.2755e-05
                    num_neighbors:6735
                    time_add_neighbors_to_o:0.00317128
        Stage2:
            total_Stage2:0.00137651
            num_len_path:64
            time_expanding_s:2.6021e-05
            timing_AStarSearchUntil:
                total_astar_search_until:0.0013372
                num_values_f_less_fmax:112
                ASU Exp:
                    total_ASUExp:0.00133607
                    time_top_o:2.6091e-05
                    time_check_in_c:2.159e-05
                    time_add_parent:3.1347e-05
                    num_neighbors:2704
                    time_add_neighbors_to_o:0.00112609
        Stage3:
            total_Stage3:0.00122388
            num_until_goal_expanded:61
            timing_S3Exp:
                total_S3Exp: 0.000554276
                time_top_o: 8.179e-06
                time_check_in_c: 5.978e-06
                time_add_parent: 1.0869e-05
                num_neighbors: 714
                time_add_neighbors_to_o: 0.000377833
    timing_PIOW_overlapping:
        total_PIOW: 5.213e-06
        num_windows: 81
        time_check_overlap: 2.782e-06
        num_overlapping_windows: 0
        time_merge_windows: 0
        time_remove_window: 0
        time_remove_window: 0
        timing_PlanIn:
            total_PlanIn:0
            num_until_goal_expanded:0
            timing_expansions:
                total_S3Exp: 0
                time_top_o: 0
                time_check_in_c: 0
                time_add_parent: 0
                num_neighbors: 0
                time_add_neighbors_to_o: 0
    num_new_collisions: 3
    timing_PIOW_new_collisions:
        total_PIOW: 0.000207823
        num_windows: 6
        time_check_overlap: 2.75e-07
        num_overlapping_windows: 0
        time_merge_windows: 0
        time_remove_window: 0
        time_remove_window: 9.58e-07
        timing_PlanIn:
            total_PlanIn:0.000203579
            num_until_goal_expanded:17
            timing_expansions:
                total_S3Exp: 0.000196924
                time_top_o: 2.775e-06
                time_check_in_c: 3.129e-06
                time_add_parent: 5.808e-06
                num_neighbors: 312
                time_add_neighbors_to_o: 0.000153913
    num_windows_should_quit: 0
    time_should_quit: 1.618e-06
    time_remove_window: 0
Complete!
