Total time: 7.72941
is_optimal: false
optimality_bound: 1.00154
successive_bounds: [1.00386, 1.00386, 1.00386, 1.00386, 1.00386, 1.00386, 1.00309, 1.00309, 1.00232, 1.00232, 1.00154]
successive_runtimes: [0.00880158, 0.0106076, 0.0127599, 0.01486, 0.0170847, 0.0193438, 0.0217749, 0.0238352, 0.0870079, 0.203502, 7.72941]
num_agents: 40
time_individual_plan: 0.00604699
time_first_plan: 0.00222363
num_max_agents_in_window_first_iteration: 2
num_recWAMPF: 11
timing_recWAMPF:
    total_RecWAMPF: 7.72283
    num_windows: 117
    num_max_agents_in_window: 4
    timing_gari:
        total_GARI: 0.28852
        time_path_btw_starts: 0.000306926
        Stage1:
            total_Stage1:0.181664
            time_add_x_to_o: 0.0544029
            time_clear_x: 0.0111909
            timing_AStarSearchUntil:
                total_astar_search_until:0.116063
                num_values_f_less_fmax:3952
                ASU Exp:
                    total_ASUExp:0.11606
                    time_top_o:0.00343188
                    time_check_in_c:0.00821303
                    time_add_parent:0.00133155
                    num_neighbors:213784
                    time_add_neighbors_to_o:0.0977133
        Stage2:
            total_Stage2:0.0037679
            num_len_path:114
            time_expanding_s:6.2884e-05
            timing_AStarSearchUntil:
                total_astar_search_until:0.00367168
                num_values_f_less_fmax:296
                ASU Exp:
                    total_ASUExp:0.00366927
                    time_top_o:6.9869e-05
                    time_check_in_c:5.4753e-05
                    time_add_parent:8.9871e-05
                    num_neighbors:7966
                    time_add_neighbors_to_o:0.00314961
        Stage3:
            total_Stage3:0.101929
            num_until_goal_expanded:4485
            timing_S3Exp:
                total_S3Exp: 0.066203
                time_top_o: 0.00198386
                time_check_in_c: 0.000634211
                time_add_parent: 0.00136158
                num_neighbors: 122673
                time_add_neighbors_to_o: 0.0570884
    timing_PIOW_overlapping:
        total_PIOW: 0.285144
        num_windows: 337
        time_check_overlap: 1.3126e-05
        num_overlapping_windows: 3
        time_merge_windows: 5.486e-06
        time_remove_window: 1.127e-06
        time_remove_window: 5.312e-06
        timing_PlanIn:
            total_PlanIn:0.285108
            num_until_goal_expanded:6194
            timing_expansions:
                total_S3Exp: 0.285099
                time_top_o: 0.00360735
                time_check_in_c: 0.00113684
                time_add_parent: 0.00195749
                num_neighbors: 544174
                time_add_neighbors_to_o: 0.255878
    num_new_collisions: 7
    timing_PIOW_new_collisions:
        total_PIOW: 7.14352
        num_windows: 37
        time_check_overlap: 1.908e-06
        num_overlapping_windows: 1
        time_merge_windows: 0
        time_remove_window: 0.586878
        time_remove_window: 2.54e-06
        timing_PlanIn:
            total_PlanIn:7.14351
            num_until_goal_expanded:22287
            timing_expansions:
                total_S3Exp: 7.1435
                time_top_o: 0.039597
                time_check_in_c: 0.00768414
                time_add_parent: 0.013289
                num_neighbors: 12095487
                time_add_neighbors_to_o: 6.73748
    num_windows_should_quit: 0
    time_should_quit: 4.074e-06
    time_remove_window: 0
Complete!
