Total time: 0.64444
is_optimal: true
optimality_bound: 1
successive_bounds: [1.00351, 1.00351, 1.00351, 1.00351, 1.00351, 1.00251, 1.00251, 1.00251, 1.00251, 1.00251, 1.00251, 1.00251, 1.00201, 1.001, 1.001, 1.001, 1.001, 1.001, 1.001, 1.001, 1.001, 1.001, 1.001, 1, 1]
successive_runtimes: [0.00487285, 0.00572904, 0.00659276, 0.00740136, 0.00825095, 0.0109591, 0.0245645, 0.061543, 0.0997153, 0.131369, 0.15616, 0.181757, 0.210878, 0.239566, 0.269259, 0.304939, 0.348354, 0.38722, 0.424568, 0.464987, 0.505888, 0.548738, 0.594321, 0.64444]
num_agents: 30
time_individual_plan: 0.0033781
time_first_plan: 0.000972877
num_max_agents_in_window_first_iteration: 2
num_recWAMPF: 24
timing_recWAMPF:
    total_RecWAMPF: 0.640536
    num_windows: 134
    num_max_agents_in_window: 3
    timing_gari:
        total_GARI: 0.621883
        time_path_btw_starts: 0.000572529
        Stage1:
            total_Stage1:0.328356
            time_add_x_to_o: 0.133089
            time_clear_x: 0.0326153
            timing_AStarSearchUntil:
                total_astar_search_until:0.16264
                num_values_f_less_fmax:8691
                ASU Exp:
                    total_ASUExp:0.162636
                    time_top_o:0.00582897
                    time_check_in_c:0.00193087
                    time_add_parent:0.00328628
                    num_neighbors:363706
                    time_add_neighbors_to_o:0.146041
        Stage2:
            total_Stage2:0.0323143
            num_len_path:131
            time_expanding_s:7.431e-05
            timing_AStarSearchUntil:
                total_astar_search_until:0.0321728
                num_values_f_less_fmax:530
                ASU Exp:
                    total_ASUExp:0.0321699
                    time_top_o:0.00021197
                    time_check_in_c:0.00010015
                    time_add_parent:0.000167434
                    num_neighbors:75599
                    time_add_neighbors_to_o:0.0308707
        Stage3:
            total_Stage3:0.260607
            num_until_goal_expanded:2579
            timing_S3Exp:
                total_S3Exp: 0.0477591
                time_top_o: 0.00111774
                time_check_in_c: 0.000446201
                time_add_parent: 0.00128981
                num_neighbors: 76248
                time_add_neighbors_to_o: 0.0398821
    timing_PIOW_overlapping:
        total_PIOW: 0.0122518
        num_windows: 204
        time_check_overlap: 9.348e-06
        num_overlapping_windows: 2
        time_merge_windows: 3.192e-06
        time_remove_window: 3.75e-07
        time_remove_window: 3.086e-06
        timing_PlanIn:
            total_PlanIn:0.0122297
            num_until_goal_expanded:231
            timing_expansions:
                total_S3Exp: 0.0122252
                time_top_o: 5.4466e-05
                time_check_in_c: 4.3097e-05
                time_add_parent: 6.1333e-05
                num_neighbors: 19621
                time_add_neighbors_to_o: 0.0112214
    num_new_collisions: 4
    timing_PIOW_new_collisions:
        total_PIOW: 0.000405337
        num_windows: 12
        time_check_overlap: 4.68e-07
        num_overlapping_windows: 0
        time_merge_windows: 0
        time_remove_window: 0
        time_remove_window: 1.098e-06
        timing_PlanIn:
            total_PlanIn:0.000400063
            num_until_goal_expanded:51
            timing_expansions:
                total_S3Exp: 0.00039268
                time_top_o: 6.861e-06
                time_check_in_c: 8.754e-06
                time_add_parent: 1.3973e-05
                num_neighbors: 578
                time_add_neighbors_to_o: 0.000279497
    num_windows_should_quit: 0
    time_should_quit: 8.233e-06
    time_remove_window: 0
Complete!
