Total time: 9.93463
is_optimal: true
optimality_bound: 1
successive_bounds: [1.00545, 1.00272, 1.00212, 1.00151, 1.00121, 1.00121, 1.00121, 1.00121, 1.00061, 1.00061, 1, 1]
successive_runtimes: [0.0226125, 0.0340374, 0.0425811, 0.0489211, 0.0685698, 0.0803948, 0.088386, 0.0971547, 0.106888, 6.47568, 9.93463]
num_agents: 50
time_individual_plan: 0.0110425
time_first_plan: 0.0110356
num_max_agents_in_window_first_iteration: 3
num_recWAMPF: 11
timing_recWAMPF:
    total_RecWAMPF: 9.92305
    num_windows: 182
    num_max_agents_in_window: 6
    timing_gari:
        total_GARI: 3.52629
        time_path_btw_starts: 0.000576131
        Stage1:
            total_Stage1:2.70558
            time_add_x_to_o: 1.84961
            time_clear_x: 0.843328
            timing_AStarSearchUntil:
                total_astar_search_until:0.0126265
                num_values_f_less_fmax:4652
                ASU Exp:
                    total_ASUExp:0.012622
                    time_top_o:0.00113183
                    time_check_in_c:0.00072048
                    time_add_parent:0.000499473
                    num_neighbors:21615
                    time_add_neighbors_to_o:0.00808953
        Stage2:
            total_Stage2:0.0411134
            num_len_path:180
            time_expanding_s:0.000650103
            timing_AStarSearchUntil:
                total_astar_search_until:0.040401
                num_values_f_less_fmax:355
                ASU Exp:
                    total_ASUExp:0.0403972
                    time_top_o:9.9282e-05
                    time_check_in_c:0.000512329
                    time_add_parent:0.000143573
                    num_neighbors:44038
                    time_add_neighbors_to_o:0.0349929
        Stage3:
            total_Stage3:0.778766
            num_until_goal_expanded:4125
            timing_S3Exp:
                total_S3Exp: 0.0261135
                time_top_o: 0.00109864
                time_check_in_c: 0.00055206
                time_add_parent: 0.0010518
                num_neighbors: 41578
                time_add_neighbors_to_o: 0.0178407
    timing_PIOW_overlapping:
        total_PIOW: 6.37135
        num_windows: 808
        time_check_overlap: 2.6867e-05
        num_overlapping_windows: 4
        time_merge_windows: 7.478e-06
        time_remove_window: 1.7e-06
        time_remove_window: 7.165e-06
        timing_PlanIn:
            total_PlanIn:6.37129
            num_until_goal_expanded:21210
            timing_expansions:
                total_S3Exp: 6.37128
                time_top_o: 0.0135815
                time_check_in_c: 0.0053934
                time_add_parent: 0.0113785
                num_neighbors: 9186636
                time_add_neighbors_to_o: 6.04835
    num_new_collisions: 13
    timing_PIOW_new_collisions:
        total_PIOW: 0.013107
        num_windows: 150
        time_check_overlap: 4.26e-06
        num_overlapping_windows: 3
        time_merge_windows: 0
        time_remove_window: 0.11873
        time_remove_window: 3.877e-06
        timing_PlanIn:
            total_PlanIn:0.013079
            num_until_goal_expanded:882
            timing_expansions:
                total_S3Exp: 0.0130358
                time_top_o: 0.000153257
                time_check_in_c: 0.000154483
                time_add_parent: 0.000221569
                num_neighbors: 22290
                time_add_neighbors_to_o: 0.0108366
    num_windows_should_quit: 0
    time_should_quit: 1.036e-05
    time_remove_window: 0
Complete!
