Total time: 0.0619535
is_optimal: true
optimality_bound: 1
successive_bounds: [1.00512, 1.00512, 1.00512, 1.00512, 1.00512, 1.00512, 1.00256, 1.00256, 1.00256, 1.00256, 1.00256, 1.00256, 1.00256, 1.00256, 1.00256, 1.00256, 1.00256, 1.00256, 1, 1]
successive_runtimes: [0.00407165, 0.00487716, 0.00580457, 0.0069614, 0.00830198, 0.00974342, 0.0113852, 0.014691, 0.0191413, 0.0238159, 0.0277227, 0.032037, 0.0363357, 0.0405862, 0.0449465, 0.0494353, 0.0533816, 0.0573217, 0.0619535]
num_agents: 10
time_individual_plan: 0.00315812
time_first_plan: 0.000385128
num_max_agents_in_window_first_iteration: 2
num_recWAMPF: 19
timing_recWAMPF:
    total_RecWAMPF: 0.0582639
    num_windows: 74
    num_max_agents_in_window: 2
    timing_gari:
        total_GARI: 0.0574134
        time_path_btw_starts: 0.000152418
        Stage1:
            total_Stage1:0.0333151
            time_add_x_to_o: 0.0111562
            time_clear_x: 0.00191212
            timing_AStarSearchUntil:
                total_astar_search_until:0.0202426
                num_values_f_less_fmax:9714
                ASU Exp:
                    total_ASUExp:0.0202406
                    time_top_o:0.00265979
                    time_check_in_c:0.00145317
                    time_add_parent:0.000817726
                    num_neighbors:32492
                    time_add_neighbors_to_o:0.0119018
        Stage2:
            total_Stage2:0.00246367
            num_len_path:74
            time_expanding_s:2.5417e-05
            timing_AStarSearchUntil:
                total_astar_search_until:0.00241784
                num_values_f_less_fmax:208
                ASU Exp:
                    total_ASUExp:0.00241617
                    time_top_o:5.1158e-05
                    time_check_in_c:5.1922e-05
                    time_add_parent:5.9019e-05
                    num_neighbors:5310
                    time_add_neighbors_to_o:0.0020342
        Stage3:
            total_Stage3:0.0214698
            num_until_goal_expanded:3945
            timing_S3Exp:
                total_S3Exp: 0.0150611
                time_top_o: 0.000992006
                time_check_in_c: 0.000609628
                time_add_parent: 0.00112689
                num_neighbors: 22419
                time_add_neighbors_to_o: 0.00850053
    timing_PIOW_overlapping:
        total_PIOW: 4.651e-06
        num_windows: 72
        time_check_overlap: 2.218e-06
        num_overlapping_windows: 0
        time_merge_windows: 0
        time_remove_window: 0
        time_remove_window: 0
        timing_PlanIn:
            total_PlanIn:0
            num_until_goal_expanded:0
            timing_expansions:
                total_S3Exp: 0
                time_top_o: 0
                time_check_in_c: 0
                time_add_parent: 0
                num_neighbors: 0
                time_add_neighbors_to_o: 0
    num_new_collisions: 2
    timing_PIOW_new_collisions:
        total_PIOW: 0.000335256
        num_windows: 2
        time_check_overlap: 1.23e-07
        num_overlapping_windows: 0
        time_merge_windows: 0
        time_remove_window: 0
        time_remove_window: 6.62e-07
        timing_PlanIn:
            total_PlanIn:0.000332178
            num_until_goal_expanded:59
            timing_expansions:
                total_S3Exp: 0.000327502
                time_top_o: 7.025e-06
                time_check_in_c: 1.0247e-05
                time_add_parent: 1.5761e-05
                num_neighbors: 477
                time_add_neighbors_to_o: 0.000212033
    num_windows_should_quit: 0
    time_should_quit: 1.952e-06
    time_remove_window: 0
Complete!
