Total time: 1.67773
is_optimal: false
optimality_bound: 1.00132
successive_bounds: [1.00428, 1.00428, 1.00428, 1.00362, 1.00362, 1.00264, 1.00231, 1.00231, 1.00198, 1.00198, 1.00198, 1.00198, 1.00198, 1.00198, 1.00198, 1.00198, 1.00198, 1.00198, 1.00198, 1.00132, 1.00132, 1.00132, 1.00132, 1.00132, 1.00132]
successive_runtimes: [0.012861, 0.0147687, 0.0167684, 0.0197379, 0.0224819, 0.0258934, 0.0307449, 0.0386641, 0.147634, 0.327542, 0.491249, 0.630214, 0.754651, 0.8387, 0.901178, 0.957079, 1.09445, 1.23271, 1.31083, 1.37718, 1.4378, 1.49125, 1.54473, 1.61144, 1.67773]
num_agents: 40
time_individual_plan: 0.00920444
time_first_plan: 0.00310112
num_max_agents_in_window_first_iteration: 2
num_recWAMPF: 25
timing_recWAMPF:
    total_RecWAMPF: 1.66796
    num_windows: 277
    num_max_agents_in_window: 3
    timing_gari:
        total_GARI: 1.54
        time_path_btw_starts: 0.0229221
        Stage1:
            total_Stage1:0.559208
            time_add_x_to_o: 0.224985
            time_clear_x: 0.0774967
            timing_AStarSearchUntil:
                total_astar_search_until:0.256707
                num_values_f_less_fmax:12648
                ASU Exp:
                    total_ASUExp:0.256699
                    time_top_o:0.0123195
                    time_check_in_c:0.00499902
                    time_add_parent:0.00925815
                    num_neighbors:465215
                    time_add_neighbors_to_o:0.208333
        Stage2:
            total_Stage2:0.0062491
            num_len_path:233
            time_expanding_s:0.00015123
            timing_AStarSearchUntil:
                total_astar_search_until:0.00597121
                num_values_f_less_fmax:398
                ASU Exp:
                    total_ASUExp:0.00596544
                    time_top_o:0.000124426
                    time_check_in_c:0.000100032
                    time_add_parent:0.000147236
                    num_neighbors:11824
                    time_add_neighbors_to_o:0.00503912
        Stage3:
            total_Stage3:0.949293
            num_until_goal_expanded:9282
            timing_S3Exp:
                total_S3Exp: 0.181906
                time_top_o: 0.00590335
                time_check_in_c: 0.00165254
                time_add_parent: 0.00428839
                num_neighbors: 365888
                time_add_neighbors_to_o: 0.156661
    timing_PIOW_overlapping:
        total_PIOW: 0.113153
        num_windows: 972
        time_check_overlap: 3.8281e-05
        num_overlapping_windows: 6
        time_merge_windows: 4.901e-06
        time_remove_window: 1.294e-06
        time_remove_window: 4.627e-06
        timing_PlanIn:
            total_PlanIn:0.113079
            num_until_goal_expanded:2454
            timing_expansions:
                total_S3Exp: 0.113068
                time_top_o: 0.00092324
                time_check_in_c: 0.000451108
                time_add_parent: 0.000780865
                num_neighbors: 216865
                time_add_neighbors_to_o: 0.102148
    num_new_collisions: 10
    timing_PIOW_new_collisions:
        total_PIOW: 0.0010772
        num_windows: 90
        time_check_overlap: 2.437e-06
        num_overlapping_windows: 0
        time_merge_windows: 0
        time_remove_window: 0
        time_remove_window: 3.556e-06
        timing_PlanIn:
            total_PlanIn:0.00106173
            num_until_goal_expanded:145
            timing_expansions:
                total_S3Exp: 0.00104608
                time_top_o: 1.735e-05
                time_check_in_c: 2.5189e-05
                time_add_parent: 3.6954e-05
                num_neighbors: 1602
                time_add_neighbors_to_o: 0.000765668
    num_windows_should_quit: 0
    time_should_quit: 1.2564e-05
    time_remove_window: 0
Complete!
