Total time: 1.38625
is_optimal: true
optimality_bound: 1
successive_bounds: [1.00487, 1.00373, 1.00373, 1.00373, 1.00315, 1.00315, 1.00201, 1.00201, 1.00201, 1.00201, 1.00172, 1.00172, 1.00172, 1.00115, 1.00115, 1.00115, 1.00115, 1.00115, 1.00115, 1.00115, 1.00057, 1, 1]
successive_runtimes: [0.0161957, 0.0217902, 0.0270412, 0.0470639, 0.08484, 0.109011, 0.121989, 0.136671, 0.231726, 0.282967, 0.486348, 0.595384, 0.695471, 0.791171, 0.857621, 0.940728, 1.01981, 1.08985, 1.16147, 1.23195, 1.31025, 1.38625]
num_agents: 50
time_individual_plan: 0.00856611
time_first_plan: 0.00709931
num_max_agents_in_window_first_iteration: 3
num_recWAMPF: 22
timing_recWAMPF:
    total_RecWAMPF: 1.37715
    num_windows: 377
    num_max_agents_in_window: 5
    timing_gari:
        total_GARI: 1.26067
        time_path_btw_starts: 0.00660584
        Stage1:
            total_Stage1:0.217362
            time_add_x_to_o: 0.106591
            time_clear_x: 0.0203849
            timing_AStarSearchUntil:
                total_astar_search_until:0.0903589
                num_values_f_less_fmax:23881
                ASU Exp:
                    total_ASUExp:0.0903477
                    time_top_o:0.00778355
                    time_check_in_c:0.00458495
                    time_add_parent:0.00447932
                    num_neighbors:158385
                    time_add_neighbors_to_o:0.0636776
        Stage2:
            total_Stage2:0.0308977
            num_len_path:343
            time_expanding_s:0.000559806
            timing_AStarSearchUntil:
                total_astar_search_until:0.0301629
                num_values_f_less_fmax:719
                ASU Exp:
                    total_ASUExp:0.0301549
                    time_top_o:0.000245763
                    time_check_in_c:0.000170474
                    time_add_parent:0.000224774
                    num_neighbors:60952
                    time_add_neighbors_to_o:0.0283251
        Stage3:
            total_Stage3:1.00559
            num_until_goal_expanded:13695
            timing_S3Exp:
                total_S3Exp: 0.389052
                time_top_o: 0.0045364
                time_check_in_c: 0.00218603
                time_add_parent: 0.00454895
                num_neighbors: 588495
                time_add_neighbors_to_o: 0.355641
    timing_PIOW_overlapping:
        total_PIOW: 0.0162085
        num_windows: 1658
        time_check_overlap: 7.9272e-05
        num_overlapping_windows: 2
        time_merge_windows: 3.381e-06
        time_remove_window: 5.33e-07
        time_remove_window: 3.277e-06
        timing_PlanIn:
            total_PlanIn:0.0160848
            num_until_goal_expanded:291
            timing_expansions:
                total_S3Exp: 0.0160802
                time_top_o: 8.1695e-05
                time_check_in_c: 5.2924e-05
                time_add_parent: 7.7277e-05
                num_neighbors: 32606
                time_add_neighbors_to_o: 0.0146175
    num_new_collisions: 13
    timing_PIOW_new_collisions:
        total_PIOW: 0.0821013
        num_windows: 142
        time_check_overlap: 5.379e-06
        num_overlapping_windows: 3
        time_merge_windows: 0
        time_remove_window: 0.322704
        time_remove_window: 5.187e-06
        timing_PlanIn:
            total_PlanIn:0.0820705
            num_until_goal_expanded:380
            timing_expansions:
                total_S3Exp: 0.0820381
                time_top_o: 8.0271e-05
                time_check_in_c: 9.6635e-05
                time_add_parent: 0.000103319
                num_neighbors: 92488
                time_add_neighbors_to_o: 0.078865
    num_windows_should_quit: 0
    time_should_quit: 2.8598e-05
    time_remove_window: 0
Complete!
