Total time: 2.68262
is_optimal: false
optimality_bound: 1.0021
successive_bounds: [1.00701, 1.00526, 1.00526, 1.00526, 1.0042, 1.0042, 1.0042, 1.0042, 1.0042, 1.0035, 1.0035, 1.0035, 1.0028, 1.0028, 1.0028, 1.0021, 1.0021, 1.0021, 1.0021, 1.0021, 1.0021, 1.0021, 1.0021, 1.0021, 1.0021, 1.0021, 1.0021, 1.0021, 1.0021, 1.0021, 1.0021, 1.0021, 1.0021, 1.0021, 1.0021, 1.0021, 1.0021]
successive_runtimes: [0.0159805, 0.0196428, 0.0245462, 0.0302915, 0.0366398, 0.0422863, 0.0519044, 0.0554747, 0.058138, 0.0605577, 0.062623, 0.0647813, 0.0697203, 0.0722158, 0.0745759, 0.0769519, 0.0791232, 0.0813067, 0.0834074, 0.315559, 0.438501, 0.539177, 0.725789, 0.863435, 1.02532, 1.18681, 1.3438, 1.51382, 1.64924, 1.80673, 1.96731, 2.08588, 2.21317, 2.3243, 2.44173, 2.57034, 2.68262]
num_agents: 50
time_individual_plan: 0.0106135
time_first_plan: 0.00483445
num_max_agents_in_window_first_iteration: 2
num_recWAMPF: 37
timing_recWAMPF:
    total_RecWAMPF: 2.67146
    num_windows: 505
    num_max_agents_in_window: 3
    timing_gari:
        total_GARI: 2.6329
        time_path_btw_starts: 0.00358367
        Stage1:
            total_Stage1:0.836772
            time_add_x_to_o: 0.200933
            time_clear_x: 0.0372312
            timing_AStarSearchUntil:
                total_astar_search_until:0.598575
                num_values_f_less_fmax:16438
                ASU Exp:
                    total_ASUExp:0.59856
                    time_top_o:0.0138626
                    time_check_in_c:0.00431408
                    time_add_parent:0.0116814
                    num_neighbors:1140638
                    time_add_neighbors_to_o:0.545175
        Stage2:
            total_Stage2:0.0129908
            num_len_path:357
            time_expanding_s:0.000289123
            timing_AStarSearchUntil:
                total_astar_search_until:0.0124896
                num_values_f_less_fmax:838
                ASU Exp:
                    total_ASUExp:0.0124788
                    time_top_o:0.000265291
                    time_check_in_c:0.000174056
                    time_add_parent:0.000313777
                    num_neighbors:25727
                    time_add_neighbors_to_o:0.0106792
        Stage3:
            total_Stage3:1.77891
            num_until_goal_expanded:8052
            timing_S3Exp:
                total_S3Exp: 0.256253
                time_top_o: 0.00494306
                time_check_in_c: 0.00142982
                time_add_parent: 0.00287358
                num_neighbors: 486996
                time_add_neighbors_to_o: 0.23322
    timing_PIOW_overlapping:
        total_PIOW: 0.00799566
        num_windows: 1935
        time_check_overlap: 7.7415e-05
        num_overlapping_windows: 6
        time_merge_windows: 5.51e-06
        time_remove_window: 9.17e-07
        time_remove_window: 5.225e-06
        timing_PlanIn:
            total_PlanIn:0.00786196
            num_until_goal_expanded:555
            timing_expansions:
                total_S3Exp: 0.00785135
                time_top_o: 0.000119521
                time_check_in_c: 9.7891e-05
                time_add_parent: 0.000137616
                num_neighbors: 13214
                time_add_neighbors_to_o: 0.00651959
    num_new_collisions: 13
    timing_PIOW_new_collisions:
        total_PIOW: 0.004139
        num_windows: 146
        time_check_overlap: 4.264e-06
        num_overlapping_windows: 1
        time_merge_windows: 0
        time_remove_window: 0.0676391
        time_remove_window: 3.9e-06
        timing_PlanIn:
            total_PlanIn:0.00411003
            num_until_goal_expanded:285
            timing_expansions:
                total_S3Exp: 0.00409
                time_top_o: 3.9655e-05
                time_check_in_c: 4.8263e-05
                time_add_parent: 7.2282e-05
                num_neighbors: 5975
                time_add_neighbors_to_o: 0.00343758
    num_windows_should_quit: 0
    time_should_quit: 2.2985e-05
    time_remove_window: 0
Complete!
