Total time: 0.14024
is_optimal: true
optimality_bound: 1
successive_bounds: [1.03599, 1.03599, 1.00192, 1.00192, 1.00192, 1.00192, 1.00192, 1.00096, 1.00096, 1.00096, 1.00096, 1.00096, 1.00096, 1.00096, 1, 1]
successive_runtimes: [0.0117697, 0.0404937, 0.0851155, 0.0880753, 0.091353, 0.095198, 0.0996722, 0.104098, 0.108104, 0.11196, 0.116149, 0.120765, 0.125702, 0.133035, 0.14024]
num_agents: 30
time_individual_plan: 0.00566672
time_first_plan: 0.00556997
num_max_agents_in_window_first_iteration: 2
num_recWAMPF: 15
timing_recWAMPF:
    total_RecWAMPF: 0.134038
    num_windows: 58
    num_max_agents_in_window: 2
    timing_gari:
        total_GARI: 0.117442
        time_path_btw_starts: 0.000157875
        Stage1:
            total_Stage1:0.0885495
            time_add_x_to_o: 0.0232868
            time_clear_x: 0.00349417
            timing_AStarSearchUntil:
                total_astar_search_until:0.0388448
                num_values_f_less_fmax:20041
                ASU Exp:
                    total_ASUExp:0.0388435
                    time_top_o:0.00615279
                    time_check_in_c:0.00344255
                    time_add_parent:0.00158404
                    num_neighbors:96055
                    time_add_neighbors_to_o:0.0415219
        Stage2:
            total_Stage2:0.00474394
            num_len_path:62
            time_expanding_s:2.3109e-05
            timing_AStarSearchUntil:
                total_astar_search_until:0.00470468
                num_values_f_less_fmax:406
                ASU Exp:
                    total_ASUExp:0.00470353
                    time_top_o:0.000104242
                    time_check_in_c:8.6132e-05
                    time_add_parent:0.000103678
                    num_neighbors:9597
                    time_add_neighbors_to_o:0.00401211
        Stage3:
            total_Stage3:0.0239806
            num_until_goal_expanded:4869
            timing_S3Exp:
                total_S3Exp: 0.0191408
                time_top_o: 0.00115235
                time_check_in_c: 0.000656001
                time_add_parent: 0.00138561
                num_neighbors: 27199
                time_add_neighbors_to_o: 0.0113047
    timing_PIOW_overlapping:
        total_PIOW: 3.529e-06
        num_windows: 56
        time_check_overlap: 1.493e-06
        num_overlapping_windows: 0
        time_merge_windows: 0
        time_remove_window: 0
        time_remove_window: 0
        timing_PlanIn:
            total_PlanIn:0
            num_until_goal_expanded:0
            timing_expansions:
                total_S3Exp: 0
                time_top_o: 0
                time_check_in_c: 0
                time_add_parent: 0
                num_neighbors: 0
                time_add_neighbors_to_o: 0
    num_new_collisions: 2
    timing_PIOW_new_collisions:
        total_PIOW: 0.00507432
        num_windows: 2
        time_check_overlap: 1.98e-07
        num_overlapping_windows: 0
        time_merge_windows: 0
        time_remove_window: 0
        time_remove_window: 1.328e-06
        timing_PlanIn:
            total_PlanIn:0.00506988
            num_until_goal_expanded:446
            timing_expansions:
                total_S3Exp: 0.00506438
                time_top_o: 5.8621e-05
                time_check_in_c: 9.1425e-05
                time_add_parent: 0.000131053
                num_neighbors: 8522
                time_add_neighbors_to_o: 0.004155
    num_windows_should_quit: 0
    time_should_quit: 1.867e-06
    time_remove_window: 0
Complete!
