Total time: 0.0645926
is_optimal: true
optimality_bound: 1
successive_bounds: [1.00201, 1.00151, 1.00151, 1.00151, 1.00151, 1.00151, 1.00151, 1.00151, 1.0005, 1.0005, 1.0005, 1.0005, 1, 1]
successive_runtimes: [0.0248947, 0.0317215, 0.0347995, 0.0376851, 0.0408817, 0.0441923, 0.0472678, 0.0503949, 0.0535122, 0.0560085, 0.0581611, 0.0602408, 0.0645925]
num_agents: 30
time_individual_plan: 0.00504546
time_first_plan: 0.0192586
num_max_agents_in_window_first_iteration: 2
num_recWAMPF: 13
timing_recWAMPF:
    total_RecWAMPF: 0.0589537
    num_windows: 100
    num_max_agents_in_window: 2
    timing_gari:
        total_GARI: 0.0366966
        time_path_btw_starts: 0.000421255
        Stage1:
            total_Stage1:0.00919736
            time_add_x_to_o: 0.00422771
            time_clear_x: 0.00053148
            timing_AStarSearchUntil:
                total_astar_search_until:0.00443293
                num_values_f_less_fmax:1913
                ASU Exp:
                    total_ASUExp:0.00443042
                    time_top_o:0.000431493
                    time_check_in_c:0.000316909
                    time_add_parent:0.000123513
                    num_neighbors:6994
                    time_add_neighbors_to_o:0.00296839
        Stage2:
            total_Stage2:0.00570889
            num_len_path:114
            time_expanding_s:6.2818e-05
            timing_AStarSearchUntil:
                total_astar_search_until:0.00561956
                num_values_f_less_fmax:428
                ASU Exp:
                    total_ASUExp:0.00561757
                    time_top_o:0.000113087
                    time_check_in_c:0.000123866
                    time_add_parent:0.00020704
                    num_neighbors:10010
                    time_add_neighbors_to_o:0.00470744
        Stage3:
            total_Stage3:0.0213536
            num_until_goal_expanded:1138
            timing_S3Exp:
                total_S3Exp: 0.00516209
                time_top_o: 0.000248915
                time_check_in_c: 0.00015838
                time_add_parent: 0.000305115
                num_neighbors: 7316
                time_add_neighbors_to_o: 0.00323787
    timing_PIOW_overlapping:
        total_PIOW: 1.3032e-05
        num_windows: 192
        time_check_overlap: 8.001e-06
        num_overlapping_windows: 0
        time_merge_windows: 0
        time_remove_window: 0
        time_remove_window: 0
        timing_PlanIn:
            total_PlanIn:0
            num_until_goal_expanded:0
            timing_expansions:
                total_S3Exp: 0
                time_top_o: 0
                time_check_in_c: 0
                time_add_parent: 0
                num_neighbors: 0
                time_add_neighbors_to_o: 0
    num_new_collisions: 4
    timing_PIOW_new_collisions:
        total_PIOW: 0.018623
        num_windows: 12
        time_check_overlap: 8.4e-07
        num_overlapping_windows: 0
        time_merge_windows: 0
        time_remove_window: 0
        time_remove_window: 2.484e-06
        timing_PlanIn:
            total_PlanIn:0.0186153
            num_until_goal_expanded:1479
            timing_expansions:
                total_S3Exp: 0.0185984
                time_top_o: 0.000336055
                time_check_in_c: 0.000262794
                time_add_parent: 0.000363695
                num_neighbors: 31676
                time_add_neighbors_to_o: 0.015346
    num_windows_should_quit: 0
    time_should_quit: 3.927e-06
    time_remove_window: 0
Complete!
