Total time: 0.152177
is_optimal: true
optimality_bound: 1
successive_bounds: [1.00472, 1.00394, 1.00315, 1.00236, 1.00197, 1.00197, 1.00157, 1.00157, 1.00157, 1.00157, 1.00157, 1.00157, 1.00157, 1.00157, 1.00157, 1.00079, 1.00079, 1.00079, 1.00079, 1.00079, 1.00079, 1.00079, 1.00079, 1.00079, 1.00079, 1.00079, 1, 1]
successive_runtimes: [0.00804379, 0.00991888, 0.0116805, 0.0130559, 0.0146227, 0.0158435, 0.0181684, 0.0209577, 0.0242667, 0.0268459, 0.029179, 0.0313566, 0.0337386, 0.0361521, 0.038736, 0.0481248, 0.050681, 0.0526436, 0.0545349, 0.0563246, 0.0582788, 0.0602272, 0.0621938, 0.0651953, 0.0672026, 0.069201, 0.152177]
num_agents: 40
time_individual_plan: 0.00537242
time_first_plan: 0.00213918
num_max_agents_in_window_first_iteration: 2
num_recWAMPF: 27
timing_recWAMPF:
    total_RecWAMPF: 0.146268
    num_windows: 371
    num_max_agents_in_window: 2
    timing_gari:
        total_GARI: 0.11347
        time_path_btw_starts: 0.000863194
        Stage1:
            total_Stage1:0.0186577
            time_add_x_to_o: 0.00774048
            time_clear_x: 0.00095978
            timing_AStarSearchUntil:
                total_astar_search_until:0.00993837
                num_values_f_less_fmax:2310
                ASU Exp:
                    total_ASUExp:0.00993031
                    time_top_o:0.000602214
                    time_check_in_c:0.000376874
                    time_add_parent:0.000259919
                    num_neighbors:20173
                    time_add_neighbors_to_o:0.00746572
        Stage2:
            total_Stage2:0.0704228
            num_len_path:374
            time_expanding_s:0.000198428
            timing_AStarSearchUntil:
                total_astar_search_until:0.0101909
                num_values_f_less_fmax:5842
                ASU Exp:
                    total_ASUExp:0.0101836
                    time_top_o:0.0022254
                    time_check_in_c:0.00111944
                    time_add_parent:0.0017265
                    num_neighbors:138758
                    time_add_neighbors_to_o:0.0590413
        Stage3:
            total_Stage3:0.0234752
            num_until_goal_expanded:922
            timing_S3Exp:
                total_S3Exp: 0.00809905
                time_top_o: 0.000195397
                time_check_in_c: 0.000123049
                time_add_parent: 0.000229175
                num_neighbors: 12083
                time_add_neighbors_to_o: 0.00557474
    timing_PIOW_overlapping:
        total_PIOW: 8.5063e-05
        num_windows: 1274
        time_check_overlap: 4.3073e-05
        num_overlapping_windows: 0
        time_merge_windows: 0
        time_remove_window: 0
        time_remove_window: 0
        timing_PlanIn:
            total_PlanIn:0
            num_until_goal_expanded:0
            timing_expansions:
                total_S3Exp: 0
                time_top_o: 0
                time_check_in_c: 0
                time_add_parent: 0
                num_neighbors: 0
                time_add_neighbors_to_o: 0
    num_new_collisions: 7
    timing_PIOW_new_collisions:
        total_PIOW: 0.000861841
        num_windows: 42
        time_check_overlap: 1.222e-06
        num_overlapping_windows: 0
        time_merge_windows: 0
        time_remove_window: 0
        time_remove_window: 2.784e-06
        timing_PlanIn:
            total_PlanIn:0.000850877
            num_until_goal_expanded:101
            timing_expansions:
                total_S3Exp: 0.000839353
                time_top_o: 1.3033e-05
                time_check_in_c: 1.9689e-05
                time_add_parent: 3.0177e-05
                num_neighbors: 1115
                time_add_neighbors_to_o: 0.000618039
    num_windows_should_quit: 0
    time_should_quit: 1.273e-05
    time_remove_window: 0
Complete!
