Total time: 0.0170753
is_optimal: true
optimality_bound: 1
successive_bounds: [1.00321, 1.00321, 1.00321, 1.00321, 1.00321, 1.00321, 1.0016, 1.0016, 1, 1]
successive_runtimes: [0.00456855, 0.00542988, 0.0064594, 0.0078665, 0.00953911, 0.0113479, 0.0135264, 0.015344, 0.0170753]
num_agents: 20
time_individual_plan: 0.00351555
time_first_plan: 0.000464548
num_max_agents_in_window_first_iteration: 2
num_recWAMPF: 9
timing_recWAMPF:
    total_RecWAMPF: 0.0129695
    num_windows: 34
    num_max_agents_in_window: 2
    timing_gari:
        total_GARI: 0.0118347
        time_path_btw_starts: 0.000205786
        Stage1:
            total_Stage1:0.00519277
            time_add_x_to_o: 0.00227814
            time_clear_x: 0.00029229
            timing_AStarSearchUntil:
                total_astar_search_until:0.0026205
                num_values_f_less_fmax:2324
                ASU Exp:
                    total_ASUExp:0.0026197
                    time_top_o:0.000486372
                    time_check_in_c:0.000303489
                    time_add_parent:0.000201991
                    num_neighbors:2740
                    time_add_neighbors_to_o:0.000988203
        Stage2:
            total_Stage2:0.00122775
            num_len_path:30
            time_expanding_s:1.4435e-05
            timing_AStarSearchUntil:
                total_astar_search_until:0.001204
                num_values_f_less_fmax:113
                ASU Exp:
                    total_ASUExp:0.00120334
                    time_top_o:2.4806e-05
                    time_check_in_c:2.2086e-05
                    time_add_parent:3.6308e-05
                    num_neighbors:2646
                    time_add_neighbors_to_o:0.000993908
        Stage3:
            total_Stage3:0.00520328
            num_until_goal_expanded:1099
            timing_S3Exp:
                total_S3Exp: 0.00419802
                time_top_o: 0.000239089
                time_check_in_c: 0.000157827
                time_add_parent: 0.000298916
                num_neighbors: 6519
                time_add_neighbors_to_o: 0.00262263
    timing_PIOW_overlapping:
        total_PIOW: 1.739e-06
        num_windows: 32
        time_check_overlap: 7.3e-07
        num_overlapping_windows: 0
        time_merge_windows: 0
        time_remove_window: 0
        time_remove_window: 0
        timing_PlanIn:
            total_PlanIn:0
            num_until_goal_expanded:0
            timing_expansions:
                total_S3Exp: 0
                time_top_o: 0
                time_check_in_c: 0
                time_add_parent: 0
                num_neighbors: 0
                time_add_neighbors_to_o: 0
    num_new_collisions: 2
    timing_PIOW_new_collisions:
        total_PIOW: 0.000316563
        num_windows: 2
        time_check_overlap: 2.24e-07
        num_overlapping_windows: 0
        time_merge_windows: 0
        time_remove_window: 0
        time_remove_window: 9.84e-07
        timing_PlanIn:
            total_PlanIn:0.000313258
            num_until_goal_expanded:52
            timing_expansions:
                total_S3Exp: 0.000308292
                time_top_o: 6.587e-06
                time_check_in_c: 9.643e-06
                time_add_parent: 1.3803e-05
                num_neighbors: 434
                time_add_neighbors_to_o: 0.000194081
    num_windows_should_quit: 0
    time_should_quit: 7.8e-07
    time_remove_window: 0
Complete!
