Total time: 0.0255237
is_optimal: true
optimality_bound: 1
successive_bounds: [1.00198, 1.00198, 1.00198, 1.00198, 1.00198, 1.00198, 1.00198, 1.00198, 1.00198, 1.00198, 1.00198, 1.00198, 1.00198, 1.00198, 1.00198, 1.00099, 1.00099, 1.00099, 1.00099, 1.00099, 1.00099, 1.00099, 1.00099, 1.00099, 1.00099, 1.00099, 1.00099, 1.00099, 1.00099, 1.00099, 1, 1]
successive_runtimes: [0.00445211, 0.0049639, 0.00541732, 0.00586838, 0.00638497, 0.00683737, 0.00729008, 0.00773619, 0.00818498, 0.00865849, 0.00911075, 0.00956938, 0.0101079, 0.0105811, 0.0110546, 0.0118312, 0.0124312, 0.0130442, 0.0137101, 0.0143166, 0.0149198, 0.0179202, 0.0193592, 0.0205718, 0.021361, 0.0219892, 0.0226234, 0.0232572, 0.0238893, 0.0245608, 0.0255236]
num_agents: 30
time_individual_plan: 0.00345582
time_first_plan: 0.000474053
num_max_agents_in_window_first_iteration: 2
num_recWAMPF: 31
timing_recWAMPF:
    total_RecWAMPF: 0.0215415
    num_windows: 122
    num_max_agents_in_window: 2
    timing_gari:
        total_GARI: 0.0139135
        time_path_btw_starts: 0.000194568
        Stage1:
            total_Stage1:0.00279314
            time_add_x_to_o: 0.00165809
            time_clear_x: 0.000259422
            timing_AStarSearchUntil:
                total_astar_search_until:0.000869367
                num_values_f_less_fmax:405
                ASU Exp:
                    total_ASUExp:0.000866276
                    time_top_o:0.000114181
                    time_check_in_c:5.7561e-05
                    time_add_parent:1.8195e-05
                    num_neighbors:1640
                    time_add_neighbors_to_o:0.000561671
        Stage2:
            total_Stage2:0.00360108
            num_len_path:84
            time_expanding_s:3.2515e-05
            timing_AStarSearchUntil:
                total_astar_search_until:0.00353764
                num_values_f_less_fmax:279
                ASU Exp:
                    total_ASUExp:0.00353511
                    time_top_o:8.4227e-05
                    time_check_in_c:5.83e-05
                    time_add_parent:7.7212e-05
                    num_neighbors:7500
                    time_add_neighbors_to_o:0.00302006
        Stage3:
            total_Stage3:0.00730675
            num_until_goal_expanded:657
            timing_S3Exp:
                total_S3Exp: 0.00376957
                time_top_o: 0.000130637
                time_check_in_c: 9.27e-05
                time_add_parent: 0.00017782
                num_neighbors: 5954
                time_add_neighbors_to_o: 0.00249003
    timing_PIOW_overlapping:
        total_PIOW: 6.99e-06
        num_windows: 120
        time_check_overlap: 3.182e-06
        num_overlapping_windows: 0
        time_merge_windows: 0
        time_remove_window: 0
        time_remove_window: 0
        timing_PlanIn:
            total_PlanIn:0
            num_until_goal_expanded:0
            timing_expansions:
                total_S3Exp: 0
                time_top_o: 0
                time_check_in_c: 0
                time_add_parent: 0
                num_neighbors: 0
                time_add_neighbors_to_o: 0
    num_new_collisions: 2
    timing_PIOW_new_collisions:
        total_PIOW: 0.000187553
        num_windows: 2
        time_check_overlap: 1.76e-07
        num_overlapping_windows: 0
        time_merge_windows: 0
        time_remove_window: 0
        time_remove_window: 9.16e-07
        timing_PlanIn:
            total_PlanIn:0.000184014
            num_until_goal_expanded:20
            timing_expansions:
                total_S3Exp: 0.000179488
                time_top_o: 2.941e-06
                time_check_in_c: 3.641e-06
                time_add_parent: 6.14e-06
                num_neighbors: 280
                time_add_neighbors_to_o: 0.000125019
    num_windows_should_quit: 0
    time_should_quit: 2.552e-06
    time_remove_window: 0
Complete!
