Total time: 0.00985072
is_optimal: true
optimality_bound: 1
successive_bounds: [1.00305, 1.00305, 1.00305, 1.00305, 1.00305, 1.00305, 1.00305, 1.00305, 1.00305, 1.00305, 1.00305, 1.00305, 1.00305, 1.00305, 1.00305, 1.00305, 1.00305, 1.00305, 1.00305, 1.00305, 1.00305, 1.00305, 1.00305, 1.00305, 1.00305, 1.00305, 1.00305, 1.00305, 1.00305, 1.00305, 1.00305, 1.00305, 1.00305, 1.00305, 1.00305, 1.00305, 1.00305, 1, 1]
successive_runtimes: [0.00180584, 0.00195225, 0.00208938, 0.00222289, 0.00237038, 0.00252343, 0.00267518, 0.00283203, 0.00305685, 0.00327139, 0.00344829, 0.00361913, 0.00379649, 0.00397695, 0.00416418, 0.00435557, 0.00455245, 0.00475061, 0.00495438, 0.0051571, 0.00536707, 0.00559825, 0.00581617, 0.00604062, 0.00635903, 0.0065884, 0.00682156, 0.00706145, 0.00730428, 0.00751549, 0.00770877, 0.00790338, 0.00809939, 0.00830087, 0.00849785, 0.00869765, 0.00890006, 0.0098507]
num_agents: 10
time_individual_plan: 0.00112362
time_first_plan: 0.000133419
num_max_agents_in_window_first_iteration: 2
num_recWAMPF: 38
timing_recWAMPF:
    total_RecWAMPF: 0.00817369
    num_windows: 75
    num_max_agents_in_window: 2
    timing_gari:
        total_GARI: 0.0069049
        time_path_btw_starts: 0.0001436
        Stage1:
            total_Stage1:0.000490644
            time_add_x_to_o: 0.000440342
            time_clear_x: 4.3027e-05
            timing_AStarSearchUntil:
                total_astar_search_until:3.339e-06
                num_values_f_less_fmax:0
                ASU Exp:
                    total_ASUExp:1.6e-06
                    time_top_o:0
                    time_check_in_c:0
                    time_add_parent:0
                    num_neighbors:0
                    time_add_neighbors_to_o:0
        Stage2:
            total_Stage2:0.00158135
            num_len_path:65
            time_expanding_s:2.817e-05
            timing_AStarSearchUntil:
                total_astar_search_until:0.00153405
                num_values_f_less_fmax:121
                ASU Exp:
                    total_ASUExp:0.00153252
                    time_top_o:3.0153e-05
                    time_check_in_c:2.3128e-05
                    time_add_parent:3.8525e-05
                    num_neighbors:2985
                    time_add_neighbors_to_o:0.00130207
        Stage3:
            total_Stage3:0.00467783
            num_until_goal_expanded:149
            timing_S3Exp:
                total_S3Exp: 0.00183191
                time_top_o: 3.023e-05
                time_check_in_c: 2.0448e-05
                time_add_parent: 3.0409e-05
                num_neighbors: 2216
                time_add_neighbors_to_o: 0.00140032
    timing_PIOW_overlapping:
        total_PIOW: 9.25e-07
        num_windows: 37
        time_check_overlap: 0
        num_overlapping_windows: 0
        time_merge_windows: 0
        time_remove_window: 0
        time_remove_window: 0
        timing_PlanIn:
            total_PlanIn:0
            num_until_goal_expanded:0
            timing_expansions:
                total_S3Exp: 0
                time_top_o: 0
                time_check_in_c: 0
                time_add_parent: 0
                num_neighbors: 0
                time_add_neighbors_to_o: 0
    num_new_collisions: 1
    timing_PIOW_new_collisions:
        total_PIOW: 9.3265e-05
        num_windows: 0
        time_check_overlap: 0
        num_overlapping_windows: 0
        time_merge_windows: 0
        time_remove_window: 0
        time_remove_window: 2.52e-07
        timing_PlanIn:
            total_PlanIn:9.1404e-05
            num_until_goal_expanded:7
            timing_expansions:
                total_S3Exp: 8.6546e-05
                time_top_o: 1.349e-06
                time_check_in_c: 1.674e-06
                time_add_parent: 2.875e-06
                num_neighbors: 135
                time_add_neighbors_to_o: 6.599e-05
    num_windows_should_quit: 0
    time_should_quit: 1.696e-06
    time_remove_window: 0
Complete!
