Total time: 0.112244
is_optimal: true
optimality_bound: 1
successive_bounds: [1.00287, 1.00287, 1.00287, 1.00287, 1.00287, 1.00287, 1.00287, 1.00287, 1.00287, 1.00287, 1.00287, 1.00287, 1.00143, 1.00143, 1.00143, 1.00143, 1.00143, 1.00143, 1.00143, 1.00143, 1.00143, 1.00143, 1.00143, 1.00143, 1.00143, 1.00143, 1.00143, 1.00143, 1.00143, 1.00143, 1.00143, 1.00143, 1.00143, 1.00143, 1.00143, 1, 1]
successive_runtimes: [0.00429296, 0.00513784, 0.00607484, 0.00697685, 0.00816925, 0.00943326, 0.0108545, 0.0123909, 0.0139862, 0.0156148, 0.0173448, 0.0188382, 0.024627, 0.0305882, 0.0377095, 0.0442534, 0.0507252, 0.0565056, 0.0615465, 0.0669657, 0.0705457, 0.0733972, 0.0805056, 0.0839477, 0.0864002, 0.0887396, 0.0910536, 0.0934117, 0.0958081, 0.0981498, 0.100487, 0.102822, 0.105161, 0.10752, 0.109902, 0.112244]
num_agents: 20
time_individual_plan: 0.00333062
time_first_plan: 0.000430109
num_max_agents_in_window_first_iteration: 2
num_recWAMPF: 36
timing_recWAMPF:
    total_RecWAMPF: 0.108375
    num_windows: 142
    num_max_agents_in_window: 2
    timing_gari:
        total_GARI: 0.103957
        time_path_btw_starts: 0.000915735
        Stage1:
            total_Stage1:0.0420268
            time_add_x_to_o: 0.0134462
            time_clear_x: 0.00182666
            timing_AStarSearchUntil:
                total_astar_search_until:0.0267455
                num_values_f_less_fmax:4977
                ASU Exp:
                    total_ASUExp:0.0267421
                    time_top_o:0.0015756
                    time_check_in_c:0.000943321
                    time_add_parent:0.000752413
                    num_neighbors:55999
                    time_add_neighbors_to_o:0.0206174
        Stage2:
            total_Stage2:0.00984319
            num_len_path:136
            time_expanding_s:7.4649e-05
            timing_AStarSearchUntil:
                total_astar_search_until:0.00972302
                num_values_f_less_fmax:818
                ASU Exp:
                    total_ASUExp:0.00972003
                    time_top_o:0.000227968
                    time_check_in_c:0.00016777
                    time_add_parent:0.000232517
                    num_neighbors:21147
                    time_add_neighbors_to_o:0.00826381
        Stage3:
            total_Stage3:0.0511477
            num_until_goal_expanded:2579
            timing_S3Exp:
                total_S3Exp: 0.0144215
                time_top_o: 0.000794564
                time_check_in_c: 0.000472784
                time_add_parent: 0.000938367
                num_neighbors: 27586
                time_add_neighbors_to_o: 0.00930075
    timing_PIOW_overlapping:
        total_PIOW: 9.399e-06
        num_windows: 140
        time_check_overlap: 4.614e-06
        num_overlapping_windows: 0
        time_merge_windows: 0
        time_remove_window: 0
        time_remove_window: 0
        timing_PlanIn:
            total_PlanIn:0
            num_until_goal_expanded:0
            timing_expansions:
                total_S3Exp: 0
                time_top_o: 0
                time_check_in_c: 0
                time_add_parent: 0
                num_neighbors: 0
                time_add_neighbors_to_o: 0
    num_new_collisions: 2
    timing_PIOW_new_collisions:
        total_PIOW: 0.000248213
        num_windows: 2
        time_check_overlap: 1.22e-07
        num_overlapping_windows: 0
        time_merge_windows: 0
        time_remove_window: 0
        time_remove_window: 6.05e-07
        timing_PlanIn:
            total_PlanIn:0.000245485
            num_until_goal_expanded:34
            timing_expansions:
                total_S3Exp: 0.000240871
                time_top_o: 4.395e-06
                time_check_in_c: 6.268e-06
                time_add_parent: 9.172e-06
                num_neighbors: 368
                time_add_neighbors_to_o: 0.000170098
    num_windows_should_quit: 0
    time_should_quit: 4.944e-06
    time_remove_window: 0
Complete!
