Total time: 5.29183
is_optimal: false
optimality_bound: 1.00037
successive_bounds: [1.00367, 1.00367, 1.00294, 1.00294, 1.0022, 1.0022, 1.0022, 1.0022, 1.0022, 1.00147, 1.00147, 1.00147, 1.00073, 1.00073, 1.00073, 1.00073, 1.00073, 1.00073, 1.00073, 1.00073, 1.00073, 1.00073, 1.00037, 1.00037]
successive_runtimes: [0.00735528, 0.0088762, 0.0102573, 0.0117825, 0.0133226, 0.0150793, 0.0169108, 0.0187723, 0.0208386, 0.023164, 0.0464869, 0.064237, 0.0992503, 0.134155, 0.163147, 0.195979, 0.234078, 0.309518, 0.92669, 1.42551, 2.07979, 3.07134, 4.02396, 5.29183]
num_agents: 40
time_individual_plan: 0.0047013
time_first_plan: 0.00212273
num_max_agents_in_window_first_iteration: 2
num_recWAMPF: 24
timing_recWAMPF:
    total_RecWAMPF: 5.28659
    num_windows: 291
    num_max_agents_in_window: 4
    timing_gari:
        total_GARI: 5.23929
        time_path_btw_starts: 0.000690885
        Stage1:
            total_Stage1:2.94498
            time_add_x_to_o: 0.779288
            time_clear_x: 0.221422
            timing_AStarSearchUntil:
                total_astar_search_until:1.94425
                num_values_f_less_fmax:42729
                ASU Exp:
                    total_ASUExp:1.94424
                    time_top_o:0.0475021
                    time_check_in_c:0.0169939
                    time_add_parent:0.0303137
                    num_neighbors:3094476
                    time_add_neighbors_to_o:1.80599
        Stage2:
            total_Stage2:0.525349
            num_len_path:270
            time_expanding_s:0.000163787
            timing_AStarSearchUntil:
                total_astar_search_until:0.525057
                num_values_f_less_fmax:7513
                ASU Exp:
                    total_ASUExp:0.525051
                    time_top_o:0.00340111
                    time_check_in_c:0.00148508
                    time_add_parent:0.0037756
                    num_neighbors:850170
                    time_add_neighbors_to_o:0.50491
        Stage3:
            total_Stage3:1.76821
            num_until_goal_expanded:18611
            timing_S3Exp:
                total_S3Exp: 0.327144
                time_top_o: 0.0110584
                time_check_in_c: 0.00315697
                time_add_parent: 0.00941007
                num_neighbors: 668028
                time_add_neighbors_to_o: 0.277544
    timing_PIOW_overlapping:
        total_PIOW: 0.0262662
        num_windows: 906
        time_check_overlap: 3.701e-05
        num_overlapping_windows: 2
        time_merge_windows: 3.518e-06
        time_remove_window: 5.51e-07
        time_remove_window: 3.418e-06
        timing_PlanIn:
            total_PlanIn:0.0261998
            num_until_goal_expanded:444
            timing_expansions:
                total_S3Exp: 0.0261955
                time_top_o: 0.000119135
                time_check_in_c: 8.0921e-05
                time_add_parent: 0.000128026
                num_neighbors: 43763
                time_add_neighbors_to_o: 0.0240895
    num_new_collisions: 8
    timing_PIOW_new_collisions:
        total_PIOW: 0.0092791
        num_windows: 52
        time_check_overlap: 1.728e-06
        num_overlapping_windows: 1
        time_merge_windows: 0
        time_remove_window: 1.41768
        time_remove_window: 2.963e-06
        timing_PlanIn:
            total_PlanIn:0.00926463
            num_until_goal_expanded:156
            timing_expansions:
                total_S3Exp: 0.00923567
                time_top_o: 3.3229e-05
                time_check_in_c: 3.0171e-05
                time_add_parent: 4.3332e-05
                num_neighbors: 11817
                time_add_neighbors_to_o: 0.0085887
    num_windows_should_quit: 1
    time_should_quit: 1.2443e-05
    time_remove_window: 3.34e-07
Complete!
