Total time: 1.95039
is_optimal: false
optimality_bound: 1.00548
successive_bounds: [1.00871, 1.00822, 1.00797, 1.00772, 1.00672, 1.00647, 1.00597, 1.00548, 1.00548, 1.00548, 1.00548, 1.00548, 1.00548, 1.00548, 1.00548]
successive_runtimes: [0.0209193, 0.0269608, 0.032791, 0.0394466, 0.0488985, 0.0600065, 0.0805435, 0.340349, 0.534683, 0.748124, 0.974012, 1.22491, 1.46859, 1.70878, 1.95039]
num_agents: 60
time_individual_plan: 0.00678728
time_first_plan: 0.0136032
num_max_agents_in_window_first_iteration: 3
num_recWAMPF: 15
timing_recWAMPF:
    total_RecWAMPF: 1.94307
    num_windows: 336
    num_max_agents_in_window: 4
    timing_gari:
        total_GARI: 1.6403
        time_path_btw_starts: 0.000856457
        Stage1:
            total_Stage1:0.0553172
            time_add_x_to_o: 0.0404747
            time_clear_x: 0.0100758
            timing_AStarSearchUntil:
                total_astar_search_until:0.00474973
                num_values_f_less_fmax:3129
                ASU Exp:
                    total_ASUExp:0.0047423
                    time_top_o:0.000658151
                    time_check_in_c:0.000354711
                    time_add_parent:0.000191739
                    num_neighbors:6384
                    time_add_neighbors_to_o:0.00257651
        Stage2:
            total_Stage2:0.0119518
            num_len_path:295
            time_expanding_s:0.000137855
            timing_AStarSearchUntil:
                total_astar_search_until:0.0117025
                num_values_f_less_fmax:607
                ASU Exp:
                    total_ASUExp:0.0116961
                    time_top_o:0.000162524
                    time_check_in_c:0.000173964
                    time_add_parent:0.000190632
                    num_neighbors:21719
                    time_add_neighbors_to_o:0.00967854
        Stage3:
            total_Stage3:1.5718
            num_until_goal_expanded:7190
            timing_S3Exp:
                total_S3Exp: 0.861556
                time_top_o: 0.0048157
                time_check_in_c: 0.00147075
                time_add_parent: 0.00273666
                num_neighbors: 1290474
                time_add_neighbors_to_o: 0.841074
    timing_PIOW_overlapping:
        total_PIOW: 0.0209718
        num_windows: 2758
        time_check_overlap: 8.4773e-05
        num_overlapping_windows: 15
        time_merge_windows: 1.2462e-05
        time_remove_window: 2.449e-06
        time_remove_window: 1.1732e-05
        timing_PlanIn:
            total_PlanIn:0.0207896
            num_until_goal_expanded:809
            timing_expansions:
                total_S3Exp: 0.0207635
                time_top_o: 0.000154194
                time_check_in_c: 0.00014656
                time_add_parent: 0.000209345
                num_neighbors: 33854
                time_add_neighbors_to_o: 0.0183758
    num_new_collisions: 23
    timing_PIOW_new_collisions:
        total_PIOW: 0.260978
        num_windows: 442
        time_check_overlap: 1.1978e-05
        num_overlapping_windows: 2
        time_merge_windows: 0
        time_remove_window: 0.0932456
        time_remove_window: 1.3138e-05
        timing_PlanIn:
            total_PlanIn:0.26092
            num_until_goal_expanded:1712
            timing_expansions:
                total_S3Exp: 0.260876
                time_top_o: 0.00081934
                time_check_in_c: 0.000360511
                time_add_parent: 0.000635203
                num_neighbors: 405280
                time_add_neighbors_to_o: 0.245826
    num_windows_should_quit: 0
    time_should_quit: 1.8642e-05
    time_remove_window: 0
Complete!
