Total time: 0.0174177
is_optimal: true
optimality_bound: 1
successive_bounds: [1.0014, 1.0014, 1.0014, 1.00047, 1.00047, 1.00047, 1.00047, 1.00047, 1.00047, 1.00047, 1.00047, 1.00047, 1, 1]
successive_runtimes: [0.00489793, 0.00554086, 0.00629749, 0.0070082, 0.00762475, 0.00825571, 0.00894258, 0.00967274, 0.0104317, 0.0112643, 0.0121168, 0.0131125, 0.0174177]
num_agents: 30
time_individual_plan: 0.00369294
time_first_plan: 0.000686861
num_max_agents_in_window_first_iteration: 2
num_recWAMPF: 13
timing_recWAMPF:
    total_RecWAMPF: 0.0132043
    num_windows: 50
    num_max_agents_in_window: 2
    timing_gari:
        total_GARI: 0.00940445
        time_path_btw_starts: 0.000105135
        Stage1:
            total_Stage1:0.0012171
            time_add_x_to_o: 0.000999646
            time_clear_x: 0.000127682
            timing_AStarSearchUntil:
                total_astar_search_until:8.7248e-05
                num_values_f_less_fmax:151
                ASU Exp:
                    total_ASUExp:8.603e-05
                    time_top_o:2.6784e-05
                    time_check_in_c:1.1394e-05
                    time_add_parent:9.92e-07
                    num_neighbors:75
                    time_add_neighbors_to_o:2.4376e-05
        Stage2:
            total_Stage2:0.00505223
            num_len_path:49
            time_expanding_s:3.7412e-05
            timing_AStarSearchUntil:
                total_astar_search_until:0.00500199
                num_values_f_less_fmax:397
                ASU Exp:
                    total_ASUExp:0.00500103
                    time_top_o:9.392e-05
                    time_check_in_c:7.3314e-05
                    time_add_parent:0.000112719
                    num_neighbors:9842
                    time_add_neighbors_to_o:0.00431065
        Stage3:
            total_Stage3:0.00302282
            num_until_goal_expanded:203
            timing_S3Exp:
                total_S3Exp: 0.00183364
                time_top_o: 4.3798e-05
                time_check_in_c: 3.182e-05
                time_add_parent: 4.7882e-05
                num_neighbors: 2941
                time_add_neighbors_to_o: 0.00140079
    timing_PIOW_overlapping:
        total_PIOW: 3.067e-06
        num_windows: 48
        time_check_overlap: 1.582e-06
        num_overlapping_windows: 0
        time_merge_windows: 0
        time_remove_window: 0
        time_remove_window: 0
        timing_PlanIn:
            total_PlanIn:0
            num_until_goal_expanded:0
            timing_expansions:
                total_S3Exp: 0
                time_top_o: 0
                time_check_in_c: 0
                time_add_parent: 0
                num_neighbors: 0
                time_add_neighbors_to_o: 0
    num_new_collisions: 2
    timing_PIOW_new_collisions:
        total_PIOW: 0.000225835
        num_windows: 2
        time_check_overlap: 1.26e-07
        num_overlapping_windows: 0
        time_merge_windows: 0
        time_remove_window: 0
        time_remove_window: 7.19e-07
        timing_PlanIn:
            total_PlanIn:0.00022259
            num_until_goal_expanded:35
            timing_expansions:
                total_S3Exp: 0.000218155
                time_top_o: 4.378e-06
                time_check_in_c: 6.699e-06
                time_add_parent: 9.549e-06
                num_neighbors: 307
                time_add_neighbors_to_o: 0.000140553
    num_windows_should_quit: 0
    time_should_quit: 1.47e-06
    time_remove_window: 0
Complete!
