Total time: 3.63121
is_optimal: true
optimality_bound: 1
successive_bounds: [1.00256, 1.00256, 1.00256, 1.00256, 1.00256, 1.00256, 1.00256, 1.00256, 1.00256, 1.00256, 1.00256, 1.00256, 1.00256, 1.00256, 1.00256, 1.00256, 1.00256, 1.00256, 1.00256, 1.00256, 1.00256, 1.00256, 1.00256, 1.00256, 1, 1]
successive_runtimes: [0.00307024, 0.00386352, 0.00484417, 0.00608277, 0.00745831, 0.00890848, 0.0103999, 0.0120379, 0.0138492, 0.0182337, 0.0248748, 0.0309665, 0.036405, 0.0563689, 0.116661, 0.215572, 0.340575, 0.511057, 0.749227, 1.14127, 1.64225, 2.12559, 2.57148, 3.06274, 3.63121]
num_agents: 10
time_individual_plan: 0.00222267
time_first_plan: 0.000318828
num_max_agents_in_window_first_iteration: 2
num_recWAMPF: 25
timing_recWAMPF:
    total_RecWAMPF: 3.62846
    num_windows: 49
    num_max_agents_in_window: 3
    timing_gari:
        total_GARI: 3.61196
        time_path_btw_starts: 0.000736658
        Stage1:
            total_Stage1:2.79966
            time_add_x_to_o: 0.707288
            time_clear_x: 0.313465
            timing_AStarSearchUntil:
                total_astar_search_until:1.77889
                num_values_f_less_fmax:66705
                ASU Exp:
                    total_ASUExp:1.77889
                    time_top_o:0.0627941
                    time_check_in_c:0.0244741
                    time_add_parent:0.0432338
                    num_neighbors:3352142
                    time_add_neighbors_to_o:1.53972
        Stage2:
            total_Stage2:0.0037133
            num_len_path:43
            time_expanding_s:2.8611e-05
            timing_AStarSearchUntil:
                total_astar_search_until:0.00365704
                num_values_f_less_fmax:214
                ASU Exp:
                    total_ASUExp:0.00365594
                    time_top_o:6.173e-05
                    time_check_in_c:4.1463e-05
                    time_add_parent:0.000163793
                    num_neighbors:7305
                    time_add_neighbors_to_o:0.00316271
        Stage3:
            total_Stage3:0.807841
            num_until_goal_expanded:10927
            timing_S3Exp:
                total_S3Exp: 0.169498
                time_top_o: 0.00572135
                time_check_in_c: 0.00276818
                time_add_parent: 0.00571258
                num_neighbors: 266138
                time_add_neighbors_to_o: 0.127517
    timing_PIOW_overlapping:
        total_PIOW: 9.15e-07
        num_windows: 24
        time_check_overlap: 0
        num_overlapping_windows: 0
        time_merge_windows: 0
        time_remove_window: 0
        time_remove_window: 0
        timing_PlanIn:
            total_PlanIn:0
            num_until_goal_expanded:0
            timing_expansions:
                total_S3Exp: 0
                time_top_o: 0
                time_check_in_c: 0
                time_add_parent: 0
                num_neighbors: 0
                time_add_neighbors_to_o: 0
    num_new_collisions: 2
    timing_PIOW_new_collisions:
        total_PIOW: 0.0157999
        num_windows: 1
        time_check_overlap: 1.17e-07
        num_overlapping_windows: 1
        time_merge_windows: 0
        time_remove_window: 0.0413943
        time_remove_window: 4.23e-07
        timing_PlanIn:
            total_PlanIn:0.0157955
            num_until_goal_expanded:366
            timing_expansions:
                total_S3Exp: 0.0157901
                time_top_o: 7.7591e-05
                time_check_in_c: 6.3069e-05
                time_add_parent: 9.7301e-05
                num_neighbors: 33388
                time_add_neighbors_to_o: 0.0142223
    num_windows_should_quit: 0
    time_should_quit: 1.998e-06
    time_remove_window: 0
Complete!
