Total time: 0.0899619
is_optimal: false
optimality_bound: 1.00481
successive_bounds: [1.00674, 1.00674, 1.00546, 1.00481, 1.00481, 1.00481]
successive_runtimes: [0.0145394, 0.0183044, 0.0382649, 0.0655987, 0.077743, 0.0899619]
num_agents: 50
time_individual_plan: 0.0102234
time_first_plan: 0.00378502
num_max_agents_in_window_first_iteration: 2
num_recWAMPF: 6
timing_recWAMPF:
    total_RecWAMPF: 0.0792058
    num_windows: 132
    num_max_agents_in_window: 3
    timing_gari:
        total_GARI: 0.0571549
        time_path_btw_starts: 0.000288736
        Stage1:
            total_Stage1:0.0309884
            time_add_x_to_o: 0.00786128
            time_clear_x: 0.000821241
            timing_AStarSearchUntil:
                total_astar_search_until:0.0222994
                num_values_f_less_fmax:2582
                ASU Exp:
                    total_ASUExp:0.0222965
                    time_top_o:0.000695561
                    time_check_in_c:0.00042668
                    time_add_parent:0.000491385
                    num_neighbors:52038
                    time_add_neighbors_to_o:0.0193428
        Stage2:
            total_Stage2:0.0138188
            num_len_path:118
            time_expanding_s:5.4203e-05
            timing_AStarSearchUntil:
                total_astar_search_until:0.01373
                num_values_f_less_fmax:563
                ASU Exp:
                    total_ASUExp:0.0137275
                    time_top_o:0.000168781
                    time_check_in_c:9.7153e-05
                    time_add_parent:0.000156387
                    num_neighbors:32106
                    time_add_neighbors_to_o:0.0126262
        Stage3:
            total_Stage3:0.0120406
            num_until_goal_expanded:894
            timing_S3Exp:
                total_S3Exp: 0.00477392
                time_top_o: 0.000186001
                time_check_in_c: 0.000124995
                time_add_parent: 0.000240752
                num_neighbors: 7911
                time_add_neighbors_to_o: 0.0033162
    timing_PIOW_overlapping:
        total_PIOW: 3.6643e-05
        num_windows: 720
        time_check_overlap: 2.097e-05
        num_overlapping_windows: 0
        time_merge_windows: 0
        time_remove_window: 0
        time_remove_window: 0
        timing_PlanIn:
            total_PlanIn:0
            num_until_goal_expanded:0
            timing_expansions:
                total_S3Exp: 0
                time_top_o: 0
                time_check_in_c: 0
                time_add_parent: 0
                num_neighbors: 0
                time_add_neighbors_to_o: 0
    num_new_collisions: 13
    timing_PIOW_new_collisions:
        total_PIOW: 0.0163738
        num_windows: 164
        time_check_overlap: 4.432e-06
        num_overlapping_windows: 1
        time_merge_windows: 0
        time_remove_window: 0.0228537
        time_remove_window: 4.164e-06
        timing_PlanIn:
            total_PlanIn:0.0163508
            num_until_goal_expanded:681
            timing_expansions:
                total_S3Exp: 0.01633
                time_top_o: 0.000183784
                time_check_in_c: 0.000112844
                time_add_parent: 0.000170462
                num_neighbors: 35688
                time_add_neighbors_to_o: 0.0140373
    num_windows_should_quit: 0
    time_should_quit: 7.259e-06
    time_remove_window: 0
Complete!
