Total time: 0.303288
is_optimal: true
optimality_bound: 1
successive_bounds: [1.00639, 1.00639, 1.00639, 1.00639, 1.00639, 1.00639, 1.00639, 1.00639, 1.00639, 1.00639, 1.00639, 1.00639, 1.00639, 1.00639, 1.00639, 1.00319, 1.00319, 1.00319, 1.00319, 1, 1]
successive_runtimes: [0.00344908, 0.0104805, 0.0177477, 0.0250883, 0.0325934, 0.0403779, 0.0479515, 0.0556357, 0.0636498, 0.0713725, 0.07926, 0.087257, 0.0956739, 0.105246, 0.115261, 0.143945, 0.164993, 0.187035, 0.208898, 0.303288]
num_agents: 10
time_individual_plan: 0.00121114
time_first_plan: 0.0017198
num_max_agents_in_window_first_iteration: 3
num_recWAMPF: 20
timing_recWAMPF:
    total_RecWAMPF: 0.301555
    num_windows: 39
    num_max_agents_in_window: 3
    timing_gari:
        total_GARI: 0.299386
        time_path_btw_starts: 0.000128282
        Stage1:
            total_Stage1:0.15165
            time_add_x_to_o: 0.0298001
            time_clear_x: 0.00402686
            timing_AStarSearchUntil:
                total_astar_search_until:0.11782
                num_values_f_less_fmax:5607
                ASU Exp:
                    total_ASUExp:0.117818
                    time_top_o:0.00266463
                    time_check_in_c:0.00139464
                    time_add_parent:0.00211381
                    num_neighbors:237780
                    time_add_neighbors_to_o:0.105524
        Stage2:
            total_Stage2:0.00833193
            num_len_path:38
            time_expanding_s:1.9366e-05
            timing_AStarSearchUntil:
                total_astar_search_until:0.00829667
                num_values_f_less_fmax:117
                ASU Exp:
                    total_ASUExp:0.00829574
                    time_top_o:4.3209e-05
                    time_check_in_c:1.9085e-05
                    time_add_parent:2.7932e-05
                    num_neighbors:20820
                    time_add_neighbors_to_o:0.00804996
        Stage3:
            total_Stage3:0.139265
            num_until_goal_expanded:4037
            timing_S3Exp:
                total_S3Exp: 0.0738908
                time_top_o: 0.00146732
                time_check_in_c: 0.000611391
                time_add_parent: 0.00139763
                num_neighbors: 175411
                time_add_neighbors_to_o: 0.0655769
    timing_PIOW_overlapping:
        total_PIOW: 5.1e-07
        num_windows: 19
        time_check_overlap: 0
        num_overlapping_windows: 0
        time_merge_windows: 0
        time_remove_window: 0
        time_remove_window: 0
        timing_PlanIn:
            total_PlanIn:0
            num_until_goal_expanded:0
            timing_expansions:
                total_S3Exp: 0
                time_top_o: 0
                time_check_in_c: 0
                time_add_parent: 0
                num_neighbors: 0
                time_add_neighbors_to_o: 0
    num_new_collisions: 2
    timing_PIOW_new_collisions:
        total_PIOW: 0.00167888
        num_windows: 1
        time_check_overlap: 1.35e-07
        num_overlapping_windows: 1
        time_merge_windows: 0
        time_remove_window: 0.0018508
        time_remove_window: 4.5e-07
        timing_PlanIn:
            total_PlanIn:0.0016752
            num_until_goal_expanded:51
            timing_expansions:
                total_S3Exp: 0.00167046
                time_top_o: 8.954e-06
                time_check_in_c: 9.549e-06
                time_add_parent: 1.507e-05
                num_neighbors: 3498
                time_add_neighbors_to_o: 0.00147155
    num_windows_should_quit: 0
    time_should_quit: 1.341e-06
    time_remove_window: 0
Complete!
