Total time: 0.868867
is_optimal: true
optimality_bound: 1
successive_bounds: [1.00296, 1.00296, 1.00296, 1.00296, 1.00296, 1.00296, 1.00296, 1.00296, 1.00296, 1.00296, 1.00197, 1.00197, 1.00197, 1.00197, 1.00197, 1.00099, 1.00099, 1, 1]
successive_runtimes: [0.00605761, 0.00707297, 0.00798492, 0.00902612, 0.0100633, 0.0111609, 0.0127147, 0.0138763, 0.0150445, 0.0161499, 0.0189836, 0.0200746, 0.0211948, 0.0228466, 0.0242416, 0.026569, 0.0282346, 0.868867]
num_agents: 30
time_individual_plan: 0.00420547
time_first_plan: 0.00132069
num_max_agents_in_window_first_iteration: 2
num_recWAMPF: 18
timing_recWAMPF:
    total_RecWAMPF: 0.864127
    num_windows: 138
    num_max_agents_in_window: 3
    timing_gari:
        total_GARI: 0.0193476
        time_path_btw_starts: 0.000299795
        Stage1:
            total_Stage1:0.00379358
            time_add_x_to_o: 0.00293161
            time_clear_x: 0.000480581
            timing_AStarSearchUntil:
                total_astar_search_until:0.000374569
                num_values_f_less_fmax:219
                ASU Exp:
                    total_ASUExp:0.000371541
                    time_top_o:5.0921e-05
                    time_check_in_c:2.5228e-05
                    time_add_parent:9.715e-06
                    num_neighbors:675
                    time_add_neighbors_to_o:0.000225765
        Stage2:
            total_Stage2:0.003804
            num_len_path:126
            time_expanding_s:9.537e-05
            timing_AStarSearchUntil:
                total_astar_search_until:0.00367412
                num_values_f_less_fmax:315
                ASU Exp:
                    total_ASUExp:0.00367136
                    time_top_o:7.9986e-05
                    time_check_in_c:9.3762e-05
                    time_add_parent:9.0285e-05
                    num_neighbors:7917
                    time_add_neighbors_to_o:0.00305125
        Stage3:
            total_Stage3:0.0102705
            num_until_goal_expanded:2174
            timing_S3Exp:
                total_S3Exp: 0.00737451
                time_top_o: 0.000474686
                time_check_in_c: 0.000265045
                time_add_parent: 0.000429646
                num_neighbors: 11669
                time_add_neighbors_to_o: 0.00449451
    timing_PIOW_overlapping:
        total_PIOW: 0.839359
        num_windows: 277
        time_check_overlap: 8.339e-06
        num_overlapping_windows: 2
        time_merge_windows: 2.226e-06
        time_remove_window: 5.5e-07
        time_remove_window: 2.131e-06
        timing_PlanIn:
            total_PlanIn:0.839336
            num_until_goal_expanded:3623
            timing_expansions:
                total_S3Exp: 0.839331
                time_top_o: 0.00200706
                time_check_in_c: 0.000808958
                time_add_parent: 0.00159773
                num_neighbors: 1080131
                time_add_neighbors_to_o: 0.801263
    num_new_collisions: 4
    timing_PIOW_new_collisions:
        total_PIOW: 0.00069066
        num_windows: 12
        time_check_overlap: 4.33e-07
        num_overlapping_windows: 0
        time_merge_windows: 0
        time_remove_window: 0
        time_remove_window: 1.226e-06
        timing_PlanIn:
            total_PlanIn:0.000677038
            num_until_goal_expanded:107
            timing_expansions:
                total_S3Exp: 0.000669365
                time_top_o: 1.2747e-05
                time_check_in_c: 1.843e-05
                time_add_parent: 2.7372e-05
                num_neighbors: 970
                time_add_neighbors_to_o: 0.000454745
    num_windows_should_quit: 0
    time_should_quit: 4.205e-06
    time_remove_window: 0
Complete!
