Total time: 0.0159724
is_optimal: true
optimality_bound: 1
successive_bounds: [1.00132, 1.00132, 1.00132, 1.00132, 1.00132, 1.00132, 1.00132, 1.00132, 1.00132, 1.00132, 1.00132, 1.00132, 1.00132, 1.00132, 1, 1]
successive_runtimes: [0.00485209, 0.00517906, 0.00554696, 0.00601399, 0.00643609, 0.00686528, 0.00729395, 0.00773238, 0.0081839, 0.00883159, 0.00945144, 0.00992618, 0.0113004, 0.0118823, 0.0159724]
num_agents: 20
time_individual_plan: 0.00388172
time_first_plan: 0.000443379
num_max_agents_in_window_first_iteration: 2
num_recWAMPF: 15
timing_recWAMPF:
    total_RecWAMPF: 0.0115613
    num_windows: 58
    num_max_agents_in_window: 2
    timing_gari:
        total_GARI: 0.00962505
        time_path_btw_starts: 0.000129757
        Stage1:
            total_Stage1:0.00139808
            time_add_x_to_o: 0.000906743
            time_clear_x: 0.000124073
            timing_AStarSearchUntil:
                total_astar_search_until:0.000364115
                num_values_f_less_fmax:31
                ASU Exp:
                    total_ASUExp:0.000362798
                    time_top_o:8.85e-06
                    time_check_in_c:1.0204e-05
                    time_add_parent:1.7658e-05
                    num_neighbors:745
                    time_add_neighbors_to_o:0.000282708
        Stage2:
            total_Stage2:0.004716
            num_len_path:69
            time_expanding_s:4.5516e-05
            timing_AStarSearchUntil:
                total_astar_search_until:0.00465576
                num_values_f_less_fmax:392
                ASU Exp:
                    total_ASUExp:0.00465452
                    time_top_o:0.000105255
                    time_check_in_c:7.0545e-05
                    time_add_parent:0.000103779
                    num_neighbors:9658
                    time_add_neighbors_to_o:0.00397616
        Stage3:
            total_Stage3:0.00337293
            num_until_goal_expanded:455
            timing_S3Exp:
                total_S3Exp: 0.00227865
                time_top_o: 9.9775e-05
                time_check_in_c: 5.9228e-05
                time_add_parent: 9.8372e-05
                num_neighbors: 3856
                time_add_neighbors_to_o: 0.00156111
    timing_PIOW_overlapping:
        total_PIOW: 3.538e-06
        num_windows: 56
        time_check_overlap: 1.859e-06
        num_overlapping_windows: 0
        time_merge_windows: 0
        time_remove_window: 0
        time_remove_window: 0
        timing_PlanIn:
            total_PlanIn:0
            num_until_goal_expanded:0
            timing_expansions:
                total_S3Exp: 0
                time_top_o: 0
                time_check_in_c: 0
                time_add_parent: 0
                num_neighbors: 0
                time_add_neighbors_to_o: 0
    num_new_collisions: 2
    timing_PIOW_new_collisions:
        total_PIOW: 0.000256896
        num_windows: 2
        time_check_overlap: 9.7e-08
        num_overlapping_windows: 0
        time_merge_windows: 0
        time_remove_window: 0
        time_remove_window: 5.8e-07
        timing_PlanIn:
            total_PlanIn:0.000253679
            num_until_goal_expanded:32
            timing_expansions:
                total_S3Exp: 0.000246761
                time_top_o: 4.371e-06
                time_check_in_c: 6.343e-06
                time_add_parent: 9.304e-06
                num_neighbors: 372
                time_add_neighbors_to_o: 0.000177625
    num_windows_should_quit: 0
    time_should_quit: 1.037e-06
    time_remove_window: 0
Complete!
