Total time: 0.00459524
is_optimal: true
optimality_bound: 1
successive_bounds: [1.00237, 1.00237, 1.00237, 1.00237, 1.00237, 1.00237, 1.00237, 1.00237, 1.00237, 1.00237, 1.00237, 1.00237, 1, 1]
successive_runtimes: [0.00235292, 0.00249156, 0.00262072, 0.00275036, 0.00288576, 0.00304215, 0.00321346, 0.00341134, 0.00361252, 0.00383067, 0.00402459, 0.00423744, 0.00459521]
num_agents: 10
time_individual_plan: 0.001699
time_first_plan: 0.000124305
num_max_agents_in_window_first_iteration: 2
num_recWAMPF: 13
timing_recWAMPF:
    total_RecWAMPF: 0.0023648
    num_windows: 25
    num_max_agents_in_window: 2
    timing_gari:
        total_GARI: 0.00192527
        time_path_btw_starts: 5.8154e-05
        Stage1:
            total_Stage1:0.000432865
            time_add_x_to_o: 0.00025491
            time_clear_x: 2.7516e-05
            timing_AStarSearchUntil:
                total_astar_search_until:0.000149074
                num_values_f_less_fmax:13
                ASU Exp:
                    total_ASUExp:0.00014845
                    time_top_o:3.515e-06
                    time_check_in_c:4.107e-06
                    time_add_parent:4.596e-06
                    num_neighbors:310
                    time_add_neighbors_to_o:0.000117553
        Stage2:
            total_Stage2:0.000662796
            num_len_path:25
            time_expanding_s:9.286e-06
            timing_AStarSearchUntil:
                total_astar_search_until:0.000646745
                num_values_f_less_fmax:57
                ASU Exp:
                    total_ASUExp:0.000646218
                    time_top_o:1.2264e-05
                    time_check_in_c:1.0816e-05
                    time_add_parent:1.5343e-05
                    num_neighbors:1394
                    time_add_neighbors_to_o:0.000543016
        Stage3:
            total_Stage3:0.00076779
            num_until_goal_expanded:44
            timing_S3Exp:
                total_S3Exp: 0.000447468
                time_top_o: 8.14e-06
                time_check_in_c: 4.962e-06
                time_add_parent: 1.0044e-05
                num_neighbors: 623
                time_add_neighbors_to_o: 0.000344203
    timing_PIOW_overlapping:
        total_PIOW: 2.97e-07
        num_windows: 12
        time_check_overlap: 0
        num_overlapping_windows: 0
        time_merge_windows: 0
        time_remove_window: 0
        time_remove_window: 0
        timing_PlanIn:
            total_PlanIn:0
            num_until_goal_expanded:0
            timing_expansions:
                total_S3Exp: 0
                time_top_o: 0
                time_check_in_c: 0
                time_add_parent: 0
                num_neighbors: 0
                time_add_neighbors_to_o: 0
    num_new_collisions: 1
    timing_PIOW_new_collisions:
        total_PIOW: 8.8244e-05
        num_windows: 0
        time_check_overlap: 0
        num_overlapping_windows: 0
        time_merge_windows: 0
        time_remove_window: 0
        time_remove_window: 2.72e-07
        timing_PlanIn:
            total_PlanIn:8.6402e-05
            num_until_goal_expanded:7
            timing_expansions:
                total_S3Exp: 8.3256e-05
                time_top_o: 1.358e-06
                time_check_in_c: 1.459e-06
                time_add_parent: 2.324e-06
                num_neighbors: 135
                time_add_neighbors_to_o: 6.3818e-05
    num_windows_should_quit: 0
    time_should_quit: 5.03e-07
    time_remove_window: 0
Complete!
