Total time: 3.79318
is_optimal: false
optimality_bound: 1.00481
successive_bounds: [1.00734, 1.00709, 1.00658, 1.00658, 1.00658, 1.00608, 1.00481]
successive_runtimes: [0.0173622, 0.0256334, 0.0402188, 0.0674974, 0.103104, 0.139902, 3.79318]
num_agents: 60
time_individual_plan: 0.0068683
time_first_plan: 0.00996669
num_max_agents_in_window_first_iteration: 3
num_recWAMPF: 7
timing_recWAMPF:
    total_RecWAMPF: 3.78578
    num_windows: 87
    num_max_agents_in_window: 6
    timing_gari:
        total_GARI: 0.142242
        time_path_btw_starts: 0.000214062
        Stage1:
            total_Stage1:0.0644302
            time_add_x_to_o: 0.0302364
            time_clear_x: 0.00675638
            timing_AStarSearchUntil:
                total_astar_search_until:0.0274326
                num_values_f_less_fmax:137
                ASU Exp:
                    total_ASUExp:0.0274306
                    time_top_o:0.0001494
                    time_check_in_c:0.0010599
                    time_add_parent:3.707e-05
                    num_neighbors:45625
                    time_add_neighbors_to_o:0.0254293
        Stage2:
            total_Stage2:0.012764
            num_len_path:90
            time_expanding_s:4.236e-05
            timing_AStarSearchUntil:
                total_astar_search_until:0.0126924
                num_values_f_less_fmax:216
                ASU Exp:
                    total_ASUExp:0.0126907
                    time_top_o:7.1287e-05
                    time_check_in_c:5.4642e-05
                    time_add_parent:6.3512e-05
                    num_neighbors:23405
                    time_add_neighbors_to_o:0.0122128
        Stage3:
            total_Stage3:0.0321998
            num_until_goal_expanded:325
            timing_S3Exp:
                total_S3Exp: 0.0159549
                time_top_o: 8.9164e-05
                time_check_in_c: 5.0478e-05
                time_add_parent: 8.9931e-05
                num_neighbors: 24857
                time_add_neighbors_to_o: 0.0151222
    timing_PIOW_overlapping:
        total_PIOW: 0.23345
        num_windows: 380
        time_check_overlap: 1.2798e-05
        num_overlapping_windows: 10
        time_merge_windows: 8.488e-06
        time_remove_window: 1.666e-06
        time_remove_window: 8.06e-06
        timing_PlanIn:
            total_PlanIn:0.233394
            num_until_goal_expanded:543
            timing_expansions:
                total_S3Exp: 0.233375
                time_top_o: 0.000123779
                time_check_in_c: 0.000108293
                time_add_parent: 0.00015655
                num_neighbors: 406008
                time_add_neighbors_to_o: 0.22206
    num_new_collisions: 18
    timing_PIOW_new_collisions:
        total_PIOW: 3.39729
        num_windows: 252
        time_check_overlap: 7.11e-06
        num_overlapping_windows: 3
        time_merge_windows: 0
        time_remove_window: 0.475571
        time_remove_window: 7.86e-06
        timing_PlanIn:
            total_PlanIn:3.39725
            num_until_goal_expanded:726
            timing_expansions:
                total_S3Exp: 3.39722
                time_top_o: 0.000473357
                time_check_in_c: 0.000226708
                time_add_parent: 0.000282379
                num_neighbors: 5644147
                time_add_neighbors_to_o: 3.25426
    num_windows_should_quit: 0
    time_should_quit: 5.763e-06
    time_remove_window: 0
Complete!
