Total time: 0.0352618
is_optimal: false
optimality_bound: 1.00469
successive_bounds: [1.00469, 1.00469, 1.00469, 1.00469, 1.00625, 1.00469, 1.00469, 1.00469]
successive_runtimes: [0.00609912, 0.00838817, 0.0121585, 0.0166509, 0.0205383, 0.0248512, 0.0297823, 0.0352618]
num_agents: 20
time_individual_plan: 0.00444728
time_first_plan: 0.00111866
num_max_agents_in_window_first_iteration: 2
num_recWAMPF: 8
timing_recWAMPF:
    total_RecWAMPF: 0.0302799
    num_windows: 45
    num_max_agents_in_window: 2
    timing_gari:
        total_GARI: 0.0279851
        time_path_btw_starts: 0.000105875
        Stage1:
            total_Stage1:0.014365
            time_add_x_to_o: 0.00547177
            time_clear_x: 0.000818531
            timing_AStarSearchUntil:
                total_astar_search_until:0.00807177
                num_values_f_less_fmax:5279
                ASU Exp:
                    total_ASUExp:0.00807071
                    time_top_o:0.00126652
                    time_check_in_c:0.00062596
                    time_add_parent:0.000464604
                    num_neighbors:12196
                    time_add_neighbors_to_o:0.00427513
        Stage2:
            total_Stage2:0.00314295
            num_len_path:46
            time_expanding_s:4.4186e-05
            timing_AStarSearchUntil:
                total_astar_search_until:0.00308709
                num_values_f_less_fmax:283
                ASU Exp:
                    total_ASUExp:0.00308622
                    time_top_o:8.6753e-05
                    time_check_in_c:5.6853e-05
                    time_add_parent:0.000118446
                    num_neighbors:6672
                    time_add_neighbors_to_o:0.00254965
        Stage3:
            total_Stage3:0.0103638
            num_until_goal_expanded:2086
            timing_S3Exp:
                total_S3Exp: 0.00862348
                time_top_o: 0.000521717
                time_check_in_c: 0.000311474
                time_add_parent: 0.000626817
                num_neighbors: 13109
                time_add_neighbors_to_o: 0.00519845
    timing_PIOW_overlapping:
        total_PIOW: 3.513e-06
        num_windows: 63
        time_check_overlap: 1.593e-06
        num_overlapping_windows: 0
        time_merge_windows: 0
        time_remove_window: 0
        time_remove_window: 0
        timing_PlanIn:
            total_PlanIn:0
            num_until_goal_expanded:0
            timing_expansions:
                total_S3Exp: 0
                time_top_o: 0
                time_check_in_c: 0
                time_add_parent: 0
                num_neighbors: 0
                time_add_neighbors_to_o: 0
    num_new_collisions: 4
    timing_PIOW_new_collisions:
        total_PIOW: 0.00119175
        num_windows: 11
        time_check_overlap: 4.78e-07
        num_overlapping_windows: 1
        time_merge_windows: 0
        time_remove_window: 0.0117873
        time_remove_window: 1.067e-06
        timing_PlanIn:
            total_PlanIn:0.00118511
            num_until_goal_expanded:154
            timing_expansions:
                total_S3Exp: 0.00117683
                time_top_o: 2.166e-05
                time_check_in_c: 2.6396e-05
                time_add_parent: 3.9628e-05
                num_neighbors: 1907
                time_add_neighbors_to_o: 0.000870734
    num_windows_should_quit: 0
    time_should_quit: 1.289e-06
    time_remove_window: 0
Complete!
