Total time: 0.00684516
is_optimal: true
optimality_bound: 1
successive_bounds: [1.00297, 1.00297, 1.00297, 1.00297, 1.00297, 1.00297, 1.00297, 1.00297, 1.00297, 1.00297, 1.00297, 1, 1]
successive_runtimes: [0.00213884, 0.00234877, 0.00276584, 0.00323957, 0.00371118, 0.00412547, 0.00464338, 0.00525749, 0.00600563, 0.00626695, 0.00643748, 0.00684514]
num_agents: 10
time_individual_plan: 0.00142148
time_first_plan: 0.000131963
num_max_agents_in_window_first_iteration: 2
num_recWAMPF: 12
timing_recWAMPF:
    total_RecWAMPF: 0.00483607
    num_windows: 23
    num_max_agents_in_window: 2
    timing_gari:
        total_GARI: 0.00447749
        time_path_btw_starts: 4.7892e-05
        Stage1:
            total_Stage1:0.0015192
            time_add_x_to_o: 0.000685299
            time_clear_x: 6.5277e-05
            timing_AStarSearchUntil:
                total_astar_search_until:0.000767399
                num_values_f_less_fmax:95
                ASU Exp:
                    total_ASUExp:0.00076681
                    time_top_o:2.312e-05
                    time_check_in_c:2.3122e-05
                    time_add_parent:1.909e-05
                    num_neighbors:1810
                    time_add_neighbors_to_o:0.000617432
        Stage2:
            total_Stage2:0.00168131
            num_len_path:21
            time_expanding_s:9.665e-06
            timing_AStarSearchUntil:
                total_astar_search_until:0.00166555
                num_values_f_less_fmax:165
                ASU Exp:
                    total_ASUExp:0.00166503
                    time_top_o:3.7063e-05
                    time_check_in_c:2.9402e-05
                    time_add_parent:4.4089e-05
                    num_neighbors:3750
                    time_add_neighbors_to_o:0.00139221
        Stage3:
            total_Stage3:0.00122558
            num_until_goal_expanded:54
            timing_S3Exp:
                total_S3Exp: 0.000528099
                time_top_o: 1.114e-05
                time_check_in_c: 6.93e-06
                time_add_parent: 1.1342e-05
                num_neighbors: 719
                time_add_neighbors_to_o: 0.000404616
    timing_PIOW_overlapping:
        total_PIOW: 2.74e-07
        num_windows: 11
        time_check_overlap: 0
        num_overlapping_windows: 0
        time_merge_windows: 0
        time_remove_window: 0
        time_remove_window: 0
        timing_PlanIn:
            total_PlanIn:0
            num_until_goal_expanded:0
            timing_expansions:
                total_S3Exp: 0
                time_top_o: 0
                time_check_in_c: 0
                time_add_parent: 0
                num_neighbors: 0
                time_add_neighbors_to_o: 0
    num_new_collisions: 1
    timing_PIOW_new_collisions:
        total_PIOW: 0.000105366
        num_windows: 0
        time_check_overlap: 0
        num_overlapping_windows: 0
        time_merge_windows: 0
        time_remove_window: 0
        time_remove_window: 2.88e-07
        timing_PlanIn:
            total_PlanIn:0.00010354
            num_until_goal_expanded:11
            timing_expansions:
                total_S3Exp: 9.9694e-05
                time_top_o: 2.352e-06
                time_check_in_c: 2.108e-06
                time_add_parent: 3.793e-06
                num_neighbors: 171
                time_add_neighbors_to_o: 7.2446e-05
    num_windows_should_quit: 0
    time_should_quit: 5.33e-07
    time_remove_window: 0
Complete!
