Total time: 0.632406
is_optimal: true
optimality_bound: 1
successive_bounds: [1.0048, 1.0048, 1.0048, 1.0032, 1.0032, 1.0032, 1.00267, 1.00213, 1.00213, 1.00213, 1.00213, 1.00213, 1.00213, 1.00107, 1.00107, 1.00107, 1.00107, 1.00107, 1.00107, 1.00107, 1.00107, 1.00107, 1, 1]
successive_runtimes: [0.00476775, 0.00558854, 0.00755343, 0.0105945, 0.0139772, 0.0169766, 0.0196892, 0.0779918, 0.140211, 0.170255, 0.201882, 0.255729, 0.32541, 0.357483, 0.388337, 0.419195, 0.450123, 0.480625, 0.511031, 0.541402, 0.571657, 0.601833, 0.632406]
num_agents: 30
time_individual_plan: 0.00308525
time_first_plan: 0.00114945
num_max_agents_in_window_first_iteration: 2
num_recWAMPF: 23
timing_recWAMPF:
    total_RecWAMPF: 0.628783
    num_windows: 243
    num_max_agents_in_window: 5
    timing_gari:
        total_GARI: 0.564774
        time_path_btw_starts: 0.00108845
        Stage1:
            total_Stage1:0.118804
            time_add_x_to_o: 0.0978764
            time_clear_x: 0.0208739
            timing_AStarSearchUntil:
                total_astar_search_until:3.4275e-05
                num_values_f_less_fmax:30
                ASU Exp:
                    total_ASUExp:2.7437e-05
                    time_top_o:1.1014e-05
                    time_check_in_c:3.735e-06
                    time_add_parent:0
                    num_neighbors:0
                    time_add_neighbors_to_o:0
        Stage2:
            total_Stage2:0.0740356
            num_len_path:217
            time_expanding_s:0.00265045
            timing_AStarSearchUntil:
                total_astar_search_until:0.0712669
                num_values_f_less_fmax:292
                ASU Exp:
                    total_ASUExp:0.0712618
                    time_top_o:0.000117432
                    time_check_in_c:6.638e-05
                    time_add_parent:0.000141094
                    num_neighbors:160597
                    time_add_neighbors_to_o:0.0687243
        Stage3:
            total_Stage3:0.370798
            num_until_goal_expanded:734
            timing_S3Exp:
                total_S3Exp: 0.0491799
                time_top_o: 0.000210733
                time_check_in_c: 0.000114767
                time_add_parent: 0.000245746
                num_neighbors: 88121
                time_add_neighbors_to_o: 0.0467004
    timing_PIOW_overlapping:
        total_PIOW: 0.0147084
        num_windows: 666
        time_check_overlap: 2.4743e-05
        num_overlapping_windows: 3
        time_merge_windows: 3.309e-06
        time_remove_window: 6.99e-07
        time_remove_window: 3.156e-06
        timing_PlanIn:
            total_PlanIn:0.0146591
            num_until_goal_expanded:77
            timing_expansions:
                total_S3Exp: 0.0146531
                time_top_o: 2.0217e-05
                time_check_in_c: 1.6156e-05
                time_add_parent: 2.348e-05
                num_neighbors: 22655
                time_add_neighbors_to_o: 0.0138766
    num_new_collisions: 9
    timing_PIOW_new_collisions:
        total_PIOW: 0.0445082
        num_windows: 67
        time_check_overlap: 2.053e-06
        num_overlapping_windows: 1
        time_merge_windows: 0
        time_remove_window: 0.0342872
        time_remove_window: 4.032e-06
        timing_PlanIn:
            total_PlanIn:0.0444898
            num_until_goal_expanded:95
            timing_expansions:
                total_S3Exp: 0.0444727
                time_top_o: 2.2376e-05
                time_check_in_c: 1.9258e-05
                time_add_parent: 4.4667e-05
                num_neighbors: 70635
                time_add_neighbors_to_o: 0.042392
    num_windows_should_quit: 0
    time_should_quit: 1.7079e-05
    time_remove_window: 0
Complete!
