Total time: 2.93556
is_optimal: false
optimality_bound: 1.00475
successive_bounds: [1.01827, 1.00776, 1.00626, 1.00626, 1.00626, 1.00576, 1.00475]
successive_runtimes: [0.0914012, 0.939977, 0.95783, 0.969675, 0.979768, 1.10338, 2.93556]
num_agents: 60
time_individual_plan: 0.00648595
time_first_plan: 0.0843679
num_max_agents_in_window_first_iteration: 3
num_recWAMPF: 7
timing_recWAMPF:
    total_RecWAMPF: 2.92852
    num_windows: 203
    num_max_agents_in_window: 5
    timing_gari:
        total_GARI: 2.59686
        time_path_btw_starts: 0.000458723
        Stage1:
            total_Stage1:0.99771
            time_add_x_to_o: 0.117221
            time_clear_x: 0.02408
            timing_AStarSearchUntil:
                total_astar_search_until:0.170537
                num_values_f_less_fmax:21988
                ASU Exp:
                    total_ASUExp:0.170532
                    time_top_o:0.0190876
                    time_check_in_c:0.00807698
                    time_add_parent:0.00736587
                    num_neighbors:1788149
                    time_add_neighbors_to_o:0.771822
        Stage2:
            total_Stage2:0.00674036
            num_len_path:172
            time_expanding_s:8.8191e-05
            timing_AStarSearchUntil:
                total_astar_search_until:0.00657441
                num_values_f_less_fmax:249
                ASU Exp:
                    total_ASUExp:0.00657073
                    time_top_o:6.624e-05
                    time_check_in_c:4.9678e-05
                    time_add_parent:7.6365e-05
                    num_neighbors:13832
                    time_add_neighbors_to_o:0.00609111
        Stage3:
            total_Stage3:1.59181
            num_until_goal_expanded:1835
            timing_S3Exp:
                total_S3Exp: 1.54939
                time_top_o: 0.00131991
                time_check_in_c: 0.000336703
                time_add_parent: 0.000701957
                num_neighbors: 2464927
                time_add_neighbors_to_o: 1.54162
    timing_PIOW_overlapping:
        total_PIOW: 0.00817798
        num_windows: 1543
        time_check_overlap: 5.7779e-05
        num_overlapping_windows: 5
        time_merge_windows: 6.548e-06
        time_remove_window: 1.298e-06
        time_remove_window: 6.311e-06
        timing_PlanIn:
            total_PlanIn:0.00807504
            num_until_goal_expanded:409
            timing_expansions:
                total_S3Exp: 0.00806266
                time_top_o: 6.8995e-05
                time_check_in_c: 6.793e-05
                time_add_parent: 0.00010972
                num_neighbors: 16749
                time_add_neighbors_to_o: 0.00690014
    num_new_collisions: 23
    timing_PIOW_new_collisions:
        total_PIOW: 0.188538
        num_windows: 479
        time_check_overlap: 3.9408e-05
        num_overlapping_windows: 3
        time_merge_windows: 0
        time_remove_window: 1.99738
        time_remove_window: 1.061e-05
        timing_PlanIn:
            total_PlanIn:0.18845
            num_until_goal_expanded:2060
            timing_expansions:
                total_S3Exp: 0.18841
                time_top_o: 0.000467703
                time_check_in_c: 0.000435097
                time_add_parent: 0.000628054
                num_neighbors: 385056
                time_add_neighbors_to_o: 0.174377
    num_windows_should_quit: 0
    time_should_quit: 1.7107e-05
    time_remove_window: 0
Complete!
