Total time: 0.484054
is_optimal: true
optimality_bound: 1
successive_bounds: [1.00291, 1.00116, 1.00116, 1.00116, 1.00116, 1.00116, 1.00116, 1.00116, 1, 1]
successive_runtimes: [0.0358267, 0.0413311, 0.0453823, 0.0486296, 0.0516491, 0.0547642, 0.0578348, 0.0609347, 0.484054]
num_agents: 30
time_individual_plan: 0.00602823
time_first_plan: 0.0292793
num_max_agents_in_window_first_iteration: 2
num_recWAMPF: 9
timing_recWAMPF:
    total_RecWAMPF: 0.477504
    num_windows: 67
    num_max_agents_in_window: 4
    timing_gari:
        total_GARI: 0.0256761
        time_path_btw_starts: 0.000152424
        Stage1:
            total_Stage1:0.00498837
            time_add_x_to_o: 0.00342819
            time_clear_x: 0.000361591
            timing_AStarSearchUntil:
                total_astar_search_until:0.00119444
                num_values_f_less_fmax:288
                ASU Exp:
                    total_ASUExp:0.0011927
                    time_top_o:0.000103461
                    time_check_in_c:6.4601e-05
                    time_add_parent:4.0549e-05
                    num_neighbors:2418
                    time_add_neighbors_to_o:0.000831264
        Stage2:
            total_Stage2:0.00169254
            num_len_path:65
            time_expanding_s:5.5077e-05
            timing_AStarSearchUntil:
                total_astar_search_until:0.00161459
                num_values_f_less_fmax:106
                ASU Exp:
                    total_ASUExp:0.00161322
                    time_top_o:2.9827e-05
                    time_check_in_c:2.1553e-05
                    time_add_parent:3.2225e-05
                    num_neighbors:3744
                    time_add_neighbors_to_o:0.00138762
        Stage3:
            total_Stage3:0.0188308
            num_until_goal_expanded:164
            timing_S3Exp:
                total_S3Exp: 0.00181529
                time_top_o: 3.3254e-05
                time_check_in_c: 2.2722e-05
                time_add_parent: 4.6286e-05
                num_neighbors: 2735
                time_add_neighbors_to_o: 0.00125102
    timing_PIOW_overlapping:
        total_PIOW: 9.533e-06
        num_windows: 128
        time_check_overlap: 5.911e-06
        num_overlapping_windows: 0
        time_merge_windows: 0
        time_remove_window: 0
        time_remove_window: 0
        timing_PlanIn:
            total_PlanIn:0
            num_until_goal_expanded:0
            timing_expansions:
                total_S3Exp: 0
                time_top_o: 0
                time_check_in_c: 0
                time_add_parent: 0
                num_neighbors: 0
                time_add_neighbors_to_o: 0
    num_new_collisions: 6
    timing_PIOW_new_collisions:
        total_PIOW: 0.449513
        num_windows: 27
        time_check_overlap: 2.036e-06
        num_overlapping_windows: 3
        time_merge_windows: 0
        time_remove_window: 0.169306
        time_remove_window: 1.965e-06
        timing_PlanIn:
            total_PlanIn:0.449498
            num_until_goal_expanded:7705
            timing_expansions:
                total_S3Exp: 0.449477
                time_top_o: 0.00326036
                time_check_in_c: 0.00164838
                time_add_parent: 0.00292067
                num_neighbors: 648280
                time_add_neighbors_to_o: 0.412114
    num_windows_should_quit: 0
    time_should_quit: 2.98e-06
    time_remove_window: 0
Complete!
