Total time: 0.0101804
is_optimal: true
optimality_bound: 1
successive_bounds: [1.00109, 1.00109, 1.00109, 1.00109, 1.00109, 1.00109, 1.00109, 1, 1]
successive_runtimes: [0.00420053, 0.00479362, 0.00550005, 0.0062875, 0.00713736, 0.00802088, 0.00906649, 0.0101804]
num_agents: 30
time_individual_plan: 0.00310111
time_first_plan: 0.000585283
num_max_agents_in_window_first_iteration: 2
num_recWAMPF: 8
timing_recWAMPF:
    total_RecWAMPF: 0.00656357
    num_windows: 15
    num_max_agents_in_window: 2
    timing_gari:
        total_GARI: 0.00464324
        time_path_btw_starts: 3.1456e-05
        Stage1:
            total_Stage1:0.00277354
            time_add_x_to_o: 0.00100787
            time_clear_x: 0.000141753
            timing_AStarSearchUntil:
                total_astar_search_until:0.0016229
                num_values_f_less_fmax:536
                ASU Exp:
                    total_ASUExp:0.00162251
                    time_top_o:0.000126506
                    time_check_in_c:7.6658e-05
                    time_add_parent:0.000105974
                    num_neighbors:2971
                    time_add_neighbors_to_o:0.00106915
        Stage2:
            total_Stage2:0.000481067
            num_len_path:14
            time_expanding_s:5.294e-06
            timing_AStarSearchUntil:
                total_astar_search_until:0.000471645
                num_values_f_less_fmax:35
                ASU Exp:
                    total_ASUExp:0.000471344
                    time_top_o:8.022e-06
                    time_check_in_c:6.829e-06
                    time_add_parent:8.747e-06
                    num_neighbors:1032
                    time_add_neighbors_to_o:0.000411739
        Stage3:
            total_Stage3:0.0013548
            num_until_goal_expanded:160
            timing_S3Exp:
                total_S3Exp: 0.00104194
                time_top_o: 3.4655e-05
                time_check_in_c: 2.2871e-05
                time_add_parent: 4.864e-05
                num_neighbors: 1748
                time_add_neighbors_to_o: 0.000751403
    timing_PIOW_overlapping:
        total_PIOW: 1.84e-07
        num_windows: 7
        time_check_overlap: 0
        num_overlapping_windows: 0
        time_merge_windows: 0
        time_remove_window: 0
        time_remove_window: 0
        timing_PlanIn:
            total_PlanIn:0
            num_until_goal_expanded:0
            timing_expansions:
                total_S3Exp: 0
                time_top_o: 0
                time_check_in_c: 0
                time_add_parent: 0
                num_neighbors: 0
                time_add_neighbors_to_o: 0
    num_new_collisions: 1
    timing_PIOW_new_collisions:
        total_PIOW: 0.000308944
        num_windows: 0
        time_check_overlap: 0
        num_overlapping_windows: 0
        time_merge_windows: 0
        time_remove_window: 0
        time_remove_window: 4.11e-07
        timing_PlanIn:
            total_PlanIn:0.00030726
            num_until_goal_expanded:25
            timing_expansions:
                total_S3Exp: 0.000302538
                time_top_o: 3.788e-06
                time_check_in_c: 5.039e-06
                time_add_parent: 7.471e-06
                num_neighbors: 313
                time_add_neighbors_to_o: 0.000217238
    num_windows_should_quit: 0
    time_should_quit: 4.79e-07
    time_remove_window: 0
Complete!
