Total time: 0.0282674
is_optimal: false
optimality_bound: 1.00091
successive_bounds: [1.00273, 1.00227, 1.00227, 1.00227, 1.00182, 1.00182, 1.00182, 1.00182, 1.00182, 1.00091]
successive_runtimes: [0.00697885, 0.00774226, 0.0084599, 0.0092785, 0.0102707, 0.0110251, 0.0117878, 0.0132647, 0.0141346, 0.0282674]
num_agents: 40
time_individual_plan: 0.00531561
time_first_plan: 0.00112771
num_max_agents_in_window_first_iteration: 2
num_recWAMPF: 10
timing_recWAMPF:
    total_RecWAMPF: 0.0224141
    num_windows: 93
    num_max_agents_in_window: 3
    timing_gari:
        total_GARI: 0.0154729
        time_path_btw_starts: 0.000161282
        Stage1:
            total_Stage1:0.000563045
            time_add_x_to_o: 0.000503861
            time_clear_x: 5.1824e-05
            timing_AStarSearchUntil:
                total_astar_search_until:3.145e-06
                num_values_f_less_fmax:0
                ASU Exp:
                    total_ASUExp:1.141e-06
                    time_top_o:0
                    time_check_in_c:0
                    time_add_parent:0
                    num_neighbors:0
                    time_add_neighbors_to_o:0
        Stage2:
            total_Stage2:0.0121813
            num_len_path:97
            time_expanding_s:3.8609e-05
            timing_AStarSearchUntil:
                total_astar_search_until:0.0121206
                num_values_f_less_fmax:1062
                ASU Exp:
                    total_ASUExp:0.0121188
                    time_top_o:0.000317555
                    time_check_in_c:0.000202922
                    time_add_parent:0.0002751
                    num_neighbors:25291
                    time_add_neighbors_to_o:0.0102447
        Stage3:
            total_Stage3:0.00255601
            num_until_goal_expanded:164
            timing_S3Exp:
                total_S3Exp: 0.00162501
                time_top_o: 2.9323e-05
                time_check_in_c: 3.2853e-05
                time_add_parent: 4.1004e-05
                num_neighbors: 2322
                time_add_neighbors_to_o: 0.00125418
    timing_PIOW_overlapping:
        total_PIOW: 0.00227888
        num_windows: 222
        time_check_overlap: 6.564e-06
        num_overlapping_windows: 1
        time_merge_windows: 1.056e-06
        time_remove_window: 1.34e-07
        time_remove_window: 1.005e-06
        timing_PlanIn:
            total_PlanIn:0.00226443
            num_until_goal_expanded:51
            timing_expansions:
                total_S3Exp: 0.00226262
                time_top_o: 1.1523e-05
                time_check_in_c: 8.751e-06
                time_add_parent: 1.3337e-05
                num_neighbors: 3196
                time_add_neighbors_to_o: 0.00205614
    num_new_collisions: 5
    timing_PIOW_new_collisions:
        total_PIOW: 0.000408358
        num_windows: 20
        time_check_overlap: 6.57e-07
        num_overlapping_windows: 0
        time_merge_windows: 0
        time_remove_window: 0
        time_remove_window: 1.625e-06
        timing_PlanIn:
            total_PlanIn:0.000401521
            num_until_goal_expanded:29
            timing_expansions:
                total_S3Exp: 0.000393074
                time_top_o: 4.397e-06
                time_check_in_c: 5e-06
                time_add_parent: 8.546e-06
                num_neighbors: 574
                time_add_neighbors_to_o: 0.000324274
    num_windows_should_quit: 0
    time_should_quit: 2.625e-06
    time_remove_window: 0
Complete!
