Total time: 0.017297
is_optimal: true
optimality_bound: 1
successive_bounds: [1.0014, 1.0014, 1.0014, 1.00047, 1.00047, 1.00047, 1.00047, 1.00047, 1.00047, 1.00047, 1.00047, 1.00047, 1, 1]
successive_runtimes: [0.00486905, 0.00550302, 0.00627824, 0.00698597, 0.0076068, 0.0082393, 0.00886666, 0.00960227, 0.0103622, 0.0111892, 0.0121162, 0.0130522, 0.017297]
num_agents: 30
time_individual_plan: 0.0036546
time_first_plan: 0.000702799
num_max_agents_in_window_first_iteration: 2
num_recWAMPF: 13
timing_recWAMPF:
    total_RecWAMPF: 0.0131285
    num_windows: 50
    num_max_agents_in_window: 2
    timing_gari:
        total_GARI: 0.00924673
        time_path_btw_starts: 0.00010466
        Stage1:
            total_Stage1:0.0012012
            time_add_x_to_o: 0.000996335
            time_clear_x: 0.000114425
            timing_AStarSearchUntil:
                total_astar_search_until:8.7603e-05
                num_values_f_less_fmax:151
                ASU Exp:
                    total_ASUExp:8.6439e-05
                    time_top_o:2.7128e-05
                    time_check_in_c:1.165e-05
                    time_add_parent:1.002e-06
                    num_neighbors:75
                    time_add_neighbors_to_o:2.4407e-05
        Stage2:
            total_Stage2:0.00496543
            num_len_path:49
            time_expanding_s:3.7754e-05
            timing_AStarSearchUntil:
                total_astar_search_until:0.00491481
                num_values_f_less_fmax:397
                ASU Exp:
                    total_ASUExp:0.00491382
                    time_top_o:9.3336e-05
                    time_check_in_c:7.3609e-05
                    time_add_parent:0.000113762
                    num_neighbors:9842
                    time_add_neighbors_to_o:0.00422334
        Stage3:
            total_Stage3:0.00296825
            num_until_goal_expanded:203
            timing_S3Exp:
                total_S3Exp: 0.0018073
                time_top_o: 4.4045e-05
                time_check_in_c: 3.2433e-05
                time_add_parent: 4.8464e-05
                num_neighbors: 2941
                time_add_neighbors_to_o: 0.00139589
    timing_PIOW_overlapping:
        total_PIOW: 3.202e-06
        num_windows: 48
        time_check_overlap: 1.723e-06
        num_overlapping_windows: 0
        time_merge_windows: 0
        time_remove_window: 0
        time_remove_window: 0
        timing_PlanIn:
            total_PlanIn:0
            num_until_goal_expanded:0
            timing_expansions:
                total_S3Exp: 0
                time_top_o: 0
                time_check_in_c: 0
                time_add_parent: 0
                num_neighbors: 0
                time_add_neighbors_to_o: 0
    num_new_collisions: 2
    timing_PIOW_new_collisions:
        total_PIOW: 0.000288268
        num_windows: 2
        time_check_overlap: 1.94e-07
        num_overlapping_windows: 0
        time_merge_windows: 0
        time_remove_window: 0
        time_remove_window: 7e-07
        timing_PlanIn:
            total_PlanIn:0.000284726
            num_until_goal_expanded:35
            timing_expansions:
                total_S3Exp: 0.000280385
                time_top_o: 4.661e-06
                time_check_in_c: 1.9972e-05
                time_add_parent: 1.0177e-05
                num_neighbors: 307
                time_add_neighbors_to_o: 0.000183098
    num_windows_should_quit: 0
    time_should_quit: 1.378e-06
    time_remove_window: 0
Complete!
