Total time: 1.1365
is_optimal: true
optimality_bound: 1
successive_bounds: [1.00554, 1.00554, 1.00554, 1.00554, 1.00554, 1.00554, 1.00554, 1.00554, 1.0052, 1.0052, 1.0052, 1.0052, 1.00381, 1.00381, 1.00312, 1.00312, 1.00312, 1.00312, 1.00312, 1.00312, 1.00243, 1.00243, 1.00243, 1.00243, 1.00243, 0.99411, 1]
successive_runtimes: [0.00958633, 0.0126735, 0.015765, 0.0188767, 0.0222291, 0.0256581, 0.038079, 0.0584604, 0.0973857, 0.135343, 0.165841, 0.201491, 0.255306, 0.298029, 0.360033, 0.433244, 0.488795, 0.54798, 0.610068, 0.673104, 0.740432, 0.811644, 0.884127, 0.962257, 1.04124, 1.1365]
num_agents: 40
time_individual_plan: 0.00519023
time_first_plan: 0.00388342
num_max_agents_in_window_first_iteration: 2
num_recWAMPF: 26
timing_recWAMPF:
    total_RecWAMPF: 1.13079
    num_windows: 419
    num_max_agents_in_window: 3
    timing_gari:
        total_GARI: 1.10433
        time_path_btw_starts: 0.00176685
        Stage1:
            total_Stage1:0.463722
            time_add_x_to_o: 0.20669
            time_clear_x: 0.0567359
            timing_AStarSearchUntil:
                total_astar_search_until:0.200262
                num_values_f_less_fmax:19661
                ASU Exp:
                    total_ASUExp:0.200249
                    time_top_o:0.0102668
                    time_check_in_c:0.00516691
                    time_add_parent:0.00702757
                    num_neighbors:366885
                    time_add_neighbors_to_o:0.160379
        Stage2:
            total_Stage2:0.0816439
            num_len_path:451
            time_expanding_s:0.000308447
            timing_AStarSearchUntil:
                total_astar_search_until:0.0811501
                num_values_f_less_fmax:5611
                ASU Exp:
                    total_ASUExp:0.0811412
                    time_top_o:0.00169267
                    time_check_in_c:0.00118078
                    time_add_parent:0.00164952
                    num_neighbors:162798
                    time_add_neighbors_to_o:0.0709594
        Stage3:
            total_Stage3:0.5571
            num_until_goal_expanded:10357
            timing_S3Exp:
                total_S3Exp: 0.161092
                time_top_o: 0.0047816
                time_check_in_c: 0.00199484
                time_add_parent: 0.00470857
                num_neighbors: 257881
                time_add_neighbors_to_o: 0.131813
    timing_PIOW_overlapping:
        total_PIOW: 0.00969729
        num_windows: 1694
        time_check_overlap: 7.7899e-05
        num_overlapping_windows: 1
        time_merge_windows: 1.099e-06
        time_remove_window: 1.83e-07
        time_remove_window: 1.05e-06
        timing_PlanIn:
            total_PlanIn:0.00957695
            num_until_goal_expanded:214
            timing_expansions:
                total_S3Exp: 0.00957485
                time_top_o: 5.3544e-05
                time_check_in_c: 3.6763e-05
                time_add_parent: 5.9283e-05
                num_neighbors: 18624
                time_add_neighbors_to_o: 0.00865824
    num_new_collisions: 9
    timing_PIOW_new_collisions:
        total_PIOW: 0.00142636
        num_windows: 72
        time_check_overlap: 1.982e-06
        num_overlapping_windows: 0
        time_merge_windows: 0
        time_remove_window: 0
        time_remove_window: 6.199e-06
        timing_PlanIn:
            total_PlanIn:0.00140937
            num_until_goal_expanded:202
            timing_expansions:
                total_S3Exp: 0.0013943
                time_top_o: 2.4645e-05
                time_check_in_c: 3.5091e-05
                time_add_parent: 4.9845e-05
                num_neighbors: 1987
                time_add_neighbors_to_o: 0.00100506
    num_windows_should_quit: 0
    time_should_quit: 2.2082e-05
    time_remove_window: 0
Complete!
