Total time: 0.0671768
is_optimal: true
optimality_bound: 1
successive_bounds: [1.00248, 1.00248, 1.00165, 1.00165, 1.00165, 1.00165, 1.00165, 1.00165, 1.00165, 1.00165, 1.00165, 1.00165, 1.00083, 1.00083, 1.00083, 1.00083, 1.00083, 1.00083, 1.00083, 1.00083, 1.00083, 1.00083, 1.00083, 1.00083, 1.00083, 1.00083, 1.00083, 1.00083, 1.00083, 1.00083, 1.00083, 1, 1]
successive_runtimes: [0.00658925, 0.00731069, 0.00816035, 0.0088675, 0.00963948, 0.0104157, 0.0111873, 0.0125327, 0.0134524, 0.0142945, 0.0151269, 0.0160007, 0.0281301, 0.0307408, 0.03199, 0.0332906, 0.0346022, 0.0359612, 0.0373607, 0.0390432, 0.0404212, 0.0418966, 0.043366, 0.0450098, 0.0472313, 0.0496121, 0.0522785, 0.054519, 0.0567023, 0.0586948, 0.0621911, 0.0671767]
num_agents: 30
time_individual_plan: 0.00502356
time_first_plan: 0.00103746
num_max_agents_in_window_first_iteration: 2
num_recWAMPF: 32
timing_recWAMPF:
    total_RecWAMPF: 0.0616203
    num_windows: 252
    num_max_agents_in_window: 2
    timing_gari:
        total_GARI: 0.0523328
        time_path_btw_starts: 0.000633558
        Stage1:
            total_Stage1:0.0132228
            time_add_x_to_o: 0.00517847
            time_clear_x: 0.000657398
            timing_AStarSearchUntil:
                total_astar_search_until:0.00737402
                num_values_f_less_fmax:1383
                ASU Exp:
                    total_ASUExp:0.00736821
                    time_top_o:0.000361306
                    time_check_in_c:0.000246083
                    time_add_parent:0.000263172
                    num_neighbors:14603
                    time_add_neighbors_to_o:0.00568025
        Stage2:
            total_Stage2:0.0164508
            num_len_path:286
            time_expanding_s:0.000153906
            timing_AStarSearchUntil:
                total_astar_search_until:0.0162345
                num_values_f_less_fmax:1310
                ASU Exp:
                    total_ASUExp:0.0162293
                    time_top_o:0.000376133
                    time_check_in_c:0.000273225
                    time_add_parent:0.000368515
                    num_neighbors:32478
                    time_add_neighbors_to_o:0.0138305
        Stage3:
            total_Stage3:0.0219908
            num_until_goal_expanded:930
            timing_S3Exp:
                total_S3Exp: 0.00543662
                time_top_o: 0.000191311
                time_check_in_c: 0.000118628
                time_add_parent: 0.000304538
                num_neighbors: 8236
                time_add_neighbors_to_o: 0.0032909
    timing_PIOW_overlapping:
        total_PIOW: 2.975e-05
        num_windows: 496
        time_check_overlap: 1.7211e-05
        num_overlapping_windows: 0
        time_merge_windows: 0
        time_remove_window: 0
        time_remove_window: 0
        timing_PlanIn:
            total_PlanIn:0
            num_until_goal_expanded:0
            timing_expansions:
                total_S3Exp: 0
                time_top_o: 0
                time_check_in_c: 0
                time_add_parent: 0
                num_neighbors: 0
                time_add_neighbors_to_o: 0
    num_new_collisions: 4
    timing_PIOW_new_collisions:
        total_PIOW: 0.000360198
        num_windows: 12
        time_check_overlap: 4.81e-07
        num_overlapping_windows: 0
        time_merge_windows: 0
        time_remove_window: 0
        time_remove_window: 1.165e-06
        timing_PlanIn:
            total_PlanIn:0.000354854
            num_until_goal_expanded:35
            timing_expansions:
                total_S3Exp: 0.000346812
                time_top_o: 4.863e-06
                time_check_in_c: 6.07e-06
                time_add_parent: 1.0025e-05
                num_neighbors: 463
                time_add_neighbors_to_o: 0.000268898
    num_windows_should_quit: 0
    time_should_quit: 7.883e-06
    time_remove_window: 0
Complete!
