Total time: 0.0546364
is_optimal: true
optimality_bound: 1
successive_bounds: [1.03294, 1.02824, 1.02824, 1.02824, 1.02824, 1.02824, 1.02824, 1.02824, 1.02824, 1.02824, 1.02824, 1.02824, 1.02824, 1.02824, 1.02824, 1.02824, 1.02824, 1.02824, 1.02824, 1.02824, 1.02824, 1.02824, 1.02824, 1.02824, 1.02824, 1.02824, 1.02824, 1.02824, 1.02824, 1.02824, 1.02824, 1.02824, 1]
successive_runtimes: [0.00523825, 0.00904075, 0.0110404, 0.0130319, 0.0149765, 0.0161321, 0.0171454, 0.0179929, 0.0200061, 0.0215831, 0.0290465, 0.0314452, 0.0330363, 0.0342106, 0.0354, 0.0365672, 0.0402603, 0.0415196, 0.0426751, 0.0440094, 0.0452412, 0.0464408, 0.047283, 0.0481427, 0.0489682, 0.0497682, 0.0505637, 0.0513857, 0.0521807, 0.0529787, 0.0538092, 0.0546364]
num_agents: 30
time_individual_plan: 0.00228789
time_first_plan: 0.00280998
num_max_agents_in_window_first_iteration: 2
num_recWAMPF: 32
timing_recWAMPF:
    total_RecWAMPF: 0.0521936
    num_windows: 109
    num_max_agents_in_window: 3
    timing_gari:
        total_GARI: 0.0386065
        time_path_btw_starts: 0.000329578
        Stage1:
            total_Stage1:0.00721146
            time_add_x_to_o: 0.00341
            time_clear_x: 0.000664583
            timing_AStarSearchUntil:
                total_astar_search_until:0.0031255
                num_values_f_less_fmax:127
                ASU Exp:
                    total_ASUExp:0.00312066
                    time_top_o:6.6149e-05
                    time_check_in_c:6.2016e-05
                    time_add_parent:9.3215e-05
                    num_neighbors:2401
                    time_add_neighbors_to_o:0.00260969
        Stage2:
            total_Stage2:0.00459373
            num_len_path:68
            time_expanding_s:9.7224e-05
            timing_AStarSearchUntil:
                total_astar_search_until:0.0044291
                num_values_f_less_fmax:75
                ASU Exp:
                    total_ASUExp:0.0044246
                    time_top_o:4.7038e-05
                    time_check_in_c:4.0458e-05
                    time_add_parent:7.2444e-05
                    num_neighbors:4692
                    time_add_neighbors_to_o:0.00398707
        Stage3:
            total_Stage3:0.0261996
            num_until_goal_expanded:510
            timing_S3Exp:
                total_S3Exp: 0.0126259
                time_top_o: 0.000258406
                time_check_in_c: 0.000188581
                time_add_parent: 0.000324637
                num_neighbors: 8653
                time_add_neighbors_to_o: 0.0101191
    timing_PIOW_overlapping:
        total_PIOW: 0.00247425
        num_windows: 107
        time_check_overlap: 6.238e-06
        num_overlapping_windows: 2
        time_merge_windows: 4.342e-06
        time_remove_window: 4.18e-07
        time_remove_window: 4.194e-06
        timing_PlanIn:
            total_PlanIn:0.00245282
            num_until_goal_expanded:56
            timing_expansions:
                total_S3Exp: 0.002446
                time_top_o: 1.8617e-05
                time_check_in_c: 2.0385e-05
                time_add_parent: 3.9861e-05
                num_neighbors: 1942
                time_add_neighbors_to_o: 0.00209193
    num_new_collisions: 4
    timing_PIOW_new_collisions:
        total_PIOW: 0.00236325
        num_windows: 12
        time_check_overlap: 8.59e-07
        num_overlapping_windows: 0
        time_merge_windows: 0
        time_remove_window: 0
        time_remove_window: 4.442e-06
        timing_PlanIn:
            total_PlanIn:0.00235257
            num_until_goal_expanded:164
            timing_expansions:
                total_S3Exp: 0.00234118
                time_top_o: 3.1755e-05
                time_check_in_c: 4.591e-05
                time_add_parent: 5.9562e-05
                num_neighbors: 3084
                time_add_neighbors_to_o: 0.00186304
    num_windows_should_quit: 2
    time_should_quit: 8.905e-06
    time_remove_window: 7.08e-07
Complete!
