Total time: 0.0183921
is_optimal: true
optimality_bound: 1
successive_bounds: [1.00188, 1.00188, 1.00188, 1.00125, 1.00125, 1, 1]
successive_runtimes: [0.00741906, 0.00864855, 0.0102374, 0.0125432, 0.0155576, 0.0183921]
num_agents: 30
time_individual_plan: 0.00611777
time_first_plan: 0.00078725
num_max_agents_in_window_first_iteration: 2
num_recWAMPF: 6
timing_recWAMPF:
    total_RecWAMPF: 0.011759
    num_windows: 22
    num_max_agents_in_window: 2
    timing_gari:
        total_GARI: 0.00982427
        time_path_btw_starts: 4.9486e-05
        Stage1:
            total_Stage1:0.00535486
            time_add_x_to_o: 0.00200873
            time_clear_x: 0.000254268
            timing_AStarSearchUntil:
                total_astar_search_until:0.00309058
                num_values_f_less_fmax:1977
                ASU Exp:
                    total_ASUExp:0.00309008
                    time_top_o:0.000451792
                    time_check_in_c:0.000256051
                    time_add_parent:0.000200128
                    num_neighbors:3895
                    time_add_neighbors_to_o:0.00140323
        Stage2:
            total_Stage2:0.000995764
            num_len_path:27
            time_expanding_s:1.0677e-05
            timing_AStarSearchUntil:
                total_astar_search_until:0.000978716
                num_values_f_less_fmax:81
                ASU Exp:
                    total_ASUExp:0.000978277
                    time_top_o:1.8705e-05
                    time_check_in_c:1.7154e-05
                    time_add_parent:2.0877e-05
                    num_neighbors:2153
                    time_add_neighbors_to_o:0.000839125
        Stage3:
            total_Stage3:0.00342071
            num_until_goal_expanded:728
            timing_S3Exp:
                total_S3Exp: 0.00278305
                time_top_o: 0.000160872
                time_check_in_c: 0.000100623
                time_add_parent: 0.000202384
                num_neighbors: 4128
                time_add_neighbors_to_o: 0.00167117
    timing_PIOW_overlapping:
        total_PIOW: 1.389e-06
        num_windows: 20
        time_check_overlap: 7.56e-07
        num_overlapping_windows: 0
        time_merge_windows: 0
        time_remove_window: 0
        time_remove_window: 0
        timing_PlanIn:
            total_PlanIn:0
            num_until_goal_expanded:0
            timing_expansions:
                total_S3Exp: 0
                time_top_o: 0
                time_check_in_c: 0
                time_add_parent: 0
                num_neighbors: 0
                time_add_neighbors_to_o: 0
    num_new_collisions: 2
    timing_PIOW_new_collisions:
        total_PIOW: 0.000386762
        num_windows: 2
        time_check_overlap: 1e-07
        num_overlapping_windows: 0
        time_merge_windows: 0
        time_remove_window: 0
        time_remove_window: 7.53e-07
        timing_PlanIn:
            total_PlanIn:0.000383362
            num_until_goal_expanded:73
            timing_expansions:
                total_S3Exp: 0.000378807
                time_top_o: 8.372e-06
                time_check_in_c: 1.2364e-05
                time_add_parent: 1.851e-05
                num_neighbors: 525
                time_add_neighbors_to_o: 0.000235802
    num_windows_should_quit: 0
    time_should_quit: 5.55e-07
    time_remove_window: 0
Complete!
