Total time: 6.32554
is_optimal: false
optimality_bound: 1.02367
successive_bounds: [1.03995, 1.02984, 1.02417, 1.02417, 1.02417, 1.02417, 1.02417, 1.02367]
successive_runtimes: [1.15974, 2.79821, 3.27717, 3.41167, 3.54209, 3.63788, 4.32567, 6.32554]
num_agents: 60
time_individual_plan: 0.0116765
time_first_plan: 1.14747
num_max_agents_in_window_first_iteration: 4
num_recWAMPF: 8
timing_recWAMPF:
    total_RecWAMPF: 6.31327
    num_windows: 169
    num_max_agents_in_window: 4
    timing_gari:
        total_GARI: 1.80217
        time_path_btw_starts: 0.00243285
        Stage1:
            total_Stage1:0.717446
            time_add_x_to_o: 0.0766975
            time_clear_x: 0.00781114
            timing_AStarSearchUntil:
                total_astar_search_until:0.0707177
                num_values_f_less_fmax:22101
                ASU Exp:
                    total_ASUExp:0.0707136
                    time_top_o:0.0144428
                    time_check_in_c:0.00685701
                    time_add_parent:0.00712072
                    num_neighbors:1422731
                    time_add_neighbors_to_o:0.579887
        Stage2:
            total_Stage2:0.00743602
            num_len_path:136
            time_expanding_s:0.000104962
            timing_AStarSearchUntil:
                total_astar_search_until:0.00726572
                num_values_f_less_fmax:195
                ASU Exp:
                    total_ASUExp:0.00726266
                    time_top_o:6.4319e-05
                    time_check_in_c:4.032e-05
                    time_add_parent:6.7707e-05
                    num_neighbors:15120
                    time_add_neighbors_to_o:0.00679211
        Stage3:
            total_Stage3:1.07402
            num_until_goal_expanded:3745
            timing_S3Exp:
                total_S3Exp: 0.609247
                time_top_o: 0.00387551
                time_check_in_c: 0.000824483
                time_add_parent: 0.00175199
                num_neighbors: 1179552
                time_add_neighbors_to_o: 0.596295
    timing_PIOW_overlapping:
        total_PIOW: 3.26286
        num_windows: 1043
        time_check_overlap: 3.6543e-05
        num_overlapping_windows: 11
        time_merge_windows: 1.4721e-05
        time_remove_window: 3.538e-06
        time_remove_window: 1.4236e-05
        timing_PlanIn:
            total_PlanIn:3.26277
            num_until_goal_expanded:11514
            timing_expansions:
                total_S3Exp: 3.26273
                time_top_o: 0.00820952
                time_check_in_c: 0.00297404
                time_add_parent: 0.00516625
                num_neighbors: 5796688
                time_add_neighbors_to_o: 3.08098
    num_new_collisions: 27
    timing_PIOW_new_collisions:
        total_PIOW: 1.14238
        num_windows: 557
        time_check_overlap: 1.6186e-05
        num_overlapping_windows: 6
        time_merge_windows: 0
        time_remove_window: 4.82521
        time_remove_window: 1.8083e-05
        timing_PlanIn:
            total_PlanIn:1.14229
            num_until_goal_expanded:8426
            timing_expansions:
                total_S3Exp: 1.14189
                time_top_o: 0.00266585
                time_check_in_c: 0.00195457
                time_add_parent: 0.00272134
                num_neighbors: 2382131
                time_add_neighbors_to_o: 1.06296
    num_windows_should_quit: 0
    time_should_quit: 1.7732e-05
    time_remove_window: 0
Complete!
