Total time: 0.492634
is_optimal: true
optimality_bound: 1
successive_bounds: [1.00421, 1.00421, 1.00421, 1.00421, 1.00421, 1.00421, 1.00421, 1.00421, 1.00421, 1.00421, 1.00421, 1.00421, 1.00421, 1.00421, 1.00421, 1.00316, 1.00316, 1.00316, 1.00316, 1.00316, 1.00211, 1.00211, 1.00211, 1.00211, 1.00211, 1.00211, 1.00211, 1.00105, 1.00105, 1, 1]
successive_runtimes: [0.00514552, 0.00626904, 0.00734767, 0.00834991, 0.00937718, 0.0104581, 0.0114855, 0.012544, 0.0136001, 0.0147127, 0.0157669, 0.0169343, 0.0182274, 0.019511, 0.0209389, 0.0232163, 0.0332491, 0.047868, 0.0637254, 0.0807012, 0.124394, 0.153855, 0.185523, 0.218931, 0.254427, 0.292991, 0.334886, 0.387647, 0.438431, 0.492634]
num_agents: 30
time_individual_plan: 0.00322907
time_first_plan: 0.00140173
num_max_agents_in_window_first_iteration: 2
num_recWAMPF: 30
timing_recWAMPF:
    total_RecWAMPF: 0.488885
    num_windows: 236
    num_max_agents_in_window: 2
    timing_gari:
        total_GARI: 0.480643
        time_path_btw_starts: 0.000821375
        Stage1:
            total_Stage1:0.330936
            time_add_x_to_o: 0.107339
            time_clear_x: 0.0367125
            timing_AStarSearchUntil:
                total_astar_search_until:0.186867
                num_values_f_less_fmax:30211
                ASU Exp:
                    total_ASUExp:0.186861
                    time_top_o:0.0168493
                    time_check_in_c:0.0132924
                    time_add_parent:0.00683263
                    num_neighbors:331419
                    time_add_neighbors_to_o:0.131202
        Stage2:
            total_Stage2:0.0457764
            num_len_path:292
            time_expanding_s:0.000200246
            timing_AStarSearchUntil:
                total_astar_search_until:0.0454873
                num_values_f_less_fmax:3246
                ASU Exp:
                    total_ASUExp:0.0454824
                    time_top_o:0.001043
                    time_check_in_c:0.000743347
                    time_add_parent:0.000943894
                    num_neighbors:86295
                    time_add_neighbors_to_o:0.0394583
        Stage3:
            total_Stage3:0.103064
            num_until_goal_expanded:1345
            timing_S3Exp:
                total_S3Exp: 0.00765342
                time_top_o: 0.000364665
                time_check_in_c: 0.000212997
                time_add_parent: 0.000461211
                num_neighbors: 9673
                time_add_neighbors_to_o: 0.00411262
    timing_PIOW_overlapping:
        total_PIOW: 4.6931e-05
        num_windows: 464
        time_check_overlap: 3.4532e-05
        num_overlapping_windows: 0
        time_merge_windows: 0
        time_remove_window: 0
        time_remove_window: 0
        timing_PlanIn:
            total_PlanIn:0
            num_until_goal_expanded:0
            timing_expansions:
                total_S3Exp: 0
                time_top_o: 0
                time_check_in_c: 0
                time_add_parent: 0
                num_neighbors: 0
                time_add_neighbors_to_o: 0
    num_new_collisions: 4
    timing_PIOW_new_collisions:
        total_PIOW: 0.00064257
        num_windows: 12
        time_check_overlap: 5.72e-07
        num_overlapping_windows: 0
        time_merge_windows: 0
        time_remove_window: 0
        time_remove_window: 2.064e-06
        timing_PlanIn:
            total_PlanIn:0.000636226
            num_until_goal_expanded:79
            timing_expansions:
                total_S3Exp: 0.000626388
                time_top_o: 1.0517e-05
                time_check_in_c: 1.4033e-05
                time_add_parent: 2.162e-05
                num_neighbors: 901
                time_add_neighbors_to_o: 0.0004484
    num_windows_should_quit: 0
    time_should_quit: 1.0458e-05
    time_remove_window: 0
Complete!
