Total time: 0.16982
is_optimal: true
optimality_bound: 1
successive_bounds: [1.00402, 1.00201, 1.00201, 1.00201, 1.00101, 1.00101, 1.00101, 1.00101, 1.00101, 1.00101, 1.00101, 1.00101, 1.00101, 1.00101, 1.00101, 1.00101, 1.00101, 1.00101, 1.00101, 1.00101, 1.00101, 1.00101, 1.00101, 1.00101, 1, 1]
successive_runtimes: [0.00566361, 0.00819295, 0.0104973, 0.0130028, 0.0166809, 0.0213514, 0.0265773, 0.032513, 0.0385567, 0.0453301, 0.051812, 0.0585107, 0.0658205, 0.0729479, 0.0802181, 0.0877446, 0.0956039, 0.103742, 0.112187, 0.121444, 0.130442, 0.139856, 0.149655, 0.159833, 0.16982]
num_agents: 30
time_individual_plan: 0.0032093
time_first_plan: 0.00193841
num_max_agents_in_window_first_iteration: 2
num_recWAMPF: 25
timing_recWAMPF:
    total_RecWAMPF: 0.166091
    num_windows: 196
    num_max_agents_in_window: 2
    timing_gari:
        total_GARI: 0.158295
        time_path_btw_starts: 0.0003822
        Stage1:
            total_Stage1:0.0730425
            time_add_x_to_o: 0.0286399
            time_clear_x: 0.00513585
            timing_AStarSearchUntil:
                total_astar_search_until:0.0392561
                num_values_f_less_fmax:36411
                ASU Exp:
                    total_ASUExp:0.0392516
                    time_top_o:0.0100563
                    time_check_in_c:0.00534754
                    time_add_parent:0.00162907
                    num_neighbors:37783
                    time_add_neighbors_to_o:0.0137888
        Stage2:
            total_Stage2:0.00371575
            num_len_path:172
            time_expanding_s:7.2751e-05
            timing_AStarSearchUntil:
                total_astar_search_until:0.00359078
                num_values_f_less_fmax:290
                ASU Exp:
                    total_ASUExp:0.00358645
                    time_top_o:7.6897e-05
                    time_check_in_c:5.6833e-05
                    time_add_parent:9.0982e-05
                    num_neighbors:8211
                    time_add_neighbors_to_o:0.00303107
        Stage3:
            total_Stage3:0.0811219
            num_until_goal_expanded:16429
            timing_S3Exp:
                total_S3Exp: 0.063312
                time_top_o: 0.00446479
                time_check_in_c: 0.00258786
                time_add_parent: 0.00483612
                num_neighbors: 89415
                time_add_neighbors_to_o: 0.0353381
    timing_PIOW_overlapping:
        total_PIOW: 2.4989e-05
        num_windows: 384
        time_check_overlap: 1.5189e-05
        num_overlapping_windows: 0
        time_merge_windows: 0
        time_remove_window: 0
        time_remove_window: 0
        timing_PlanIn:
            total_PlanIn:0
            num_until_goal_expanded:0
            timing_expansions:
                total_S3Exp: 0
                time_top_o: 0
                time_check_in_c: 0
                time_add_parent: 0
                num_neighbors: 0
                time_add_neighbors_to_o: 0
    num_new_collisions: 4
    timing_PIOW_new_collisions:
        total_PIOW: 0.00124934
        num_windows: 12
        time_check_overlap: 4.21e-07
        num_overlapping_windows: 0
        time_merge_windows: 0
        time_remove_window: 0
        time_remove_window: 1.433e-06
        timing_PlanIn:
            total_PlanIn:0.00124298
            num_until_goal_expanded:214
            timing_expansions:
                total_S3Exp: 0.00123522
                time_top_o: 2.3806e-05
                time_check_in_c: 3.8052e-05
                time_add_parent: 7.7718e-05
                num_neighbors: 1509
                time_add_neighbors_to_o: 0.000787406
    num_windows_should_quit: 0
    time_should_quit: 6.718e-06
    time_remove_window: 0
Complete!
