Total time: 0.948258
is_optimal: true
optimality_bound: 1
successive_bounds: [1.00344, 1.00344, 1.00344, 1.00344, 1.00268, 1.00268, 1.0023, 1.00191, 1.00115, 1.00115, 1.00115, 1.00115, 1.00115, 1.00115, 1, 1]
successive_runtimes: [0.0111102, 0.0121898, 0.013707, 0.0152893, 0.0166922, 0.0186743, 0.0392651, 0.0807677, 0.143715, 0.213039, 0.284341, 0.424758, 0.56719, 0.732036, 0.948258]
num_agents: 40
time_individual_plan: 0.0089118
time_first_plan: 0.00167774
num_max_agents_in_window_first_iteration: 2
num_recWAMPF: 15
timing_recWAMPF:
    total_RecWAMPF: 0.938822
    num_windows: 144
    num_max_agents_in_window: 3
    timing_gari:
        total_GARI: 0.888016
        time_path_btw_starts: 0.000449463
        Stage1:
            total_Stage1:0.55774
            time_add_x_to_o: 0.187966
            time_clear_x: 0.0405361
            timing_AStarSearchUntil:
                total_astar_search_until:0.329227
                num_values_f_less_fmax:11572
                ASU Exp:
                    total_ASUExp:0.329222
                    time_top_o:0.00873012
                    time_check_in_c:0.0037499
                    time_add_parent:0.00863843
                    num_neighbors:665637
                    time_add_neighbors_to_o:0.295065
        Stage2:
            total_Stage2:0.0587718
            num_len_path:159
            time_expanding_s:0.000135011
            timing_AStarSearchUntil:
                total_astar_search_until:0.0585784
                num_values_f_less_fmax:3483
                ASU Exp:
                    total_ASUExp:0.0585749
                    time_top_o:0.00123615
                    time_check_in_c:0.000696155
                    time_add_parent:0.00104441
                    num_neighbors:114629
                    time_add_neighbors_to_o:0.0520551
        Stage3:
            total_Stage3:0.271022
            num_until_goal_expanded:2897
            timing_S3Exp:
                total_S3Exp: 0.0638008
                time_top_o: 0.00121268
                time_check_in_c: 0.000483792
                time_add_parent: 0.000981677
                num_neighbors: 119467
                time_add_neighbors_to_o: 0.0569821
    timing_PIOW_overlapping:
        total_PIOW: 0.0169037
        num_windows: 366
        time_check_overlap: 1.7974e-05
        num_overlapping_windows: 2
        time_merge_windows: 3.576e-06
        time_remove_window: 5.32e-07
        time_remove_window: 3.473e-06
        timing_PlanIn:
            total_PlanIn:0.016869
            num_until_goal_expanded:401
            timing_expansions:
                total_S3Exp: 0.0168643
                time_top_o: 0.000105932
                time_check_in_c: 6.604e-05
                time_add_parent: 0.000106754
                num_neighbors: 33038
                time_add_neighbors_to_o: 0.0151798
    num_new_collisions: 8
    timing_PIOW_new_collisions:
        total_PIOW: 0.0267003
        num_windows: 49
        time_check_overlap: 2.021e-06
        num_overlapping_windows: 2
        time_merge_windows: 0
        time_remove_window: 0.961764
        time_remove_window: 2.072e-06
        timing_PlanIn:
            total_PlanIn:0.0266842
            num_until_goal_expanded:829
            timing_expansions:
                total_S3Exp: 0.0266668
                time_top_o: 0.000208071
                time_check_in_c: 0.000137177
                time_add_parent: 0.000219856
                num_neighbors: 49069
                time_add_neighbors_to_o: 0.0237091
    num_windows_should_quit: 0
    time_should_quit: 8.372e-06
    time_remove_window: 0
Complete!
