Total time: 0.128726
is_optimal: false
optimality_bound: 1.00158
successive_bounds: [1.0057, 1.0057, 1.00539, 1.00539, 1.00475, 1.00412, 1.00349, 1.00349, 1.00349, 1.00349, 1.00349, 1.00349, 1.00349, 1.00222, 1.00222, 1.00158, 1.00158, 1.00158, 1.00158, 1.00158, 1.00158]
successive_runtimes: [0.00968233, 0.0123431, 0.0152169, 0.0183826, 0.0217928, 0.0248576, 0.0274288, 0.0295355, 0.0316268, 0.0337994, 0.0359305, 0.0380169, 0.0401779, 0.0723346, 0.0894956, 0.0978023, 0.104413, 0.110803, 0.116723, 0.12263, 0.128726]
num_agents: 50
time_individual_plan: 0.00518109
time_first_plan: 0.00398696
num_max_agents_in_window_first_iteration: 2
num_recWAMPF: 21
timing_recWAMPF:
    total_RecWAMPF: 0.123026
    num_windows: 379
    num_max_agents_in_window: 3
    timing_gari:
        total_GARI: 0.0761823
        time_path_btw_starts: 0.000822609
        Stage1:
            total_Stage1:0.0285949
            time_add_x_to_o: 0.0174769
            time_clear_x: 0.00211727
            timing_AStarSearchUntil:
                total_astar_search_until:0.00898101
                num_values_f_less_fmax:3291
                ASU Exp:
                    total_ASUExp:0.00897214
                    time_top_o:0.0008011
                    time_check_in_c:0.000598913
                    time_add_parent:0.000368283
                    num_neighbors:16041
                    time_add_neighbors_to_o:0.00598665
        Stage2:
            total_Stage2:0.010957
            num_len_path:384
            time_expanding_s:0.000179491
            timing_AStarSearchUntil:
                total_astar_search_until:0.0106715
                num_values_f_less_fmax:813
                ASU Exp:
                    total_ASUExp:0.0106637
                    time_top_o:0.000211414
                    time_check_in_c:0.00016586
                    time_add_parent:0.000260769
                    num_neighbors:21852
                    time_add_neighbors_to_o:0.00897809
        Stage3:
            total_Stage3:0.035752
            num_until_goal_expanded:1987
            timing_S3Exp:
                total_S3Exp: 0.0143395
                time_top_o: 0.000421239
                time_check_in_c: 0.000257288
                time_add_parent: 0.000516039
                num_neighbors: 20094
                time_add_neighbors_to_o: 0.00930646
    timing_PIOW_overlapping:
        total_PIOW: 0.0298728
        num_windows: 1755
        time_check_overlap: 5.6965e-05
        num_overlapping_windows: 2
        time_merge_windows: 2.985e-06
        time_remove_window: 4.34e-07
        time_remove_window: 2.887e-06
        timing_PlanIn:
            total_PlanIn:0.0297693
            num_until_goal_expanded:518
            timing_expansions:
                total_S3Exp: 0.0297647
                time_top_o: 0.000127191
                time_check_in_c: 8.4831e-05
                time_add_parent: 0.000137368
                num_neighbors: 54024
                time_add_neighbors_to_o: 0.0272774
    num_new_collisions: 10
    timing_PIOW_new_collisions:
        total_PIOW: 0.00115049
        num_windows: 90
        time_check_overlap: 2.77e-06
        num_overlapping_windows: 0
        time_merge_windows: 0
        time_remove_window: 0
        time_remove_window: 3.681e-06
        timing_PlanIn:
            total_PlanIn:0.00113474
            num_until_goal_expanded:143
            timing_expansions:
                total_S3Exp: 0.00111675
                time_top_o: 1.7437e-05
                time_check_in_c: 2.5056e-05
                time_add_parent: 3.7672e-05
                num_neighbors: 1600
                time_add_neighbors_to_o: 0.000817033
    num_windows_should_quit: 0
    time_should_quit: 1.5831e-05
    time_remove_window: 0
Complete!
