Total time: 0.013341
is_optimal: true
optimality_bound: 1
successive_bounds: [1.00241, 1.00241, 1.00241, 1.00241, 1.00241, 1.00241, 1.00241, 1.00241, 1.00241, 1.00241, 1.00241, 1.00241, 1.00241, 1.00241, 1.00241, 1.00241, 1.00241, 1.00241, 1.00241, 1.00241, 1.00241, 1.00241, 1.00241, 1.00241, 1.00241, 1.00241, 1.00241, 1.00241, 1.00241, 1, 1]
successive_runtimes: [0.00230533, 0.00259228, 0.0028715, 0.00314946, 0.00342945, 0.00371195, 0.004007, 0.0042851, 0.00456306, 0.00490152, 0.00517979, 0.00547809, 0.00575594, 0.00603952, 0.00631609, 0.00659207, 0.00686542, 0.00713905, 0.00742073, 0.00771296, 0.00798685, 0.00835021, 0.00870246, 0.00908313, 0.00949468, 0.00997393, 0.0105487, 0.0111997, 0.0119071, 0.013341]
num_agents: 10
time_individual_plan: 0.00157278
time_first_plan: 0.000217407
num_max_agents_in_window_first_iteration: 2
num_recWAMPF: 30
timing_recWAMPF:
    total_RecWAMPF: 0.0112492
    num_windows: 59
    num_max_agents_in_window: 2
    timing_gari:
        total_GARI: 0.0102151
        time_path_btw_starts: 0.000122823
        Stage1:
            total_Stage1:0.00469653
            time_add_x_to_o: 0.00191459
            time_clear_x: 0.000286216
            timing_AStarSearchUntil:
                total_astar_search_until:0.00249258
                num_values_f_less_fmax:856
                ASU Exp:
                    total_ASUExp:0.00249113
                    time_top_o:0.000197495
                    time_check_in_c:0.000116576
                    time_add_parent:8.0899e-05
                    num_neighbors:4634
                    time_add_neighbors_to_o:0.00174441
        Stage2:
            total_Stage2:0.00116826
            num_len_path:58
            time_expanding_s:2.0209e-05
            timing_AStarSearchUntil:
                total_astar_search_until:0.00113274
                num_values_f_less_fmax:87
                ASU Exp:
                    total_ASUExp:0.00113146
                    time_top_o:1.948e-05
                    time_check_in_c:2.6749e-05
                    time_add_parent:3.0301e-05
                    num_neighbors:2559
                    time_add_neighbors_to_o:0.000967896
        Stage3:
            total_Stage3:0.00421817
            num_until_goal_expanded:641
            timing_S3Exp:
                total_S3Exp: 0.00262405
                time_top_o: 0.000133446
                time_check_in_c: 8.647e-05
                time_add_parent: 0.000174543
                num_neighbors: 4719
                time_add_neighbors_to_o: 0.00152727
    timing_PIOW_overlapping:
        total_PIOW: 6.98e-07
        num_windows: 29
        time_check_overlap: 0
        num_overlapping_windows: 0
        time_merge_windows: 0
        time_remove_window: 0
        time_remove_window: 0
        timing_PlanIn:
            total_PlanIn:0
            num_until_goal_expanded:0
            timing_expansions:
                total_S3Exp: 0
                time_top_o: 0
                time_check_in_c: 0
                time_add_parent: 0
                num_neighbors: 0
                time_add_neighbors_to_o: 0
    num_new_collisions: 1
    timing_PIOW_new_collisions:
        total_PIOW: 0.000164871
        num_windows: 0
        time_check_overlap: 0
        num_overlapping_windows: 0
        time_merge_windows: 0
        time_remove_window: 0
        time_remove_window: 2.58e-07
        timing_PlanIn:
            total_PlanIn:0.000163473
            num_until_goal_expanded:26
            timing_expansions:
                total_S3Exp: 0.000158683
                time_top_o: 3.834e-06
                time_check_in_c: 4.881e-06
                time_add_parent: 7.115e-06
                num_neighbors: 224
                time_add_neighbors_to_o: 0.000100118
    num_windows_should_quit: 0
    time_should_quit: 1.601e-06
    time_remove_window: 0
Complete!
