Total time: 0.0731712
is_optimal: false
optimality_bound: 1.00208
successive_bounds: [1.01205, 1.0054, 1.0054, 1.0054, 1.0054, 1.00374, 1.00291, 1.00208, 1.00208, 1.00208]
successive_runtimes: [0.0101919, 0.0197987, 0.024614, 0.0280136, 0.0322907, 0.038872, 0.0422899, 0.0485933, 0.0622717, 0.0731712]
num_agents: 40
time_individual_plan: 0.00632563
time_first_plan: 0.00335212
num_max_agents_in_window_first_iteration: 2
num_recWAMPF: 10
timing_recWAMPF:
    total_RecWAMPF: 0.0663292
    num_windows: 148
    num_max_agents_in_window: 3
    timing_gari:
        total_GARI: 0.0486853
        time_path_btw_starts: 0.00130245
        Stage1:
            total_Stage1:0.0245016
            time_add_x_to_o: 0.0118402
            time_clear_x: 0.00143896
            timing_AStarSearchUntil:
                total_astar_search_until:0.0112144
                num_values_f_less_fmax:2958
                ASU Exp:
                    total_ASUExp:0.0112109
                    time_top_o:0.000718444
                    time_check_in_c:0.000430816
                    time_add_parent:0.000326295
                    num_neighbors:21775
                    time_add_neighbors_to_o:0.00830017
        Stage2:
            total_Stage2:0.0100794
            num_len_path:159
            time_expanding_s:0.000198077
            timing_AStarSearchUntil:
                total_astar_search_until:0.00984112
                num_values_f_less_fmax:775
                ASU Exp:
                    total_ASUExp:0.00983814
                    time_top_o:0.00019634
                    time_check_in_c:0.000148843
                    time_add_parent:0.000213818
                    num_neighbors:21138
                    time_add_neighbors_to_o:0.00847592
        Stage3:
            total_Stage3:0.0118573
            num_until_goal_expanded:1066
            timing_S3Exp:
                total_S3Exp: 0.00661483
                time_top_o: 0.000244321
                time_check_in_c: 0.000143527
                time_add_parent: 0.000292982
                num_neighbors: 11682
                time_add_neighbors_to_o: 0.00477322
    timing_PIOW_overlapping:
        total_PIOW: 0.0103831
        num_windows: 556
        time_check_overlap: 1.7934e-05
        num_overlapping_windows: 1
        time_merge_windows: 1.47e-06
        time_remove_window: 3.05e-07
        time_remove_window: 1.421e-06
        timing_PlanIn:
            total_PlanIn:0.0103494
            num_until_goal_expanded:210
            timing_expansions:
                total_S3Exp: 0.0103473
                time_top_o: 5.274e-05
                time_check_in_c: 3.6551e-05
                time_add_parent: 5.7028e-05
                num_neighbors: 18737
                time_add_neighbors_to_o: 0.00941704
    num_new_collisions: 9
    timing_PIOW_new_collisions:
        total_PIOW: 0.00280041
        num_windows: 73
        time_check_overlap: 2.361e-06
        num_overlapping_windows: 1
        time_merge_windows: 0
        time_remove_window: 0.0187298
        time_remove_window: 4.96e-06
        timing_PlanIn:
            total_PlanIn:0.00278279
            num_until_goal_expanded:222
            timing_expansions:
                total_S3Exp: 0.00276551
                time_top_o: 3.1662e-05
                time_check_in_c: 3.7149e-05
                time_add_parent: 7.077e-05
                num_neighbors: 4942
                time_add_neighbors_to_o: 0.00223519
    num_windows_should_quit: 0
    time_should_quit: 5.519e-06
    time_remove_window: 0
Complete!
