Total time: 0.00661212
is_optimal: true
optimality_bound: 1
successive_bounds: [1.00152, 1.00152, 1.00152, 1.00152, 1.00152, 1.00152, 1.00152, 1.00152, 1.00152, 1.00152, 1.00152, 1.00152, 1.00152, 1.00152, 1.00152, 1.00152, 1.00152, 1.00152, 1, 1]
successive_runtimes: [0.00291055, 0.00310967, 0.00330244, 0.00349609, 0.0036968, 0.00389647, 0.00410289, 0.00437875, 0.00459448, 0.00477882, 0.00494283, 0.00510747, 0.00527015, 0.00543683, 0.00560622, 0.00577612, 0.00594822, 0.00611926, 0.0066121]
num_agents: 20
time_individual_plan: 0.00215208
time_first_plan: 0.000241921
num_max_agents_in_window_first_iteration: 2
num_recWAMPF: 19
timing_recWAMPF:
    total_RecWAMPF: 0.00394083
    num_windows: 37
    num_max_agents_in_window: 2
    timing_gari:
        total_GARI: 0.00209906
        time_path_btw_starts: 6.1417e-05
        Stage1:
            total_Stage1:0.000175859
            time_add_x_to_o: 0.000156012
            time_clear_x: 1.633e-05
            timing_AStarSearchUntil:
                total_astar_search_until:1.634e-06
                num_values_f_less_fmax:0
                ASU Exp:
                    total_ASUExp:7.38e-07
                    time_top_o:0
                    time_check_in_c:0
                    time_add_parent:0
                    num_neighbors:0
                    time_add_neighbors_to_o:0
        Stage2:
            total_Stage2:0.000521215
            num_len_path:26
            time_expanding_s:1.1741e-05
            timing_AStarSearchUntil:
                total_astar_search_until:0.000500487
                num_values_f_less_fmax:42
                ASU Exp:
                    total_ASUExp:0.000499761
                    time_top_o:1.0606e-05
                    time_check_in_c:7.827e-06
                    time_add_parent:1.3606e-05
                    num_neighbors:1050
                    time_add_neighbors_to_o:0.000415587
        Stage3:
            total_Stage3:0.00133528
            num_until_goal_expanded:87
            timing_S3Exp:
                total_S3Exp: 0.000773438
                time_top_o: 1.6335e-05
                time_check_in_c: 1.1811e-05
                time_add_parent: 1.8664e-05
                num_neighbors: 1106
                time_add_neighbors_to_o: 0.00057907
    timing_PIOW_overlapping:
        total_PIOW: 3.87e-07
        num_windows: 18
        time_check_overlap: 0
        num_overlapping_windows: 0
        time_merge_windows: 0
        time_remove_window: 0
        time_remove_window: 0
        timing_PlanIn:
            total_PlanIn:0
            num_until_goal_expanded:0
            timing_expansions:
                total_S3Exp: 0
                time_top_o: 0
                time_check_in_c: 0
                time_add_parent: 0
                num_neighbors: 0
                time_add_neighbors_to_o: 0
    num_new_collisions: 1
    timing_PIOW_new_collisions:
        total_PIOW: 0.000145355
        num_windows: 0
        time_check_overlap: 0
        num_overlapping_windows: 0
        time_merge_windows: 0
        time_remove_window: 0
        time_remove_window: 3.39e-07
        timing_PlanIn:
            total_PlanIn:0.000143524
            num_until_goal_expanded:10
            timing_expansions:
                total_S3Exp: 0.000140452
                time_top_o: 2.241e-06
                time_check_in_c: 2.279e-06
                time_add_parent: 3.334e-06
                num_neighbors: 210
                time_add_neighbors_to_o: 0.000113958
    num_windows_should_quit: 0
    time_should_quit: 9.53e-07
    time_remove_window: 0
Complete!
