Total time: 0.0372193
is_optimal: true
optimality_bound: 1
successive_bounds: [1.00139, 1.00139, 1.00139, 1.00139, 1.00139, 1.00139, 1.00139, 1.00139, 1.00139, 1.00139, 1.00139, 1.00139, 1.00139, 1.00139, 1.00139, 1.00139, 1.00139, 1, 1]
successive_runtimes: [0.00371915, 0.00407105, 0.00442984, 0.00483741, 0.0052542, 0.00603539, 0.0066224, 0.00716816, 0.00766699, 0.00904056, 0.0102192, 0.0110775, 0.0118543, 0.0127267, 0.0194507, 0.0262925, 0.0327747, 0.0372193]
num_agents: 20
time_individual_plan: 0.00288953
time_first_plan: 0.000319113
num_max_agents_in_window_first_iteration: 2
num_recWAMPF: 18
timing_recWAMPF:
    total_RecWAMPF: 0.0338162
    num_windows: 70
    num_max_agents_in_window: 2
    timing_gari:
        total_GARI: 0.0315641
        time_path_btw_starts: 0.00020645
        Stage1:
            total_Stage1:0.0183608
            time_add_x_to_o: 0.00666031
            time_clear_x: 0.000802357
            timing_AStarSearchUntil:
                total_astar_search_until:0.0108936
                num_values_f_less_fmax:2385
                ASU Exp:
                    total_ASUExp:0.010892
                    time_top_o:0.000731254
                    time_check_in_c:0.000472372
                    time_add_parent:0.000391723
                    num_neighbors:22633
                    time_add_neighbors_to_o:0.00814171
        Stage2:
            total_Stage2:0.00841553
            num_len_path:83
            time_expanding_s:3.3666e-05
            timing_AStarSearchUntil:
                total_astar_search_until:0.00836177
                num_values_f_less_fmax:701
                ASU Exp:
                    total_ASUExp:0.00836038
                    time_top_o:0.000206846
                    time_check_in_c:0.000151767
                    time_add_parent:0.000204712
                    num_neighbors:17082
                    time_add_neighbors_to_o:0.0070495
        Stage3:
            total_Stage3:0.00456981
            num_until_goal_expanded:245
            timing_S3Exp:
                total_S3Exp: 0.00171568
                time_top_o: 5.1985e-05
                time_check_in_c: 3.108e-05
                time_add_parent: 6.3857e-05
                num_neighbors: 2535
                time_add_neighbors_to_o: 0.00097611
    timing_PIOW_overlapping:
        total_PIOW: 4.394e-06
        num_windows: 68
        time_check_overlap: 2.174e-06
        num_overlapping_windows: 0
        time_merge_windows: 0
        time_remove_window: 0
        time_remove_window: 0
        timing_PlanIn:
            total_PlanIn:0
            num_until_goal_expanded:0
            timing_expansions:
                total_S3Exp: 0
                time_top_o: 0
                time_check_in_c: 0
                time_add_parent: 0
                num_neighbors: 0
                time_add_neighbors_to_o: 0
    num_new_collisions: 2
    timing_PIOW_new_collisions:
        total_PIOW: 0.000154615
        num_windows: 2
        time_check_overlap: 1.12e-07
        num_overlapping_windows: 0
        time_merge_windows: 0
        time_remove_window: 0
        time_remove_window: 5.97e-07
        timing_PlanIn:
            total_PlanIn:0.000151663
            num_until_goal_expanded:15
            timing_expansions:
                total_S3Exp: 0.000147071
                time_top_o: 2.333e-06
                time_check_in_c: 2.943e-06
                time_add_parent: 4.873e-06
                num_neighbors: 217
                time_add_neighbors_to_o: 9.3948e-05
    num_windows_should_quit: 0
    time_should_quit: 1.931e-06
    time_remove_window: 0
Complete!
