Total time: 6.26931
is_optimal: true
optimality_bound: 1
successive_bounds: [1.00394, 1.00394, 1.00246, 1.00148, 1.00148, 1.00148, 1.00148, 1.00148, 1.00148, 1.00148, 1.00148, 1.00148, 1.00148, 1.00148, 1.00148, 1.00148, 1.00148, 1.00148, 1.00148, 1.00148, 1.00148, 1.00148, 1.00148, 1.00148, 1.00148, 1.00098, 1, 1]
successive_runtimes: [0.00763639, 0.0086212, 0.0100452, 0.0146354, 0.0159044, 0.0178061, 0.0201411, 0.0224471, 0.0248001, 0.0272725, 0.0299082, 0.0331478, 0.0364742, 0.0397224, 0.0432945, 0.0471023, 0.0510011, 0.0547476, 0.0596339, 0.0640751, 0.113193, 0.158857, 0.205359, 0.250134, 0.296053, 0.33939, 6.26931]
num_agents: 30
time_individual_plan: 0.00595635
time_first_plan: 0.00112974
num_max_agents_in_window_first_iteration: 2
num_recWAMPF: 27
timing_recWAMPF:
    total_RecWAMPF: 6.26279
    num_windows: 259
    num_max_agents_in_window: 4
    timing_gari:
        total_GARI: 0.329541
        time_path_btw_starts: 0.000588011
        Stage1:
            total_Stage1:0.221379
            time_add_x_to_o: 0.0886377
            time_clear_x: 0.0151238
            timing_AStarSearchUntil:
                total_astar_search_until:0.117602
                num_values_f_less_fmax:9681
                ASU Exp:
                    total_ASUExp:0.117595
                    time_top_o:0.00496573
                    time_check_in_c:0.00396715
                    time_add_parent:0.00263297
                    num_neighbors:251417
                    time_add_neighbors_to_o:0.0984137
        Stage2:
            total_Stage2:0.0131197
            num_len_path:265
            time_expanding_s:0.000185642
            timing_AStarSearchUntil:
                total_astar_search_until:0.0128454
                num_values_f_less_fmax:1131
                ASU Exp:
                    total_ASUExp:0.0128399
                    time_top_o:0.000308043
                    time_check_in_c:0.000235577
                    time_add_parent:0.000356305
                    num_neighbors:25833
                    time_add_neighbors_to_o:0.0107012
        Stage3:
            total_Stage3:0.0944002
            num_until_goal_expanded:2123
            timing_S3Exp:
                total_S3Exp: 0.0136109
                time_top_o: 0.00050813
                time_check_in_c: 0.000317883
                time_add_parent: 0.000607642
                num_neighbors: 17804
                time_add_neighbors_to_o: 0.00762005
    timing_PIOW_overlapping:
        total_PIOW: 0.0540096
        num_windows: 632
        time_check_overlap: 2.7829e-05
        num_overlapping_windows: 2
        time_merge_windows: 4.18e-06
        time_remove_window: 6.61e-07
        time_remove_window: 4.076e-06
        timing_PlanIn:
            total_PlanIn:0.0539569
            num_until_goal_expanded:1205
            timing_expansions:
                total_S3Exp: 0.0539524
                time_top_o: 0.000375013
                time_check_in_c: 0.000220538
                time_add_parent: 0.000346658
                num_neighbors: 95311
                time_add_neighbors_to_o: 0.0489008
    num_new_collisions: 7
    timing_PIOW_new_collisions:
        total_PIOW: 5.87275
        num_windows: 38
        time_check_overlap: 2.114e-06
        num_overlapping_windows: 1
        time_merge_windows: 0
        time_remove_window: 0.398419
        time_remove_window: 2.217e-06
        timing_PlanIn:
            total_PlanIn:5.87274
            num_until_goal_expanded:20841
            timing_expansions:
                total_S3Exp: 5.87272
                time_top_o: 0.018559
                time_check_in_c: 0.005358
                time_add_parent: 0.0122254
                num_neighbors: 8308633
                time_add_neighbors_to_o: 5.58833
    num_windows_should_quit: 0
    time_should_quit: 8.757e-06
    time_remove_window: 0
Complete!
