Total time: 0.0167003
is_optimal: true
optimality_bound: 1
successive_bounds: [1.00236, 1.00236, 1.00236, 1.00236, 1.00236, 1.00236, 1.00236, 1.00236, 1.00236, 1.00236, 1.00236, 1.00236, 1.00236, 1.00236, 1, 1]
successive_runtimes: [0.00699859, 0.00719352, 0.00736233, 0.00756335, 0.00774196, 0.00794094, 0.00815371, 0.00840771, 0.00868736, 0.00900533, 0.0093197, 0.00964868, 0.0100025, 0.0150603, 0.0167003]
num_agents: 10
time_individual_plan: 0.00628731
time_first_plan: 0.00019404
num_max_agents_in_window_first_iteration: 2
num_recWAMPF: 15
timing_recWAMPF:
    total_RecWAMPF: 0.00989361
    num_windows: 58
    num_max_agents_in_window: 2
    timing_gari:
        total_GARI: 0.0092905
        time_path_btw_starts: 0.000116995
        Stage1:
            total_Stage1:0.00131989
            time_add_x_to_o: 0.000519874
            time_clear_x: 5.7477e-05
            timing_AStarSearchUntil:
                total_astar_search_until:0.000739247
                num_values_f_less_fmax:74
                ASU Exp:
                    total_ASUExp:0.000725195
                    time_top_o:1.9457e-05
                    time_check_in_c:1.3643e-05
                    time_add_parent:1.9258e-05
                    num_neighbors:1673
                    time_add_neighbors_to_o:0.000587909
        Stage2:
            total_Stage2:0.00112625
            num_len_path:58
            time_expanding_s:2.1274e-05
            timing_AStarSearchUntil:
                total_astar_search_until:0.00109134
                num_values_f_less_fmax:107
                ASU Exp:
                    total_ASUExp:0.00109024
                    time_top_o:2.3219e-05
                    time_check_in_c:1.8605e-05
                    time_add_parent:2.9588e-05
                    num_neighbors:2476
                    time_add_neighbors_to_o:0.000905061
        Stage3:
            total_Stage3:0.00671939
            num_until_goal_expanded:546
            timing_S3Exp:
                total_S3Exp: 0.00579993
                time_top_o: 0.000156866
                time_check_in_c: 9.0217e-05
                time_add_parent: 0.000129557
                num_neighbors: 10877
                time_add_neighbors_to_o: 0.00481725
    timing_PIOW_overlapping:
        total_PIOW: 3.181e-06
        num_windows: 56
        time_check_overlap: 1.392e-06
        num_overlapping_windows: 0
        time_merge_windows: 0
        time_remove_window: 0
        time_remove_window: 0
        timing_PlanIn:
            total_PlanIn:0
            num_until_goal_expanded:0
            timing_expansions:
                total_S3Exp: 0
                time_top_o: 0
                time_check_in_c: 0
                time_add_parent: 0
                num_neighbors: 0
                time_add_neighbors_to_o: 0
    num_new_collisions: 2
    timing_PIOW_new_collisions:
        total_PIOW: 0.000149329
        num_windows: 2
        time_check_overlap: 9.9e-08
        num_overlapping_windows: 0
        time_merge_windows: 0
        time_remove_window: 0
        time_remove_window: 4.99e-07
        timing_PlanIn:
            total_PlanIn:0.000146574
            num_until_goal_expanded:14
            timing_expansions:
                total_S3Exp: 0.000140051
                time_top_o: 2.7e-06
                time_check_in_c: 2.62e-06
                time_add_parent: 4.379e-06
                num_neighbors: 242
                time_add_neighbors_to_o: 0.000106995
    num_windows_should_quit: 0
    time_should_quit: 1.492e-06
    time_remove_window: 0
Complete!
