Total time: 0.0136793
is_optimal: true
optimality_bound: 1
successive_bounds: [1.00336, 1.00336, 1.00336, 1.00336, 1.00336, 1.00336, 1.00336, 1.00336, 1.00336, 1.00336, 1.00336, 1.00336, 1.00336, 1.00336, 1, 1]
successive_runtimes: [0.00155871, 0.00170348, 0.00183515, 0.00196429, 0.00209503, 0.00223537, 0.00236989, 0.00251082, 0.00271373, 0.00286007, 0.00706159, 0.00977256, 0.0114061, 0.0124801, 0.0136793]
num_agents: 10
time_individual_plan: 0.000929028
time_first_plan: 0.000116829
num_max_agents_in_window_first_iteration: 2
num_recWAMPF: 15
timing_recWAMPF:
    total_RecWAMPF: 0.0122353
    num_windows: 29
    num_max_agents_in_window: 2
    timing_gari:
        total_GARI: 0.0118574
        time_path_btw_starts: 6.5494e-05
        Stage1:
            total_Stage1:0.00440115
            time_add_x_to_o: 0.00230918
            time_clear_x: 0.0002738
            timing_AStarSearchUntil:
                total_astar_search_until:0.00181626
                num_values_f_less_fmax:528
                ASU Exp:
                    total_ASUExp:0.0018155
                    time_top_o:0.000159548
                    time_check_in_c:0.000213526
                    time_add_parent:3.4361e-05
                    num_neighbors:3310
                    time_add_neighbors_to_o:0.00122621
        Stage2:
            total_Stage2:0.00554935
            num_len_path:39
            time_expanding_s:1.2799e-05
            timing_AStarSearchUntil:
                total_astar_search_until:0.0055287
                num_values_f_less_fmax:422
                ASU Exp:
                    total_ASUExp:0.0055281
                    time_top_o:0.000111259
                    time_check_in_c:9.1838e-05
                    time_add_parent:0.00010978
                    num_neighbors:11737
                    time_add_neighbors_to_o:0.00478843
        Stage3:
            total_Stage3:0.00183698
            num_until_goal_expanded:83
            timing_S3Exp:
                total_S3Exp: 0.000512249
                time_top_o: 1.6851e-05
                time_check_in_c: 1.1748e-05
                time_add_parent: 2.1507e-05
                num_neighbors: 1020
                time_add_neighbors_to_o: 0.000319704
    timing_PIOW_overlapping:
        total_PIOW: 3.9e-07
        num_windows: 14
        time_check_overlap: 0
        num_overlapping_windows: 0
        time_merge_windows: 0
        time_remove_window: 0
        time_remove_window: 0
        timing_PlanIn:
            total_PlanIn:0
            num_until_goal_expanded:0
            timing_expansions:
                total_S3Exp: 0
                time_top_o: 0
                time_check_in_c: 0
                time_add_parent: 0
                num_neighbors: 0
                time_add_neighbors_to_o: 0
    num_new_collisions: 1
    timing_PIOW_new_collisions:
        total_PIOW: 8.6888e-05
        num_windows: 0
        time_check_overlap: 0
        num_overlapping_windows: 0
        time_merge_windows: 0
        time_remove_window: 0
        time_remove_window: 2.36e-07
        timing_PlanIn:
            total_PlanIn:8.523e-05
            num_until_goal_expanded:6
            timing_expansions:
                total_S3Exp: 8.1871e-05
                time_top_o: 1.258e-06
                time_check_in_c: 1.49e-06
                time_add_parent: 2.524e-06
                num_neighbors: 135
                time_add_neighbors_to_o: 6.3716e-05
    num_windows_should_quit: 0
    time_should_quit: 7.61e-07
    time_remove_window: 0
Complete!
