Total time: 0.0440979
is_optimal: true
optimality_bound: 1
successive_bounds: [1.00196, 1.00196, 1.00098, 1.00098, 1.00098, 1.00098, 1.00098, 1.00098, 1.00098, 1.00098, 1.00098, 1.00098, 1.00098, 1.00098, 1.00098, 1.00098, 1.00098, 1.00098, 1.00098, 1.00098, 1.00098, 1.00098, 1.00098, 1.00098, 1.00098, 1, 1]
successive_runtimes: [0.00979339, 0.0111215, 0.0124876, 0.013806, 0.0150932, 0.0163666, 0.018173, 0.0198461, 0.021821, 0.0237159, 0.0256552, 0.0275079, 0.0312915, 0.0327465, 0.0345642, 0.0356028, 0.0366654, 0.0377554, 0.0384018, 0.0390456, 0.0397013, 0.040465, 0.0412055, 0.041973, 0.042765, 0.0440978]
num_agents: 30
time_individual_plan: 0.00463084
time_first_plan: 0.00457363
num_max_agents_in_window_first_iteration: 3
num_recWAMPF: 26
timing_recWAMPF:
    total_RecWAMPF: 0.0388743
    num_windows: 137
    num_max_agents_in_window: 3
    timing_gari:
        total_GARI: 0.0289616
        time_path_btw_starts: 0.000284688
        Stage1:
            total_Stage1:0.00295008
            time_add_x_to_o: 0.00174801
            time_clear_x: 0.000186278
            timing_AStarSearchUntil:
                total_astar_search_until:0.001009
                num_values_f_less_fmax:122
                ASU Exp:
                    total_ASUExp:0.00100583
                    time_top_o:3.3089e-05
                    time_check_in_c:2.7977e-05
                    time_add_parent:2.7051e-05
                    num_neighbors:2260
                    time_add_neighbors_to_o:0.000794874
        Stage2:
            total_Stage2:0.00280632
            num_len_path:122
            time_expanding_s:5.9693e-05
            timing_AStarSearchUntil:
                total_astar_search_until:0.00270865
                num_values_f_less_fmax:208
                ASU Exp:
                    total_ASUExp:0.00270572
                    time_top_o:5.136e-05
                    time_check_in_c:4.3114e-05
                    time_add_parent:7.3479e-05
                    num_neighbors:6456
                    time_add_neighbors_to_o:0.00228773
        Stage3:
            total_Stage3:0.0228989
            num_until_goal_expanded:763
            timing_S3Exp:
                total_S3Exp: 0.0126841
                time_top_o: 0.000192001
                time_check_in_c: 0.000105187
                time_add_parent: 0.000179833
                num_neighbors: 19613
                time_add_neighbors_to_o: 0.0108653
    timing_PIOW_overlapping:
        total_PIOW: 1.2602e-05
        num_windows: 185
        time_check_overlap: 7.12e-06
        num_overlapping_windows: 0
        time_merge_windows: 0
        time_remove_window: 0
        time_remove_window: 0
        timing_PlanIn:
            total_PlanIn:0
            num_until_goal_expanded:0
            timing_expansions:
                total_S3Exp: 0
                time_top_o: 0
                time_check_in_c: 0
                time_add_parent: 0
                num_neighbors: 0
                time_add_neighbors_to_o: 0
    num_new_collisions: 4
    timing_PIOW_new_collisions:
        total_PIOW: 0.00419433
        num_windows: 9
        time_check_overlap: 4.62e-07
        num_overlapping_windows: 1
        time_merge_windows: 0
        time_remove_window: 0.00605143
        time_remove_window: 1.035e-06
        timing_PlanIn:
            total_PlanIn:0.00418768
            num_until_goal_expanded:132
            timing_expansions:
                total_S3Exp: 0.00417302
                time_top_o: 2.7794e-05
                time_check_in_c: 2.3281e-05
                time_add_parent: 3.6945e-05
                num_neighbors: 5496
                time_add_neighbors_to_o: 0.00376247
    num_windows_should_quit: 1
    time_should_quit: 3.728e-06
    time_remove_window: 1.49e-07
Complete!
