Total time: 0.135887
is_optimal: false
optimality_bound: 1.00534
successive_bounds: [1.00738, 1.00687, 1.00611, 1.00585, 1.00585, 1.00585, 1.00585, 1.00585, 1.00585, 1.00585, 1.00585, 1.00585, 1.00534, 1.00534, 1.00534]
successive_runtimes: [0.0185934, 0.0294673, 0.0400813, 0.0486646, 0.0513889, 0.0550956, 0.068808, 0.0739804, 0.07776, 0.0839522, 0.0884051, 0.0930941, 0.0982815, 0.12107, 0.135887]
num_agents: 60
time_individual_plan: 0.00652167
time_first_plan: 0.0115572
num_max_agents_in_window_first_iteration: 3
num_recWAMPF: 15
timing_recWAMPF:
    total_RecWAMPF: 0.128847
    num_windows: 235
    num_max_agents_in_window: 3
    timing_gari:
        total_GARI: 0.0871843
        time_path_btw_starts: 0.000589393
        Stage1:
            total_Stage1:0.0287734
            time_add_x_to_o: 0.0140185
            time_clear_x: 0.00151959
            timing_AStarSearchUntil:
                total_astar_search_until:0.013223
                num_values_f_less_fmax:1844
                ASU Exp:
                    total_ASUExp:0.0132175
                    time_top_o:0.000533595
                    time_check_in_c:0.000325167
                    time_add_parent:0.000392787
                    num_neighbors:27438
                    time_add_neighbors_to_o:0.0106935
        Stage2:
            total_Stage2:0.0236988
            num_len_path:223
            time_expanding_s:9.9697e-05
            timing_AStarSearchUntil:
                total_astar_search_until:0.0235324
                num_values_f_less_fmax:1645
                ASU Exp:
                    total_ASUExp:0.0235274
                    time_top_o:0.000418641
                    time_check_in_c:0.000333362
                    time_add_parent:0.0005571
                    num_neighbors:48132
                    time_add_neighbors_to_o:0.0205109
        Stage3:
            total_Stage3:0.0340861
            num_until_goal_expanded:1507
            timing_S3Exp:
                total_S3Exp: 0.0169636
                time_top_o: 0.000395649
                time_check_in_c: 0.0002166
                time_add_parent: 0.00038835
                num_neighbors: 31401
                time_add_neighbors_to_o: 0.0140037
    timing_PIOW_overlapping:
        total_PIOW: 0.0171997
        num_windows: 1247
        time_check_overlap: 3.5852e-05
        num_overlapping_windows: 12
        time_merge_windows: 9.769e-06
        time_remove_window: 2.008e-06
        time_remove_window: 9.258e-06
        timing_PlanIn:
            total_PlanIn:0.0171155
            num_until_goal_expanded:480
            timing_expansions:
                total_S3Exp: 0.0170953
                time_top_o: 9.4701e-05
                time_check_in_c: 8.0317e-05
                time_add_parent: 0.00012427
                num_neighbors: 29046
                time_add_neighbors_to_o: 0.0153954
    num_new_collisions: 20
    timing_PIOW_new_collisions:
        total_PIOW: 0.00427079
        num_windows: 376
        time_check_overlap: 9.453e-06
        num_overlapping_windows: 2
        time_merge_windows: 0
        time_remove_window: 0.0305057
        time_remove_window: 1.1299e-05
        timing_PlanIn:
            total_PlanIn:0.00422399
            num_until_goal_expanded:345
            timing_expansions:
                total_S3Exp: 0.004191
                time_top_o: 4.4517e-05
                time_check_in_c: 5.7635e-05
                time_add_parent: 8.6826e-05
                num_neighbors: 6787
                time_add_neighbors_to_o: 0.00340813
    num_windows_should_quit: 0
    time_should_quit: 1.0971e-05
    time_remove_window: 0
Complete!
