Total time: 0.0902242
is_optimal: false
optimality_bound: 1.00481
successive_bounds: [1.00674, 1.00674, 1.00546, 1.00481, 1.00481, 1.00481]
successive_runtimes: [0.0145527, 0.0183568, 0.0383787, 0.0657835, 0.0779596, 0.0902242]
num_agents: 50
time_individual_plan: 0.0101749
time_first_plan: 0.00379998
num_max_agents_in_window_first_iteration: 2
num_recWAMPF: 6
timing_recWAMPF:
    total_RecWAMPF: 0.0794697
    num_windows: 132
    num_max_agents_in_window: 3
    timing_gari:
        total_GARI: 0.0572009
        time_path_btw_starts: 0.000312259
        Stage1:
            total_Stage1:0.0310587
            time_add_x_to_o: 0.00798862
            time_clear_x: 0.000840149
            timing_AStarSearchUntil:
                total_astar_search_until:0.0222231
                num_values_f_less_fmax:2582
                ASU Exp:
                    total_ASUExp:0.0222203
                    time_top_o:0.000680474
                    time_check_in_c:0.00042163
                    time_add_parent:0.000450579
                    num_neighbors:52038
                    time_add_neighbors_to_o:0.0193168
        Stage2:
            total_Stage2:0.0137941
            num_len_path:118
            time_expanding_s:5.5319e-05
            timing_AStarSearchUntil:
                total_astar_search_until:0.0137049
                num_values_f_less_fmax:563
                ASU Exp:
                    total_ASUExp:0.0137024
                    time_top_o:0.000172127
                    time_check_in_c:9.7597e-05
                    time_add_parent:0.000171007
                    num_neighbors:32106
                    time_add_neighbors_to_o:0.0125758
        Stage3:
            total_Stage3:0.0120171
            num_until_goal_expanded:894
            timing_S3Exp:
                total_S3Exp: 0.00475264
                time_top_o: 0.000186376
                time_check_in_c: 0.000124542
                time_add_parent: 0.000243885
                num_neighbors: 7911
                time_add_neighbors_to_o: 0.00328491
    timing_PIOW_overlapping:
        total_PIOW: 3.5553e-05
        num_windows: 720
        time_check_overlap: 1.988e-05
        num_overlapping_windows: 0
        time_merge_windows: 0
        time_remove_window: 0
        time_remove_window: 0
        timing_PlanIn:
            total_PlanIn:0
            num_until_goal_expanded:0
            timing_expansions:
                total_S3Exp: 0
                time_top_o: 0
                time_check_in_c: 0
                time_add_parent: 0
                num_neighbors: 0
                time_add_neighbors_to_o: 0
    num_new_collisions: 13
    timing_PIOW_new_collisions:
        total_PIOW: 0.0163294
        num_windows: 164
        time_check_overlap: 4.388e-06
        num_overlapping_windows: 1
        time_merge_windows: 0
        time_remove_window: 0.0228923
        time_remove_window: 4.41e-06
        timing_PlanIn:
            total_PlanIn:0.0163059
            num_until_goal_expanded:681
            timing_expansions:
                total_S3Exp: 0.0162853
                time_top_o: 0.000189233
                time_check_in_c: 0.000114093
                time_add_parent: 0.00017394
                num_neighbors: 35688
                time_add_neighbors_to_o: 0.0140734
    num_windows_should_quit: 0
    time_should_quit: 7.419e-06
    time_remove_window: 0
Complete!
