Total time: 0.0166282
is_optimal: true
optimality_bound: 1
successive_bounds: [1.0009, 1.0009, 1.0009, 1.0009, 1.0009, 1.0009, 1.0009, 1.0009, 1.0009, 1.0009, 1.0009, 1.0009, 1.0009, 1.0009, 1.0009, 1.0009, 1.0009, 1.0009, 1.0009, 1.0009, 1.0009, 1.0009, 1.0009, 1.0009, 1.0009, 1.0009, 1.0009, 1.0009, 1.0009, 1.0009, 1.0009, 1.0009, 1.0009, 1, 1]
successive_runtimes: [0.00467375, 0.00501203, 0.00534301, 0.00568096, 0.00602387, 0.00636499, 0.00670626, 0.00705286, 0.00740538, 0.00777239, 0.00819458, 0.00856215, 0.0088881, 0.00920368, 0.00952109, 0.0098389, 0.0101587, 0.0104802, 0.0108027, 0.011128, 0.0114492, 0.0118367, 0.0121672, 0.0124938, 0.012823, 0.013154, 0.0134866, 0.0138213, 0.0141568, 0.0144917, 0.0148274, 0.0152416, 0.015584, 0.0166281]
num_agents: 30
time_individual_plan: 0.00371675
time_first_plan: 0.000439024
num_max_agents_in_window_first_iteration: 2
num_recWAMPF: 34
timing_recWAMPF:
    total_RecWAMPF: 0.0123876
    num_windows: 67
    num_max_agents_in_window: 2
    timing_gari:
        total_GARI: 0.00437818
        time_path_btw_starts: 0.000113209
        Stage1:
            total_Stage1:0.000232602
            time_add_x_to_o: 0.00020148
            time_clear_x: 2.4779e-05
            timing_AStarSearchUntil:
                total_astar_search_until:2.616e-06
                num_values_f_less_fmax:0
                ASU Exp:
                    total_ASUExp:1.153e-06
                    time_top_o:0
                    time_check_in_c:0
                    time_add_parent:0
                    num_neighbors:0
                    time_add_neighbors_to_o:0
        Stage2:
            total_Stage2:0.00079771
            num_len_path:44
            time_expanding_s:1.8043e-05
            timing_AStarSearchUntil:
                total_astar_search_until:0.000763174
                num_values_f_less_fmax:66
                ASU Exp:
                    total_ASUExp:0.00076186
                    time_top_o:1.6934e-05
                    time_check_in_c:1.3485e-05
                    time_add_parent:2.1925e-05
                    num_neighbors:1630
                    time_add_neighbors_to_o:0.000627793
        Stage3:
            total_Stage3:0.00322516
            num_until_goal_expanded:165
            timing_S3Exp:
                total_S3Exp: 0.00163158
                time_top_o: 3.1328e-05
                time_check_in_c: 2.141e-05
                time_add_parent: 3.6406e-05
                num_neighbors: 2147
                time_add_neighbors_to_o: 0.00119148
    timing_PIOW_overlapping:
        total_PIOW: 8.23e-07
        num_windows: 33
        time_check_overlap: 0
        num_overlapping_windows: 0
        time_merge_windows: 0
        time_remove_window: 0
        time_remove_window: 0
        timing_PlanIn:
            total_PlanIn:0
            num_until_goal_expanded:0
            timing_expansions:
                total_S3Exp: 0
                time_top_o: 0
                time_check_in_c: 0
                time_add_parent: 0
                num_neighbors: 0
                time_add_neighbors_to_o: 0
    num_new_collisions: 1
    timing_PIOW_new_collisions:
        total_PIOW: 0.000165193
        num_windows: 0
        time_check_overlap: 0
        num_overlapping_windows: 0
        time_merge_windows: 0
        time_remove_window: 0
        time_remove_window: 4.22e-07
        timing_PlanIn:
            total_PlanIn:0.000162955
            num_until_goal_expanded:9
            timing_expansions:
                total_S3Exp: 0.000159767
                time_top_o: 1.967e-06
                time_check_in_c: 1.908e-06
                time_add_parent: 3.372e-06
                num_neighbors: 185
                time_add_neighbors_to_o: 0.00013418
    num_windows_should_quit: 0
    time_should_quit: 1.546e-06
    time_remove_window: 0
Complete!
