Total time: 0.878267
is_optimal: true
optimality_bound: 1
successive_bounds: [1.00296, 1.00296, 1.00296, 1.00296, 1.00296, 1.00296, 1.00296, 1.00296, 1.00296, 1.00296, 1.00197, 1.00197, 1.00197, 1.00197, 1.00197, 1.00099, 1.00099, 1, 1]
successive_runtimes: [0.00608741, 0.0070802, 0.00807958, 0.00909121, 0.0101389, 0.0112548, 0.0128171, 0.0139808, 0.0151478, 0.0162629, 0.0190958, 0.0201947, 0.0213242, 0.0229903, 0.0243977, 0.0267189, 0.0284337, 0.878267]
num_agents: 30
time_individual_plan: 0.0042268
time_first_plan: 0.00132903
num_max_agents_in_window_first_iteration: 2
num_recWAMPF: 18
timing_recWAMPF:
    total_RecWAMPF: 0.873505
    num_windows: 138
    num_max_agents_in_window: 3
    timing_gari:
        total_GARI: 0.0193983
        time_path_btw_starts: 0.000307025
        Stage1:
            total_Stage1:0.0038643
            time_add_x_to_o: 0.00299316
            time_clear_x: 0.000485972
            timing_AStarSearchUntil:
                total_astar_search_until:0.00037767
                num_values_f_less_fmax:219
                ASU Exp:
                    total_ASUExp:0.000374689
                    time_top_o:5.1128e-05
                    time_check_in_c:2.6353e-05
                    time_add_parent:9.401e-06
                    num_neighbors:675
                    time_add_neighbors_to_o:0.000226943
        Stage2:
            total_Stage2:0.00385396
            num_len_path:126
            time_expanding_s:9.8765e-05
            timing_AStarSearchUntil:
                total_astar_search_until:0.00371986
                num_values_f_less_fmax:315
                ASU Exp:
                    total_ASUExp:0.00371717
                    time_top_o:8.1369e-05
                    time_check_in_c:9.4526e-05
                    time_add_parent:9.044e-05
                    num_neighbors:7917
                    time_add_neighbors_to_o:0.00308487
        Stage3:
            total_Stage3:0.0101865
            num_until_goal_expanded:2174
            timing_S3Exp:
                total_S3Exp: 0.00724019
                time_top_o: 0.000489325
                time_check_in_c: 0.00025169
                time_add_parent: 0.000411346
                num_neighbors: 11669
                time_add_neighbors_to_o: 0.00437401
    timing_PIOW_overlapping:
        total_PIOW: 0.848531
        num_windows: 277
        time_check_overlap: 8.201e-06
        num_overlapping_windows: 2
        time_merge_windows: 2.063e-06
        time_remove_window: 5.21e-07
        time_remove_window: 1.967e-06
        timing_PlanIn:
            total_PlanIn:0.848509
            num_until_goal_expanded:3623
            timing_expansions:
                total_S3Exp: 0.848504
                time_top_o: 0.00202624
                time_check_in_c: 0.00082869
                time_add_parent: 0.00153258
                num_neighbors: 1080131
                time_add_neighbors_to_o: 0.81059
    num_new_collisions: 4
    timing_PIOW_new_collisions:
        total_PIOW: 0.000696851
        num_windows: 12
        time_check_overlap: 5.56e-07
        num_overlapping_windows: 0
        time_merge_windows: 0
        time_remove_window: 0
        time_remove_window: 1.214e-06
        timing_PlanIn:
            total_PlanIn:0.000682817
            num_until_goal_expanded:107
            timing_expansions:
                total_S3Exp: 0.000674609
                time_top_o: 1.2764e-05
                time_check_in_c: 1.8785e-05
                time_add_parent: 2.722e-05
                num_neighbors: 970
                time_add_neighbors_to_o: 0.000460126
    num_windows_should_quit: 0
    time_should_quit: 3.908e-06
    time_remove_window: 0
Complete!
