Total time: 0.0843792
is_optimal: true
optimality_bound: 1
successive_bounds: [1.00123, 1.00123, 1.00123, 1.00123, 1.00123, 1, 1]
successive_runtimes: [0.00612707, 0.00640851, 0.00668206, 0.0198941, 0.0417219, 0.0843792]
num_agents: 20
time_individual_plan: 0.00517532
time_first_plan: 0.000432488
num_max_agents_in_window_first_iteration: 2
num_recWAMPF: 6
timing_recWAMPF:
    total_RecWAMPF: 0.0786832
    num_windows: 17
    num_max_agents_in_window: 3
    timing_gari:
        total_GARI: 0.0647893
        time_path_btw_starts: 4.765e-05
        Stage1:
            total_Stage1:0.0492314
            time_add_x_to_o: 0.0107818
            time_clear_x: 0.00250681
            timing_AStarSearchUntil:
                total_astar_search_until:0.0359412
                num_values_f_less_fmax:1439
                ASU Exp:
                    total_ASUExp:0.0359407
                    time_top_o:0.000714225
                    time_check_in_c:0.000275996
                    time_add_parent:0.000367643
                    num_neighbors:78515
                    time_add_neighbors_to_o:0.0329094
        Stage2:
            total_Stage2:0.00126393
            num_len_path:17
            time_expanding_s:7.689e-06
            timing_AStarSearchUntil:
                total_astar_search_until:0.0012511
                num_values_f_less_fmax:32
                ASU Exp:
                    total_ASUExp:0.0012507
                    time_top_o:9.436e-06
                    time_check_in_c:5.929e-06
                    time_add_parent:9.628e-06
                    num_neighbors:2765
                    time_add_neighbors_to_o:0.00118215
        Stage3:
            total_Stage3:0.0142435
            num_until_goal_expanded:533
            timing_S3Exp:
                total_S3Exp: 0.00857286
                time_top_o: 0.000173983
                time_check_in_c: 7.5944e-05
                time_add_parent: 0.00013867
                num_neighbors: 16795
                time_add_neighbors_to_o: 0.00756148
    timing_PIOW_overlapping:
        total_PIOW: 0.0129188
        num_windows: 15
        time_check_overlap: 4.74e-07
        num_overlapping_windows: 1
        time_merge_windows: 9.56e-07
        time_remove_window: 1.4e-07
        time_remove_window: 9.11e-07
        timing_PlanIn:
            total_PlanIn:0.0129151
            num_until_goal_expanded:448
            timing_expansions:
                total_S3Exp: 0.0129129
                time_top_o: 0.000124206
                time_check_in_c: 7.3775e-05
                time_add_parent: 0.000126869
                num_neighbors: 24636
                time_add_neighbors_to_o: 0.0113147
    num_new_collisions: 2
    timing_PIOW_new_collisions:
        total_PIOW: 0.000174508
        num_windows: 2
        time_check_overlap: 1.86e-07
        num_overlapping_windows: 0
        time_merge_windows: 0
        time_remove_window: 0
        time_remove_window: 6.57e-07
        timing_PlanIn:
            total_PlanIn:0.000171519
            num_until_goal_expanded:12
            timing_expansions:
                total_S3Exp: 0.00016665
                time_top_o: 2.238e-06
                time_check_in_c: 2.486e-06
                time_add_parent: 4.323e-06
                num_neighbors: 224
                time_add_neighbors_to_o: 0.00013494
    num_windows_should_quit: 0
    time_should_quit: 4.58e-07
    time_remove_window: 0
Complete!
