Total time: 0.0570339
is_optimal: true
optimality_bound: 1
successive_bounds: [1.00306, 1.00306, 1.00306, 1.00306, 1.00306, 1.00306, 1.00306, 1.00306, 1.00306, 1.00306, 1.00306, 1.00306, 1.00306, 1.00306, 1.00306, 1.00306, 1.00306, 1.00306, 1.00306, 1.00306, 1.00306, 1.00306, 1.00306, 1.00306, 1.00306, 1.00306, 1, 1]
successive_runtimes: [0.00196654, 0.00236364, 0.0027175, 0.0030734, 0.00342124, 0.00377513, 0.00415975, 0.00451413, 0.00486549, 0.00523404, 0.00562905, 0.00609684, 0.00662688, 0.00716667, 0.00783781, 0.00851863, 0.00930266, 0.0101695, 0.0110416, 0.0120864, 0.0131071, 0.0142004, 0.0203137, 0.0291128, 0.0381014, 0.0471581, 0.0570338]
num_agents: 10
time_individual_plan: 0.00118769
time_first_plan: 0.000263874
num_max_agents_in_window_first_iteration: 2
num_recWAMPF: 27
timing_recWAMPF:
    total_RecWAMPF: 0.0553276
    num_windows: 53
    num_max_agents_in_window: 2
    timing_gari:
        total_GARI: 0.0544748
        time_path_btw_starts: 0.000101518
        Stage1:
            total_Stage1:0.0407585
            time_add_x_to_o: 0.0121971
            time_clear_x: 0.00204875
            timing_AStarSearchUntil:
                total_astar_search_until:0.0265091
                num_values_f_less_fmax:5761
                ASU Exp:
                    total_ASUExp:0.0265077
                    time_top_o:0.00176479
                    time_check_in_c:0.00117882
                    time_add_parent:0.00102824
                    num_neighbors:52030
                    time_add_neighbors_to_o:0.0192192
        Stage2:
            total_Stage2:0.00578907
            num_len_path:55
            time_expanding_s:2.0567e-05
            timing_AStarSearchUntil:
                total_astar_search_until:0.0057538
                num_values_f_less_fmax:402
                ASU Exp:
                    total_ASUExp:0.0057526
                    time_top_o:0.000106591
                    time_check_in_c:8.0728e-05
                    time_add_parent:0.000107937
                    num_neighbors:11958
                    time_add_neighbors_to_o:0.00507528
        Stage3:
            total_Stage3:0.00781624
            num_until_goal_expanded:981
            timing_S3Exp:
                total_S3Exp: 0.00436328
                time_top_o: 0.000223995
                time_check_in_c: 0.000139975
                time_add_parent: 0.000273538
                num_neighbors: 7423
                time_add_neighbors_to_o: 0.0027294
    timing_PIOW_overlapping:
        total_PIOW: 6.9e-07
        num_windows: 26
        time_check_overlap: 0
        num_overlapping_windows: 0
        time_merge_windows: 0
        time_remove_window: 0
        time_remove_window: 0
        timing_PlanIn:
            total_PlanIn:0
            num_until_goal_expanded:0
            timing_expansions:
                total_S3Exp: 0
                time_top_o: 0
                time_check_in_c: 0
                time_add_parent: 0
                num_neighbors: 0
                time_add_neighbors_to_o: 0
    num_new_collisions: 1
    timing_PIOW_new_collisions:
        total_PIOW: 0.000227872
        num_windows: 0
        time_check_overlap: 0
        num_overlapping_windows: 0
        time_merge_windows: 0
        time_remove_window: 0
        time_remove_window: 2.95e-07
        timing_PlanIn:
            total_PlanIn:0.000226434
            num_until_goal_expanded:40
            timing_expansions:
                total_S3Exp: 0.00022341
                time_top_o: 4.956e-06
                time_check_in_c: 8.133e-06
                time_add_parent: 1.0906e-05
                num_neighbors: 304
                time_add_neighbors_to_o: 0.000135218
    num_windows_should_quit: 0
    time_should_quit: 1.697e-06
    time_remove_window: 0
Complete!
