Total time: 5.33647
is_optimal: false
optimality_bound: 1.00037
successive_bounds: [1.00367, 1.00367, 1.00294, 1.00294, 1.0022, 1.0022, 1.0022, 1.0022, 1.0022, 1.00147, 1.00147, 1.00147, 1.00073, 1.00073, 1.00073, 1.00073, 1.00073, 1.00073, 1.00073, 1.00073, 1.00073, 1.00073, 1.00037, 1.00037]
successive_runtimes: [0.00751828, 0.00900314, 0.0104147, 0.0119786, 0.0135551, 0.015413, 0.0172273, 0.019195, 0.0213419, 0.0236844, 0.0470566, 0.0646021, 0.100051, 0.135192, 0.164099, 0.197205, 0.235271, 0.310958, 0.931173, 1.43468, 2.09488, 3.09362, 4.05597, 5.33647]
num_agents: 40
time_individual_plan: 0.00483533
time_first_plan: 0.00216822
num_max_agents_in_window_first_iteration: 2
num_recWAMPF: 24
timing_recWAMPF:
    total_RecWAMPF: 5.33111
    num_windows: 291
    num_max_agents_in_window: 4
    timing_gari:
        total_GARI: 5.28363
        time_path_btw_starts: 0.000703631
        Stage1:
            total_Stage1:2.96917
            time_add_x_to_o: 0.790195
            time_clear_x: 0.223213
            timing_AStarSearchUntil:
                total_astar_search_until:1.95574
                num_values_f_less_fmax:42729
                ASU Exp:
                    total_ASUExp:1.95573
                    time_top_o:0.0478429
                    time_check_in_c:0.0170606
                    time_add_parent:0.0303929
                    num_neighbors:3094476
                    time_add_neighbors_to_o:1.81594
        Stage2:
            total_Stage2:0.527339
            num_len_path:270
            time_expanding_s:0.000154624
            timing_AStarSearchUntil:
                total_astar_search_until:0.527059
                num_values_f_less_fmax:7513
                ASU Exp:
                    total_ASUExp:0.527053
                    time_top_o:0.00335011
                    time_check_in_c:0.00147365
                    time_add_parent:0.00388665
                    num_neighbors:850170
                    time_add_neighbors_to_o:0.506659
        Stage3:
            total_Stage3:1.78636
            num_until_goal_expanded:18611
            timing_S3Exp:
                total_S3Exp: 0.331225
                time_top_o: 0.0110341
                time_check_in_c: 0.00316612
                time_add_parent: 0.00942652
                num_neighbors: 668028
                time_add_neighbors_to_o: 0.281485
    timing_PIOW_overlapping:
        total_PIOW: 0.0263035
        num_windows: 906
        time_check_overlap: 3.7252e-05
        num_overlapping_windows: 2
        time_merge_windows: 3.663e-06
        time_remove_window: 5.45e-07
        time_remove_window: 3.563e-06
        timing_PlanIn:
            total_PlanIn:0.0262359
            num_until_goal_expanded:444
            timing_expansions:
                total_S3Exp: 0.0262316
                time_top_o: 0.00011741
                time_check_in_c: 7.9966e-05
                time_add_parent: 0.000126115
                num_neighbors: 43763
                time_add_neighbors_to_o: 0.0241181
    num_new_collisions: 8
    timing_PIOW_new_collisions:
        total_PIOW: 0.00923368
        num_windows: 52
        time_check_overlap: 1.697e-06
        num_overlapping_windows: 1
        time_merge_windows: 0
        time_remove_window: 1.42694
        time_remove_window: 2.998e-06
        timing_PlanIn:
            total_PlanIn:0.0092189
            num_until_goal_expanded:156
            timing_expansions:
                total_S3Exp: 0.00920456
                time_top_o: 3.2835e-05
                time_check_in_c: 2.9909e-05
                time_add_parent: 4.2933e-05
                num_neighbors: 11817
                time_add_neighbors_to_o: 0.0085559
    num_windows_should_quit: 1
    time_should_quit: 1.2131e-05
    time_remove_window: 3.57e-07
Complete!
