Total time: 6.51274
is_optimal: false
optimality_bound: 1.0018
successive_bounds: [1.02157, 1.00503, 1.00216, 1.00216, 1.00216, 1.0018]
successive_runtimes: [0.0170505, 0.0375259, 0.0527475, 0.0572773, 0.118951, 6.51274]
num_agents: 40
time_individual_plan: 0.00968934
time_first_plan: 0.00684143
num_max_agents_in_window_first_iteration: 2
num_recWAMPF: 6
timing_recWAMPF:
    total_RecWAMPF: 6.50253
    num_windows: 126
    num_max_agents_in_window: 5
    timing_gari:
        total_GARI: 0.647234
        time_path_btw_starts: 0.00129392
        Stage1:
            total_Stage1:0.618434
            time_add_x_to_o: 0.0356169
            time_clear_x: 0.00583635
            timing_AStarSearchUntil:
                total_astar_search_until:0.576973
                num_values_f_less_fmax:6036
                ASU Exp:
                    total_ASUExp:0.57697
                    time_top_o:0.00441589
                    time_check_in_c:0.00551987
                    time_add_parent:0.0017771
                    num_neighbors:1280730
                    time_add_neighbors_to_o:0.558715
        Stage2:
            total_Stage2:0.00635515
            num_len_path:138
            time_expanding_s:0.000110561
            timing_AStarSearchUntil:
                total_astar_search_until:0.00620484
                num_values_f_less_fmax:259
                ASU Exp:
                    total_ASUExp:0.00620227
                    time_top_o:6.5149e-05
                    time_check_in_c:5.2823e-05
                    time_add_parent:7.7804e-05
                    num_neighbors:13111
                    time_add_neighbors_to_o:0.00567712
        Stage3:
            total_Stage3:0.02113
            num_until_goal_expanded:590
            timing_S3Exp:
                total_S3Exp: 0.0105091
                time_top_o: 0.000164521
                time_check_in_c: 8.5319e-05
                time_add_parent: 0.000184622
                num_neighbors: 18625
                time_add_neighbors_to_o: 0.00901975
    timing_PIOW_overlapping:
        total_PIOW: 5.84269
        num_windows: 709
        time_check_overlap: 2.0477e-05
        num_overlapping_windows: 3
        time_merge_windows: 6.888e-06
        time_remove_window: 1.329e-06
        time_remove_window: 6.665e-06
        timing_PlanIn:
            total_PlanIn:5.84264
            num_until_goal_expanded:1822
            timing_expansions:
                total_S3Exp: 5.84263
                time_top_o: 0.0012267
                time_check_in_c: 0.000566178
                time_add_parent: 0.000850226
                num_neighbors: 10494023
                time_add_neighbors_to_o: 5.57387
    num_new_collisions: 15
    timing_PIOW_new_collisions:
        total_PIOW: 0.00689245
        num_windows: 219
        time_check_overlap: 6.085e-06
        num_overlapping_windows: 3
        time_merge_windows: 0
        time_remove_window: 0.138543
        time_remove_window: 6.16e-06
        timing_PlanIn:
            total_PlanIn:0.00685904
            num_until_goal_expanded:567
            timing_expansions:
                total_S3Exp: 0.0068199
                time_top_o: 7.6822e-05
                time_check_in_c: 0.000101036
                time_add_parent: 0.000141997
                num_neighbors: 11999
                time_add_neighbors_to_o: 0.00554348
    num_windows_should_quit: 0
    time_should_quit: 7.012e-06
    time_remove_window: 0
Complete!
