Total time: 8.47984
is_optimal: false
optimality_bound: 1.00216
successive_bounds: [1.00378, 1.00324, 1.0027, 1.0027, 1.0027, 1.00216, 1.00216, 1.00216, 1.00216, 1.00216, 1.00216, 1.00216, 1.00216]
successive_runtimes: [0.00774879, 0.00854674, 0.01172, 0.0174284, 0.0224963, 0.110075, 0.26998, 0.522164, 0.821917, 1.15637, 1.64231, 2.6058, 8.47984]
num_agents: 30
time_individual_plan: 0.00629601
time_first_plan: 0.000933755
num_max_agents_in_window_first_iteration: 2
num_recWAMPF: 13
timing_recWAMPF:
    total_RecWAMPF: 8.47303
    num_windows: 92
    num_max_agents_in_window: 5
    timing_gari:
        total_GARI: 4.40671
        time_path_btw_starts: 0.00308098
        Stage1:
            total_Stage1:2.7203
            time_add_x_to_o: 0.743365
            time_clear_x: 0.333773
            timing_AStarSearchUntil:
                total_astar_search_until:1.64315
                num_values_f_less_fmax:17781
                ASU Exp:
                    total_ASUExp:1.64315
                    time_top_o:0.02361
                    time_check_in_c:0.00596386
                    time_add_parent:0.00489405
                    num_neighbors:3678121
                    time_add_neighbors_to_o:1.58755
        Stage2:
            total_Stage2:0.376437
            num_len_path:99
            time_expanding_s:8.6243e-05
            timing_AStarSearchUntil:
                total_astar_search_until:0.376305
                num_values_f_less_fmax:1852
                ASU Exp:
                    total_ASUExp:0.376303
                    time_top_o:0.00162759
                    time_check_in_c:0.00048234
                    time_add_parent:0.00100355
                    num_neighbors:729115
                    time_add_neighbors_to_o:0.369847
        Stage3:
            total_Stage3:1.30687
            num_until_goal_expanded:14055
            timing_S3Exp:
                total_S3Exp: 0.679772
                time_top_o: 0.0138196
                time_check_in_c: 0.00354425
                time_add_parent: 0.00690008
                num_neighbors: 1366012
                time_add_neighbors_to_o: 0.636253
    timing_PIOW_overlapping:
        total_PIOW: 0.0861451
        num_windows: 181
        time_check_overlap: 8.857e-06
        num_overlapping_windows: 3
        time_merge_windows: 3.22e-06
        time_remove_window: 6.82e-07
        time_remove_window: 3.068e-06
        timing_PlanIn:
            total_PlanIn:0.0861207
            num_until_goal_expanded:544
            timing_expansions:
                total_S3Exp: 0.0861146
                time_top_o: 0.000232668
                time_check_in_c: 0.000118421
                time_add_parent: 0.000183647
                num_neighbors: 169422
                time_add_neighbors_to_o: 0.0803563
    num_new_collisions: 7
    timing_PIOW_new_collisions:
        total_PIOW: 3.97729
        num_windows: 35
        time_check_overlap: 1.853e-06
        num_overlapping_windows: 1
        time_merge_windows: 0
        time_remove_window: 4.50384
        time_remove_window: 2.001e-06
        timing_PlanIn:
            total_PlanIn:3.97728
            num_until_goal_expanded:7897
            timing_expansions:
                total_S3Exp: 3.97726
                time_top_o: 0.0114245
                time_check_in_c: 0.00208082
                time_add_parent: 0.0046002
                num_neighbors: 6729735
                time_add_neighbors_to_o: 3.77169
    num_windows_should_quit: 0
    time_should_quit: 3.586e-06
    time_remove_window: 0
Complete!
