Total time: 0.662552
is_optimal: true
optimality_bound: 1
successive_bounds: [1.00345, 1.00345, 1.00296, 1.00296, 1.00296, 1.00296, 1.00296, 1.00197, 1.00148, 1.00148, 1.00148, 1.00099, 1.00099, 1.00099, 1.00099, 1.00099, 1.00099, 1.00099, 1.00099, 1.00099, 1.00099, 1.00099, 1, 1]
successive_runtimes: [0.00649134, 0.00748823, 0.00875648, 0.00973865, 0.0110065, 0.0122391, 0.0135029, 0.0207052, 0.0283459, 0.0340016, 0.0396137, 0.0452358, 0.0507451, 0.0567136, 0.063009, 0.0821249, 0.0911478, 0.100856, 0.110882, 0.122329, 0.265219, 0.445133, 0.662552]
num_agents: 30
time_individual_plan: 0.00488399
time_first_plan: 0.00107836
num_max_agents_in_window_first_iteration: 2
num_recWAMPF: 23
timing_recWAMPF:
    total_RecWAMPF: 0.657135
    num_windows: 219
    num_max_agents_in_window: 3
    timing_gari:
        total_GARI: 0.520873
        time_path_btw_starts: 0.000540096
        Stage1:
            total_Stage1:0.414516
            time_add_x_to_o: 0.121462
            time_clear_x: 0.0273808
            timing_AStarSearchUntil:
                total_astar_search_until:0.26566
                num_values_f_less_fmax:16288
                ASU Exp:
                    total_ASUExp:0.265654
                    time_top_o:0.0102201
                    time_check_in_c:0.0048941
                    time_add_parent:0.00368484
                    num_neighbors:484569
                    time_add_neighbors_to_o:0.231352
        Stage2:
            total_Stage2:0.014814
            num_len_path:228
            time_expanding_s:0.00012354
            timing_AStarSearchUntil:
                total_astar_search_until:0.0146188
                num_values_f_less_fmax:1148
                ASU Exp:
                    total_ASUExp:0.0146143
                    time_top_o:0.000309583
                    time_check_in_c:0.000222494
                    time_add_parent:0.000331997
                    num_neighbors:29383
                    time_add_neighbors_to_o:0.0125364
        Stage3:
            total_Stage3:0.0909617
            num_until_goal_expanded:2916
            timing_S3Exp:
                total_S3Exp: 0.0230312
                time_top_o: 0.000825675
                time_check_in_c: 0.000490711
                time_add_parent: 0.000846169
                num_neighbors: 40797
                time_add_neighbors_to_o: 0.0170481
    timing_PIOW_overlapping:
        total_PIOW: 0.130344
        num_windows: 528
        time_check_overlap: 1.9621e-05
        num_overlapping_windows: 1
        time_merge_windows: 2.293e-06
        time_remove_window: 3.58e-07
        time_remove_window: 2.242e-06
        timing_PlanIn:
            total_PlanIn:0.130306
            num_until_goal_expanded:2166
            timing_expansions:
                total_S3Exp: 0.130303
                time_top_o: 0.0013597
                time_check_in_c: 0.000433677
                time_add_parent: 0.000753795
                num_neighbors: 242988
                time_add_neighbors_to_o: 0.118508
    num_new_collisions: 5
    timing_PIOW_new_collisions:
        total_PIOW: 0.000462223
        num_windows: 20
        time_check_overlap: 6.36e-07
        num_overlapping_windows: 0
        time_merge_windows: 0
        time_remove_window: 0
        time_remove_window: 1.741e-06
        timing_PlanIn:
            total_PlanIn:0.000455404
            num_until_goal_expanded:59
            timing_expansions:
                total_S3Exp: 0.000446275
                time_top_o: 7.548e-06
                time_check_in_c: 9.541e-06
                time_add_parent: 1.5734e-05
                num_neighbors: 680
                time_add_neighbors_to_o: 0.000312211
    num_windows_should_quit: 0
    time_should_quit: 9.074e-06
    time_remove_window: 0
Complete!
