Total time: 9.67086
is_optimal: false
optimality_bound: 1.00104
successive_bounds: [1.00553, 1.00449, 1.00449, 1.00449, 1.00415, 1.00276, 1.00276, 1.00276, 1.00276, 1.00276, 1.00173, 1.00173, 1.00104, 1.00104, 1.00104, 1.00104, 1.00104, 1.00104, 1.00104, 1.00104, 1.00104]
successive_runtimes: [0.011791, 0.0139949, 0.0159428, 0.0179061, 0.020293, 0.373503, 0.447417, 0.473532, 0.500224, 0.526806, 3.74247, 6.27536, 6.67035, 7.04171, 7.40866, 7.77448, 8.14348, 8.5408, 8.91707, 9.29156, 9.67086]
num_agents: 40
time_individual_plan: 0.00743137
time_first_plan: 0.00382582
num_max_agents_in_window_first_iteration: 2
num_recWAMPF: 21
timing_recWAMPF:
    total_RecWAMPF: 9.66289
    num_windows: 360
    num_max_agents_in_window: 6
    timing_gari:
        total_GARI: 6.1102
        time_path_btw_starts: 0.00116691
        Stage1:
            total_Stage1:1.81966
            time_add_x_to_o: 1.51041
            time_clear_x: 0.298567
            timing_AStarSearchUntil:
                total_astar_search_until:0.0106567
                num_values_f_less_fmax:1390
                ASU Exp:
                    total_ASUExp:0.0106459
                    time_top_o:0.000472226
                    time_check_in_c:0.000484173
                    time_add_parent:0.000686576
                    num_neighbors:17896
                    time_add_neighbors_to_o:0.00798734
        Stage2:
            total_Stage2:0.183922
            num_len_path:361
            time_expanding_s:0.00301544
            timing_AStarSearchUntil:
                total_astar_search_until:0.180719
                num_values_f_less_fmax:4387
                ASU Exp:
                    total_ASUExp:0.180711
                    time_top_o:0.00143386
                    time_check_in_c:0.000889142
                    time_add_parent:0.00144166
                    num_neighbors:323464
                    time_add_neighbors_to_o:0.167584
        Stage3:
            total_Stage3:4.10537
            num_until_goal_expanded:1783
            timing_S3Exp:
                total_S3Exp: 0.424459
                time_top_o: 0.000547838
                time_check_in_c: 0.000300403
                time_add_parent: 0.000566357
                num_neighbors: 27575
                time_add_neighbors_to_o: 0.0128762
    timing_PIOW_overlapping:
        total_PIOW: 0.205299
        num_windows: 1600
        time_check_overlap: 6.931e-05
        num_overlapping_windows: 2
        time_merge_windows: 3.481e-06
        time_remove_window: 1.206e-06
        time_remove_window: 3.34e-06
        timing_PlanIn:
            total_PlanIn:0.205183
            num_until_goal_expanded:3194
            timing_expansions:
                total_S3Exp: 0.205162
                time_top_o: 0.00122133
                time_check_in_c: 0.000559489
                time_add_parent: 0.00111761
                num_neighbors: 337582
                time_add_neighbors_to_o: 0.189103
    num_new_collisions: 13
    timing_PIOW_new_collisions:
        total_PIOW: 3.3342
        num_windows: 160
        time_check_overlap: 6.802e-06
        num_overlapping_windows: 3
        time_merge_windows: 0
        time_remove_window: 1.33805
        time_remove_window: 6.509e-06
        timing_PlanIn:
            total_PlanIn:3.33416
            num_until_goal_expanded:7255
            timing_expansions:
                total_S3Exp: 3.33413
                time_top_o: 0.00362539
                time_check_in_c: 0.00162937
                time_add_parent: 0.00347066
                num_neighbors: 5107169
                time_add_neighbors_to_o: 3.18111
    num_windows_should_quit: 1
    time_should_quit: 1.9793e-05
    time_remove_window: 3.9e-07
Complete!
