Total time: 0.0262947
is_optimal: true
optimality_bound: 1
successive_bounds: [1.0018, 1.0018, 1.0018, 1.0009, 1.0009, 1.0009, 1.0009, 1.0009, 1.0009, 1.0009, 1.0009, 1, 1]
successive_runtimes: [0.00875535, 0.00926274, 0.00975993, 0.0155624, 0.0167924, 0.0180412, 0.0192699, 0.0208238, 0.0224031, 0.0235873, 0.0248452, 0.0262946]
num_agents: 30
time_individual_plan: 0.00752896
time_first_plan: 0.000680457
num_max_agents_in_window_first_iteration: 2
num_recWAMPF: 12
timing_recWAMPF:
    total_RecWAMPF: 0.0182176
    num_windows: 69
    num_max_agents_in_window: 3
    timing_gari:
        total_GARI: 0.00972156
        time_path_btw_starts: 0.000161538
        Stage1:
            total_Stage1:0.000652557
            time_add_x_to_o: 0.000586961
            time_clear_x: 5.8971e-05
            timing_AStarSearchUntil:
                total_astar_search_until:2.984e-06
                num_values_f_less_fmax:0
                ASU Exp:
                    total_ASUExp:1.42e-06
                    time_top_o:0
                    time_check_in_c:0
                    time_add_parent:0
                    num_neighbors:0
                    time_add_neighbors_to_o:0
        Stage2:
            total_Stage2:0.00119583
            num_len_path:59
            time_expanding_s:3.1894e-05
            timing_AStarSearchUntil:
                total_astar_search_until:0.00114535
                num_values_f_less_fmax:90
                ASU Exp:
                    total_ASUExp:0.00114386
                    time_top_o:2.1783e-05
                    time_check_in_c:1.8138e-05
                    time_add_parent:2.9789e-05
                    num_neighbors:2672
                    time_add_neighbors_to_o:0.00095872
        Stage3:
            total_Stage3:0.00769887
            num_until_goal_expanded:316
            timing_S3Exp:
                total_S3Exp: 0.00361782
                time_top_o: 7.0813e-05
                time_check_in_c: 4.2013e-05
                time_add_parent: 7.1915e-05
                num_neighbors: 5515
                time_add_neighbors_to_o: 0.00293988
    timing_PIOW_overlapping:
        total_PIOW: 6.089e-06
        num_windows: 99
        time_check_overlap: 3.269e-06
        num_overlapping_windows: 0
        time_merge_windows: 0
        time_remove_window: 0
        time_remove_window: 0
        timing_PlanIn:
            total_PlanIn:0
            num_until_goal_expanded:0
            timing_expansions:
                total_S3Exp: 0
                time_top_o: 0
                time_check_in_c: 0
                time_add_parent: 0
                num_neighbors: 0
                time_add_neighbors_to_o: 0
    num_new_collisions: 4
    timing_PIOW_new_collisions:
        total_PIOW: 0.00545024
        num_windows: 12
        time_check_overlap: 5.9e-07
        num_overlapping_windows: 1
        time_merge_windows: 0
        time_remove_window: 0.0102956
        time_remove_window: 1.267e-06
        timing_PlanIn:
            total_PlanIn:0.00544262
            num_until_goal_expanded:116
            timing_expansions:
                total_S3Exp: 0.00542573
                time_top_o: 2.9025e-05
                time_check_in_c: 2.0667e-05
                time_add_parent: 3.133e-05
                num_neighbors: 8278
                time_add_neighbors_to_o: 0.00495246
    num_windows_should_quit: 0
    time_should_quit: 2.115e-06
    time_remove_window: 0
Complete!
