Total time: 0.301109
is_optimal: true
optimality_bound: 1
successive_bounds: [1.0046, 1.00402, 1.00345, 1.00287, 1.0023, 1.00172, 1.00172, 1.00172, 1.00144, 1.00144, 1.00144, 1.00144, 1.00144, 1.00086, 1, 1]
successive_runtimes: [0.0114411, 0.0150592, 0.0189146, 0.047888, 0.096965, 0.127066, 0.138787, 0.15252, 0.169799, 0.187545, 0.206531, 0.225611, 0.247046, 0.26622, 0.301109]
num_agents: 50
time_individual_plan: 0.00605466
time_first_plan: 0.00487141
num_max_agents_in_window_first_iteration: 2
num_recWAMPF: 15
timing_recWAMPF:
    total_RecWAMPF: 0.294536
    num_windows: 233
    num_max_agents_in_window: 3
    timing_gari:
        total_GARI: 0.225609
        time_path_btw_starts: 0.000711894
        Stage1:
            total_Stage1:0.122864
            time_add_x_to_o: 0.0530497
            time_clear_x: 0.00863002
            timing_AStarSearchUntil:
                total_astar_search_until:0.061168
                num_values_f_less_fmax:16344
                ASU Exp:
                    total_ASUExp:0.0611617
                    time_top_o:0.0052188
                    time_check_in_c:0.00290056
                    time_add_parent:0.0016978
                    num_neighbors:112868
                    time_add_neighbors_to_o:0.0438423
        Stage2:
            total_Stage2:0.0095467
            num_len_path:236
            time_expanding_s:0.00041571
            timing_AStarSearchUntil:
                total_astar_search_until:0.00903644
                num_values_f_less_fmax:510
                ASU Exp:
                    total_ASUExp:0.00903147
                    time_top_o:0.00018038
                    time_check_in_c:0.000139299
                    time_add_parent:0.000237256
                    num_neighbors:17632
                    time_add_neighbors_to_o:0.0075591
        Stage3:
            total_Stage3:0.0920027
            num_until_goal_expanded:6173
            timing_S3Exp:
                total_S3Exp: 0.0285521
                time_top_o: 0.00162606
                time_check_in_c: 0.000972574
                time_add_parent: 0.00192943
                num_neighbors: 39821
                time_add_neighbors_to_o: 0.017023
    timing_PIOW_overlapping:
        total_PIOW: 0.0547441
        num_windows: 957
        time_check_overlap: 3.7355e-05
        num_overlapping_windows: 4
        time_merge_windows: 5.426e-06
        time_remove_window: 1.157e-06
        time_remove_window: 5.227e-06
        timing_PlanIn:
            total_PlanIn:0.054672
            num_until_goal_expanded:870
            timing_expansions:
                total_S3Exp: 0.0546638
                time_top_o: 0.000249484
                time_check_in_c: 0.000147973
                time_add_parent: 0.000236697
                num_neighbors: 103291
                time_add_neighbors_to_o: 0.050174
    num_new_collisions: 9
    timing_PIOW_new_collisions:
        total_PIOW: 0.00141705
        num_windows: 72
        time_check_overlap: 1.958e-06
        num_overlapping_windows: 0
        time_merge_windows: 0
        time_remove_window: 0
        time_remove_window: 4.557e-06
        timing_PlanIn:
            total_PlanIn:0.00140192
            num_until_goal_expanded:197
            timing_expansions:
                total_S3Exp: 0.00138656
                time_top_o: 3.6321e-05
                time_check_in_c: 3.3639e-05
                time_add_parent: 5.2251e-05
                num_neighbors: 1837
                time_add_neighbors_to_o: 0.000946601
    num_windows_should_quit: 0
    time_should_quit: 1.8367e-05
    time_remove_window: 0
Complete!
