Total time: 0.00385423
is_optimal: true
optimality_bound: 1
successive_bounds: [1.00297, 1.00297, 1.00297, 1.00297, 1.00297, 1.00297, 1.00297, 1.00297, 1.00297, 1.00297, 1.00297, 1.00297, 1.00297, 1.00297, 1, 1]
successive_runtimes: [0.00183249, 0.00196334, 0.00208235, 0.00220559, 0.00233238, 0.00247161, 0.00260504, 0.00274458, 0.00288726, 0.00298699, 0.00314051, 0.00323428, 0.00333782, 0.0034355, 0.00385421]
num_agents: 10
time_individual_plan: 0.00120872
time_first_plan: 0.00010924
num_max_agents_in_window_first_iteration: 2
num_recWAMPF: 15
timing_recWAMPF:
    total_RecWAMPF: 0.00212895
    num_windows: 29
    num_max_agents_in_window: 2
    timing_gari:
        total_GARI: 0.0017465
        time_path_btw_starts: 5.0697e-05
        Stage1:
            total_Stage1:0.000141832
            time_add_x_to_o: 0.00012438
            time_clear_x: 1.4651e-05
            timing_AStarSearchUntil:
                total_astar_search_until:1.287e-06
                num_values_f_less_fmax:0
                ASU Exp:
                    total_ASUExp:6.2e-07
                    time_top_o:0
                    time_check_in_c:0
                    time_add_parent:0
                    num_neighbors:0
                    time_add_neighbors_to_o:0
        Stage2:
            total_Stage2:0.000475298
            num_len_path:22
            time_expanding_s:1.3722e-05
            timing_AStarSearchUntil:
                total_astar_search_until:0.000454343
                num_values_f_less_fmax:38
                ASU Exp:
                    total_ASUExp:0.000453775
                    time_top_o:9.172e-06
                    time_check_in_c:7.193e-06
                    time_add_parent:1.3655e-05
                    num_neighbors:940
                    time_add_neighbors_to_o:0.000379405
        Stage3:
            total_Stage3:0.00107428
            num_until_goal_expanded:71
            timing_S3Exp:
                total_S3Exp: 0.000712863
                time_top_o: 1.3241e-05
                time_check_in_c: 9.726e-06
                time_add_parent: 1.4308e-05
                num_neighbors: 935
                time_add_neighbors_to_o: 0.000563253
    timing_PIOW_overlapping:
        total_PIOW: 3.07e-07
        num_windows: 14
        time_check_overlap: 0
        num_overlapping_windows: 0
        time_merge_windows: 0
        time_remove_window: 0
        time_remove_window: 0
        timing_PlanIn:
            total_PlanIn:0
            num_until_goal_expanded:0
            timing_expansions:
                total_S3Exp: 0
                time_top_o: 0
                time_check_in_c: 0
                time_add_parent: 0
                num_neighbors: 0
                time_add_neighbors_to_o: 0
    num_new_collisions: 1
    timing_PIOW_new_collisions:
        total_PIOW: 8.3761e-05
        num_windows: 0
        time_check_overlap: 0
        num_overlapping_windows: 0
        time_merge_windows: 0
        time_remove_window: 0
        time_remove_window: 3.05e-07
        timing_PlanIn:
            total_PlanIn:8.2119e-05
            num_until_goal_expanded:7
            timing_expansions:
                total_S3Exp: 7.8979e-05
                time_top_o: 1.459e-06
                time_check_in_c: 1.59e-06
                time_add_parent: 2.684e-06
                num_neighbors: 120
                time_add_neighbors_to_o: 5.9142e-05
    num_windows_should_quit: 0
    time_should_quit: 6.53e-07
    time_remove_window: 0
Complete!
