Total time: 0.0200508
is_optimal: true
optimality_bound: 1
successive_bounds: [1.00296, 1.00296, 1.00296, 1.00198, 1.00198, 1.00198, 1.00198, 1.00198, 1.00198, 1.00198, 1.00198, 1.00198, 1.00198, 1.00198, 1.00198, 1, 1]
successive_runtimes: [0.00571268, 0.00643572, 0.00713099, 0.00877753, 0.00936282, 0.0099887, 0.0106334, 0.0113843, 0.0122604, 0.0131005, 0.0140047, 0.0150031, 0.0161299, 0.0172382, 0.0184082, 0.0200508]
num_agents: 30
time_individual_plan: 0.00431553
time_first_plan: 0.000867572
num_max_agents_in_window_first_iteration: 2
num_recWAMPF: 16
timing_recWAMPF:
    total_RecWAMPF: 0.0152032
    num_windows: 93
    num_max_agents_in_window: 2
    timing_gari:
        total_GARI: 0.0105174
        time_path_btw_starts: 0.000216405
        Stage1:
            total_Stage1:0.00280824
            time_add_x_to_o: 0.00150444
            time_clear_x: 0.000170521
            timing_AStarSearchUntil:
                total_astar_search_until:0.00112868
                num_values_f_less_fmax:176
                ASU Exp:
                    total_ASUExp:0.00112656
                    time_top_o:4.4259e-05
                    time_check_in_c:3.4581e-05
                    time_add_parent:4.9941e-05
                    num_neighbors:2381
                    time_add_neighbors_to_o:0.000861665
        Stage2:
            total_Stage2:0.00412854
            num_len_path:96
            time_expanding_s:3.8263e-05
            timing_AStarSearchUntil:
                total_astar_search_until:0.00406765
                num_values_f_less_fmax:347
                ASU Exp:
                    total_ASUExp:0.00406577
                    time_top_o:7.9565e-05
                    time_check_in_c:9.4443e-05
                    time_add_parent:8.7539e-05
                    num_neighbors:8525
                    time_add_neighbors_to_o:0.0034249
        Stage3:
            total_Stage3:0.00335178
            num_until_goal_expanded:142
            timing_S3Exp:
                total_S3Exp: 0.00139194
                time_top_o: 2.5143e-05
                time_check_in_c: 1.5807e-05
                time_add_parent: 2.7134e-05
                num_neighbors: 1760
                time_add_neighbors_to_o: 0.00103455
    timing_PIOW_overlapping:
        total_PIOW: 8.064e-06
        num_windows: 135
        time_check_overlap: 4.477e-06
        num_overlapping_windows: 0
        time_merge_windows: 0
        time_remove_window: 0
        time_remove_window: 0
        timing_PlanIn:
            total_PlanIn:0
            num_until_goal_expanded:0
            timing_expansions:
                total_S3Exp: 0
                time_top_o: 0
                time_check_in_c: 0
                time_add_parent: 0
                num_neighbors: 0
                time_add_neighbors_to_o: 0
    num_new_collisions: 3
    timing_PIOW_new_collisions:
        total_PIOW: 0.000378392
        num_windows: 6
        time_check_overlap: 3.21e-07
        num_overlapping_windows: 0
        time_merge_windows: 0
        time_remove_window: 0
        time_remove_window: 9.53e-07
        timing_PlanIn:
            total_PlanIn:0.000366327
            num_until_goal_expanded:36
            timing_expansions:
                total_S3Exp: 0.000360176
                time_top_o: 6.303e-06
                time_check_in_c: 6.093e-06
                time_add_parent: 1.009e-05
                num_neighbors: 667
                time_add_neighbors_to_o: 0.000280607
    num_windows_should_quit: 0
    time_should_quit: 2.766e-06
    time_remove_window: 0
Complete!
