Total time: 1.59037
is_optimal: false
optimality_bound: 1.0022
successive_bounds: [1.00721, 1.00565, 1.00565, 1.00439, 1.00439, 1.00408, 1.00408, 1.00345, 1.00345, 1.00345, 1.00345, 1.00314, 1.00314, 1.00314, 1.00251, 1.00251, 1.0022, 1.0022, 1.0022]
successive_runtimes: [0.0188469, 0.0311237, 0.0401592, 0.0575452, 0.0855618, 0.109382, 0.137929, 0.179905, 0.203326, 0.217577, 0.238706, 0.273194, 0.30669, 0.343766, 0.375673, 0.404656, 0.433722, 0.980074, 1.59037]
num_agents: 50
time_individual_plan: 0.0134665
time_first_plan: 0.0048608
num_max_agents_in_window_first_iteration: 2
num_recWAMPF: 19
timing_recWAMPF:
    total_RecWAMPF: 1.57638
    num_windows: 298
    num_max_agents_in_window: 3
    timing_gari:
        total_GARI: 1.00289
        time_path_btw_starts: 0.00500358
        Stage1:
            total_Stage1:0.730615
            time_add_x_to_o: 0.165737
            time_clear_x: 0.0337601
            timing_AStarSearchUntil:
                total_astar_search_until:0.531098
                num_values_f_less_fmax:17626
                ASU Exp:
                    total_ASUExp:0.531089
                    time_top_o:0.018604
                    time_check_in_c:0.00673114
                    time_add_parent:0.00506187
                    num_neighbors:977217
                    time_add_neighbors_to_o:0.480974
        Stage2:
            total_Stage2:0.0205764
            num_len_path:244
            time_expanding_s:0.000138619
            timing_AStarSearchUntil:
                total_astar_search_until:0.0203145
                num_values_f_less_fmax:792
                ASU Exp:
                    total_ASUExp:0.0203087
                    time_top_o:0.000261453
                    time_check_in_c:0.000144716
                    time_add_parent:0.000241274
                    num_neighbors:46332
                    time_add_neighbors_to_o:0.0185994
        Stage3:
            total_Stage3:0.239506
            num_until_goal_expanded:1601
            timing_S3Exp:
                total_S3Exp: 0.019127
                time_top_o: 0.000446422
                time_check_in_c: 0.000287668
                time_add_parent: 0.000532572
                num_neighbors: 30276
                time_add_neighbors_to_o: 0.015274
    timing_PIOW_overlapping:
        total_PIOW: 0.555502
        num_windows: 1386
        time_check_overlap: 5.1993e-05
        num_overlapping_windows: 10
        time_merge_windows: 1.101e-05
        time_remove_window: 2.068e-06
        time_remove_window: 1.0536e-05
        timing_PlanIn:
            total_PlanIn:0.555392
            num_until_goal_expanded:9742
            timing_expansions:
                total_S3Exp: 0.555372
                time_top_o: 0.00886874
                time_check_in_c: 0.00227479
                time_add_parent: 0.00424306
                num_neighbors: 1012031
                time_add_neighbors_to_o: 0.501039
    num_new_collisions: 16
    timing_PIOW_new_collisions:
        total_PIOW: 0.00146468
        num_windows: 222
        time_check_overlap: 5.585e-06
        num_overlapping_windows: 0
        time_merge_windows: 0
        time_remove_window: 0
        time_remove_window: 4.213e-06
        timing_PlanIn:
            total_PlanIn:0.00143809
            num_until_goal_expanded:202
            timing_expansions:
                total_S3Exp: 0.00141302
                time_top_o: 2.3914e-05
                time_check_in_c: 3.2634e-05
                time_add_parent: 5.0302e-05
                num_neighbors: 2372
                time_add_neighbors_to_o: 0.0010274
    num_windows_should_quit: 0
    time_should_quit: 1.9952e-05
    time_remove_window: 0
Complete!
