Total time: 4.29241
is_optimal: false
optimality_bound: 1.00196
successive_bounds: [1.00489, 1.00367, 1.00318, 1.00318, 1.00318, 1.00245, 1.00245, 1.00245, 1.00245, 1.00245, 1.00245, 1.00245, 1.00245, 1.00245, 1.00245, 1.00196, 1.00196, 1.00196, 1.00196, 1.00196, 1.00196, 1.00196]
successive_runtimes: [0.0181606, 0.0236219, 0.029078, 0.0347488, 0.040305, 0.0484785, 0.0525297, 0.0554836, 0.0594695, 0.0629896, 0.0663943, 0.0697925, 0.0734035, 0.0770541, 0.0896369, 0.183224, 0.226242, 0.245591, 0.26502, 0.63869, 0.959846, 4.29241]
num_agents: 60
time_individual_plan: 0.0102235
time_first_plan: 0.00741759
num_max_agents_in_window_first_iteration: 2
num_recWAMPF: 22
timing_recWAMPF:
    total_RecWAMPF: 4.28166
    num_windows: 266
    num_max_agents_in_window: 4
    timing_gari:
        total_GARI: 0.621434
        time_path_btw_starts: 0.00344037
        Stage1:
            total_Stage1:0.225425
            time_add_x_to_o: 0.184611
            time_clear_x: 0.033601
            timing_AStarSearchUntil:
                total_astar_search_until:0.00719535
                num_values_f_less_fmax:2284
                ASU Exp:
                    total_ASUExp:0.00718769
                    time_top_o:0.000533469
                    time_check_in_c:0.000372411
                    time_add_parent:0.000222492
                    num_neighbors:14105
                    time_add_neighbors_to_o:0.00523869
        Stage2:
            total_Stage2:0.0676456
            num_len_path:234
            time_expanding_s:0.000773965
            timing_AStarSearchUntil:
                total_astar_search_until:0.0667757
                num_values_f_less_fmax:1269
                ASU Exp:
                    total_ASUExp:0.0667702
                    time_top_o:0.0004857
                    time_check_in_c:0.000275817
                    time_add_parent:0.00105621
                    num_neighbors:122921
                    time_add_neighbors_to_o:0.0620993
        Stage3:
            total_Stage3:0.324872
            num_until_goal_expanded:2566
            timing_S3Exp:
                total_S3Exp: 0.0717871
                time_top_o: 0.000617934
                time_check_in_c: 0.00036663
                time_add_parent: 0.000717682
                num_neighbors: 30095
                time_add_neighbors_to_o: 0.02169
    timing_PIOW_overlapping:
        total_PIOW: 0.384728
        num_windows: 1062
        time_check_overlap: 3.8763e-05
        num_overlapping_windows: 11
        time_merge_windows: 1.4271e-05
        time_remove_window: 2.629e-06
        time_remove_window: 1.3524e-05
        timing_PlanIn:
            total_PlanIn:0.384634
            num_until_goal_expanded:1841
            timing_expansions:
                total_S3Exp: 0.384612
                time_top_o: 0.000832085
                time_check_in_c: 0.000399529
                time_add_parent: 0.00069357
                num_neighbors: 604564
                time_add_neighbors_to_o: 0.364412
    num_new_collisions: 16
    timing_PIOW_new_collisions:
        total_PIOW: 3.24646
        num_windows: 182
        time_check_overlap: 5.963e-06
        num_overlapping_windows: 1
        time_merge_windows: 0
        time_remove_window: 1.04791
        time_remove_window: 7.276e-06
        timing_PlanIn:
            total_PlanIn:3.24641
            num_until_goal_expanded:10590
            timing_expansions:
                total_S3Exp: 3.24638
                time_top_o: 0.0121407
                time_check_in_c: 0.00353588
                time_add_parent: 0.00570648
                num_neighbors: 5208443
                time_add_neighbors_to_o: 3.07357
    num_windows_should_quit: 0
    time_should_quit: 1.311e-05
    time_remove_window: 0
Complete!
