Total time: 7.7896
is_optimal: false
optimality_bound: 1.00039
successive_bounds: [1.00548, 1.00117, 1.00117, 1.00117, 1.00117, 1.00117, 1.00117, 1.00039, 1.00039, 1.00039, 1.00039]
successive_runtimes: [0.00922713, 0.0131277, 0.0150961, 0.0161356, 0.0171754, 0.0182224, 0.0193723, 1.09951, 2.81558, 4.78689, 7.7896]
num_agents: 40
time_individual_plan: 0.00688302
time_first_plan: 0.00182829
num_max_agents_in_window_first_iteration: 2
num_recWAMPF: 11
timing_recWAMPF:
    total_RecWAMPF: 7.7822
    num_windows: 98
    num_max_agents_in_window: 4
    timing_gari:
        total_GARI: 6.69774
        time_path_btw_starts: 0.000187975
        Stage1:
            total_Stage1:4.53497
            time_add_x_to_o: 1.083
            time_clear_x: 0.54388
            timing_AStarSearchUntil:
                total_astar_search_until:2.90808
                num_values_f_less_fmax:18338
                ASU Exp:
                    total_ASUExp:2.90807
                    time_top_o:0.0279588
                    time_check_in_c:0.0215784
                    time_add_parent:0.00635535
                    num_neighbors:5318428
                    time_add_neighbors_to_o:2.81335
        Stage2:
            total_Stage2:0.0806486
            num_len_path:85
            time_expanding_s:4.5515e-05
            timing_AStarSearchUntil:
                total_astar_search_until:0.0805698
                num_values_f_less_fmax:355
                ASU Exp:
                    total_ASUExp:0.0805676
                    time_top_o:0.000233056
                    time_check_in_c:9.5105e-05
                    time_add_parent:0.000152052
                    num_neighbors:149027
                    time_add_neighbors_to_o:0.0794664
        Stage3:
            total_Stage3:2.08193
            num_until_goal_expanded:5998
            timing_S3Exp:
                total_S3Exp: 1.08142
                time_top_o: 0.00843318
                time_check_in_c: 0.00225305
                time_add_parent: 0.00338831
                num_neighbors: 1670472
                time_add_neighbors_to_o: 1.05387
    timing_PIOW_overlapping:
        total_PIOW: 0.208046
        num_windows: 227
        time_check_overlap: 9.431e-06
        num_overlapping_windows: 1
        time_merge_windows: 1.009e-06
        time_remove_window: 3.53e-07
        time_remove_window: 9.56e-07
        timing_PlanIn:
            total_PlanIn:0.208026
            num_until_goal_expanded:3966
            timing_expansions:
                total_S3Exp: 0.208024
                time_top_o: 0.00331529
                time_check_in_c: 0.000783011
                time_add_parent: 0.00150377
                num_neighbors: 419505
                time_add_neighbors_to_o: 0.18634
    num_new_collisions: 6
    timing_PIOW_new_collisions:
        total_PIOW: 0.871686
        num_windows: 30
        time_check_overlap: 1.702e-06
        num_overlapping_windows: 1
        time_merge_windows: 0
        time_remove_window: 0.228852
        time_remove_window: 1.799e-06
        timing_PlanIn:
            total_PlanIn:0.871672
            num_until_goal_expanded:3369
            timing_expansions:
                total_S3Exp: 0.87166
                time_top_o: 0.00224419
                time_check_in_c: 0.00091393
                time_add_parent: 0.00185476
                num_neighbors: 1498792
                time_add_neighbors_to_o: 0.82288
    num_windows_should_quit: 0
    time_should_quit: 4.258e-06
    time_remove_window: 0
Complete!
