Total time: 0.116878
is_optimal: false
optimality_bound: 1.00159
successive_bounds: [1.00238, 1.00238, 1.00238, 1.00238, 1.00238, 1.00238, 1.00238, 1.00238, 1.00238, 1.00238, 1.00159, 1.00159, 1.00159, 1.00159, 1.00159, 1.00159, 1.00159, 1.00159, 1.00159, 1.00159, 1.00159, 1.00159]
successive_runtimes: [0.00775458, 0.0175014, 0.0240486, 0.0299098, 0.0355333, 0.0416867, 0.0486659, 0.0550278, 0.0601123, 0.0642241, 0.079128, 0.0890304, 0.0924539, 0.0956274, 0.0980487, 0.100468, 0.102861, 0.105259, 0.107689, 0.11021, 0.112832, 0.116878]
num_agents: 40
time_individual_plan: 0.0055128
time_first_plan: 0.00169384
num_max_agents_in_window_first_iteration: 2
num_recWAMPF: 22
timing_recWAMPF:
    total_RecWAMPF: 0.110813
    num_windows: 49
    num_max_agents_in_window: 4
    timing_gari:
        total_GARI: 0.0805632
        time_path_btw_starts: 0.000108131
        Stage1:
            total_Stage1:0.0262892
            time_add_x_to_o: 0.0180219
            time_clear_x: 0.00243201
            timing_AStarSearchUntil:
                total_astar_search_until:0.00583201
                num_values_f_less_fmax:491
                ASU Exp:
                    total_ASUExp:0.00583057
                    time_top_o:0.000185076
                    time_check_in_c:0.000188918
                    time_add_parent:3.0299e-05
                    num_neighbors:12953
                    time_add_neighbors_to_o:0.00517162
        Stage2:
            total_Stage2:0.0061104
            num_len_path:29
            time_expanding_s:1.4846e-05
            timing_AStarSearchUntil:
                total_astar_search_until:0.00607981
                num_values_f_less_fmax:76
                ASU Exp:
                    total_ASUExp:0.00607874
                    time_top_o:2.8065e-05
                    time_check_in_c:1.4023e-05
                    time_add_parent:2.3772e-05
                    num_neighbors:15078
                    time_add_neighbors_to_o:0.00568827
        Stage3:
            total_Stage3:0.0480466
            num_until_goal_expanded:569
            timing_S3Exp:
                total_S3Exp: 0.0212517
                time_top_o: 0.000206648
                time_check_in_c: 9.7763e-05
                time_add_parent: 0.000274807
                num_neighbors: 40369
                time_add_neighbors_to_o: 0.0196891
    timing_PIOW_overlapping:
        total_PIOW: 0.00915747
        num_windows: 47
        time_check_overlap: 5.91e-07
        num_overlapping_windows: 5
        time_merge_windows: 4.949e-06
        time_remove_window: 8.49e-07
        time_remove_window: 4.727e-06
        timing_PlanIn:
            total_PlanIn:0.00914463
            num_until_goal_expanded:193
            timing_expansions:
                total_S3Exp: 0.00913588
                time_top_o: 4.607e-05
                time_check_in_c: 3.2897e-05
                time_add_parent: 5.1687e-05
                num_neighbors: 17485
                time_add_neighbors_to_o: 0.0082766
    num_new_collisions: 7
    timing_PIOW_new_collisions:
        total_PIOW: 0.0115193
        num_windows: 31
        time_check_overlap: 9.81e-07
        num_overlapping_windows: 1
        time_merge_windows: 0
        time_remove_window: 0.068442
        time_remove_window: 2.465e-06
        timing_PlanIn:
            total_PlanIn:0.0115064
            num_until_goal_expanded:121
            timing_expansions:
                total_S3Exp: 0.0114914
                time_top_o: 2.5452e-05
                time_check_in_c: 2.5674e-05
                time_add_parent: 3.4912e-05
                num_neighbors: 17600
                time_add_neighbors_to_o: 0.0107411
    num_windows_should_quit: 0
    time_should_quit: 2.496e-06
    time_remove_window: 0
Complete!
