Total time: 0.0388114
is_optimal: false
optimality_bound: 1.00114
successive_bounds: [1.00304, 1.00266, 1.00266, 1.0019, 1.00114, 1.00114, 1.00114, 1.00114, 1.00114, 1.00114, 1.00114, 1.00114, 1.00114, 1.00114]
successive_runtimes: [0.006345, 0.0074752, 0.00853825, 0.00956008, 0.0124255, 0.013718, 0.0148014, 0.0167308, 0.0181859, 0.0193894, 0.0204786, 0.0288164, 0.035492, 0.0388114]
num_agents: 40
time_individual_plan: 0.00431632
time_first_plan: 0.00151263
num_max_agents_in_window_first_iteration: 2
num_recWAMPF: 14
timing_recWAMPF:
    total_RecWAMPF: 0.0339765
    num_windows: 156
    num_max_agents_in_window: 3
    timing_gari:
        total_GARI: 0.0198423
        time_path_btw_starts: 0.000364241
        Stage1:
            total_Stage1:0.00543695
            time_add_x_to_o: 0.00463977
            time_clear_x: 0.000527717
            timing_AStarSearchUntil:
                total_astar_search_until:0.000261503
                num_values_f_less_fmax:212
                ASU Exp:
                    total_ASUExp:0.000258167
                    time_top_o:4.7258e-05
                    time_check_in_c:2.0815e-05
                    time_add_parent:5.22e-06
                    num_neighbors:410
                    time_add_neighbors_to_o:0.000134074
        Stage2:
            total_Stage2:0.00492631
            num_len_path:158
            time_expanding_s:7.1313e-05
            timing_AStarSearchUntil:
                total_astar_search_until:0.00481722
                num_values_f_less_fmax:359
                ASU Exp:
                    total_ASUExp:0.00481406
                    time_top_o:9.9875e-05
                    time_check_in_c:6.9531e-05
                    time_add_parent:0.000120349
                    num_neighbors:9865
                    time_add_neighbors_to_o:0.00407591
        Stage3:
            total_Stage3:0.00909429
            num_until_goal_expanded:530
            timing_S3Exp:
                total_S3Exp: 0.00524348
                time_top_o: 0.000113087
                time_check_in_c: 8.0921e-05
                time_add_parent: 0.000133088
                num_neighbors: 7871
                time_add_neighbors_to_o: 0.00374037
    timing_PIOW_overlapping:
        total_PIOW: 0.00733378
        num_windows: 442
        time_check_overlap: 1.3538e-05
        num_overlapping_windows: 1
        time_merge_windows: 1.127e-06
        time_remove_window: 1.47e-07
        time_remove_window: 1.076e-06
        timing_PlanIn:
            total_PlanIn:0.00730695
            num_until_goal_expanded:216
            timing_expansions:
                total_S3Exp: 0.00730497
                time_top_o: 5.1854e-05
                time_check_in_c: 3.5902e-05
                time_add_parent: 5.8631e-05
                num_neighbors: 12048
                time_add_neighbors_to_o: 0.00653049
    num_new_collisions: 6
    timing_PIOW_new_collisions:
        total_PIOW: 0.000481094
        num_windows: 30
        time_check_overlap: 1.202e-06
        num_overlapping_windows: 0
        time_merge_windows: 0
        time_remove_window: 0
        time_remove_window: 3.608e-06
        timing_PlanIn:
            total_PlanIn:0.00047048
            num_until_goal_expanded:49
            timing_expansions:
                total_S3Exp: 0.000458234
                time_top_o: 6.993e-06
                time_check_in_c: 8.259e-06
                time_add_parent: 1.375e-05
                num_neighbors: 684
                time_add_neighbors_to_o: 0.000339642
    num_windows_should_quit: 0
    time_should_quit: 4.576e-06
    time_remove_window: 0
Complete!
