Total time: 0.00797823
is_optimal: true
optimality_bound: 1
successive_bounds: [1.00143, 1.00143, 1.00143, 1.00143, 1.00143, 1.00143, 1.00143, 1.00143, 1.00143, 1.00143, 1.00143, 1.00143, 1.00143, 1.00143, 1.00143, 1, 1]
successive_runtimes: [0.00402337, 0.004281, 0.00452597, 0.00476567, 0.00500088, 0.00524175, 0.0054823, 0.0057601, 0.00599384, 0.00623485, 0.00647402, 0.00674252, 0.00703953, 0.00735834, 0.00766937, 0.0079782]
num_agents: 20
time_individual_plan: 0.00328004
time_first_plan: 0.000225784
num_max_agents_in_window_first_iteration: 2
num_recWAMPF: 16
timing_recWAMPF:
    total_RecWAMPF: 0.00417834
    num_windows: 31
    num_max_agents_in_window: 2
    timing_gari:
        total_GARI: 0.00256628
        time_path_btw_starts: 5.3766e-05
        Stage1:
            total_Stage1:0.000957564
            time_add_x_to_o: 0.000555374
            time_clear_x: 7.9505e-05
            timing_AStarSearchUntil:
                total_astar_search_until:0.000321123
                num_values_f_less_fmax:167
                ASU Exp:
                    total_ASUExp:0.000320337
                    time_top_o:3.606e-05
                    time_check_in_c:1.925e-05
                    time_add_parent:8.991e-06
                    num_neighbors:606
                    time_add_neighbors_to_o:0.000202032
        Stage2:
            total_Stage2:0.000510869
            num_len_path:30
            time_expanding_s:1.0128e-05
            timing_AStarSearchUntil:
                total_astar_search_until:0.000492847
                num_values_f_less_fmax:45
                ASU Exp:
                    total_ASUExp:0.000492199
                    time_top_o:9.195e-06
                    time_check_in_c:1.107e-05
                    time_add_parent:1.4707e-05
                    num_neighbors:1190
                    time_add_neighbors_to_o:0.000411994
        Stage3:
            total_Stage3:0.0010391
            num_until_goal_expanded:158
            timing_S3Exp:
                total_S3Exp: 0.000713165
                time_top_o: 2.9762e-05
                time_check_in_c: 2.1266e-05
                time_add_parent: 4.4267e-05
                num_neighbors: 1409
                time_add_neighbors_to_o: 0.000432145
    timing_PIOW_overlapping:
        total_PIOW: 3.13e-07
        num_windows: 15
        time_check_overlap: 0
        num_overlapping_windows: 0
        time_merge_windows: 0
        time_remove_window: 0
        time_remove_window: 0
        timing_PlanIn:
            total_PlanIn:0
            num_until_goal_expanded:0
            timing_expansions:
                total_S3Exp: 0
                time_top_o: 0
                time_check_in_c: 0
                time_add_parent: 0
                num_neighbors: 0
                time_add_neighbors_to_o: 0
    num_new_collisions: 1
    timing_PIOW_new_collisions:
        total_PIOW: 0.000116097
        num_windows: 0
        time_check_overlap: 0
        num_overlapping_windows: 0
        time_merge_windows: 0
        time_remove_window: 0
        time_remove_window: 3.32e-07
        timing_PlanIn:
            total_PlanIn:0.000114537
            num_until_goal_expanded:13
            timing_expansions:
                total_S3Exp: 0.000111525
                time_top_o: 2.189e-06
                time_check_in_c: 2.912e-06
                time_add_parent: 4.073e-06
                num_neighbors: 143
                time_add_neighbors_to_o: 6.5519e-05
    num_windows_should_quit: 0
    time_should_quit: 8.65e-07
    time_remove_window: 0
Complete!
