Total time: 0.300099
is_optimal: false
optimality_bound: 1.00433
successive_bounds: [1.00765, 1.00663, 1.00612, 1.00561, 1.00561, 1.00484, 1.00484, 1.00484, 1.00484, 1.00484, 1.00484, 1.00484, 1.00484, 1.00484, 1.00484, 1.00484, 1.00484, 1.00484, 1.00433, 1.00433]
successive_runtimes: [0.0156475, 0.0221051, 0.0279799, 0.034782, 0.0427271, 0.0532759, 0.0653125, 0.0701328, 0.073155, 0.0761582, 0.0791177, 0.0819172, 0.0850154, 0.08815, 0.0913292, 0.0945385, 0.097813, 0.104423, 0.10848, 0.300099]
num_agents: 60
time_individual_plan: 0.0068566
time_first_plan: 0.00821596
num_max_agents_in_window_first_iteration: 2
num_recWAMPF: 20
timing_recWAMPF:
    total_RecWAMPF: 0.292664
    num_windows: 250
    num_max_agents_in_window: 5
    timing_gari:
        total_GARI: 0.0626706
        time_path_btw_starts: 0.000713655
        Stage1:
            total_Stage1:0.0210187
            time_add_x_to_o: 0.0112446
            time_clear_x: 0.00141238
            timing_AStarSearchUntil:
                total_astar_search_until:0.00834921
                num_values_f_less_fmax:588
                ASU Exp:
                    total_ASUExp:0.00834329
                    time_top_o:0.000186395
                    time_check_in_c:8.39e-05
                    time_add_parent:0.000194076
                    num_neighbors:17922
                    time_add_neighbors_to_o:0.00719718
        Stage2:
            total_Stage2:0.00611198
            num_len_path:175
            time_expanding_s:0.000192476
            timing_AStarSearchUntil:
                total_astar_search_until:0.00585104
                num_values_f_less_fmax:239
                ASU Exp:
                    total_ASUExp:0.00584618
                    time_top_o:6.7154e-05
                    time_check_in_c:5.0154e-05
                    time_add_parent:8.238e-05
                    num_neighbors:13677
                    time_add_neighbors_to_o:0.00531571
        Stage3:
            total_Stage3:0.0345036
            num_until_goal_expanded:1416
            timing_S3Exp:
                total_S3Exp: 0.0223266
                time_top_o: 0.000340368
                time_check_in_c: 0.000197465
                time_add_parent: 0.00035709
                num_neighbors: 39705
                time_add_neighbors_to_o: 0.0193366
    timing_PIOW_overlapping:
        total_PIOW: 0.082252
        num_windows: 1028
        time_check_overlap: 3.4115e-05
        num_overlapping_windows: 14
        time_merge_windows: 1.3885e-05
        time_remove_window: 2.969e-06
        time_remove_window: 1.3226e-05
        timing_PlanIn:
            total_PlanIn:0.0821607
            num_until_goal_expanded:1241
            timing_expansions:
                total_S3Exp: 0.0821344
                time_top_o: 0.000421634
                time_check_in_c: 0.000272619
                time_add_parent: 0.000394453
                num_neighbors: 130161
                time_add_neighbors_to_o: 0.0755959
    num_new_collisions: 19
    timing_PIOW_new_collisions:
        total_PIOW: 0.122493
        num_windows: 298
        time_check_overlap: 8.255e-06
        num_overlapping_windows: 1
        time_merge_windows: 0
        time_remove_window: 0.179783
        time_remove_window: 1.1051e-05
        timing_PlanIn:
            total_PlanIn:0.122448
            num_until_goal_expanded:1051
            timing_expansions:
                total_S3Exp: 0.122415
                time_top_o: 0.000466612
                time_check_in_c: 0.000205177
                time_add_parent: 0.000400898
                num_neighbors: 169219
                time_add_neighbors_to_o: 0.115102
    num_windows_should_quit: 0
    time_should_quit: 1.0157e-05
    time_remove_window: 0
Complete!
