Total time: 0.0152895
is_optimal: true
optimality_bound: 1
successive_bounds: [1.00116, 1.00116, 1.00116, 1.00116, 1.00116, 1.00116, 1.00116, 1.00116, 1.00116, 1.00116, 1.00116, 1.00116, 1.00116, 1.00116, 1.00116, 1.00116, 1.00116, 1.00116, 1, 1]
successive_runtimes: [0.00424581, 0.00486049, 0.00542449, 0.00595668, 0.00648475, 0.00700952, 0.00753208, 0.00805514, 0.0086396, 0.00916159, 0.00971254, 0.0102982, 0.0109223, 0.0115767, 0.0123313, 0.0130036, 0.0136684, 0.014341, 0.0152895]
num_agents: 30
time_individual_plan: 0.00313593
time_first_plan: 0.000594075
num_max_agents_in_window_first_iteration: 2
num_recWAMPF: 19
timing_recWAMPF:
    total_RecWAMPF: 0.0116347
    num_windows: 74
    num_max_agents_in_window: 2
    timing_gari:
        total_GARI: 0.00736995
        time_path_btw_starts: 0.000162617
        Stage1:
            total_Stage1:0.00278097
            time_add_x_to_o: 0.00134693
            time_clear_x: 0.000222131
            timing_AStarSearchUntil:
                total_astar_search_until:0.00120816
                num_values_f_less_fmax:599
                ASU Exp:
                    total_ASUExp:0.00120646
                    time_top_o:0.000129812
                    time_check_in_c:9.2583e-05
                    time_add_parent:3.744e-05
                    num_neighbors:1935
                    time_add_neighbors_to_o:0.000741834
        Stage2:
            total_Stage2:0.00124692
            num_len_path:72
            time_expanding_s:2.9702e-05
            timing_AStarSearchUntil:
                total_astar_search_until:0.00119845
                num_values_f_less_fmax:90
                ASU Exp:
                    total_ASUExp:0.00119691
                    time_top_o:4.6905e-05
                    time_check_in_c:2.3121e-05
                    time_add_parent:3.2605e-05
                    num_neighbors:2490
                    time_add_neighbors_to_o:0.000996836
        Stage3:
            total_Stage3:0.00316934
            num_until_goal_expanded:411
            timing_S3Exp:
                total_S3Exp: 0.00203819
                time_top_o: 8.1756e-05
                time_check_in_c: 5.3889e-05
                time_add_parent: 0.000109542
                num_neighbors: 3248
                time_add_neighbors_to_o: 0.00129412
    timing_PIOW_overlapping:
        total_PIOW: 4.539e-06
        num_windows: 72
        time_check_overlap: 2.039e-06
        num_overlapping_windows: 0
        time_merge_windows: 0
        time_remove_window: 0
        time_remove_window: 0
        timing_PlanIn:
            total_PlanIn:0
            num_until_goal_expanded:0
            timing_expansions:
                total_S3Exp: 0
                time_top_o: 0
                time_check_in_c: 0
                time_add_parent: 0
                num_neighbors: 0
                time_add_neighbors_to_o: 0
    num_new_collisions: 2
    timing_PIOW_new_collisions:
        total_PIOW: 0.000232739
        num_windows: 2
        time_check_overlap: 1.04e-07
        num_overlapping_windows: 0
        time_merge_windows: 0
        time_remove_window: 0
        time_remove_window: 6.32e-07
        timing_PlanIn:
            total_PlanIn:0.000229935
            num_until_goal_expanded:30
            timing_expansions:
                total_S3Exp: 0.00022502
                time_top_o: 4.112e-06
                time_check_in_c: 5.678e-06
                time_add_parent: 8.566e-06
                num_neighbors: 318
                time_add_neighbors_to_o: 0.000156142
    num_windows_should_quit: 0
    time_should_quit: 1.546e-06
    time_remove_window: 0
Complete!
