Total time: 8.77948
is_optimal: false
optimality_bound: 1.00236
successive_bounds: [1.00512, 1.00512, 1.00473, 1.00315, 1.00315, 1.00315, 1.00315, 1.00315, 1.00236, 1.00236, 1.00236, 1.00236, 1.00236, 1.00236, 1.00236, 1.00236, 1.00236, 1.00236, 1.00236, 1.00236, 1.00236]
successive_runtimes: [0.00709005, 0.0092608, 0.0124583, 0.015414, 0.0176412, 0.0193819, 0.148465, 0.352886, 0.523445, 0.677346, 1.18466, 2.03199, 2.88987, 3.38628, 4.19221, 5.15514, 6.2366, 7.16258, 7.87732, 8.37392, 8.77948]
num_agents: 40
time_individual_plan: 0.00428229
time_first_plan: 0.00223104
num_max_agents_in_window_first_iteration: 2
num_recWAMPF: 21
timing_recWAMPF:
    total_RecWAMPF: 8.77462
    num_windows: 260
    num_max_agents_in_window: 4
    timing_gari:
        total_GARI: 8.63595
        time_path_btw_starts: 0.111991
        Stage1:
            total_Stage1:5.0346
            time_add_x_to_o: 1.6937
            time_clear_x: 0.664239
            timing_AStarSearchUntil:
                total_astar_search_until:2.67664
                num_values_f_less_fmax:18767
                ASU Exp:
                    total_ASUExp:2.67663
                    time_top_o:0.0273433
                    time_check_in_c:0.053242
                    time_add_parent:0.0188488
                    num_neighbors:4487544
                    time_add_neighbors_to_o:2.50862
        Stage2:
            total_Stage2:0.0621726
            num_len_path:249
            time_expanding_s:0.000169132
            timing_AStarSearchUntil:
                total_astar_search_until:0.0618769
                num_values_f_less_fmax:767
                ASU Exp:
                    total_ASUExp:0.061871
                    time_top_o:0.000267525
                    time_check_in_c:0.00109891
                    time_add_parent:0.000825313
                    num_neighbors:117696
                    time_add_neighbors_to_o:0.0561925
        Stage3:
            total_Stage3:3.42712
            num_until_goal_expanded:3101
            timing_S3Exp:
                total_S3Exp: 0.457896
                time_top_o: 0.00325486
                time_check_in_c: 0.000973372
                time_add_parent: 0.00166855
                num_neighbors: 817474
                time_add_neighbors_to_o: 0.439043
    timing_PIOW_overlapping:
        total_PIOW: 0.128695
        num_windows: 818
        time_check_overlap: 3.4358e-05
        num_overlapping_windows: 2
        time_merge_windows: 2.067e-06
        time_remove_window: 6.79e-07
        time_remove_window: 1.969e-06
        timing_PlanIn:
            total_PlanIn:0.128632
            num_until_goal_expanded:313
            timing_expansions:
                total_S3Exp: 0.128628
                time_top_o: 0.000161914
                time_check_in_c: 7.3033e-05
                time_add_parent: 0.00011217
                num_neighbors: 242805
                time_add_neighbors_to_o: 0.121638
    num_new_collisions: 8
    timing_PIOW_new_collisions:
        total_PIOW: 0.000912326
        num_windows: 56
        time_check_overlap: 1.572e-06
        num_overlapping_windows: 0
        time_merge_windows: 0
        time_remove_window: 0
        time_remove_window: 3.764e-06
        timing_PlanIn:
            total_PlanIn:0.000900041
            num_until_goal_expanded:111
            timing_expansions:
                total_S3Exp: 0.000886162
                time_top_o: 1.3531e-05
                time_check_in_c: 1.9773e-05
                time_add_parent: 2.9772e-05
                num_neighbors: 1291
                time_add_neighbors_to_o: 0.000653539
    num_windows_should_quit: 0
    time_should_quit: 1.547e-05
    time_remove_window: 0
Complete!
