Total time: 0.0102866
is_optimal: true
optimality_bound: 1
successive_bounds: [1.00166, 1.00166, 1.00166, 1.00166, 1.00166, 1.00166, 1.00166, 1, 1]
successive_runtimes: [0.00482313, 0.00514304, 0.00547467, 0.00583056, 0.00627696, 0.00695695, 0.00795813, 0.0102865]
num_agents: 20
time_individual_plan: 0.00400113
time_first_plan: 0.000247513
num_max_agents_in_window_first_iteration: 2
num_recWAMPF: 8
timing_recWAMPF:
    total_RecWAMPF: 0.00570953
    num_windows: 15
    num_max_agents_in_window: 2
    timing_gari:
        total_GARI: 0.00468742
        time_path_btw_starts: 2.9879e-05
        Stage1:
            total_Stage1:0.00295551
            time_add_x_to_o: 0.000559079
            time_clear_x: 0.000117556
            timing_AStarSearchUntil:
                total_astar_search_until:0.00227799
                num_values_f_less_fmax:477
                ASU Exp:
                    total_ASUExp:0.00227763
                    time_top_o:0.000113245
                    time_check_in_c:7.126e-05
                    time_add_parent:8.4041e-05
                    num_neighbors:4097
                    time_add_neighbors_to_o:0.00167264
        Stage2:
            total_Stage2:0.000483625
            num_len_path:15
            time_expanding_s:4.988e-06
            timing_AStarSearchUntil:
                total_astar_search_until:0.000474616
                num_values_f_less_fmax:37
                ASU Exp:
                    total_ASUExp:0.000474309
                    time_top_o:8.179e-06
                    time_check_in_c:6.192e-06
                    time_add_parent:8.214e-06
                    num_neighbors:1043
                    time_add_neighbors_to_o:0.000416188
        Stage3:
            total_Stage3:0.00121613
            num_until_goal_expanded:209
            timing_S3Exp:
                total_S3Exp: 0.000894719
                time_top_o: 4.0194e-05
                time_check_in_c: 3.1298e-05
                time_add_parent: 5.8269e-05
                num_neighbors: 1698
                time_add_neighbors_to_o: 0.000581097
    timing_PIOW_overlapping:
        total_PIOW: 1.67e-07
        num_windows: 7
        time_check_overlap: 0
        num_overlapping_windows: 0
        time_merge_windows: 0
        time_remove_window: 0
        time_remove_window: 0
        timing_PlanIn:
            total_PlanIn:0
            num_until_goal_expanded:0
            timing_expansions:
                total_S3Exp: 0
                time_top_o: 0
                time_check_in_c: 0
                time_add_parent: 0
                num_neighbors: 0
                time_add_neighbors_to_o: 0
    num_new_collisions: 1
    timing_PIOW_new_collisions:
        total_PIOW: 0.000107951
        num_windows: 0
        time_check_overlap: 0
        num_overlapping_windows: 0
        time_merge_windows: 0
        time_remove_window: 0
        time_remove_window: 3.22e-07
        timing_PlanIn:
            total_PlanIn:0.000106526
            num_until_goal_expanded:15
            timing_expansions:
                total_S3Exp: 0.000103601
                time_top_o: 2.188e-06
                time_check_in_c: 3.378e-06
                time_add_parent: 4.997e-06
                num_neighbors: 133
                time_add_neighbors_to_o: 6.4176e-05
    num_windows_should_quit: 0
    time_should_quit: 3.66e-07
    time_remove_window: 0
Complete!
