Total time: 0.640298
is_optimal: true
optimality_bound: 1
successive_bounds: [1.00351, 1.00351, 1.00351, 1.00351, 1.00351, 1.00251, 1.00251, 1.00251, 1.00251, 1.00251, 1.00251, 1.00251, 1.00201, 1.001, 1.001, 1.001, 1.001, 1.001, 1.001, 1.001, 1.001, 1.001, 1.001, 1, 1]
successive_runtimes: [0.00489038, 0.00581038, 0.00660741, 0.00741884, 0.00826652, 0.0109638, 0.0244936, 0.0615359, 0.10021, 0.132054, 0.156628, 0.18209, 0.211355, 0.240073, 0.269615, 0.305142, 0.348353, 0.386872, 0.423922, 0.462434, 0.503022, 0.54568, 0.591, 0.640298]
num_agents: 30
time_individual_plan: 0.00339413
time_first_plan: 0.0009781
num_max_agents_in_window_first_iteration: 2
num_recWAMPF: 24
timing_recWAMPF:
    total_RecWAMPF: 0.636381
    num_windows: 134
    num_max_agents_in_window: 3
    timing_gari:
        total_GARI: 0.617796
        time_path_btw_starts: 0.000569863
        Stage1:
            total_Stage1:0.326008
            time_add_x_to_o: 0.131736
            time_clear_x: 0.0322087
            timing_AStarSearchUntil:
                total_astar_search_until:0.162051
                num_values_f_less_fmax:8691
                ASU Exp:
                    total_ASUExp:0.162046
                    time_top_o:0.00580186
                    time_check_in_c:0.00189442
                    time_add_parent:0.00327783
                    num_neighbors:363706
                    time_add_neighbors_to_o:0.145352
        Stage2:
            total_Stage2:0.03213
            num_len_path:131
            time_expanding_s:7.7039e-05
            timing_AStarSearchUntil:
                total_astar_search_until:0.0319858
                num_values_f_less_fmax:530
                ASU Exp:
                    total_ASUExp:0.031983
                    time_top_o:0.000210136
                    time_check_in_c:0.000101333
                    time_add_parent:0.000165274
                    num_neighbors:75599
                    time_add_neighbors_to_o:0.0307246
        Stage3:
            total_Stage3:0.259056
            num_until_goal_expanded:2579
            timing_S3Exp:
                total_S3Exp: 0.0478575
                time_top_o: 0.0011154
                time_check_in_c: 0.00044787
                time_add_parent: 0.00128604
                num_neighbors: 76248
                time_add_neighbors_to_o: 0.0399079
    timing_PIOW_overlapping:
        total_PIOW: 0.0121712
        num_windows: 204
        time_check_overlap: 9.263e-06
        num_overlapping_windows: 2
        time_merge_windows: 3.42e-06
        time_remove_window: 3.72e-07
        time_remove_window: 3.317e-06
        timing_PlanIn:
            total_PlanIn:0.0121486
            num_until_goal_expanded:231
            timing_expansions:
                total_S3Exp: 0.0121443
                time_top_o: 5.4098e-05
                time_check_in_c: 4.2588e-05
                time_add_parent: 6.1062e-05
                num_neighbors: 19621
                time_add_neighbors_to_o: 0.0111458
    num_new_collisions: 4
    timing_PIOW_new_collisions:
        total_PIOW: 0.000409754
        num_windows: 12
        time_check_overlap: 4.07e-07
        num_overlapping_windows: 0
        time_merge_windows: 0
        time_remove_window: 0
        time_remove_window: 1.043e-06
        timing_PlanIn:
            total_PlanIn:0.000404117
            num_until_goal_expanded:51
            timing_expansions:
                total_S3Exp: 0.000394752
                time_top_o: 7.033e-06
                time_check_in_c: 9.077e-06
                time_add_parent: 1.4087e-05
                num_neighbors: 578
                time_add_neighbors_to_o: 0.000279846
    num_windows_should_quit: 0
    time_should_quit: 8.679e-06
    time_remove_window: 0
Complete!
