Total time: 0.0458474
is_optimal: true
optimality_bound: 1
successive_bounds: [1.00143, 1.00143, 1.00143, 1.00143, 1.00143, 1.00143, 1.00143, 1.00143, 1.00143, 1.00143, 1.00143, 1.00143, 1.00143, 1.00143, 1.00143, 1.00143, 1.00143, 1.00143, 1.00143, 1.00143, 1, 1]
successive_runtimes: [0.00569176, 0.00604952, 0.00642039, 0.00681312, 0.00735661, 0.00794468, 0.0084067, 0.0088709, 0.0093392, 0.00989107, 0.010901, 0.0119707, 0.0148212, 0.0194889, 0.0241763, 0.0289082, 0.0336098, 0.037662, 0.0407867, 0.043547, 0.0458473]
num_agents: 20
time_individual_plan: 0.00490035
time_first_plan: 0.000274233
num_max_agents_in_window_first_iteration: 2
num_recWAMPF: 21
timing_recWAMPF:
    total_RecWAMPF: 0.0404268
    num_windows: 41
    num_max_agents_in_window: 2
    timing_gari:
        total_GARI: 0.0379678
        time_path_btw_starts: 8.0271e-05
        Stage1:
            total_Stage1:0.026078
            time_add_x_to_o: 0.00774029
            time_clear_x: 0.00100276
            timing_AStarSearchUntil:
                total_astar_search_until:0.0173322
                num_values_f_less_fmax:3318
                ASU Exp:
                    total_ASUExp:0.017331
                    time_top_o:0.000995754
                    time_check_in_c:0.000524209
                    time_add_parent:0.000596325
                    num_neighbors:37540
                    time_add_neighbors_to_o:0.0131855
        Stage2:
            total_Stage2:0.00480926
            num_len_path:44
            time_expanding_s:1.5949e-05
            timing_AStarSearchUntil:
                total_astar_search_until:0.00478112
                num_values_f_less_fmax:422
                ASU Exp:
                    total_ASUExp:0.0047802
                    time_top_o:0.000108224
                    time_check_in_c:9.1575e-05
                    time_add_parent:0.000117847
                    num_neighbors:10045
                    time_add_neighbors_to_o:0.00404506
        Stage3:
            total_Stage3:0.0069934
            num_until_goal_expanded:495
            timing_S3Exp:
                total_S3Exp: 0.00230758
                time_top_o: 0.000118481
                time_check_in_c: 6.8721e-05
                time_add_parent: 0.000137194
                num_neighbors: 4678
                time_add_neighbors_to_o: 0.00148438
    timing_PIOW_overlapping:
        total_PIOW: 5.05e-07
        num_windows: 20
        time_check_overlap: 0
        num_overlapping_windows: 0
        time_merge_windows: 0
        time_remove_window: 0
        time_remove_window: 0
        timing_PlanIn:
            total_PlanIn:0
            num_until_goal_expanded:0
            timing_expansions:
                total_S3Exp: 0
                time_top_o: 0
                time_check_in_c: 0
                time_add_parent: 0
                num_neighbors: 0
                time_add_neighbors_to_o: 0
    num_new_collisions: 1
    timing_PIOW_new_collisions:
        total_PIOW: 0.000138289
        num_windows: 0
        time_check_overlap: 0
        num_overlapping_windows: 0
        time_merge_windows: 0
        time_remove_window: 0
        time_remove_window: 3.55e-07
        timing_PlanIn:
            total_PlanIn:0.000136796
            num_until_goal_expanded:15
            timing_expansions:
                total_S3Exp: 0.000133673
                time_top_o: 2.283e-06
                time_check_in_c: 2.832e-06
                time_add_parent: 4.545e-06
                num_neighbors: 172
                time_add_neighbors_to_o: 7.5042e-05
    num_windows_should_quit: 0
    time_should_quit: 1.128e-06
    time_remove_window: 0
Complete!
