Total time: 0.0132397
is_optimal: true
optimality_bound: 1
successive_bounds: [1.00368, 1.00368, 1.00368, 1.00368, 1.00368, 1.00368, 1.00368, 1.00368, 1.00368, 1.00368, 1.00368, 1.00368, 1.00368, 1.00368, 1.00368, 1.00368, 1, 1]
successive_runtimes: [0.00177207, 0.00211974, 0.0024201, 0.00274078, 0.00309424, 0.0034758, 0.00392043, 0.0045521, 0.00519034, 0.00586398, 0.00658668, 0.00744474, 0.00840109, 0.00943356, 0.0104663, 0.0117266, 0.0132397]
num_agents: 10
time_individual_plan: 0.000893193
time_first_plan: 0.000312648
num_max_agents_in_window_first_iteration: 2
num_recWAMPF: 17
timing_recWAMPF:
    total_RecWAMPF: 0.0117777
    num_windows: 33
    num_max_agents_in_window: 2
    timing_gari:
        total_GARI: 0.0110993
        time_path_btw_starts: 6.7808e-05
        Stage1:
            total_Stage1:0.00631149
            time_add_x_to_o: 0.00242141
            time_clear_x: 0.00037901
            timing_AStarSearchUntil:
                total_astar_search_until:0.00350924
                num_values_f_less_fmax:1459
                ASU Exp:
                    total_ASUExp:0.0035085
                    time_top_o:0.000343369
                    time_check_in_c:0.000249429
                    time_add_parent:0.00016374
                    num_neighbors:5805
                    time_add_neighbors_to_o:0.00214856
        Stage2:
            total_Stage2:0.000644436
            num_len_path:32
            time_expanding_s:1.1106e-05
            timing_AStarSearchUntil:
                total_astar_search_until:0.000624171
                num_values_f_less_fmax:48
                ASU Exp:
                    total_ASUExp:0.000623465
                    time_top_o:1.0954e-05
                    time_check_in_c:1.0381e-05
                    time_add_parent:1.166e-05
                    num_neighbors:1422
                    time_add_neighbors_to_o:0.000543414
        Stage3:
            total_Stage3:0.00404427
            num_until_goal_expanded:625
            timing_S3Exp:
                total_S3Exp: 0.00292242
                time_top_o: 0.000138351
                time_check_in_c: 8.6859e-05
                time_add_parent: 0.000173754
                num_neighbors: 5451
                time_add_neighbors_to_o: 0.00196082
    timing_PIOW_overlapping:
        total_PIOW: 4e-07
        num_windows: 16
        time_check_overlap: 0
        num_overlapping_windows: 0
        time_merge_windows: 0
        time_remove_window: 0
        time_remove_window: 0
        timing_PlanIn:
            total_PlanIn:0
            num_until_goal_expanded:0
            timing_expansions:
                total_S3Exp: 0
                time_top_o: 0
                time_check_in_c: 0
                time_add_parent: 0
                num_neighbors: 0
                time_add_neighbors_to_o: 0
    num_new_collisions: 1
    timing_PIOW_new_collisions:
        total_PIOW: 0.00027581
        num_windows: 0
        time_check_overlap: 0
        num_overlapping_windows: 0
        time_merge_windows: 0
        time_remove_window: 0
        time_remove_window: 3.76e-07
        timing_PlanIn:
            total_PlanIn:0.000274155
            num_until_goal_expanded:34
            timing_expansions:
                total_S3Exp: 0.000270464
                time_top_o: 4.467e-06
                time_check_in_c: 7.252e-06
                time_add_parent: 9.154e-06
                num_neighbors: 260
                time_add_neighbors_to_o: 0.00016372
    num_windows_should_quit: 0
    time_should_quit: 8.18e-07
    time_remove_window: 0
Complete!
