Total time: 7.46886
is_optimal: false
optimality_bound: 1.00217
successive_bounds: [1.00326, 1.00326, 1.00326, 1.00217, 1.00217, 1.00217, 1.00217]
successive_runtimes: [0.0068813, 0.0207737, 0.0599696, 0.382068, 1.30546, 3.43526, 7.46886]
num_agents: 30
time_individual_plan: 0.00391261
time_first_plan: 0.0023779
num_max_agents_in_window_first_iteration: 3
num_recWAMPF: 7
timing_recWAMPF:
    total_RecWAMPF: 7.46435
    num_windows: 29
    num_max_agents_in_window: 4
    timing_gari:
        total_GARI: 7.43989
        time_path_btw_starts: 7.7699e-05
        Stage1:
            total_Stage1:5.17171
            time_add_x_to_o: 0.588227
            time_clear_x: 0.334508
            timing_AStarSearchUntil:
                total_astar_search_until:4.24897
                num_values_f_less_fmax:44319
                ASU Exp:
                    total_ASUExp:4.24897
                    time_top_o:0.0628714
                    time_check_in_c:0.0248547
                    time_add_parent:0.0139476
                    num_neighbors:8748771
                    time_add_neighbors_to_o:4.07079
        Stage2:
            total_Stage2:0.027845
            num_len_path:26
            time_expanding_s:2.1105e-05
            timing_AStarSearchUntil:
                total_astar_search_until:0.0278074
                num_values_f_less_fmax:95
                ASU Exp:
                    total_ASUExp:0.0278068
                    time_top_o:5.6483e-05
                    time_check_in_c:2.3768e-05
                    time_add_parent:3.7605e-05
                    num_neighbors:61454
                    time_add_neighbors_to_o:0.0275206
        Stage3:
            total_Stage3:2.24025
            num_until_goal_expanded:29032
            timing_S3Exp:
                total_S3Exp: 1.97011
                time_top_o: 0.0215553
                time_check_in_c: 0.00974782
                time_add_parent: 0.0176349
                num_neighbors: 4169329
                time_add_neighbors_to_o: 1.87741
    timing_PIOW_overlapping:
        total_PIOW: 0.0205571
        num_windows: 32
        time_check_overlap: 1.469e-06
        num_overlapping_windows: 1
        time_merge_windows: 1.374e-06
        time_remove_window: 2.93e-07
        time_remove_window: 1.318e-06
        timing_PlanIn:
            total_PlanIn:0.020551
            num_until_goal_expanded:138
            timing_expansions:
                total_S3Exp: 0.0205485
                time_top_o: 3.8375e-05
                time_check_in_c: 3.3077e-05
                time_add_parent: 4.0473e-05
                num_neighbors: 42625
                time_add_neighbors_to_o: 0.019086
    num_new_collisions: 4
    timing_PIOW_new_collisions:
        total_PIOW: 0.00191491
        num_windows: 7
        time_check_overlap: 5.08e-07
        num_overlapping_windows: 1
        time_merge_windows: 0
        time_remove_window: 0.00478116
        time_remove_window: 1.06e-06
        timing_PlanIn:
            total_PlanIn:0.00190849
            num_until_goal_expanded:99
            timing_expansions:
                total_S3Exp: 0.00190016
                time_top_o: 1.3885e-05
                time_check_in_c: 1.6982e-05
                time_add_parent: 2.5731e-05
                num_neighbors: 3717
                time_add_neighbors_to_o: 0.00160436
    num_windows_should_quit: 0
    time_should_quit: 1.342e-06
    time_remove_window: 0
Complete!
