Total time: 0.0278123
is_optimal: false
optimality_bound: 1.00175
successive_bounds: [1.00408, 1.00292, 1.00292, 1.00292, 1.00175, 1.00175, 1.00175, 1.00175]
successive_runtimes: [0.0105383, 0.0130317, 0.0153288, 0.0176307, 0.0200787, 0.0227625, 0.0252887, 0.0278123]
num_agents: 30
time_individual_plan: 0.00397275
time_first_plan: 0.00603561
num_max_agents_in_window_first_iteration: 3
num_recWAMPF: 8
timing_recWAMPF:
    total_RecWAMPF: 0.023308
    num_windows: 90
    num_max_agents_in_window: 3
    timing_gari:
        total_GARI: 0.0157474
        time_path_btw_starts: 0.00021134
        Stage1:
            total_Stage1:0.00525566
            time_add_x_to_o: 0.00282641
            time_clear_x: 0.000342425
            timing_AStarSearchUntil:
                total_astar_search_until:0.00208207
                num_values_f_less_fmax:175
                ASU Exp:
                    total_ASUExp:0.0020799
                    time_top_o:4.4206e-05
                    time_check_in_c:3.5009e-05
                    time_add_parent:2.3565e-05
                    num_neighbors:4505
                    time_add_neighbors_to_o:0.00183995
        Stage2:
            total_Stage2:0.00219046
            num_len_path:90
            time_expanding_s:5.3749e-05
            timing_AStarSearchUntil:
                total_astar_search_until:0.00211343
                num_values_f_less_fmax:119
                ASU Exp:
                    total_ASUExp:0.00211163
                    time_top_o:2.832e-05
                    time_check_in_c:2.3681e-05
                    time_add_parent:3.4664e-05
                    num_neighbors:5004
                    time_add_neighbors_to_o:0.00187488
        Stage3:
            total_Stage3:0.00807744
            num_until_goal_expanded:848
            timing_S3Exp:
                total_S3Exp: 0.00424205
                time_top_o: 0.000176216
                time_check_in_c: 9.6882e-05
                time_add_parent: 0.000177182
                num_neighbors: 7237
                time_add_neighbors_to_o: 0.00304366
    timing_PIOW_overlapping:
        total_PIOW: 1.3999e-05
        num_windows: 252
        time_check_overlap: 7.824e-06
        num_overlapping_windows: 0
        time_merge_windows: 0
        time_remove_window: 0
        time_remove_window: 0
        timing_PlanIn:
            total_PlanIn:0
            num_until_goal_expanded:0
            timing_expansions:
                total_S3Exp: 0
                time_top_o: 0
                time_check_in_c: 0
                time_add_parent: 0
                num_neighbors: 0
                time_add_neighbors_to_o: 0
    num_new_collisions: 7
    timing_PIOW_new_collisions:
        total_PIOW: 0.00522545
        num_windows: 40
        time_check_overlap: 1.447e-06
        num_overlapping_windows: 1
        time_merge_windows: 0
        time_remove_window: 0.00513696
        time_remove_window: 2.751e-06
        timing_PlanIn:
            total_PlanIn:0.00521272
            num_until_goal_expanded:191
            timing_expansions:
                total_S3Exp: 0.00519764
                time_top_o: 3.5883e-05
                time_check_in_c: 3.3428e-05
                time_add_parent: 5.0164e-05
                num_neighbors: 8707
                time_add_neighbors_to_o: 0.00456702
    num_windows_should_quit: 0
    time_should_quit: 3.01e-06
    time_remove_window: 0
Complete!
