Total time: 6.53837
is_optimal: false
optimality_bound: 1.00662
successive_bounds: [1.01221, 1.0117, 1.00814, 1.00789, 1.00738, 1.00662]
successive_runtimes: [0.0316837, 0.0585856, 0.0988107, 0.341453, 0.595699, 6.53837]
num_agents: 60
time_individual_plan: 0.00862587
time_first_plan: 0.0225361
num_max_agents_in_window_first_iteration: 3
num_recWAMPF: 6
timing_recWAMPF:
    total_RecWAMPF: 6.52922
    num_windows: 151
    num_max_agents_in_window: 5
    timing_gari:
        total_GARI: 0.663599
        time_path_btw_starts: 0.000401824
        Stage1:
            total_Stage1:0.417708
            time_add_x_to_o: 0.11208
            time_clear_x: 0.0233767
            timing_AStarSearchUntil:
                total_astar_search_until:0.282243
                num_values_f_less_fmax:2674
                ASU Exp:
                    total_ASUExp:0.282239
                    time_top_o:0.002239
                    time_check_in_c:0.00956275
                    time_add_parent:0.000854681
                    num_neighbors:541062
                    time_add_neighbors_to_o:0.264766
        Stage2:
            total_Stage2:0.0574268
            num_len_path:126
            time_expanding_s:7.5524e-05
            timing_AStarSearchUntil:
                total_astar_search_until:0.0572877
                num_values_f_less_fmax:409
                ASU Exp:
                    total_ASUExp:0.057285
                    time_top_o:0.000191709
                    time_check_in_c:8.4274e-05
                    time_add_parent:0.000137601
                    num_neighbors:115970
                    time_add_neighbors_to_o:0.0562358
        Stage3:
            total_Stage3:0.187541
            num_until_goal_expanded:1678
            timing_S3Exp:
                total_S3Exp: 0.0735655
                time_top_o: 0.000829874
                time_check_in_c: 0.000295802
                time_add_parent: 0.000532195
                num_neighbors: 155459
                time_add_neighbors_to_o: 0.0685025
    timing_PIOW_overlapping:
        total_PIOW: 5.8361
        num_windows: 1247
        time_check_overlap: 3.5949e-05
        num_overlapping_windows: 17
        time_merge_windows: 2.0697e-05
        time_remove_window: 3.618e-06
        time_remove_window: 1.9866e-05
        timing_PlanIn:
            total_PlanIn:5.83599
            num_until_goal_expanded:8255
            timing_expansions:
                total_S3Exp: 5.83595
                time_top_o: 0.0105225
                time_check_in_c: 0.0025735
                time_add_parent: 0.00444489
                num_neighbors: 10210636
                time_add_neighbors_to_o: 5.54316
    num_new_collisions: 28
    timing_PIOW_new_collisions:
        total_PIOW: 0.0143793
        num_windows: 645
        time_check_overlap: 1.6236e-05
        num_overlapping_windows: 3
        time_merge_windows: 0
        time_remove_window: 0.0543862
        time_remove_window: 1.5675e-05
        timing_PlanIn:
            total_PlanIn:0.0143021
            num_until_goal_expanded:522
            timing_expansions:
                total_S3Exp: 0.0142526
                time_top_o: 8.1477e-05
                time_check_in_c: 9.0343e-05
                time_add_parent: 0.000141192
                num_neighbors: 27901
                time_add_neighbors_to_o: 0.0125344
    num_windows_should_quit: 0
    time_should_quit: 1.1317e-05
    time_remove_window: 0
Complete!
