Total time: 1.68686
is_optimal: false
optimality_bound: 1.00233
successive_bounds: [1.00512, 1.00512, 1.00512, 1.00419, 1.00419, 1.00419, 1.00419, 1.00419, 1.00419, 1.00326, 1.00326, 1.00233, 1.00233, 1.00233, 1.00233]
successive_runtimes: [0.00691478, 0.00816509, 0.00945427, 0.0108824, 0.0123176, 0.0145599, 0.0166276, 0.0185154, 0.0273582, 0.0340442, 0.0396528, 0.349723, 0.745118, 1.23811, 1.68686]
num_agents: 30
time_individual_plan: 0.00505176
time_first_plan: 0.00133493
num_max_agents_in_window_first_iteration: 2
num_recWAMPF: 15
timing_recWAMPF:
    total_RecWAMPF: 1.68128
    num_windows: 188
    num_max_agents_in_window: 3
    timing_gari:
        total_GARI: 1.37059
        time_path_btw_starts: 0.00122867
        Stage1:
            total_Stage1:0.990742
            time_add_x_to_o: 0.313113
            time_clear_x: 0.129529
            timing_AStarSearchUntil:
                total_astar_search_until:0.548088
                num_values_f_less_fmax:27940
                ASU Exp:
                    total_ASUExp:0.548082
                    time_top_o:0.0280025
                    time_check_in_c:0.00911747
                    time_add_parent:0.00761335
                    num_neighbors:995553
                    time_add_neighbors_to_o:0.468729
        Stage2:
            total_Stage2:0.0087204
            num_len_path:193
            time_expanding_s:0.000107736
            timing_AStarSearchUntil:
                total_astar_search_until:0.00855017
                num_values_f_less_fmax:598
                ASU Exp:
                    total_ASUExp:0.00854602
                    time_top_o:0.000183446
                    time_check_in_c:0.00013204
                    time_add_parent:0.000188775
                    num_neighbors:17036
                    time_add_neighbors_to_o:0.00733163
        Stage3:
            total_Stage3:0.369864
            num_until_goal_expanded:5713
            timing_S3Exp:
                total_S3Exp: 0.170936
                time_top_o: 0.00333055
                time_check_in_c: 0.000949688
                time_add_parent: 0.00197334
                num_neighbors: 258717
                time_add_neighbors_to_o: 0.13943
    timing_PIOW_overlapping:
        total_PIOW: 0.305921
        num_windows: 616
        time_check_overlap: 2.5109e-05
        num_overlapping_windows: 2
        time_merge_windows: 4.281e-06
        time_remove_window: 1.101e-06
        time_remove_window: 4.154e-06
        timing_PlanIn:
            total_PlanIn:0.305869
            num_until_goal_expanded:5607
            timing_expansions:
                total_S3Exp: 0.305864
                time_top_o: 0.00371154
                time_check_in_c: 0.00118757
                time_add_parent: 0.0020842
                num_neighbors: 597644
                time_add_neighbors_to_o: 0.275593
    num_new_collisions: 7
    timing_PIOW_new_collisions:
        total_PIOW: 0.000697377
        num_windows: 42
        time_check_overlap: 1.423e-06
        num_overlapping_windows: 0
        time_merge_windows: 0
        time_remove_window: 0
        time_remove_window: 2.691e-06
        timing_PlanIn:
            total_PlanIn:0.000686421
            num_until_goal_expanded:71
            timing_expansions:
                total_S3Exp: 0.000675008
                time_top_o: 9.339e-06
                time_check_in_c: 1.2247e-05
                time_add_parent: 1.9117e-05
                num_neighbors: 1033
                time_add_neighbors_to_o: 0.000526435
    num_windows_should_quit: 0
    time_should_quit: 2.3058e-05
    time_remove_window: 0
Complete!
