Total time: 0.040734
is_optimal: true
optimality_bound: 1
successive_bounds: [1.00133, 1.00133, 1.00133, 1.00133, 1.00133, 1.00133, 1.00133, 1.00133, 1.00133, 1.00133, 1.00133, 1.00133, 1.00133, 1.00133, 1.00133, 1.00133, 1.00133, 1.00133, 1.00133, 1, 1]
successive_runtimes: [0.00338666, 0.00389127, 0.00437025, 0.0048653, 0.00543403, 0.00595888, 0.0064862, 0.00699261, 0.00754337, 0.00804525, 0.012347, 0.0192549, 0.0246429, 0.0274643, 0.0295816, 0.0316488, 0.0338266, 0.0359883, 0.0382585, 0.0407339]
num_agents: 20
time_individual_plan: 0.00257241
time_first_plan: 0.000299552
num_max_agents_in_window_first_iteration: 2
num_recWAMPF: 20
timing_recWAMPF:
    total_RecWAMPF: 0.0376437
    num_windows: 39
    num_max_agents_in_window: 2
    timing_gari:
        total_GARI: 0.0353791
        time_path_btw_starts: 0.000110291
        Stage1:
            total_Stage1:0.0205511
            time_add_x_to_o: 0.00804682
            time_clear_x: 0.00150206
            timing_AStarSearchUntil:
                total_astar_search_until:0.0109997
                num_values_f_less_fmax:3335
                ASU Exp:
                    total_ASUExp:0.0109987
                    time_top_o:0.000948887
                    time_check_in_c:0.000647183
                    time_add_parent:0.000234389
                    num_neighbors:22140
                    time_add_neighbors_to_o:0.00801776
        Stage2:
            total_Stage2:0.00703232
            num_len_path:49
            time_expanding_s:1.7294e-05
            timing_AStarSearchUntil:
                total_astar_search_until:0.00700338
                num_values_f_less_fmax:517
                ASU Exp:
                    total_ASUExp:0.00700255
                    time_top_o:0.000145254
                    time_check_in_c:9.6337e-05
                    time_add_parent:0.000127719
                    num_neighbors:15348
                    time_add_neighbors_to_o:0.00614789
        Stage3:
            total_Stage3:0.00767836
            num_until_goal_expanded:720
            timing_S3Exp:
                total_S3Exp: 0.00310743
                time_top_o: 0.00016699
                time_check_in_c: 0.000102975
                time_add_parent: 0.000231078
                num_neighbors: 5413
                time_add_neighbors_to_o: 0.00190539
    timing_PIOW_overlapping:
        total_PIOW: 5.1e-07
        num_windows: 19
        time_check_overlap: 0
        num_overlapping_windows: 0
        time_merge_windows: 0
        time_remove_window: 0
        time_remove_window: 0
        timing_PlanIn:
            total_PlanIn:0
            num_until_goal_expanded:0
            timing_expansions:
                total_S3Exp: 0
                time_top_o: 0
                time_check_in_c: 0
                time_add_parent: 0
                num_neighbors: 0
                time_add_neighbors_to_o: 0
    num_new_collisions: 1
    timing_PIOW_new_collisions:
        total_PIOW: 0.000150435
        num_windows: 0
        time_check_overlap: 0
        num_overlapping_windows: 0
        time_merge_windows: 0
        time_remove_window: 0
        time_remove_window: 3.22e-07
        timing_PlanIn:
            total_PlanIn:0.000148885
            num_until_goal_expanded:24
            timing_expansions:
                total_S3Exp: 0.000145359
                time_top_o: 3.379e-06
                time_check_in_c: 5.078e-06
                time_add_parent: 7.256e-06
                num_neighbors: 198
                time_add_neighbors_to_o: 9.2193e-05
    num_windows_should_quit: 0
    time_should_quit: 9.71e-07
    time_remove_window: 0
Complete!
