Total time: 0.00818678
is_optimal: true
optimality_bound: 1
successive_bounds: [1.00174, 1.00174, 1.00174, 1.00174, 1.00174, 1.00174, 1.00174, 1.00174, 1.00174, 1.00174, 1.00174, 1.00174, 1.00174, 1, 1]
successive_runtimes: [0.0038107, 0.00414255, 0.0043934, 0.00476148, 0.00502338, 0.00528532, 0.0055185, 0.00575475, 0.00601114, 0.0062912, 0.00672844, 0.00711623, 0.00784903, 0.00818675]
num_agents: 20
time_individual_plan: 0.00300893
time_first_plan: 0.000290672
num_max_agents_in_window_first_iteration: 2
num_recWAMPF: 14
timing_recWAMPF:
    total_RecWAMPF: 0.00466425
    num_windows: 54
    num_max_agents_in_window: 2
    timing_gari:
        total_GARI: 0.00328298
        time_path_btw_starts: 0.000162231
        Stage1:
            total_Stage1:0.000544615
            time_add_x_to_o: 0.000452433
            time_clear_x: 4.1146e-05
            timing_AStarSearchUntil:
                total_astar_search_until:4.7955e-05
                num_values_f_less_fmax:3
                ASU Exp:
                    total_ASUExp:4.6662e-05
                    time_top_o:1.013e-06
                    time_check_in_c:1.074e-06
                    time_add_parent:1.234e-06
                    num_neighbors:70
                    time_add_neighbors_to_o:3.5514e-05
        Stage2:
            total_Stage2:0.000769084
            num_len_path:47
            time_expanding_s:2.4304e-05
            timing_AStarSearchUntil:
                total_astar_search_until:0.000716858
                num_values_f_less_fmax:50
                ASU Exp:
                    total_ASUExp:0.000715664
                    time_top_o:2.5818e-05
                    time_check_in_c:9.274e-06
                    time_add_parent:3.281e-05
                    num_neighbors:1294
                    time_add_neighbors_to_o:0.000561874
        Stage3:
            total_Stage3:0.00179898
            num_until_goal_expanded:132
            timing_S3Exp:
                total_S3Exp: 0.00125836
                time_top_o: 2.7053e-05
                time_check_in_c: 1.8622e-05
                time_add_parent: 4.6371e-05
                num_neighbors: 1717
                time_add_neighbors_to_o: 0.000953841
    timing_PIOW_overlapping:
        total_PIOW: 3.129e-06
        num_windows: 52
        time_check_overlap: 1.411e-06
        num_overlapping_windows: 0
        time_merge_windows: 0
        time_remove_window: 0
        time_remove_window: 0
        timing_PlanIn:
            total_PlanIn:0
            num_until_goal_expanded:0
            timing_expansions:
                total_S3Exp: 0
                time_top_o: 0
                time_check_in_c: 0
                time_add_parent: 0
                num_neighbors: 0
                time_add_neighbors_to_o: 0
    num_new_collisions: 2
    timing_PIOW_new_collisions:
        total_PIOW: 0.000186555
        num_windows: 2
        time_check_overlap: 1.67e-07
        num_overlapping_windows: 0
        time_merge_windows: 0
        time_remove_window: 0
        time_remove_window: 7.03e-07
        timing_PlanIn:
            total_PlanIn:0.000183358
            num_until_goal_expanded:16
            timing_expansions:
                total_S3Exp: 0.000178741
                time_top_o: 2.611e-06
                time_check_in_c: 3.062e-06
                time_add_parent: 4.86e-06
                num_neighbors: 286
                time_add_neighbors_to_o: 0.000140814
    num_windows_should_quit: 0
    time_should_quit: 1.753e-06
    time_remove_window: 0
Complete!
