Total time: 0.0331614
is_optimal: true
optimality_bound: 1
successive_bounds: [1.00155, 1.00155, 1.00155, 1.00155, 1.00155, 1.00155, 1.00155, 1.00155, 1.00155, 1.00155, 1.00155, 1.00155, 1.00155, 1.00155, 1.00155, 1.00155, 1.00155, 1.00155, 1.00155, 1, 1]
successive_runtimes: [0.00453342, 0.00475336, 0.00497939, 0.00519304, 0.005503, 0.00573083, 0.00597427, 0.0065696, 0.00688559, 0.0086356, 0.00931875, 0.00993831, 0.0105374, 0.0112894, 0.0121482, 0.0131723, 0.0141335, 0.0151439, 0.0312731, 0.0331613]
num_agents: 20
time_individual_plan: 0.00375931
time_first_plan: 0.000257973
num_max_agents_in_window_first_iteration: 2
num_recWAMPF: 20
timing_recWAMPF:
    total_RecWAMPF: 0.0288829
    num_windows: 39
    num_max_agents_in_window: 2
    timing_gari:
        total_GARI: 0.0268356
        time_path_btw_starts: 8.7374e-05
        Stage1:
            total_Stage1:0.00476068
            time_add_x_to_o: 0.00152205
            time_clear_x: 0.000165417
            timing_AStarSearchUntil:
                total_astar_search_until:0.00307089
                num_values_f_less_fmax:474
                ASU Exp:
                    total_ASUExp:0.0030699
                    time_top_o:0.000128891
                    time_check_in_c:7.8411e-05
                    time_add_parent:9.8908e-05
                    num_neighbors:7246
                    time_add_neighbors_to_o:0.00241107
        Stage2:
            total_Stage2:0.00159844
            num_len_path:40
            time_expanding_s:1.3945e-05
            timing_AStarSearchUntil:
                total_astar_search_until:0.0015735
                num_values_f_less_fmax:139
                ASU Exp:
                    total_ASUExp:0.00157264
                    time_top_o:3.3028e-05
                    time_check_in_c:2.3792e-05
                    time_add_parent:3.4492e-05
                    num_neighbors:3343
                    time_add_neighbors_to_o:0.00134391
        Stage3:
            total_Stage3:0.0203833
            num_until_goal_expanded:1743
            timing_S3Exp:
                total_S3Exp: 0.0176075
                time_top_o: 0.000565094
                time_check_in_c: 0.000313505
                time_add_parent: 0.000444703
                num_neighbors: 35630
                time_add_neighbors_to_o: 0.0145034
    timing_PIOW_overlapping:
        total_PIOW: 4.66e-07
        num_windows: 19
        time_check_overlap: 0
        num_overlapping_windows: 0
        time_merge_windows: 0
        time_remove_window: 0
        time_remove_window: 0
        timing_PlanIn:
            total_PlanIn:0
            num_until_goal_expanded:0
            timing_expansions:
                total_S3Exp: 0
                time_top_o: 0
                time_check_in_c: 0
                time_add_parent: 0
                num_neighbors: 0
                time_add_neighbors_to_o: 0
    num_new_collisions: 1
    timing_PIOW_new_collisions:
        total_PIOW: 0.000148725
        num_windows: 0
        time_check_overlap: 0
        num_overlapping_windows: 0
        time_merge_windows: 0
        time_remove_window: 0
        time_remove_window: 3.63e-07
        timing_PlanIn:
            total_PlanIn:0.000146783
            num_until_goal_expanded:12
            timing_expansions:
                total_S3Exp: 0.000141495
                time_top_o: 2.172e-06
                time_check_in_c: 2.677e-06
                time_add_parent: 3.754e-06
                num_neighbors: 217
                time_add_neighbors_to_o: 0.000110579
    num_windows_should_quit: 0
    time_should_quit: 9.49e-07
    time_remove_window: 0
Complete!
