Total time: 5.08932
is_optimal: false
optimality_bound: 1.00189
successive_bounds: [1.00406, 1.00244, 1.00217, 1.00217, 1.00189, 1.00189]
successive_runtimes: [0.0197064, 0.0250484, 0.0330477, 0.0392452, 0.0454462, 5.08932]
num_agents: 60
time_individual_plan: 0.0117864
time_first_plan: 0.00734232
num_max_agents_in_window_first_iteration: 2
num_recWAMPF: 6
timing_recWAMPF:
    total_RecWAMPF: 5.07696
    num_windows: 113
    num_max_agents_in_window: 4
    timing_gari:
        total_GARI: 0.0230901
        time_path_btw_starts: 0.000238569
        Stage1:
            total_Stage1:0.0105849
            time_add_x_to_o: 0.00574164
            time_clear_x: 0.000656539
            timing_AStarSearchUntil:
                total_astar_search_until:0.00418128
                num_values_f_less_fmax:3069
                ASU Exp:
                    total_ASUExp:0.00417889
                    time_top_o:0.000656516
                    time_check_in_c:0.000391958
                    time_add_parent:0.000235633
                    num_neighbors:5917
                    time_add_neighbors_to_o:0.00205172
        Stage2:
            total_Stage2:0.00268722
            num_len_path:100
            time_expanding_s:4.1976e-05
            timing_AStarSearchUntil:
                total_astar_search_until:0.00261743
                num_values_f_less_fmax:221
                ASU Exp:
                    total_ASUExp:0.00261536
                    time_top_o:4.9313e-05
                    time_check_in_c:4.2009e-05
                    time_add_parent:7.7617e-05
                    num_neighbors:5603
                    time_add_neighbors_to_o:0.00218182
        Stage3:
            total_Stage3:0.00905387
            num_until_goal_expanded:1507
            timing_S3Exp:
                total_S3Exp: 0.00710139
                time_top_o: 0.000321136
                time_check_in_c: 0.000203536
                time_add_parent: 0.000394577
                num_neighbors: 10552
                time_add_neighbors_to_o: 0.00431866
    timing_PIOW_overlapping:
        total_PIOW: 5.04118
        num_windows: 582
        time_check_overlap: 1.5631e-05
        num_overlapping_windows: 4
        time_merge_windows: 4.213e-06
        time_remove_window: 1.137e-06
        time_remove_window: 4.015e-06
        timing_PlanIn:
            total_PlanIn:5.04114
            num_until_goal_expanded:16563
            timing_expansions:
                total_S3Exp: 5.04113
                time_top_o: 0.0133579
                time_check_in_c: 0.00496975
                time_add_parent: 0.00984607
                num_neighbors: 7632751
                time_add_neighbors_to_o: 4.78922
    num_new_collisions: 12
    timing_PIOW_new_collisions:
        total_PIOW: 0.0019937
        num_windows: 132
        time_check_overlap: 3.179e-06
        num_overlapping_windows: 0
        time_merge_windows: 0
        time_remove_window: 0
        time_remove_window: 5.619e-06
        timing_PlanIn:
            total_PlanIn:0.00197258
            num_until_goal_expanded:295
            timing_expansions:
                total_S3Exp: 0.00195315
                time_top_o: 3.437e-05
                time_check_in_c: 5.1674e-05
                time_add_parent: 7.3447e-05
                num_neighbors: 2830
                time_add_neighbors_to_o: 0.00136706
    num_windows_should_quit: 0
    time_should_quit: 4.218e-06
    time_remove_window: 0
Complete!
