Total time: 3.40847
is_optimal: false
optimality_bound: 1.00367
successive_bounds: [1.00581, 1.0052, 1.00459, 1.00459, 1.00459, 1.00459, 1.00367, 1.00367, 1.00367, 1.00367]
successive_runtimes: [0.0140332, 0.0236547, 0.0328849, 0.0434147, 0.0614968, 0.0896638, 0.124508, 0.172819, 0.257341, 3.40847]
num_agents: 50
time_individual_plan: 0.00544554
time_first_plan: 0.00804382
num_max_agents_in_window_first_iteration: 3
num_recWAMPF: 10
timing_recWAMPF:
    total_RecWAMPF: 3.40247
    num_windows: 213
    num_max_agents_in_window: 5
    timing_gari:
        total_GARI: 0.389589
        time_path_btw_starts: 0.00139246
        Stage1:
            total_Stage1:0.247707
            time_add_x_to_o: 0.0663868
            time_clear_x: 0.0146933
            timing_AStarSearchUntil:
                total_astar_search_until:0.166613
                num_values_f_less_fmax:12049
                ASU Exp:
                    total_ASUExp:0.166608
                    time_top_o:0.00631985
                    time_check_in_c:0.00319532
                    time_add_parent:0.00309963
                    num_neighbors:356210
                    time_add_neighbors_to_o:0.142562
        Stage2:
            total_Stage2:0.0276945
            num_len_path:215
            time_expanding_s:0.000110311
            timing_AStarSearchUntil:
                total_astar_search_until:0.0274969
                num_values_f_less_fmax:691
                ASU Exp:
                    total_ASUExp:0.0274927
                    time_top_o:0.000220153
                    time_check_in_c:0.00013835
                    time_add_parent:0.000207869
                    num_neighbors:61270
                    time_add_neighbors_to_o:0.026046
        Stage3:
            total_Stage3:0.108238
            num_until_goal_expanded:5459
            timing_S3Exp:
                total_S3Exp: 0.0819739
                time_top_o: 0.00172956
                time_check_in_c: 0.000805614
                time_add_parent: 0.00179457
                num_neighbors: 176737
                time_add_neighbors_to_o: 0.0704633
    timing_PIOW_overlapping:
        total_PIOW: 0.00149213
        num_windows: 1153
        time_check_overlap: 3.5597e-05
        num_overlapping_windows: 1
        time_merge_windows: 1.211e-06
        time_remove_window: 1.99e-07
        time_remove_window: 1.161e-06
        timing_PlanIn:
            total_PlanIn:0.00142828
            num_until_goal_expanded:59
            timing_expansions:
                total_S3Exp: 0.00142613
                time_top_o: 9.384e-06
                time_check_in_c: 9.357e-06
                time_add_parent: 1.5821e-05
                num_neighbors: 2672
                time_add_neighbors_to_o: 0.00123913
    num_new_collisions: 15
    timing_PIOW_new_collisions:
        total_PIOW: 3.00065
        num_windows: 221
        time_check_overlap: 6.447e-06
        num_overlapping_windows: 4
        time_merge_windows: 0
        time_remove_window: 0.845328
        time_remove_window: 7.356e-06
        timing_PlanIn:
            total_PlanIn:3.00061
            num_until_goal_expanded:5131
            timing_expansions:
                total_S3Exp: 3.00059
                time_top_o: 0.00673339
                time_check_in_c: 0.00152002
                time_add_parent: 0.00252313
                num_neighbors: 4877199
                time_add_neighbors_to_o: 2.85262
    num_windows_should_quit: 0
    time_should_quit: 1.3056e-05
    time_remove_window: 0
Complete!
