Total time: 8.48965
is_optimal: false
optimality_bound: 1.00157
successive_bounds: [1.00785, 1.00576, 1.00471, 1.00366, 1.00262, 1.00262, 1.00262, 1.00262, 1.00262, 1.00209, 1.00209, 1.00209, 1.00209, 1.00157, 1.00157, 1.00157]
successive_runtimes: [0.00807298, 0.012685, 0.0168249, 0.0208574, 0.0244912, 0.0273876, 0.030006, 0.0326182, 0.0355287, 0.166595, 0.200735, 0.23078, 0.277903, 2.59324, 5.38883, 8.48965]
num_agents: 30
time_individual_plan: 0.00438643
time_first_plan: 0.00309462
num_max_agents_in_window_first_iteration: 2
num_recWAMPF: 16
timing_recWAMPF:
    total_RecWAMPF: 8.48467
    num_windows: 259
    num_max_agents_in_window: 4
    timing_gari:
        total_GARI: 6.08642
        time_path_btw_starts: 0.00672296
        Stage1:
            total_Stage1:5.269
            time_add_x_to_o: 1.33834
            time_clear_x: 0.411747
            timing_AStarSearchUntil:
                total_astar_search_until:3.51889
                num_values_f_less_fmax:28653
                ASU Exp:
                    total_ASUExp:3.51888
                    time_top_o:0.0428402
                    time_check_in_c:0.149616
                    time_add_parent:0.00837313
                    num_neighbors:5672099
                    time_add_neighbors_to_o:3.28698
        Stage2:
            total_Stage2:0.010412
            num_len_path:283
            time_expanding_s:0.000903808
            timing_AStarSearchUntil:
                total_astar_search_until:0.00942004
                num_values_f_less_fmax:592
                ASU Exp:
                    total_ASUExp:0.00941454
                    time_top_o:0.000158354
                    time_check_in_c:0.000247298
                    time_add_parent:0.000189264
                    num_neighbors:17805
                    time_add_neighbors_to_o:0.00814406
        Stage3:
            total_Stage3:0.797821
            num_until_goal_expanded:2899
            timing_S3Exp:
                total_S3Exp: 0.0702326
                time_top_o: 0.000774694
                time_check_in_c: 0.000468057
                time_add_parent: 0.000868584
                num_neighbors: 38808
                time_add_neighbors_to_o: 0.0229612
    timing_PIOW_overlapping:
        total_PIOW: 2.39144
        num_windows: 1068
        time_check_overlap: 3.4827e-05
        num_overlapping_windows: 2
        time_merge_windows: 3.916e-06
        time_remove_window: 9.37e-07
        time_remove_window: 3.818e-06
        timing_PlanIn:
            total_PlanIn:2.39137
            num_until_goal_expanded:11576
            timing_expansions:
                total_S3Exp: 2.39136
                time_top_o: 0.0111217
                time_check_in_c: 0.00321391
                time_add_parent: 0.00592184
                num_neighbors: 4015957
                time_add_neighbors_to_o: 2.24966
    num_new_collisions: 9
    timing_PIOW_new_collisions:
        total_PIOW: 0.00176609
        num_windows: 72
        time_check_overlap: 2.196e-06
        num_overlapping_windows: 0
        time_merge_windows: 0
        time_remove_window: 0
        time_remove_window: 4.501e-06
        timing_PlanIn:
            total_PlanIn:0.00175018
            num_until_goal_expanded:250
            timing_expansions:
                total_S3Exp: 0.0017356
                time_top_o: 2.9286e-05
                time_check_in_c: 4.3539e-05
                time_add_parent: 6.4808e-05
                num_neighbors: 2352
                time_add_neighbors_to_o: 0.00124911
    num_windows_should_quit: 0
    time_should_quit: 1.1057e-05
    time_remove_window: 0
Complete!
