Total time: 0.0364368
is_optimal: true
optimality_bound: 1
successive_bounds: [1.00396, 1.00308, 1.00308, 1.00308, 1.00308, 1.00308, 1.00308, 1.00308, 1.0022, 1.00088, 1, 1]
successive_runtimes: [0.0059691, 0.00758113, 0.00964867, 0.0112895, 0.0127729, 0.0143818, 0.0159558, 0.0175932, 0.024877, 0.03398, 0.0364368]
num_agents: 30
time_individual_plan: 0.00398368
time_first_plan: 0.00147302
num_max_agents_in_window_first_iteration: 2
num_recWAMPF: 11
timing_recWAMPF:
    total_RecWAMPF: 0.0319384
    num_windows: 105
    num_max_agents_in_window: 3
    timing_gari:
        total_GARI: 0.0234912
        time_path_btw_starts: 0.000343966
        Stage1:
            total_Stage1:0.0068177
            time_add_x_to_o: 0.00385647
            time_clear_x: 0.000517901
            timing_AStarSearchUntil:
                total_astar_search_until:0.00243803
                num_values_f_less_fmax:2119
                ASU Exp:
                    total_ASUExp:0.0024356
                    time_top_o:0.00044269
                    time_check_in_c:0.000231573
                    time_add_parent:0.000124792
                    num_neighbors:2945
                    time_add_neighbors_to_o:0.00110264
        Stage2:
            total_Stage2:0.00913281
            num_len_path:119
            time_expanding_s:7.2091e-05
            timing_AStarSearchUntil:
                total_astar_search_until:0.00903486
                num_values_f_less_fmax:680
                ASU Exp:
                    total_ASUExp:0.00903263
                    time_top_o:0.000174412
                    time_check_in_c:0.000280588
                    time_add_parent:0.000184069
                    num_neighbors:17182
                    time_add_neighbors_to_o:0.00765462
        Stage3:
            total_Stage3:0.00718286
            num_until_goal_expanded:1027
            timing_S3Exp:
                total_S3Exp: 0.00439642
                time_top_o: 0.000220533
                time_check_in_c: 0.000138944
                time_add_parent: 0.000283047
                num_neighbors: 7163
                time_add_neighbors_to_o: 0.00279055
    timing_PIOW_overlapping:
        total_PIOW: 1.4399e-05
        num_windows: 250
        time_check_overlap: 7.972e-06
        num_overlapping_windows: 0
        time_merge_windows: 0
        time_remove_window: 0
        time_remove_window: 0
        timing_PlanIn:
            total_PlanIn:0
            num_until_goal_expanded:0
            timing_expansions:
                total_S3Exp: 0
                time_top_o: 0
                time_check_in_c: 0
                time_add_parent: 0
                num_neighbors: 0
                time_add_neighbors_to_o: 0
    num_new_collisions: 6
    timing_PIOW_new_collisions:
        total_PIOW: 0.00449916
        num_windows: 29
        time_check_overlap: 1.108e-06
        num_overlapping_windows: 1
        time_merge_windows: 0
        time_remove_window: 0.0304115
        time_remove_window: 3.796e-06
        timing_PlanIn:
            total_PlanIn:0.0044869
            num_until_goal_expanded:138
            timing_expansions:
                total_S3Exp: 0.00447503
                time_top_o: 2.3907e-05
                time_check_in_c: 2.5966e-05
                time_add_parent: 3.7253e-05
                num_neighbors: 6965
                time_add_neighbors_to_o: 0.0040257
    num_windows_should_quit: 0
    time_should_quit: 3.415e-06
    time_remove_window: 0
Complete!
