Total time: 0.0315543
is_optimal: true
optimality_bound: 1
successive_bounds: [1.00284, 1.00284, 1.00284, 1.00284, 1.00284, 1.00284, 1.00284, 1.00284, 1.00284, 1.00284, 1.00284, 1.00284, 1.00284, 1.00284, 1.00284, 1.00284, 1.00284, 1.00284, 1.00284, 1.00284, 1, 1]
successive_runtimes: [0.00200139, 0.00211116, 0.00221306, 0.00231329, 0.00241493, 0.00253172, 0.00264438, 0.00275706, 0.00287894, 0.00299954, 0.00312512, 0.00325326, 0.00339196, 0.0035246, 0.00366228, 0.00379713, 0.00477813, 0.00508612, 0.00537696, 0.00567856, 0.0315543]
num_agents: 10
time_individual_plan: 0.00133388
time_first_plan: 0.000153136
num_max_agents_in_window_first_iteration: 2
num_recWAMPF: 21
timing_recWAMPF:
    total_RecWAMPF: 0.0297031
    num_windows: 41
    num_max_agents_in_window: 2
    timing_gari:
        total_GARI: 0.0290869
        time_path_btw_starts: 9.1647e-05
        Stage1:
            total_Stage1:0.000278361
            time_add_x_to_o: 0.000249596
            time_clear_x: 2.4704e-05
            timing_AStarSearchUntil:
                total_astar_search_until:1.762e-06
                num_values_f_less_fmax:0
                ASU Exp:
                    total_ASUExp:8.81e-07
                    time_top_o:0
                    time_check_in_c:0
                    time_add_parent:0
                    num_neighbors:0
                    time_add_neighbors_to_o:0
        Stage2:
            total_Stage2:0.0261141
            num_len_path:61
            time_expanding_s:2.1734e-05
            timing_AStarSearchUntil:
                total_astar_search_until:0.0260823
                num_values_f_less_fmax:2133
                ASU Exp:
                    total_ASUExp:0.0260815
                    time_top_o:0.000664976
                    time_check_in_c:0.000407242
                    time_add_parent:0.000562552
                    num_neighbors:54996
                    time_add_neighbors_to_o:0.022412
        Stage3:
            total_Stage3:0.00259676
            num_until_goal_expanded:163
            timing_S3Exp:
                total_S3Exp: 0.00121509
                time_top_o: 3.5574e-05
                time_check_in_c: 2.4118e-05
                time_add_parent: 4.6866e-05
                num_neighbors: 1975
                time_add_neighbors_to_o: 0.00088827
    timing_PIOW_overlapping:
        total_PIOW: 4.57e-07
        num_windows: 20
        time_check_overlap: 0
        num_overlapping_windows: 0
        time_merge_windows: 0
        time_remove_window: 0
        time_remove_window: 0
        timing_PlanIn:
            total_PlanIn:0
            num_until_goal_expanded:0
            timing_expansions:
                total_S3Exp: 0
                time_top_o: 0
                time_check_in_c: 0
                time_add_parent: 0
                num_neighbors: 0
                time_add_neighbors_to_o: 0
    num_new_collisions: 1
    timing_PIOW_new_collisions:
        total_PIOW: 0.000116629
        num_windows: 0
        time_check_overlap: 0
        num_overlapping_windows: 0
        time_merge_windows: 0
        time_remove_window: 0
        time_remove_window: 2.39e-07
        timing_PlanIn:
            total_PlanIn:0.000114876
            num_until_goal_expanded:8
            timing_expansions:
                total_S3Exp: 0.000111842
                time_top_o: 1.708e-06
                time_check_in_c: 2.025e-06
                time_add_parent: 2.938e-06
                num_neighbors: 160
                time_add_neighbors_to_o: 8.9075e-05
    num_windows_should_quit: 0
    time_should_quit: 9.95e-07
    time_remove_window: 0
Complete!
