Total time: 3.47815
is_optimal: true
optimality_bound: 1
successive_bounds: [1.00571, 1.00571, 1.00571, 1.00571, 1.00571, 1.00571, 1.00571, 1.00444, 1.00444, 1.00444, 1.00444, 1.00444, 1.0019, 1.0019, 1.0019, 1.0019, 1.0019, 1.0019, 1.0019, 1.0019, 1.0019, 1.0019, 1.0019, 1.00127, 1.00127, 1, 1]
successive_runtimes: [0.00632645, 0.0128584, 0.0200471, 0.0286346, 0.0375421, 0.0471887, 0.0579296, 0.0696779, 0.0816268, 0.153811, 0.374631, 0.60715, 1.35606, 1.81171, 2.08719, 2.27036, 2.40582, 2.5386, 2.65576, 2.77161, 2.88638, 2.99945, 3.11248, 3.22708, 3.3429, 3.47815]
num_agents: 30
time_individual_plan: 0.00277123
time_first_plan: 0.00303767
num_max_agents_in_window_first_iteration: 3
num_recWAMPF: 26
timing_recWAMPF:
    total_RecWAMPF: 3.47486
    num_windows: 209
    num_max_agents_in_window: 3
    timing_gari:
        total_GARI: 3.4602
        time_path_btw_starts: 0.00781401
        Stage1:
            total_Stage1:1.74528
            time_add_x_to_o: 0.4868
            time_clear_x: 0.142337
            timing_AStarSearchUntil:
                total_astar_search_until:1.11612
                num_values_f_less_fmax:35555
                ASU Exp:
                    total_ASUExp:1.11612
                    time_top_o:0.0322496
                    time_check_in_c:0.0156361
                    time_add_parent:0.0120207
                    num_neighbors:2188386
                    time_add_neighbors_to_o:0.998306
        Stage2:
            total_Stage2:0.0729864
            num_len_path:164
            time_expanding_s:9.8534e-05
            timing_AStarSearchUntil:
                total_astar_search_until:0.0727827
                num_values_f_less_fmax:1178
                ASU Exp:
                    total_ASUExp:0.0727781
                    time_top_o:0.000577608
                    time_check_in_c:0.000513071
                    time_add_parent:0.000385195
                    num_neighbors:166298
                    time_add_neighbors_to_o:0.069261
        Stage3:
            total_Stage3:1.63407
            num_until_goal_expanded:13534
            timing_S3Exp:
                total_S3Exp: 0.18913
                time_top_o: 0.00653867
                time_check_in_c: 0.00211387
                time_add_parent: 0.00624154
                num_neighbors: 324500
                time_add_neighbors_to_o: 0.149997
    timing_PIOW_overlapping:
        total_PIOW: 0.00573512
        num_windows: 449
        time_check_overlap: 2.0087e-05
        num_overlapping_windows: 1
        time_merge_windows: 2.317e-06
        time_remove_window: 2.33e-07
        time_remove_window: 2.267e-06
        timing_PlanIn:
            total_PlanIn:0.00569808
            num_until_goal_expanded:169
            timing_expansions:
                total_S3Exp: 0.00569511
                time_top_o: 4.3818e-05
                time_check_in_c: 3.4999e-05
                time_add_parent: 6.0113e-05
                num_neighbors: 7389
                time_add_neighbors_to_o: 0.00513356
    num_new_collisions: 6
    timing_PIOW_new_collisions:
        total_PIOW: 0.00240447
        num_windows: 29
        time_check_overlap: 1.044e-06
        num_overlapping_windows: 1
        time_merge_windows: 0
        time_remove_window: 0.00390727
        time_remove_window: 1.649e-06
        timing_PlanIn:
            total_PlanIn:0.0023953
            num_until_goal_expanded:172
            timing_expansions:
                total_S3Exp: 0.00238422
                time_top_o: 2.3495e-05
                time_check_in_c: 3.0185e-05
                time_add_parent: 4.506e-05
                num_neighbors: 4325
                time_add_neighbors_to_o: 0.00192084
    num_windows_should_quit: 2
    time_should_quit: 1.1704e-05
    time_remove_window: 4.68e-07
Complete!
