Total time: 0.574862
is_optimal: false
optimality_bound: 1.00153
successive_bounds: [1.00384, 1.00384, 1.00384, 1.00384, 1.0023, 1.00153]
successive_runtimes: [0.0147218, 0.0185409, 0.0344063, 0.107041, 0.312836, 0.574862]
num_agents: 40
time_individual_plan: 0.0109098
time_first_plan: 0.00313721
num_max_agents_in_window_first_iteration: 2
num_recWAMPF: 6
timing_recWAMPF:
    total_RecWAMPF: 0.563275
    num_windows: 89
    num_max_agents_in_window: 4
    timing_gari:
        total_GARI: 0.533364
        time_path_btw_starts: 0.00024486
        Stage1:
            total_Stage1:0.463633
            time_add_x_to_o: 0.101492
            time_clear_x: 0.0277441
            timing_AStarSearchUntil:
                total_astar_search_until:0.33439
                num_values_f_less_fmax:3939
                ASU Exp:
                    total_ASUExp:0.334388
                    time_top_o:0.00362709
                    time_check_in_c:0.00199433
                    time_add_parent:0.02312
                    num_neighbors:547253
                    time_add_neighbors_to_o:0.297217
        Stage2:
            total_Stage2:0.0325451
            num_len_path:78
            time_expanding_s:5.4091e-05
            timing_AStarSearchUntil:
                total_astar_search_until:0.0324541
                num_values_f_less_fmax:231
                ASU Exp:
                    total_ASUExp:0.0324521
                    time_top_o:9.9239e-05
                    time_check_in_c:5.4244e-05
                    time_add_parent:0.000104198
                    num_neighbors:58868
                    time_add_neighbors_to_o:0.031803
        Stage3:
            total_Stage3:0.0369202
            num_until_goal_expanded:1157
            timing_S3Exp:
                total_S3Exp: 0.00824
                time_top_o: 0.000317941
                time_check_in_c: 0.00019823
                time_add_parent: 0.000398797
                num_neighbors: 10242
                time_add_neighbors_to_o: 0.00586228
    timing_PIOW_overlapping:
        total_PIOW: 0.0129636
        num_windows: 353
        time_check_overlap: 1.5442e-05
        num_overlapping_windows: 2
        time_merge_windows: 2.627e-06
        time_remove_window: 5.02e-07
        time_remove_window: 2.504e-06
        timing_PlanIn:
            total_PlanIn:0.0129299
            num_until_goal_expanded:96
            timing_expansions:
                total_S3Exp: 0.0129247
                time_top_o: 2.4835e-05
                time_check_in_c: 2.0821e-05
                time_add_parent: 3.3726e-05
                num_neighbors: 21162
                time_add_neighbors_to_o: 0.0119703
    num_new_collisions: 11
    timing_PIOW_new_collisions:
        total_PIOW: 0.0133882
        num_windows: 108
        time_check_overlap: 5.417e-06
        num_overlapping_windows: 2
        time_merge_windows: 1.9e-06
        time_remove_window: 0.300841
        time_remove_window: 4.727e-06
        timing_PlanIn:
            total_PlanIn:0.0133581
            num_until_goal_expanded:369
            timing_expansions:
                total_S3Exp: 0.0133279
                time_top_o: 8.8701e-05
                time_check_in_c: 7.5519e-05
                time_add_parent: 0.000114717
                num_neighbors: 18400
                time_add_neighbors_to_o: 0.0119093
    num_windows_should_quit: 0
    time_should_quit: 6.71e-06
    time_remove_window: 0
Complete!
