Total time: 0.0298991
is_optimal: true
optimality_bound: 1
successive_bounds: [1.0018, 1.0018, 1.0018, 1.0009, 1.0009, 1.0009, 1.0009, 1.0009, 1.0009, 1.0009, 1.0009, 1, 1]
successive_runtimes: [0.0101323, 0.0106349, 0.0111278, 0.0178003, 0.0192103, 0.0206346, 0.0220418, 0.023796, 0.0255824, 0.0268655, 0.0282028, 0.0298991]
num_agents: 30
time_individual_plan: 0.00874182
time_first_plan: 0.000643831
num_max_agents_in_window_first_iteration: 2
num_recWAMPF: 12
timing_recWAMPF:
    total_RecWAMPF: 0.0204079
    num_windows: 69
    num_max_agents_in_window: 3
    timing_gari:
        total_GARI: 0.0115901
        time_path_btw_starts: 0.000221075
        Stage1:
            total_Stage1:0.00077785
            time_add_x_to_o: 0.000697254
            time_clear_x: 7.3083e-05
            timing_AStarSearchUntil:
                total_astar_search_until:3.506e-06
                num_values_f_less_fmax:0
                ASU Exp:
                    total_ASUExp:1.779e-06
                    time_top_o:0
                    time_check_in_c:0
                    time_add_parent:0
                    num_neighbors:0
                    time_add_neighbors_to_o:0
        Stage2:
            total_Stage2:0.00143316
            num_len_path:59
            time_expanding_s:3.7292e-05
            timing_AStarSearchUntil:
                total_astar_search_until:0.00137377
                num_values_f_less_fmax:90
                ASU Exp:
                    total_ASUExp:0.00137212
                    time_top_o:2.6319e-05
                    time_check_in_c:2.0941e-05
                    time_add_parent:3.746e-05
                    num_neighbors:2672
                    time_add_neighbors_to_o:0.00114277
        Stage3:
            total_Stage3:0.00914141
            num_until_goal_expanded:316
            timing_S3Exp:
                total_S3Exp: 0.00423046
                time_top_o: 8.3717e-05
                time_check_in_c: 4.8941e-05
                time_add_parent: 8.5071e-05
                num_neighbors: 5515
                time_add_neighbors_to_o: 0.00342037
    timing_PIOW_overlapping:
        total_PIOW: 8.935e-06
        num_windows: 99
        time_check_overlap: 4.619e-06
        num_overlapping_windows: 0
        time_merge_windows: 0
        time_remove_window: 0
        time_remove_window: 0
        timing_PlanIn:
            total_PlanIn:0
            num_until_goal_expanded:0
            timing_expansions:
                total_S3Exp: 0
                time_top_o: 0
                time_check_in_c: 0
                time_add_parent: 0
                num_neighbors: 0
                time_add_neighbors_to_o: 0
    num_new_collisions: 4
    timing_PIOW_new_collisions:
        total_PIOW: 0.00631693
        num_windows: 12
        time_check_overlap: 7.99e-07
        num_overlapping_windows: 1
        time_merge_windows: 0
        time_remove_window: 0.0118052
        time_remove_window: 1.275e-06
        timing_PlanIn:
            total_PlanIn:0.00630747
            num_until_goal_expanded:116
            timing_expansions:
                total_S3Exp: 0.00628797
                time_top_o: 3.5091e-05
                time_check_in_c: 2.4711e-05
                time_add_parent: 3.688e-05
                num_neighbors: 8278
                time_add_neighbors_to_o: 0.00573966
    num_windows_should_quit: 0
    time_should_quit: 2.346e-06
    time_remove_window: 0
Complete!
