Total time: 0.0601537
is_optimal: true
optimality_bound: 1
successive_bounds: [1.00344, 1.00344, 1.00268, 1.00191, 1.00115, 1.00115, 1.00115, 1.00115, 1.00115, 1.00115, 1.00115, 1.00115, 1.00115, 1.00115, 1.00115, 1.00115, 1.00115, 1.00115, 1.00115, 1.00115, 1.00115, 1.00115, 1.00115, 1.00115, 1.00115, 1.00115, 1.00115, 1.00115, 1.00115, 1.00115, 1.00115, 1.00115, 1]
successive_runtimes: [0.0127541, 0.0163931, 0.0207095, 0.023968, 0.0317379, 0.0342172, 0.0352666, 0.0362766, 0.0373772, 0.0384166, 0.039629, 0.0406987, 0.0417366, 0.042792, 0.04389, 0.0457997, 0.046971, 0.0478769, 0.0491509, 0.0500198, 0.0508486, 0.0516704, 0.0525661, 0.0533934, 0.0542223, 0.055046, 0.0559191, 0.0567417, 0.0576107, 0.0584332, 0.0592911, 0.0601537]
num_agents: 40
time_individual_plan: 0.00780799
time_first_plan: 0.00441585
num_max_agents_in_window_first_iteration: 2
num_recWAMPF: 32
timing_recWAMPF:
    total_RecWAMPF: 0.0518111
    num_windows: 113
    num_max_agents_in_window: 3
    timing_gari:
        total_GARI: 0.0254309
        time_path_btw_starts: 0.000197804
        Stage1:
            total_Stage1:0.00638612
            time_add_x_to_o: 0.00410739
            time_clear_x: 0.00054303
            timing_AStarSearchUntil:
                total_astar_search_until:0.00172946
                num_values_f_less_fmax:1097
                ASU Exp:
                    total_ASUExp:0.00172679
                    time_top_o:0.000221344
                    time_check_in_c:0.000135876
                    time_add_parent:9.5915e-05
                    num_neighbors:2097
                    time_add_neighbors_to_o:0.00081928
        Stage2:
            total_Stage2:0.00244034
            num_len_path:81
            time_expanding_s:5.5507e-05
            timing_AStarSearchUntil:
                total_astar_search_until:0.00235608
                num_values_f_less_fmax:147
                ASU Exp:
                    total_ASUExp:0.00235374
                    time_top_o:3.5279e-05
                    time_check_in_c:2.8882e-05
                    time_add_parent:4.8625e-05
                    num_neighbors:5726
                    time_add_neighbors_to_o:0.0020258
        Stage3:
            total_Stage3:0.0163886
            num_until_goal_expanded:1030
            timing_S3Exp:
                total_S3Exp: 0.00791727
                time_top_o: 0.000223764
                time_check_in_c: 0.000138461
                time_add_parent: 0.000263036
                num_neighbors: 12175
                time_add_neighbors_to_o: 0.00592678
    timing_PIOW_overlapping:
        total_PIOW: 0.0068772
        num_windows: 263
        time_check_overlap: 5.877e-06
        num_overlapping_windows: 7
        time_merge_windows: 5.043e-06
        time_remove_window: 1.137e-06
        time_remove_window: 4.745e-06
        timing_PlanIn:
            total_PlanIn:0.00684883
            num_until_goal_expanded:486
            timing_expansions:
                total_S3Exp: 0.00683703
                time_top_o: 7.2066e-05
                time_check_in_c: 8.4531e-05
                time_add_parent: 0.0001437
                num_neighbors: 10936
                time_add_neighbors_to_o: 0.00568697
    num_new_collisions: 9
    timing_PIOW_new_collisions:
        total_PIOW: 0.00289865
        num_windows: 74
        time_check_overlap: 2.237e-06
        num_overlapping_windows: 1
        time_merge_windows: 0
        time_remove_window: 0.0196286
        time_remove_window: 2.613e-06
        timing_PlanIn:
            total_PlanIn:0.00288306
            num_until_goal_expanded:404
            timing_expansions:
                total_S3Exp: 0.00286559
                time_top_o: 5.261e-05
                time_check_in_c: 7.4381e-05
                time_add_parent: 0.000100171
                num_neighbors: 4185
                time_add_neighbors_to_o: 0.00205369
    num_windows_should_quit: 1
    time_should_quit: 3.896e-06
    time_remove_window: 1.75e-07
Complete!
