Total time: 0.0121881
is_optimal: true
optimality_bound: 1
successive_bounds: [1.00071, 1.00071, 1.00071, 1.00071, 1.00071, 1.00071, 1.00071, 1.00071, 1.00071, 1.00071, 1.00071, 1.00071, 1, 1]
successive_runtimes: [0.00373129, 0.00389318, 0.00403991, 0.00424358, 0.00439624, 0.00455339, 0.00471504, 0.00488194, 0.00504556, 0.0052102, 0.00537822, 0.00555674, 0.012188]
num_agents: 20
time_individual_plan: 0.00283548
time_first_plan: 0.00017106
num_max_agents_in_window_first_iteration: 2
num_recWAMPF: 13
timing_recWAMPF:
    total_RecWAMPF: 0.00862522
    num_windows: 25
    num_max_agents_in_window: 2
    timing_gari:
        total_GARI: 0.00755904
        time_path_btw_starts: 7.3716e-05
        Stage1:
            total_Stage1:0.000109936
            time_add_x_to_o: 9.4069e-05
            time_clear_x: 1.2934e-05
            timing_AStarSearchUntil:
                total_astar_search_until:1.33e-06
                num_values_f_less_fmax:0
                ASU Exp:
                    total_ASUExp:6.69e-07
                    time_top_o:0
                    time_check_in_c:0
                    time_add_parent:0
                    num_neighbors:0
                    time_add_neighbors_to_o:0
        Stage2:
            total_Stage2:0.00656876
            num_len_path:37
            time_expanding_s:1.5218e-05
            timing_AStarSearchUntil:
                total_astar_search_until:0.00654503
                num_values_f_less_fmax:372
                ASU Exp:
                    total_ASUExp:0.00654442
                    time_top_o:0.000110948
                    time_check_in_c:0.000115173
                    time_add_parent:0.000121185
                    num_neighbors:9665
                    time_add_neighbors_to_o:0.00573518
        Stage3:
            total_Stage3:0.000801679
            num_until_goal_expanded:23
            timing_S3Exp:
                total_S3Exp: 0.000328597
                time_top_o: 3.246e-06
                time_check_in_c: 2.393e-06
                time_add_parent: 4.132e-06
                num_neighbors: 330
                time_add_neighbors_to_o: 0.000241466
    timing_PIOW_overlapping:
        total_PIOW: 5.72e-07
        num_windows: 12
        time_check_overlap: 0
        num_overlapping_windows: 0
        time_merge_windows: 0
        time_remove_window: 0
        time_remove_window: 0
        timing_PlanIn:
            total_PlanIn:0
            num_until_goal_expanded:0
            timing_expansions:
                total_S3Exp: 0
                time_top_o: 0
                time_check_in_c: 0
                time_add_parent: 0
                num_neighbors: 0
                time_add_neighbors_to_o: 0
    num_new_collisions: 1
    timing_PIOW_new_collisions:
        total_PIOW: 7.1121e-05
        num_windows: 0
        time_check_overlap: 0
        num_overlapping_windows: 0
        time_merge_windows: 0
        time_remove_window: 0
        time_remove_window: 3.79e-07
        timing_PlanIn:
            total_PlanIn:6.8714e-05
            num_until_goal_expanded:4
            timing_expansions:
                total_S3Exp: 6.5528e-05
                time_top_o: 1.01e-06
                time_check_in_c: 1.229e-06
                time_add_parent: 2.557e-06
                num_neighbors: 80
                time_add_neighbors_to_o: 4.9362e-05
    num_windows_should_quit: 0
    time_should_quit: 8.04e-07
    time_remove_window: 0
Complete!
