Total time: 0.482738
is_optimal: true
optimality_bound: 1
successive_bounds: [1.00291, 1.00116, 1.00116, 1.00116, 1.00116, 1.00116, 1.00116, 1.00116, 1, 1]
successive_runtimes: [0.0359429, 0.0413606, 0.0453349, 0.0486385, 0.0516475, 0.0546684, 0.0576327, 0.0606585, 0.482738]
num_agents: 30
time_individual_plan: 0.00598034
time_first_plan: 0.0294363
num_max_agents_in_window_first_iteration: 2
num_recWAMPF: 9
timing_recWAMPF:
    total_RecWAMPF: 0.476228
    num_windows: 67
    num_max_agents_in_window: 4
    timing_gari:
        total_GARI: 0.0253748
        time_path_btw_starts: 0.000157236
        Stage1:
            total_Stage1:0.00490077
            time_add_x_to_o: 0.0033658
            time_clear_x: 0.00036439
            timing_AStarSearchUntil:
                total_astar_search_until:0.00116674
                num_values_f_less_fmax:288
                ASU Exp:
                    total_ASUExp:0.00116512
                    time_top_o:8.7441e-05
                    time_check_in_c:6.2655e-05
                    time_add_parent:3.9964e-05
                    num_neighbors:2418
                    time_add_neighbors_to_o:0.000824581
        Stage2:
            total_Stage2:0.0016747
            num_len_path:65
            time_expanding_s:5.3599e-05
            timing_AStarSearchUntil:
                total_astar_search_until:0.00160019
                num_values_f_less_fmax:106
                ASU Exp:
                    total_ASUExp:0.00159884
                    time_top_o:2.9715e-05
                    time_check_in_c:2.1148e-05
                    time_add_parent:3.1991e-05
                    num_neighbors:3744
                    time_add_neighbors_to_o:0.00137539
        Stage3:
            total_Stage3:0.0186299
            num_until_goal_expanded:164
            timing_S3Exp:
                total_S3Exp: 0.00181355
                time_top_o: 3.2775e-05
                time_check_in_c: 2.2326e-05
                time_add_parent: 4.5757e-05
                num_neighbors: 2735
                time_add_neighbors_to_o: 0.00124776
    timing_PIOW_overlapping:
        total_PIOW: 1.0072e-05
        num_windows: 128
        time_check_overlap: 6.488e-06
        num_overlapping_windows: 0
        time_merge_windows: 0
        time_remove_window: 0
        time_remove_window: 0
        timing_PlanIn:
            total_PlanIn:0
            num_until_goal_expanded:0
            timing_expansions:
                total_S3Exp: 0
                time_top_o: 0
                time_check_in_c: 0
                time_add_parent: 0
                num_neighbors: 0
                time_add_neighbors_to_o: 0
    num_new_collisions: 6
    timing_PIOW_new_collisions:
        total_PIOW: 0.448583
        num_windows: 27
        time_check_overlap: 2.076e-06
        num_overlapping_windows: 3
        time_merge_windows: 0
        time_remove_window: 0.168857
        time_remove_window: 2.026e-06
        timing_PlanIn:
            total_PlanIn:0.448567
            num_until_goal_expanded:7705
            timing_expansions:
                total_S3Exp: 0.448546
                time_top_o: 0.00332838
                time_check_in_c: 0.00163633
                time_add_parent: 0.00285808
                num_neighbors: 648280
                time_add_neighbors_to_o: 0.411035
    num_windows_should_quit: 0
    time_should_quit: 2.449e-06
    time_remove_window: 0
Complete!
