Total time: 249.881
is_optimal: false
optimality_bound: 1.00318
successive_bounds: [1.00318, 1.00318, 1.00318, 1.00318, 1.00318, 1.00318, 1.00318, 1.00318, 1.00318, 1.00318, 1.00318, 1.00318, 1.00318, 1.00318]
successive_runtimes: [1.21432, 2.62516, 3.72363, 6.33945, 8.28753, 10.2601, 35.3903, 66.2614, 104.549, 124.677, 141.915, 178.508, 197.507, 249.881]
num_agents: 20
time_individual_plan: 0.0104395
time_first_plan: 1.2024
num_max_agents_in_window_first_iteration: 4
num_recWAMPF: 14
timing_recWAMPF:
    total_RecWAMPF: 249.869
    num_windows: 27
    num_max_agents_in_window: 4
    timing_gari:
        total_GARI: 248.665
        time_path_btw_starts: 0.000177643
        Stage1:
            total_Stage1:123.017
            time_add_x_to_o: 5.51074
            time_clear_x: 2.06309
            timing_AStarSearchUntil:
                total_astar_search_until:115.443
                num_values_f_less_fmax:350490
                ASU Exp:
                    total_ASUExp:115.443
                    time_top_o:0.909339
                    time_check_in_c:0.273593
                    time_add_parent:0.486219
                    num_neighbors:138788120
                    time_add_neighbors_to_o:112.403
        Stage2:
            total_Stage2:21.2684
            num_len_path:28
            time_expanding_s:8.2903e-05
            timing_AStarSearchUntil:
                total_astar_search_until:21.2683
                num_values_f_less_fmax:64499
                ASU Exp:
                    total_ASUExp:21.2683
                    time_top_o:0.15117
                    time_check_in_c:0.0260494
                    time_add_parent:0.0641183
                    num_neighbors:26132607
                    time_add_neighbors_to_o:20.785
        Stage3:
            total_Stage3:104.379
            num_until_goal_expanded:196502
            timing_S3Exp:
                total_S3Exp: 62.0306
                time_top_o: 0.511651
                time_check_in_c: 0.127417
                time_add_parent: 0.242915
                num_neighbors: 75000975
                time_add_neighbors_to_o: 60.4461
    timing_PIOW_overlapping:
        total_PIOW: 1.42e-06
        num_windows: 13
        time_check_overlap: 0
        num_overlapping_windows: 0
        time_merge_windows: 0
        time_remove_window: 0
        time_remove_window: 0
        timing_PlanIn:
            total_PlanIn:0
            num_until_goal_expanded:0
            timing_expansions:
                total_S3Exp: 0
                time_top_o: 0
                time_check_in_c: 0
                time_add_parent: 0
                num_neighbors: 0
                time_add_neighbors_to_o: 0
    num_new_collisions: 3
    timing_PIOW_new_collisions:
        total_PIOW: 1.20198
        num_windows: 2
        time_check_overlap: 6.5e-07
        num_overlapping_windows: 2
        time_merge_windows: 0
        time_remove_window: 0.04722
        time_remove_window: 2.252e-06
        timing_PlanIn:
            total_PlanIn:1.20196
            num_until_goal_expanded:3764
            timing_expansions:
                total_S3Exp: 1.20193
                time_top_o: 0.00702905
                time_check_in_c: 0.00165975
                time_add_parent: 0.00389749
                num_neighbors: 1348830
                time_add_neighbors_to_o: 1.12112
    num_windows_should_quit: 0
    time_should_quit: 2.624e-06
    time_remove_window: 0
Complete!
