Total time: 3.50463
is_optimal: false
optimality_bound: 1.00063
successive_bounds: [1.00505, 1.00505, 1.00505, 1.00442, 1.00442, 1.00442, 1.00442, 1.00316, 1.00316, 1.00316, 1.00316, 1.00316, 1.00316, 1.00316, 1.00316, 1.00316, 1.00316, 1.00316, 1.00316, 1.00316, 1.00316, 1.00316, 1.00316, 1.00063]
successive_runtimes: [0.00614304, 0.00796538, 0.0099616, 0.01341, 0.0183993, 0.0233776, 0.0275787, 0.0320426, 0.0731997, 0.157078, 0.305231, 0.552068, 0.883531, 1.29526, 1.72079, 2.05345, 2.35931, 2.61365, 2.81584, 2.97372, 3.10712, 3.23488, 3.36188, 3.50463]
num_agents: 30
time_individual_plan: 0.00422456
time_first_plan: 0.00131616
num_max_agents_in_window_first_iteration: 2
num_recWAMPF: 24
timing_recWAMPF:
    total_RecWAMPF: 3.49979
    num_windows: 173
    num_max_agents_in_window: 3
    timing_gari:
        total_GARI: 3.45277
        time_path_btw_starts: 0.0070127
        Stage1:
            total_Stage1:1.95209
            time_add_x_to_o: 0.592725
            time_clear_x: 0.28792
            timing_AStarSearchUntil:
                total_astar_search_until:1.07143
                num_values_f_less_fmax:49484
                ASU Exp:
                    total_ASUExp:1.07143
                    time_top_o:0.0487555
                    time_check_in_c:0.0172574
                    time_add_parent:0.0103932
                    num_neighbors:2037143
                    time_add_neighbors_to_o:0.952662
        Stage2:
            total_Stage2:0.0693356
            num_len_path:145
            time_expanding_s:8.492e-05
            timing_AStarSearchUntil:
                total_astar_search_until:0.0691686
                num_values_f_less_fmax:1232
                ASU Exp:
                    total_ASUExp:0.0691647
                    time_top_o:0.000632022
                    time_check_in_c:0.000261519
                    time_add_parent:0.000464888
                    num_neighbors:130201
                    time_add_neighbors_to_o:0.0658822
        Stage3:
            total_Stage3:1.42377
            num_until_goal_expanded:14713
            timing_S3Exp:
                total_S3Exp: 0.266246
                time_top_o: 0.00797718
                time_check_in_c: 0.00250597
                time_add_parent: 0.00815415
                num_neighbors: 428584
                time_add_neighbors_to_o: 0.189854
    timing_PIOW_overlapping:
        total_PIOW: 0.0403552
        num_windows: 355
        time_check_overlap: 1.8008e-05
        num_overlapping_windows: 3
        time_merge_windows: 4.065e-06
        time_remove_window: 7.39e-07
        time_remove_window: 3.915e-06
        timing_PlanIn:
            total_PlanIn:0.0403176
            num_until_goal_expanded:956
            timing_expansions:
                total_S3Exp: 0.0403105
                time_top_o: 0.000290537
                time_check_in_c: 0.000167899
                time_add_parent: 0.000254141
                num_neighbors: 81729
                time_add_neighbors_to_o: 0.0362331
    num_new_collisions: 6
    timing_PIOW_new_collisions:
        total_PIOW: 0.000705754
        num_windows: 30
        time_check_overlap: 1.09e-06
        num_overlapping_windows: 0
        time_merge_windows: 0
        time_remove_window: 0
        time_remove_window: 1.746e-06
        timing_PlanIn:
            total_PlanIn:0.00069709
            num_until_goal_expanded:105
            timing_expansions:
                total_S3Exp: 0.000687578
                time_top_o: 1.3124e-05
                time_check_in_c: 1.8759e-05
                time_add_parent: 2.7391e-05
                num_neighbors: 986
                time_add_neighbors_to_o: 0.000464531
    num_windows_should_quit: 1
    time_should_quit: 1.0844e-05
    time_remove_window: 3.2e-07
Complete!
