Total time: 3.85762
is_optimal: false
optimality_bound: 1.00154
successive_bounds: [1.00369, 1.00246, 1.00185, 1.00185, 1.00185, 1.00154, 1.00154, 1.00154, 1.00154, 1.00154, 1.00154, 1.00154, 1.00154, 1.00154]
successive_runtimes: [1.46222, 2.16078, 2.84372, 3.67816, 3.68458, 3.7033, 3.71718, 3.73362, 3.74535, 3.75752, 3.77972, 3.79584, 3.81763, 3.85762]
num_agents: 50
time_individual_plan: 0.00804708
time_first_plan: 1.45348
num_max_agents_in_window_first_iteration: 4
num_recWAMPF: 14
timing_recWAMPF:
    total_RecWAMPF: 3.84888
    num_windows: 126
    num_max_agents_in_window: 5
    timing_gari:
        total_GARI: 1.73703
        time_path_btw_starts: 0.000829268
        Stage1:
            total_Stage1:0.238127
            time_add_x_to_o: 0.175371
            time_clear_x: 0.0320731
            timing_AStarSearchUntil:
                total_astar_search_until:0.0306704
                num_values_f_less_fmax:1432
                ASU Exp:
                    total_ASUExp:0.0306654
                    time_top_o:0.000911249
                    time_check_in_c:0.000721344
                    time_add_parent:0.000507796
                    num_neighbors:51630
                    time_add_neighbors_to_o:0.0271056
        Stage2:
            total_Stage2:0.0346463
            num_len_path:106
            time_expanding_s:0.00192689
            timing_AStarSearchUntil:
                total_astar_search_until:0.0326363
                num_values_f_less_fmax:284
                ASU Exp:
                    total_ASUExp:0.0326329
                    time_top_o:0.000166674
                    time_check_in_c:6.9273e-05
                    time_add_parent:0.000131116
                    num_neighbors:43308
                    time_add_neighbors_to_o:0.0255259
        Stage3:
            total_Stage3:1.46304
            num_until_goal_expanded:4133
            timing_S3Exp:
                total_S3Exp: 1.00765
                time_top_o: 0.00388312
                time_check_in_c: 0.00169541
                time_add_parent: 0.00305799
                num_neighbors: 977152
                time_add_neighbors_to_o: 0.964381
    timing_PIOW_overlapping:
        total_PIOW: 0.638745
        num_windows: 324
        time_check_overlap: 2.2629e-05
        num_overlapping_windows: 4
        time_merge_windows: 8.923e-06
        time_remove_window: 1.526e-06
        time_remove_window: 8.655e-06
        timing_PlanIn:
            total_PlanIn:0.638685
            num_until_goal_expanded:2174
            timing_expansions:
                total_S3Exp: 0.63867
                time_top_o: 0.00157292
                time_check_in_c: 0.0005472
                time_add_parent: 0.00120895
                num_neighbors: 772988
                time_add_neighbors_to_o: 0.603605
    num_new_collisions: 12
    timing_PIOW_new_collisions:
        total_PIOW: 1.46302
        num_windows: 116
        time_check_overlap: 5.481e-06
        num_overlapping_windows: 4
        time_merge_windows: 2.65e-06
        time_remove_window: 2.25176
        time_remove_window: 6.13e-06
        timing_PlanIn:
            total_PlanIn:1.46298
            num_until_goal_expanded:21298
            timing_expansions:
                total_S3Exp: 0.209826
                time_top_o: 0.0236264
                time_check_in_c: 0.00690598
                time_add_parent: 0.0135792
                num_neighbors: 1608417
                time_add_neighbors_to_o: 1.11119
    num_windows_should_quit: 0
    time_should_quit: 1.2271e-05
    time_remove_window: 0
Complete!
