Total time: 28.361
is_optimal: false
optimality_bound: 1.00251
successive_bounds: [1.02232, 1.00391, 1.00335, 1.00279, 1.00251]
successive_runtimes: [0.0354913, 0.0834907, 0.115074, 0.12906, 28.361]
num_agents: 60
time_individual_plan: 0.0172876
time_first_plan: 0.0174909
num_max_agents_in_window_first_iteration: 3
num_recWAMPF: 5
timing_recWAMPF:
    total_RecWAMPF: 28.343
    num_windows: 106
    num_max_agents_in_window: 6
    timing_gari:
        total_GARI: 0.100116
        time_path_btw_starts: 0.000537202
        Stage1:
            total_Stage1:0.0709661
            time_add_x_to_o: 0.0272224
            time_clear_x: 0.0044393
            timing_AStarSearchUntil:
                total_astar_search_until:0.0392965
                num_values_f_less_fmax:5254
                ASU Exp:
                    total_ASUExp:0.0392935
                    time_top_o:0.00234078
                    time_check_in_c:0.00148153
                    time_add_parent:0.00092695
                    num_neighbors:59660
                    time_add_neighbors_to_o:0.0303075
        Stage2:
            total_Stage2:0.00328556
            num_len_path:98
            time_expanding_s:9.1548e-05
            timing_AStarSearchUntil:
                total_astar_search_until:0.00315021
                num_values_f_less_fmax:213
                ASU Exp:
                    total_ASUExp:0.00314779
                    time_top_o:8.0434e-05
                    time_check_in_c:5.2743e-05
                    time_add_parent:9.8532e-05
                    num_neighbors:5600
                    time_add_neighbors_to_o:0.00262428
        Stage3:
            total_Stage3:0.0250528
            num_until_goal_expanded:1142
            timing_S3Exp:
                total_S3Exp: 0.0128805
                time_top_o: 0.000445648
                time_check_in_c: 0.000291311
                time_add_parent: 0.000497524
                num_neighbors: 12458
                time_add_neighbors_to_o: 0.00718877
    timing_PIOW_overlapping:
        total_PIOW: 0.985964
        num_windows: 587
        time_check_overlap: 2.5914e-05
        num_overlapping_windows: 1
        time_merge_windows: 2.398e-06
        time_remove_window: 3.77e-07
        time_remove_window: 2.341e-06
        timing_PlanIn:
            total_PlanIn:0.985911
            num_until_goal_expanded:5656
            timing_expansions:
                total_S3Exp: 0.985907
                time_top_o: 0.00724752
                time_check_in_c: 0.00256922
                time_add_parent: 0.00348586
                num_neighbors: 1349255
                time_add_neighbors_to_o: 0.912453
    num_new_collisions: 18
    timing_PIOW_new_collisions:
        total_PIOW: 27.2491
        num_windows: 260
        time_check_overlap: 1.7898e-05
        num_overlapping_windows: 7
        time_merge_windows: 1.779e-06
        time_remove_window: 13.6353
        time_remove_window: 1.9904e-05
        timing_PlanIn:
            total_PlanIn:27.249
            num_until_goal_expanded:18570
            timing_expansions:
                total_S3Exp: 27.2489
                time_top_o: 0.0485463
                time_check_in_c: 0.0142472
                time_add_parent: 0.0172726
                num_neighbors: 32906918
                time_add_neighbors_to_o: 25.9824
    num_windows_should_quit: 0
    time_should_quit: 1.3319e-05
    time_remove_window: 0
Complete!
