Total time: 5.78864
is_optimal: false
optimality_bound: 1.00037
successive_bounds: [1.00367, 1.00367, 1.00294, 1.00294, 1.0022, 1.0022, 1.0022, 1.0022, 1.0022, 1.00147, 1.00147, 1.00147, 1.00073, 1.00073, 1.00073, 1.00073, 1.00073, 1.00073, 1.00073, 1.00073, 1.00073, 1.00073, 1.00037, 1.00037]
successive_runtimes: [0.00876984, 0.0104402, 0.012, 0.013674, 0.0154438, 0.0174969, 0.0195559, 0.0217247, 0.0240725, 0.0267189, 0.0551494, 0.0781088, 0.122705, 0.165865, 0.200921, 0.240185, 0.28345, 0.369305, 1.05298, 1.59222, 2.30028, 3.38118, 4.4243, 5.78864]
num_agents: 40
time_individual_plan: 0.0060295
time_first_plan: 0.00207862
num_max_agents_in_window_first_iteration: 2
num_recWAMPF: 24
timing_recWAMPF:
    total_RecWAMPF: 5.78194
    num_windows: 291
    num_max_agents_in_window: 4
    timing_gari:
        total_GARI: 5.73008
        time_path_btw_starts: 0.000857235
        Stage1:
            total_Stage1:3.21485
            time_add_x_to_o: 0.821268
            time_clear_x: 0.24433
            timing_AStarSearchUntil:
                total_astar_search_until:2.14923
                num_values_f_less_fmax:42729
                ASU Exp:
                    total_ASUExp:2.14922
                    time_top_o:0.0538833
                    time_check_in_c:0.0190752
                    time_add_parent:0.0328961
                    num_neighbors:3094476
                    time_add_neighbors_to_o:1.99568
        Stage2:
            total_Stage2:0.58815
            num_len_path:270
            time_expanding_s:0.000183321
            timing_AStarSearchUntil:
                total_astar_search_until:0.58781
                num_values_f_less_fmax:7513
                ASU Exp:
                    total_ASUExp:0.587802
                    time_top_o:0.0039464
                    time_check_in_c:0.00173893
                    time_add_parent:0.00423494
                    num_neighbors:850170
                    time_add_neighbors_to_o:0.565273
        Stage3:
            total_Stage3:1.92615
            num_until_goal_expanded:18611
            timing_S3Exp:
                total_S3Exp: 0.374798
                time_top_o: 0.0130737
                time_check_in_c: 0.00361104
                time_add_parent: 0.010601
                num_neighbors: 668028
                time_add_neighbors_to_o: 0.318215
    timing_PIOW_overlapping:
        total_PIOW: 0.0316989
        num_windows: 906
        time_check_overlap: 5.1563e-05
        num_overlapping_windows: 2
        time_merge_windows: 3.585e-06
        time_remove_window: 8.32e-07
        time_remove_window: 3.457e-06
        timing_PlanIn:
            total_PlanIn:0.0316043
            num_until_goal_expanded:444
            timing_expansions:
                total_S3Exp: 0.0315992
                time_top_o: 0.000161133
                time_check_in_c: 0.000100594
                time_add_parent: 0.000164029
                num_neighbors: 43763
                time_add_neighbors_to_o: 0.0289456
    num_new_collisions: 8
    timing_PIOW_new_collisions:
        total_PIOW: 0.0103125
        num_windows: 52
        time_check_overlap: 2.567e-06
        num_overlapping_windows: 1
        time_merge_windows: 0
        time_remove_window: 1.58392
        time_remove_window: 3.836e-06
        timing_PlanIn:
            total_PlanIn:0.0102929
            num_until_goal_expanded:156
            timing_expansions:
                total_S3Exp: 0.0102747
                time_top_o: 4.1331e-05
                time_check_in_c: 3.7937e-05
                time_add_parent: 5.4399e-05
                num_neighbors: 11817
                time_add_neighbors_to_o: 0.0094963
    num_windows_should_quit: 1
    time_should_quit: 1.665e-05
    time_remove_window: 3.63e-07
Complete!
