Total time: 0.132221
is_optimal: false
optimality_bound: 1.00481
successive_bounds: [1.00674, 1.00674, 1.00546, 1.00481, 1.00481, 1.00481]
successive_runtimes: [0.0178033, 0.0223193, 0.0476245, 0.0953103, 0.113474, 0.132221]
num_agents: 50
time_individual_plan: 0.01334
time_first_plan: 0.00376801
num_max_agents_in_window_first_iteration: 2
num_recWAMPF: 6
timing_recWAMPF:
    total_RecWAMPF: 0.118182
    num_windows: 132
    num_max_agents_in_window: 3
    timing_gari:
        total_GARI: 0.0926046
        time_path_btw_starts: 0.000436998
        Stage1:
            total_Stage1:0.0527357
            time_add_x_to_o: 0.0139298
            time_clear_x: 0.00178036
            timing_AStarSearchUntil:
                total_astar_search_until:0.0370164
                num_values_f_less_fmax:2582
                ASU Exp:
                    total_ASUExp:0.0370127
                    time_top_o:0.00140803
                    time_check_in_c:0.000640126
                    time_add_parent:0.000780115
                    num_neighbors:52038
                    time_add_neighbors_to_o:0.03181
        Stage2:
            total_Stage2:0.0194975
            num_len_path:118
            time_expanding_s:9.5108e-05
            timing_AStarSearchUntil:
                total_astar_search_until:0.0193405
                num_values_f_less_fmax:563
                ASU Exp:
                    total_ASUExp:0.0193373
                    time_top_o:0.000280775
                    time_check_in_c:0.000127055
                    time_add_parent:0.000251788
                    num_neighbors:32106
                    time_add_neighbors_to_o:0.0177559
        Stage3:
            total_Stage3:0.0199028
            num_until_goal_expanded:894
            timing_S3Exp:
                total_S3Exp: 0.0071187
                time_top_o: 0.000307437
                time_check_in_c: 0.000187873
                time_add_parent: 0.000369042
                num_neighbors: 7911
                time_add_neighbors_to_o: 0.00483003
    timing_PIOW_overlapping:
        total_PIOW: 5.6601e-05
        num_windows: 720
        time_check_overlap: 3.2567e-05
        num_overlapping_windows: 0
        time_merge_windows: 0
        time_remove_window: 0
        time_remove_window: 0
        timing_PlanIn:
            total_PlanIn:0
            num_until_goal_expanded:0
            timing_expansions:
                total_S3Exp: 0
                time_top_o: 0
                time_check_in_c: 0
                time_add_parent: 0
                num_neighbors: 0
                time_add_neighbors_to_o: 0
    num_new_collisions: 13
    timing_PIOW_new_collisions:
        total_PIOW: 0.0206689
        num_windows: 164
        time_check_overlap: 6.857e-06
        num_overlapping_windows: 1
        time_merge_windows: 0
        time_remove_window: 0.0284963
        time_remove_window: 5.446e-06
        timing_PlanIn:
            total_PlanIn:0.0206354
            num_until_goal_expanded:681
            timing_expansions:
                total_S3Exp: 0.0206088
                time_top_o: 0.000350153
                time_check_in_c: 0.000145948
                time_add_parent: 0.000228665
                num_neighbors: 35688
                time_add_neighbors_to_o: 0.0177181
    num_windows_should_quit: 0
    time_should_quit: 1.8014e-05
    time_remove_window: 0
Complete!
