Total time: 7.68791
is_optimal: false
optimality_bound: 1.00154
successive_bounds: [1.00386, 1.00386, 1.00386, 1.00386, 1.00386, 1.00386, 1.00309, 1.00309, 1.00232, 1.00232, 1.00154]
successive_runtimes: [0.00877653, 0.0106333, 0.012687, 0.0148607, 0.0169921, 0.0193632, 0.0217604, 0.023827, 0.0874826, 0.203768, 7.68791]
num_agents: 40
time_individual_plan: 0.00605107
time_first_plan: 0.00216562
num_max_agents_in_window_first_iteration: 2
num_recWAMPF: 11
timing_recWAMPF:
    total_RecWAMPF: 7.68129
    num_windows: 117
    num_max_agents_in_window: 4
    timing_gari:
        total_GARI: 0.286405
        time_path_btw_starts: 0.000309587
        Stage1:
            total_Stage1:0.179854
            time_add_x_to_o: 0.0533585
            time_clear_x: 0.0111024
            timing_AStarSearchUntil:
                total_astar_search_until:0.115386
                num_values_f_less_fmax:3952
                ASU Exp:
                    total_ASUExp:0.115382
                    time_top_o:0.00341385
                    time_check_in_c:0.00815498
                    time_add_parent:0.00131631
                    num_neighbors:213784
                    time_add_neighbors_to_o:0.0972497
        Stage2:
            total_Stage2:0.0038263
            num_len_path:114
            time_expanding_s:6.2798e-05
            timing_AStarSearchUntil:
                total_astar_search_until:0.0037294
                num_values_f_less_fmax:296
                ASU Exp:
                    total_ASUExp:0.00372691
                    time_top_o:8.4898e-05
                    time_check_in_c:5.5289e-05
                    time_add_parent:9.0923e-05
                    num_neighbors:7966
                    time_add_neighbors_to_o:0.00318881
        Stage3:
            total_Stage3:0.101564
            num_until_goal_expanded:4485
            timing_S3Exp:
                total_S3Exp: 0.0662472
                time_top_o: 0.00198845
                time_check_in_c: 0.000654197
                time_add_parent: 0.00133136
                num_neighbors: 122673
                time_add_neighbors_to_o: 0.0571196
    timing_PIOW_overlapping:
        total_PIOW: 0.284618
        num_windows: 337
        time_check_overlap: 1.2041e-05
        num_overlapping_windows: 3
        time_merge_windows: 6.23e-06
        time_remove_window: 1.083e-06
        time_remove_window: 6.02e-06
        timing_PlanIn:
            total_PlanIn:0.284581
            num_until_goal_expanded:6194
            timing_expansions:
                total_S3Exp: 0.284573
                time_top_o: 0.00356541
                time_check_in_c: 0.00116179
                time_add_parent: 0.00196003
                num_neighbors: 544174
                time_add_neighbors_to_o: 0.255271
    num_new_collisions: 7
    timing_PIOW_new_collisions:
        total_PIOW: 7.10454
        num_windows: 37
        time_check_overlap: 1.995e-06
        num_overlapping_windows: 1
        time_merge_windows: 0
        time_remove_window: 0.584348
        time_remove_window: 2.586e-06
        timing_PlanIn:
            total_PlanIn:7.10453
            num_until_goal_expanded:22287
            timing_expansions:
                total_S3Exp: 7.10451
                time_top_o: 0.0390315
                time_check_in_c: 0.00759158
                time_add_parent: 0.0129857
                num_neighbors: 12095487
                time_add_neighbors_to_o: 6.70025
    num_windows_should_quit: 0
    time_should_quit: 3.897e-06
    time_remove_window: 0
Complete!
