Total time: 4.00429
is_optimal: true
optimality_bound: 1
successive_bounds: [1.00241, 1.00172, 1.00103, 1.00103, 1.00103, 1.00103, 1.00103, 1.00103, 1.00103, 1.00069, 1.00069, 1.00069, 1.00069, 1.00069, 1.00069, 1.00069, 1.00069, 1.00069, 1.00069, 1, 1]
successive_runtimes: [0.025043, 0.0294268, 0.0324737, 0.0352515, 0.038007, 0.0404558, 1.37337, 2.45227, 2.5827, 2.71301, 2.84317, 2.97122, 3.09965, 3.22836, 3.357, 3.48708, 3.61618, 3.74487, 3.87391, 4.00428]
num_agents: 50
time_individual_plan: 0.0122742
time_first_plan: 0.0117685
num_max_agents_in_window_first_iteration: 2
num_recWAMPF: 20
timing_recWAMPF:
    total_RecWAMPF: 3.99101
    num_windows: 256
    num_max_agents_in_window: 5
    timing_gari:
        total_GARI: 2.63303
        time_path_btw_starts: 0.000915319
        Stage1:
            total_Stage1:0.784678
            time_add_x_to_o: 0.652424
            time_clear_x: 0.125399
            timing_AStarSearchUntil:
                total_astar_search_until:0.0068368
                num_values_f_less_fmax:2479
                ASU Exp:
                    total_ASUExp:0.00682888
                    time_top_o:0.000820427
                    time_check_in_c:0.00061227
                    time_add_parent:0.000368162
                    num_neighbors:11637
                    time_add_neighbors_to_o:0.00419722
        Stage2:
            total_Stage2:0.0368413
            num_len_path:226
            time_expanding_s:0.000806284
            timing_AStarSearchUntil:
                total_astar_search_until:0.0359083
                num_values_f_less_fmax:583
                ASU Exp:
                    total_ASUExp:0.0359023
                    time_top_o:0.000207594
                    time_check_in_c:0.000166537
                    time_add_parent:0.000223162
                    num_neighbors:63405
                    time_add_neighbors_to_o:0.0311772
        Stage3:
            total_Stage3:1.81042
            num_until_goal_expanded:2069
            timing_S3Exp:
                total_S3Exp: 0.179702
                time_top_o: 0.00050374
                time_check_in_c: 0.000268976
                time_add_parent: 0.000496704
                num_neighbors: 11005
                time_add_neighbors_to_o: 0.00457549
    timing_PIOW_overlapping:
        total_PIOW: 1.33118
        num_windows: 841
        time_check_overlap: 3.7626e-05
        num_overlapping_windows: 2
        time_merge_windows: 4.133e-06
        time_remove_window: 9.5e-07
        time_remove_window: 3.988e-06
        timing_PlanIn:
            total_PlanIn:1.3311
            num_until_goal_expanded:1334
            timing_expansions:
                total_S3Exp: 1.3311
                time_top_o: 0.000941558
                time_check_in_c: 0.000361852
                time_add_parent: 0.000601745
                num_neighbors: 2101848
                time_add_neighbors_to_o: 1.27384
    num_new_collisions: 9
    timing_PIOW_new_collisions:
        total_PIOW: 0.0073622
        num_windows: 74
        time_check_overlap: 4.096e-06
        num_overlapping_windows: 1
        time_merge_windows: 0
        time_remove_window: 0.028055
        time_remove_window: 7.457e-06
        timing_PlanIn:
            total_PlanIn:0.00733274
            num_until_goal_expanded:329
            timing_expansions:
                total_S3Exp: 0.00729067
                time_top_o: 0.000106667
                time_check_in_c: 0.000115541
                time_add_parent: 0.000160855
                num_neighbors: 5928
                time_add_neighbors_to_o: 0.0059331
    num_windows_should_quit: 0
    time_should_quit: 1.5292e-05
    time_remove_window: 0
Complete!
