Total time: 0.719206
is_optimal: false
optimality_bound: 1.00352
successive_bounds: [1.02819, 1.00705, 1.00512, 1.00416, 1.00416, 1.00416, 1.00352, 1.00352, 1.00352, 1.00352, 1.00352, 1.00352, 1.00352, 1.00352, 1.00352, 1.00352, 1.00352, 1.00352, 1.00352, 1.00352]
successive_runtimes: [0.0239322, 0.0690906, 0.112182, 0.30276, 0.401901, 0.60173, 0.625541, 0.638593, 0.643658, 0.65014, 0.658463, 0.66763, 0.674061, 0.681458, 0.687739, 0.692849, 0.699728, 0.704607, 0.712291, 0.719206]
num_agents: 50
time_individual_plan: 0.0119777
time_first_plan: 0.011246
num_max_agents_in_window_first_iteration: 2
num_recWAMPF: 20
timing_recWAMPF:
    total_RecWAMPF: 0.706511
    num_windows: 219
    num_max_agents_in_window: 4
    timing_gari:
        total_GARI: 0.472734
        time_path_btw_starts: 0.000988364
        Stage1:
            total_Stage1:0.282758
            time_add_x_to_o: 0.0913246
            time_clear_x: 0.0216577
            timing_AStarSearchUntil:
                total_astar_search_until:0.169755
                num_values_f_less_fmax:5939
                ASU Exp:
                    total_ASUExp:0.169747
                    time_top_o:0.00371209
                    time_check_in_c:0.0027951
                    time_add_parent:0.00123405
                    num_neighbors:238091
                    time_add_neighbors_to_o:0.155385
        Stage2:
            total_Stage2:0.0217711
            num_len_path:187
            time_expanding_s:0.000577521
            timing_AStarSearchUntil:
                total_astar_search_until:0.021054
                num_values_f_less_fmax:261
                ASU Exp:
                    total_ASUExp:0.0210481
                    time_top_o:0.000130635
                    time_check_in_c:8.5602e-05
                    time_add_parent:0.000160829
                    num_neighbors:37214
                    time_add_neighbors_to_o:0.0199958
        Stage3:
            total_Stage3:0.167128
            num_until_goal_expanded:1335
            timing_S3Exp:
                total_S3Exp: 0.0705784
                time_top_o: 0.000809478
                time_check_in_c: 0.000542522
                time_add_parent: 0.00101781
                num_neighbors: 85403
                time_add_neighbors_to_o: 0.0648684
    timing_PIOW_overlapping:
        total_PIOW: 0.21102
        num_windows: 873
        time_check_overlap: 4.3883e-05
        num_overlapping_windows: 11
        time_merge_windows: 2.0134e-05
        time_remove_window: 4.286e-06
        time_remove_window: 1.9438e-05
        timing_PlanIn:
            total_PlanIn:0.210895
            num_until_goal_expanded:1148
            timing_expansions:
                total_S3Exp: 0.210863
                time_top_o: 0.000640285
                time_check_in_c: 0.000323851
                time_add_parent: 0.00055023
                num_neighbors: 268926
                time_add_neighbors_to_o: 0.197442
    num_new_collisions: 15
    timing_PIOW_new_collisions:
        total_PIOW: 0.0083654
        num_windows: 210
        time_check_overlap: 9.053e-06
        num_overlapping_windows: 0
        time_merge_windows: 0
        time_remove_window: 0
        time_remove_window: 1.1303e-05
        timing_PlanIn:
            total_PlanIn:0.00831555
            num_until_goal_expanded:600
            timing_expansions:
                total_S3Exp: 0.00827566
                time_top_o: 0.000109764
                time_check_in_c: 0.000134223
                time_add_parent: 0.000194971
                num_neighbors: 11921
                time_add_neighbors_to_o: 0.00665318
    num_windows_should_quit: 0
    time_should_quit: 3.8483e-05
    time_remove_window: 0
Complete!
