Total time: 0.759785
is_optimal: false
optimality_bound: 1.00247
successive_bounds: [1.0155, 1.01479, 1.00352, 1.00352, 1.00352, 1.00282, 1.00282, 1.00282, 1.00282, 1.00282, 1.00247]
successive_runtimes: [0.0179563, 0.0315887, 0.0681851, 0.0725519, 0.0769216, 0.0847292, 0.0893977, 0.0934088, 0.0978551, 0.135987, 0.759785]
num_agents: 40
time_individual_plan: 0.0125538
time_first_plan: 0.00474194
num_max_agents_in_window_first_iteration: 2
num_recWAMPF: 11
timing_recWAMPF:
    total_RecWAMPF: 0.746567
    num_windows: 171
    num_max_agents_in_window: 5
    timing_gari:
        total_GARI: 0.108197
        time_path_btw_starts: 0.000561962
        Stage1:
            total_Stage1:0.0793374
            time_add_x_to_o: 0.0186682
            time_clear_x: 0.00244884
            timing_AStarSearchUntil:
                total_astar_search_until:0.034614
                num_values_f_less_fmax:8778
                ASU Exp:
                    total_ASUExp:0.0346094
                    time_top_o:0.00337
                    time_check_in_c:0.00170945
                    time_add_parent:0.00133598
                    num_neighbors:96368
                    time_add_neighbors_to_o:0.0458943
        Stage2:
            total_Stage2:0.00656073
            num_len_path:174
            time_expanding_s:0.000105375
            timing_AStarSearchUntil:
                total_astar_search_until:0.00639758
                num_values_f_less_fmax:337
                ASU Exp:
                    total_ASUExp:0.00639365
                    time_top_o:0.000100095
                    time_check_in_c:7.7118e-05
                    time_add_parent:0.000114706
                    num_neighbors:12186
                    time_add_neighbors_to_o:0.00565156
        Stage3:
            total_Stage3:0.0171751
            num_until_goal_expanded:1422
            timing_S3Exp:
                total_S3Exp: 0.00932764
                time_top_o: 0.000377529
                time_check_in_c: 0.000256234
                time_add_parent: 0.000427298
                num_neighbors: 12860
                time_add_neighbors_to_o: 0.00629481
    timing_PIOW_overlapping:
        total_PIOW: 0.0620169
        num_windows: 739
        time_check_overlap: 3.4878e-05
        num_overlapping_windows: 5
        time_merge_windows: 8.111e-06
        time_remove_window: 1.626e-06
        time_remove_window: 7.706e-06
        timing_PlanIn:
            total_PlanIn:0.0619397
            num_until_goal_expanded:1488
            timing_expansions:
                total_S3Exp: 0.061927
                time_top_o: 0.000512275
                time_check_in_c: 0.00030426
                time_add_parent: 0.000508051
                num_neighbors: 100637
                time_add_neighbors_to_o: 0.0548996
    num_new_collisions: 14
    timing_PIOW_new_collisions:
        total_PIOW: 0.565859
        num_windows: 148
        time_check_overlap: 8.11e-06
        num_overlapping_windows: 4
        time_merge_windows: 0
        time_remove_window: 0.765566
        time_remove_window: 5.067e-06
        timing_PlanIn:
            total_PlanIn:0.565799
            num_until_goal_expanded:1669
            timing_expansions:
                total_S3Exp: 0.565764
                time_top_o: 0.000766554
                time_check_in_c: 0.000389071
                time_add_parent: 0.000606607
                num_neighbors: 847288
                time_add_neighbors_to_o: 0.534326
    num_windows_should_quit: 0
    time_should_quit: 9.095e-06
    time_remove_window: 0
Complete!
