Total time: 0.139767
is_optimal: false
optimality_bound: 1.00372
successive_bounds: [1.00526, 1.00526, 1.00526, 1.00434, 1.00434, 1.00434, 1.00434, 1.00372, 1.00372, 1.00372, 1.00372, 1.00372, 1.00372, 1.00372, 1.00372, 1.00372, 1.00372, 1.00372, 1.00372, 1.00372, 1.00372, 1.00372, 1.00372, 1.00372, 1.00372, 1.00372, 1.00372, 1.00372]
successive_runtimes: [0.0099536, 0.0131461, 0.0168219, 0.0227857, 0.0243595, 0.0255464, 0.0267028, 0.0294945, 0.0307935, 0.0320472, 0.0332445, 0.0344422, 0.0497243, 0.0642846, 0.0690536, 0.0733347, 0.0776699, 0.0818435, 0.0879594, 0.0939404, 0.0994999, 0.104991, 0.110556, 0.116166, 0.121839, 0.127459, 0.134016, 0.139767]
num_agents: 50
time_individual_plan: 0.0053233
time_first_plan: 0.00411279
num_max_agents_in_window_first_iteration: 2
num_recWAMPF: 28
timing_recWAMPF:
    total_RecWAMPF: 0.133922
    num_windows: 96
    num_max_agents_in_window: 4
    timing_gari:
        total_GARI: 0.0930126
        time_path_btw_starts: 0.000198183
        Stage1:
            total_Stage1:0.0167218
            time_add_x_to_o: 0.0135049
            time_clear_x: 0.00216783
            timing_AStarSearchUntil:
                total_astar_search_until:0.00104269
                num_values_f_less_fmax:730
                ASU Exp:
                    total_ASUExp:0.00104021
                    time_top_o:0.000173579
                    time_check_in_c:0.000104397
                    time_add_parent:3.0342e-05
                    num_neighbors:1274
                    time_add_neighbors_to_o:0.000460702
        Stage2:
            total_Stage2:0.00504955
            num_len_path:65
            time_expanding_s:3.1926e-05
            timing_AStarSearchUntil:
                total_astar_search_until:0.00498617
                num_values_f_less_fmax:110
                ASU Exp:
                    total_ASUExp:0.00498415
                    time_top_o:2.8637e-05
                    time_check_in_c:2.3436e-05
                    time_add_parent:3.7655e-05
                    num_neighbors:12289
                    time_add_neighbors_to_o:0.00442355
        Stage3:
            total_Stage3:0.0710265
            num_until_goal_expanded:906
            timing_S3Exp:
                total_S3Exp: 0.0257429
                time_top_o: 0.000217488
                time_check_in_c: 0.000146056
                time_add_parent: 0.000252204
                num_neighbors: 36501
                time_add_neighbors_to_o: 0.0237923
    timing_PIOW_overlapping:
        total_PIOW: 0.00517823
        num_windows: 240
        time_check_overlap: 4.98e-06
        num_overlapping_windows: 8
        time_merge_windows: 5.535e-06
        time_remove_window: 1.204e-06
        time_remove_window: 5.194e-06
        timing_PlanIn:
            total_PlanIn:0.00515497
            num_until_goal_expanded:304
            timing_expansions:
                total_S3Exp: 0.00514052
                time_top_o: 4.6794e-05
                time_check_in_c: 5.3191e-05
                time_add_parent: 7.628e-05
                num_neighbors: 7788
                time_add_neighbors_to_o: 0.00438823
    num_new_collisions: 10
    timing_PIOW_new_collisions:
        total_PIOW: 0.0152706
        num_windows: 73
        time_check_overlap: 2.115e-06
        num_overlapping_windows: 1
        time_merge_windows: 0
        time_remove_window: 0.0356553
        time_remove_window: 6.016e-06
        timing_PlanIn:
            total_PlanIn:0.0152432
            num_until_goal_expanded:233
            timing_expansions:
                total_S3Exp: 0.015225
                time_top_o: 3.6623e-05
                time_check_in_c: 4.5123e-05
                time_add_parent: 6.1466e-05
                num_neighbors: 22875
                time_add_neighbors_to_o: 0.0141882
    num_windows_should_quit: 0
    time_should_quit: 4.177e-06
    time_remove_window: 0
Complete!
