Total time: 0.00688078
is_optimal: true
optimality_bound: 1
successive_bounds: [1.00152, 1.00152, 1.00152, 1.00152, 1.00152, 1.00152, 1.00152, 1.00152, 1.00152, 1.00152, 1.00152, 1.00152, 1.00152, 1.00152, 1.00152, 1.00152, 1.00152, 1.00152, 1, 1]
successive_runtimes: [0.00304674, 0.00325445, 0.0034561, 0.00365844, 0.00386643, 0.00407888, 0.00429167, 0.00450907, 0.00473046, 0.00492138, 0.00509243, 0.00526302, 0.00543115, 0.00560297, 0.00583694, 0.00601196, 0.00618931, 0.00636569, 0.00688075]
num_agents: 20
time_individual_plan: 0.00224136
time_first_plan: 0.000251005
num_max_agents_in_window_first_iteration: 2
num_recWAMPF: 19
timing_recWAMPF:
    total_RecWAMPF: 0.00408232
    num_windows: 37
    num_max_agents_in_window: 2
    timing_gari:
        total_GARI: 0.0022392
        time_path_btw_starts: 6.1598e-05
        Stage1:
            total_Stage1:0.000180968
            time_add_x_to_o: 0.000160001
            time_clear_x: 1.7156e-05
            timing_AStarSearchUntil:
                total_astar_search_until:1.734e-06
                num_values_f_less_fmax:0
                ASU Exp:
                    total_ASUExp:9.17e-07
                    time_top_o:0
                    time_check_in_c:0
                    time_add_parent:0
                    num_neighbors:0
                    time_add_neighbors_to_o:0
        Stage2:
            total_Stage2:0.0005685
            num_len_path:26
            time_expanding_s:1.1472e-05
            timing_AStarSearchUntil:
                total_astar_search_until:0.000547096
                num_values_f_less_fmax:42
                ASU Exp:
                    total_ASUExp:0.00054635
                    time_top_o:1.097e-05
                    time_check_in_c:8.163e-06
                    time_add_parent:1.3979e-05
                    num_neighbors:1050
                    time_add_neighbors_to_o:0.000429747
        Stage3:
            total_Stage3:0.00142246
            num_until_goal_expanded:87
            timing_S3Exp:
                total_S3Exp: 0.000812746
                time_top_o: 1.6689e-05
                time_check_in_c: 1.2209e-05
                time_add_parent: 1.9073e-05
                num_neighbors: 1106
                time_add_neighbors_to_o: 0.000612078
    timing_PIOW_overlapping:
        total_PIOW: 4.15e-07
        num_windows: 18
        time_check_overlap: 0
        num_overlapping_windows: 0
        time_merge_windows: 0
        time_remove_window: 0
        time_remove_window: 0
        timing_PlanIn:
            total_PlanIn:0
            num_until_goal_expanded:0
            timing_expansions:
                total_S3Exp: 0
                time_top_o: 0
                time_check_in_c: 0
                time_add_parent: 0
                num_neighbors: 0
                time_add_neighbors_to_o: 0
    num_new_collisions: 1
    timing_PIOW_new_collisions:
        total_PIOW: 0.00015079
        num_windows: 0
        time_check_overlap: 0
        num_overlapping_windows: 0
        time_merge_windows: 0
        time_remove_window: 0
        time_remove_window: 4.41e-07
        timing_PlanIn:
            total_PlanIn:0.000148645
            num_until_goal_expanded:10
            timing_expansions:
                total_S3Exp: 0.000145555
                time_top_o: 2.276e-06
                time_check_in_c: 2.32e-06
                time_add_parent: 3.547e-06
                num_neighbors: 210
                time_add_neighbors_to_o: 0.000117957
    num_windows_should_quit: 0
    time_should_quit: 7.63e-07
    time_remove_window: 0
Complete!
