Total time: 0.00850703
is_optimal: true
optimality_bound: 1
successive_bounds: [1.00174, 1.00174, 1.00174, 1.00174, 1.00174, 1.00174, 1.00174, 1.00174, 1.00174, 1.00174, 1.00174, 1.00174, 1.00174, 1, 1]
successive_runtimes: [0.00445169, 0.00476531, 0.00498242, 0.00529354, 0.00554736, 0.00575508, 0.00594989, 0.00615135, 0.00638488, 0.00659806, 0.00700924, 0.00736246, 0.00818984, 0.00850701]
num_agents: 20
time_individual_plan: 0.00352551
time_first_plan: 0.000296757
num_max_agents_in_window_first_iteration: 2
num_recWAMPF: 14
timing_recWAMPF:
    total_RecWAMPF: 0.00434911
    num_windows: 54
    num_max_agents_in_window: 2
    timing_gari:
        total_GARI: 0.00311251
        time_path_btw_starts: 0.000107974
        Stage1:
            total_Stage1:0.000437991
            time_add_x_to_o: 0.000344309
            time_clear_x: 4.324e-05
            timing_AStarSearchUntil:
                total_astar_search_until:4.7482e-05
                num_values_f_less_fmax:3
                ASU Exp:
                    total_ASUExp:4.6058e-05
                    time_top_o:9.3e-07
                    time_check_in_c:1.058e-06
                    time_add_parent:1.278e-06
                    num_neighbors:70
                    time_add_neighbors_to_o:3.5666e-05
        Stage2:
            total_Stage2:0.000718281
            num_len_path:47
            time_expanding_s:2.4362e-05
            timing_AStarSearchUntil:
                total_astar_search_until:0.000678868
                num_values_f_less_fmax:50
                ASU Exp:
                    total_ASUExp:0.00067761
                    time_top_o:1.3955e-05
                    time_check_in_c:9.923e-06
                    time_add_parent:1.8332e-05
                    num_neighbors:1294
                    time_add_neighbors_to_o:0.000563276
        Stage3:
            total_Stage3:0.00183851
            num_until_goal_expanded:132
            timing_S3Exp:
                total_S3Exp: 0.00132364
                time_top_o: 2.9425e-05
                time_check_in_c: 2.1446e-05
                time_add_parent: 6.5232e-05
                num_neighbors: 1717
                time_add_neighbors_to_o: 0.000973776
    timing_PIOW_overlapping:
        total_PIOW: 4.127e-06
        num_windows: 52
        time_check_overlap: 1.81e-06
        num_overlapping_windows: 0
        time_merge_windows: 0
        time_remove_window: 0
        time_remove_window: 0
        timing_PlanIn:
            total_PlanIn:0
            num_until_goal_expanded:0
            timing_expansions:
                total_S3Exp: 0
                time_top_o: 0
                time_check_in_c: 0
                time_add_parent: 0
                num_neighbors: 0
                time_add_neighbors_to_o: 0
    num_new_collisions: 2
    timing_PIOW_new_collisions:
        total_PIOW: 0.000212033
        num_windows: 2
        time_check_overlap: 1.44e-07
        num_overlapping_windows: 0
        time_merge_windows: 0
        time_remove_window: 0
        time_remove_window: 7.95e-07
        timing_PlanIn:
            total_PlanIn:0.000208133
            num_until_goal_expanded:16
            timing_expansions:
                total_S3Exp: 0.000202958
                time_top_o: 3.346e-06
                time_check_in_c: 3.473e-06
                time_add_parent: 5.953e-06
                num_neighbors: 286
                time_add_neighbors_to_o: 0.000158768
    num_windows_should_quit: 0
    time_should_quit: 1.862e-06
    time_remove_window: 0
Complete!
