Total time: 0.118902
is_optimal: true
optimality_bound: 1
successive_bounds: [1.0019, 1.0019, 1.0019, 1.0019, 1.0019, 1.00152, 1.00152, 1.00076, 1.00076, 1.00076, 1.00076, 1.00038, 1.00038, 1.00038, 1.00038, 1, 1]
successive_runtimes: [0.0298297, 0.0316089, 0.0337632, 0.0358073, 0.0379462, 0.0409806, 0.0433988, 0.0549653, 0.0584665, 0.0609285, 0.0638809, 0.0790235, 0.0841219, 0.100287, 0.11018, 0.118902]
num_agents: 40
time_individual_plan: 0.0255117
time_first_plan: 0.00320743
num_max_agents_in_window_first_iteration: 2
num_recWAMPF: 16
timing_recWAMPF:
    total_RecWAMPF: 0.0922711
    num_windows: 124
    num_max_agents_in_window: 3
    timing_gari:
        total_GARI: 0.065423
        time_path_btw_starts: 0.000713848
        Stage1:
            total_Stage1:0.00819165
            time_add_x_to_o: 0.000741167
            time_clear_x: 0.000156212
            timing_AStarSearchUntil:
                total_astar_search_until:0.00428409
                num_values_f_less_fmax:119
                ASU Exp:
                    total_ASUExp:0.00427852
                    time_top_o:8.2703e-05
                    time_check_in_c:1.9299e-05
                    time_add_parent:0
                    num_neighbors:0
                    time_add_neighbors_to_o:0
        Stage2:
            total_Stage2:0.0171326
            num_len_path:130
            time_expanding_s:0.000133465
            timing_AStarSearchUntil:
                total_astar_search_until:0.0143764
                num_values_f_less_fmax:465
                ASU Exp:
                    total_ASUExp:0.0143717
                    time_top_o:0.000294002
                    time_check_in_c:0.000169026
                    time_add_parent:0.000416587
                    num_neighbors:8308
                    time_add_neighbors_to_o:0.00705198
        Stage3:
            total_Stage3:0.0364838
            num_until_goal_expanded:1336
            timing_S3Exp:
                total_S3Exp: 0.0255102
                time_top_o: 0.00066463
                time_check_in_c: 0.00040633
                time_add_parent: 0.000914353
                num_neighbors: 24068
                time_add_neighbors_to_o: 0.0202803
    timing_PIOW_overlapping:
        total_PIOW: 3.1085e-05
        num_windows: 240
        time_check_overlap: 1.7531e-05
        num_overlapping_windows: 0
        time_merge_windows: 0
        time_remove_window: 0
        time_remove_window: 0
        timing_PlanIn:
            total_PlanIn:0
            num_until_goal_expanded:0
            timing_expansions:
                total_S3Exp: 0
                time_top_o: 0
                time_check_in_c: 0
                time_add_parent: 0
                num_neighbors: 0
                time_add_neighbors_to_o: 0
    num_new_collisions: 5
    timing_PIOW_new_collisions:
        total_PIOW: 0.0129449
        num_windows: 10
        time_check_overlap: 1.303e-06
        num_overlapping_windows: 1
        time_merge_windows: 2.096e-06
        time_remove_window: 1.37e-07
        time_remove_window: 1.94e-06
        timing_PlanIn:
            total_PlanIn:0.0128253
            num_until_goal_expanded:260
            timing_expansions:
                total_S3Exp: 0.0127983
                time_top_o: 0.000154277
                time_check_in_c: 9.1704e-05
                time_add_parent: 0.000235521
                num_neighbors: 11585
                time_add_neighbors_to_o: 0.0108786
    num_windows_should_quit: 0
    time_should_quit: 2.666e-06
    time_remove_window: 0
Complete!
