Total time: 0.14187
is_optimal: true
optimality_bound: 1
successive_bounds: [1.00422, 1.00422, 1.00281, 1.00281, 1.00281, 1.00141, 1.00141, 1.00141, 1.00141, 1.00141, 1.00141, 1.00141, 1.00141, 1.00141, 1.00141, 1.00141, 1.00141, 1.00141, 1.00141, 1.00141, 1.00141, 1, 1]
successive_runtimes: [0.0112759, 0.0135607, 0.0161083, 0.0182149, 0.0205176, 0.024556, 0.0364131, 0.0449822, 0.0502699, 0.0564602, 0.0625593, 0.0686548, 0.0747864, 0.0808713, 0.087081, 0.093679, 0.100407, 0.107325, 0.114588, 0.122654, 0.130921, 0.14187]
num_agents: 20
time_individual_plan: 0.00783196
time_first_plan: 0.00228541
num_max_agents_in_window_first_iteration: 2
num_recWAMPF: 22
timing_recWAMPF:
    total_RecWAMPF: 0.132873
    num_windows: 184
    num_max_agents_in_window: 3
    timing_gari:
        total_GARI: 0.117903
        time_path_btw_starts: 0.000967728
        Stage1:
            total_Stage1:0.0531676
            time_add_x_to_o: 0.0231447
            time_clear_x: 0.00455071
            timing_AStarSearchUntil:
                total_astar_search_until:0.025455
                num_values_f_less_fmax:2869
                ASU Exp:
                    total_ASUExp:0.0254458
                    time_top_o:0.00146272
                    time_check_in_c:0.00102505
                    time_add_parent:0.000984958
                    num_neighbors:24605
                    time_add_neighbors_to_o:0.0188881
        Stage2:
            total_Stage2:0.0155457
            num_len_path:202
            time_expanding_s:0.000471466
            timing_AStarSearchUntil:
                total_astar_search_until:0.0149696
                num_values_f_less_fmax:395
                ASU Exp:
                    total_ASUExp:0.014963
                    time_top_o:0.000183523
                    time_check_in_c:0.000175864
                    time_add_parent:0.000352592
                    num_neighbors:14072
                    time_add_neighbors_to_o:0.0127604
        Stage3:
            total_Stage3:0.047632
            num_until_goal_expanded:2121
            timing_S3Exp:
                total_S3Exp: 0.0291156
                time_top_o: 0.00100628
                time_check_in_c: 0.000580727
                time_add_parent: 0.000946491
                num_neighbors: 26606
                time_add_neighbors_to_o: 0.0208769
    timing_PIOW_overlapping:
        total_PIOW: 0.00913543
        num_windows: 394
        time_check_overlap: 2.7037e-05
        num_overlapping_windows: 1
        time_merge_windows: 5.493e-06
        time_remove_window: 3.49e-07
        time_remove_window: 5.4e-06
        timing_PlanIn:
            total_PlanIn:0.0090815
            num_until_goal_expanded:118
            timing_expansions:
                total_S3Exp: 0.00907675
                time_top_o: 4.7791e-05
                time_check_in_c: 5.4881e-05
                time_add_parent: 0.000114285
                num_neighbors: 6468
                time_add_neighbors_to_o: 0.0079872
    num_new_collisions: 5
    timing_PIOW_new_collisions:
        total_PIOW: 0.0016089
        num_windows: 20
        time_check_overlap: 1.481e-06
        num_overlapping_windows: 0
        time_merge_windows: 0
        time_remove_window: 0
        time_remove_window: 3.77e-06
        timing_PlanIn:
            total_PlanIn:0.00159267
            num_until_goal_expanded:73
            timing_expansions:
                total_S3Exp: 0.00157237
                time_top_o: 2.1863e-05
                time_check_in_c: 3.6599e-05
                time_add_parent: 7.1183e-05
                num_neighbors: 829
                time_add_neighbors_to_o: 0.001127
    num_windows_should_quit: 0
    time_should_quit: 1.0433e-05
    time_remove_window: 0
Complete!
