Total time: 57.5967
is_optimal: false
optimality_bound: 1.00069
successive_bounds: [1.00343, 1.00309, 1.00275, 1.00275, 1.00275, 1.00275, 1.00275, 1.00275, 1.00275, 1.00275, 1.00275, 1.00275, 1.00275, 1.00275, 1.00275, 1.00275, 1.00206, 1.00069, 1.00069, 1.00069, 1.00069, 1.00069, 1.00069, 1.00069, 1.00069, 1.00069]
successive_runtimes: [0.0154705, 0.0184105, 0.0209925, 0.0243129, 0.0530433, 0.123524, 0.225656, 0.332176, 0.430178, 0.52622, 0.620499, 0.709973, 0.799476, 0.882832, 0.955795, 1.02717, 1.09463, 45.9633, 47.3957, 48.9757, 50.4097, 51.8425, 53.284, 54.7244, 56.1628, 57.5967]
num_agents: 50
time_individual_plan: 0.00964839
time_first_plan: 0.00508404
num_max_agents_in_window_first_iteration: 2
num_recWAMPF: 26
timing_recWAMPF:
    total_RecWAMPF: 57.5863
    num_windows: 352
    num_max_agents_in_window: 4
    timing_gari:
        total_GARI: 12.6812
        time_path_btw_starts: 0.00108851
        Stage1:
            total_Stage1:0.597616
            time_add_x_to_o: 0.194471
            time_clear_x: 0.077234
            timing_AStarSearchUntil:
                total_astar_search_until:0.325881
                num_values_f_less_fmax:17151
                ASU Exp:
                    total_ASUExp:0.325869
                    time_top_o:0.0140059
                    time_check_in_c:0.0120787
                    time_add_parent:0.00599115
                    num_neighbors:554547
                    time_add_neighbors_to_o:0.269657
        Stage2:
            total_Stage2:0.00774503
            num_len_path:258
            time_expanding_s:0.000186768
            timing_AStarSearchUntil:
                total_astar_search_until:0.0073448
                num_values_f_less_fmax:357
                ASU Exp:
                    total_ASUExp:0.00733598
                    time_top_o:0.000163093
                    time_check_in_c:0.000113989
                    time_add_parent:0.000162124
                    num_neighbors:11506
                    time_add_neighbors_to_o:0.00626536
        Stage3:
            total_Stage3:12.0742
            num_until_goal_expanded:14063
            timing_S3Exp:
                total_S3Exp: 0.614776
                time_top_o: 0.0081261
                time_check_in_c: 0.00344497
                time_add_parent: 0.00704361
                num_neighbors: 928144
                time_add_neighbors_to_o: 0.56559
    timing_PIOW_overlapping:
        total_PIOW: 44.8874
        num_windows: 1273
        time_check_overlap: 7.0755e-05
        num_overlapping_windows: 3
        time_merge_windows: 5.95e-06
        time_remove_window: 1.287e-06
        time_remove_window: 5.758e-06
        timing_PlanIn:
            total_PlanIn:44.8873
            num_until_goal_expanded:233631
            timing_expansions:
                total_S3Exp: 44.8873
                time_top_o: 0.417195
                time_check_in_c: 0.0894691
                time_add_parent: 0.143355
                num_neighbors: 67110175
                time_add_neighbors_to_o: 41.706
    num_new_collisions: 9
    timing_PIOW_new_collisions:
        total_PIOW: 0.00357654
        num_windows: 72
        time_check_overlap: 3.024e-06
        num_overlapping_windows: 0
        time_merge_windows: 0
        time_remove_window: 0
        time_remove_window: 7.144e-06
        timing_PlanIn:
            total_PlanIn:0.00355439
            num_until_goal_expanded:314
            timing_expansions:
                total_S3Exp: 0.00353343
                time_top_o: 6.3095e-05
                time_check_in_c: 5.8746e-05
                time_add_parent: 8.7915e-05
                num_neighbors: 4679
                time_add_neighbors_to_o: 0.00275853
    num_windows_should_quit: 2
    time_should_quit: 2.5091e-05
    time_remove_window: 5.6e-07
Complete!
