Total time: 16.9136
is_optimal: true
optimality_bound: 1
successive_bounds: [1.00307, 1.00307, 1.00307, 1.00307, 1.00184, 1.00061, 1.00061, 1.00061, 1.00061, 1.00061, 1.00061, 1.00061, 1, 1]
successive_runtimes: [0.0152576, 0.0192273, 0.0248359, 0.0302403, 0.0467621, 0.0524103, 0.0552964, 0.057755, 0.0603096, 0.0630484, 0.0658795, 0.0684941, 16.9136]
num_agents: 30
time_individual_plan: 0.0091481
time_first_plan: 0.00492596
num_max_agents_in_window_first_iteration: 2
num_recWAMPF: 13
timing_recWAMPF:
    total_RecWAMPF: 16.9033
    num_windows: 149
    num_max_agents_in_window: 4
    timing_gari:
        total_GARI: 0.0528835
        time_path_btw_starts: 0.000670555
        Stage1:
            total_Stage1:0.0156695
            time_add_x_to_o: 0.00869317
            time_clear_x: 0.00128154
            timing_AStarSearchUntil:
                total_astar_search_until:0.0056795
                num_values_f_less_fmax:1385
                ASU Exp:
                    total_ASUExp:0.00567342
                    time_top_o:0.000731319
                    time_check_in_c:0.000386161
                    time_add_parent:0.000334546
                    num_neighbors:3021
                    time_add_neighbors_to_o:0.00311963
        Stage2:
            total_Stage2:0.0197427
            num_len_path:151
            time_expanding_s:0.000175852
            timing_AStarSearchUntil:
                total_astar_search_until:0.0194829
                num_values_f_less_fmax:582
                ASU Exp:
                    total_ASUExp:0.0194778
                    time_top_o:0.000352502
                    time_check_in_c:0.000294192
                    time_add_parent:0.000627023
                    num_neighbors:15081
                    time_add_neighbors_to_o:0.0163163
        Stage3:
            total_Stage3:0.0167348
            num_until_goal_expanded:646
            timing_S3Exp:
                total_S3Exp: 0.00734869
                time_top_o: 0.000300189
                time_check_in_c: 0.000229892
                time_add_parent: 0.000418646
                num_neighbors: 3588
                time_add_neighbors_to_o: 0.00385148
    timing_PIOW_overlapping:
        total_PIOW: 5.7559e-05
        num_windows: 432
        time_check_overlap: 3.4574e-05
        num_overlapping_windows: 0
        time_merge_windows: 0
        time_remove_window: 0
        time_remove_window: 0
        timing_PlanIn:
            total_PlanIn:0
            num_until_goal_expanded:0
            timing_expansions:
                total_S3Exp: 0
                time_top_o: 0
                time_check_in_c: 0
                time_add_parent: 0
                num_neighbors: 0
                time_add_neighbors_to_o: 0
    num_new_collisions: 7
    timing_PIOW_new_collisions:
        total_PIOW: 16.846
        num_windows: 46
        time_check_overlap: 5.786e-06
        num_overlapping_windows: 2
        time_merge_windows: 0
        time_remove_window: 0.144696
        time_remove_window: 4.554e-06
        timing_PlanIn:
            total_PlanIn:16.846
            num_until_goal_expanded:48558
            timing_expansions:
                total_S3Exp: 16.8459
                time_top_o: 0.0983147
                time_check_in_c: 0.0231381
                time_add_parent: 0.0558577
                num_neighbors: 18441537
                time_add_neighbors_to_o: 15.8672
    num_windows_should_quit: 0
    time_should_quit: 9.444e-06
    time_remove_window: 0
Complete!
