Total time: 0.741239
is_optimal: true
optimality_bound: 1
successive_bounds: [1.00314, 1.00314, 1.00314, 1.00314, 1.00314, 1.00314, 1.00314, 1.00314, 1.00314, 1.00314, 1.00314, 1.00314, 1.00314, 1.00314, 1.00314, 1.00209, 1.00209, 1.00209, 1.00105, 1.00105, 1, 1]
successive_runtimes: [0.0111378, 0.0121446, 0.0131405, 0.0142288, 0.0153554, 0.0166442, 0.018148, 0.0198523, 0.0216837, 0.0238865, 0.0263677, 0.0292101, 0.0321241, 0.0349895, 0.0378755, 0.353546, 0.40972, 0.472249, 0.573909, 0.655262, 0.741239]
num_agents: 30
time_individual_plan: 0.00958592
time_first_plan: 0.00102295
num_max_agents_in_window_first_iteration: 2
num_recWAMPF: 21
timing_recWAMPF:
    total_RecWAMPF: 0.73112
    num_windows: 123
    num_max_agents_in_window: 3
    timing_gari:
        total_GARI: 0.414341
        time_path_btw_starts: 0.000367912
        Stage1:
            total_Stage1:0.157483
            time_add_x_to_o: 0.042095
            time_clear_x: 0.00588317
            timing_AStarSearchUntil:
                total_astar_search_until:0.109497
                num_values_f_less_fmax:7339
                ASU Exp:
                    total_ASUExp:0.109494
                    time_top_o:0.00325358
                    time_check_in_c:0.00224665
                    time_add_parent:0.00232245
                    num_neighbors:228410
                    time_add_neighbors_to_o:0.0960279
        Stage2:
            total_Stage2:0.0545267
            num_len_path:139
            time_expanding_s:6.4543e-05
            timing_AStarSearchUntil:
                total_astar_search_until:0.0544191
                num_values_f_less_fmax:1668
                ASU Exp:
                    total_ASUExp:0.0544165
                    time_top_o:0.000757423
                    time_check_in_c:0.000282355
                    time_add_parent:0.00055705
                    num_neighbors:114619
                    time_add_neighbors_to_o:0.050782
        Stage3:
            total_Stage3:0.201939
            num_until_goal_expanded:2644
            timing_S3Exp:
                total_S3Exp: 0.0314581
                time_top_o: 0.00106709
                time_check_in_c: 0.000393692
                time_add_parent: 0.00111303
                num_neighbors: 69816
                time_add_neighbors_to_o: 0.0257533
    timing_PIOW_overlapping:
        total_PIOW: 1.294e-05
        num_windows: 180
        time_check_overlap: 7.652e-06
        num_overlapping_windows: 0
        time_merge_windows: 0
        time_remove_window: 0
        time_remove_window: 0
        timing_PlanIn:
            total_PlanIn:0
            num_until_goal_expanded:0
            timing_expansions:
                total_S3Exp: 0
                time_top_o: 0
                time_check_in_c: 0
                time_add_parent: 0
                num_neighbors: 0
                time_add_neighbors_to_o: 0
    num_new_collisions: 4
    timing_PIOW_new_collisions:
        total_PIOW: 0.311383
        num_windows: 12
        time_check_overlap: 9.55e-07
        num_overlapping_windows: 1
        time_merge_windows: 0
        time_remove_window: 0.0430249
        time_remove_window: 1.775e-06
        timing_PlanIn:
            total_PlanIn:0.311369
            num_until_goal_expanded:6453
            timing_expansions:
                total_S3Exp: 0.31136
                time_top_o: 0.00555873
                time_check_in_c: 0.00114959
                time_add_parent: 0.00246768
                num_neighbors: 594085
                time_add_neighbors_to_o: 0.278421
    num_windows_should_quit: 0
    time_should_quit: 4.888e-06
    time_remove_window: 0
Complete!
