Total time: 0.0230762
is_optimal: true
optimality_bound: 1
successive_bounds: [1.00149, 1.00149, 1.00149, 1.00149, 1.00149, 1.00149, 1.00149, 1.00149, 1.00149, 1.00149, 1.00149, 1.00149, 1.00149, 1.00149, 1.00149, 1.00149, 1.00149, 1.00149, 1, 1]
successive_runtimes: [0.00607075, 0.00650682, 0.00689965, 0.00731997, 0.00773734, 0.00817173, 0.00862129, 0.00912298, 0.00968063, 0.0102541, 0.0108158, 0.011448, 0.0121703, 0.0128728, 0.0135992, 0.0143422, 0.0149766, 0.0158059, 0.0230762]
num_agents: 10
time_individual_plan: 0.00408839
time_first_plan: 0.000466779
num_max_agents_in_window_first_iteration: 2
num_recWAMPF: 19
timing_recWAMPF:
    total_RecWAMPF: 0.0174647
    num_windows: 37
    num_max_agents_in_window: 2
    timing_gari:
        total_GARI: 0.0158712
        time_path_btw_starts: 0.000290046
        Stage1:
            total_Stage1:0.00194706
            time_add_x_to_o: 0.00167548
            time_clear_x: 0.000203362
            timing_AStarSearchUntil:
                total_astar_search_until:6.299e-05
                num_values_f_less_fmax:38
                ASU Exp:
                    total_ASUExp:6.0656e-05
                    time_top_o:2.7704e-05
                    time_check_in_c:1.1625e-05
                    time_add_parent:0
                    num_neighbors:0
                    time_add_neighbors_to_o:0
        Stage2:
            total_Stage2:0.00369776
            num_len_path:38
            time_expanding_s:6.1372e-05
            timing_AStarSearchUntil:
                total_astar_search_until:0.00360787
                num_values_f_less_fmax:73
                ASU Exp:
                    total_ASUExp:0.00360536
                    time_top_o:4.7484e-05
                    time_check_in_c:5.9391e-05
                    time_add_parent:0.000105141
                    num_neighbors:1978
                    time_add_neighbors_to_o:0.0030246
        Stage3:
            total_Stage3:0.00991124
            num_until_goal_expanded:191
            timing_S3Exp:
                total_S3Exp: 0.00808902
                time_top_o: 0.000145531
                time_check_in_c: 0.000128305
                time_add_parent: 0.000232872
                num_neighbors: 3941
                time_add_neighbors_to_o: 0.0065418
    timing_PIOW_overlapping:
        total_PIOW: 1.297e-06
        num_windows: 18
        time_check_overlap: 0
        num_overlapping_windows: 0
        time_merge_windows: 0
        time_remove_window: 0
        time_remove_window: 0
        timing_PlanIn:
            total_PlanIn:0
            num_until_goal_expanded:0
            timing_expansions:
                total_S3Exp: 0
                time_top_o: 0
                time_check_in_c: 0
                time_add_parent: 0
                num_neighbors: 0
                time_add_neighbors_to_o: 0
    num_new_collisions: 1
    timing_PIOW_new_collisions:
        total_PIOW: 0.000379681
        num_windows: 0
        time_check_overlap: 0
        num_overlapping_windows: 0
        time_merge_windows: 0
        time_remove_window: 0
        time_remove_window: 7.86e-07
        timing_PlanIn:
            total_PlanIn:0.000375295
            num_until_goal_expanded:8
            timing_expansions:
                total_S3Exp: 0.00036675
                time_top_o: 4.34e-06
                time_check_in_c: 6.747e-06
                time_add_parent: 1.2833e-05
                num_neighbors: 161
                time_add_neighbors_to_o: 0.000283786
    num_windows_should_quit: 0
    time_should_quit: 2.325e-06
    time_remove_window: 0
Complete!
