Total time: 0.215296
is_optimal: true
optimality_bound: 1
successive_bounds: [1.00402, 1.00201, 1.00201, 1.00201, 1.00101, 1.00101, 1.00101, 1.00101, 1.00101, 1.00101, 1.00101, 1.00101, 1.00101, 1.00101, 1.00101, 1.00101, 1.00101, 1.00101, 1.00101, 1.00101, 1.00101, 1.00101, 1.00101, 1.00101, 1, 1]
successive_runtimes: [0.00659635, 0.0095865, 0.0122431, 0.0151231, 0.0194044, 0.0248537, 0.0310162, 0.0380491, 0.045272, 0.0533643, 0.061138, 0.0692962, 0.0783457, 0.0872021, 0.0963878, 0.10596, 0.116149, 0.12674, 0.137766, 0.149963, 0.161991, 0.174541, 0.187932, 0.201696, 0.215296]
num_agents: 30
time_individual_plan: 0.00390709
time_first_plan: 0.00202211
num_max_agents_in_window_first_iteration: 2
num_recWAMPF: 25
timing_recWAMPF:
    total_RecWAMPF: 0.210715
    num_windows: 196
    num_max_agents_in_window: 2
    timing_gari:
        total_GARI: 0.203649
        time_path_btw_starts: 0.000485265
        Stage1:
            total_Stage1:0.09429
            time_add_x_to_o: 0.0373691
            time_clear_x: 0.00760707
            timing_AStarSearchUntil:
                total_astar_search_until:0.0492994
                num_values_f_less_fmax:36411
                ASU Exp:
                    total_ASUExp:0.0492936
                    time_top_o:0.0132829
                    time_check_in_c:0.00686324
                    time_add_parent:0.00210235
                    num_neighbors:37783
                    time_add_neighbors_to_o:0.01652
        Stage2:
            total_Stage2:0.00455217
            num_len_path:172
            time_expanding_s:9.1091e-05
            timing_AStarSearchUntil:
                total_astar_search_until:0.00438788
                num_values_f_less_fmax:290
                ASU Exp:
                    total_ASUExp:0.00438292
                    time_top_o:0.000109545
                    time_check_in_c:6.9446e-05
                    time_add_parent:0.000116267
                    num_neighbors:8211
                    time_add_neighbors_to_o:0.00368481
        Stage3:
            total_Stage3:0.104273
            num_until_goal_expanded:16429
            timing_S3Exp:
                total_S3Exp: 0.0798886
                time_top_o: 0.00589321
                time_check_in_c: 0.00327095
                time_add_parent: 0.00630769
                num_neighbors: 89415
                time_add_neighbors_to_o: 0.0440775
    timing_PIOW_overlapping:
        total_PIOW: 3.6761e-05
        num_windows: 384
        time_check_overlap: 1.9432e-05
        num_overlapping_windows: 0
        time_merge_windows: 0
        time_remove_window: 0
        time_remove_window: 0
        timing_PlanIn:
            total_PlanIn:0
            num_until_goal_expanded:0
            timing_expansions:
                total_S3Exp: 0
                time_top_o: 0
                time_check_in_c: 0
                time_add_parent: 0
                num_neighbors: 0
                time_add_neighbors_to_o: 0
    num_new_collisions: 4
    timing_PIOW_new_collisions:
        total_PIOW: 0.00143273
        num_windows: 12
        time_check_overlap: 5.65e-07
        num_overlapping_windows: 0
        time_merge_windows: 0
        time_remove_window: 0
        time_remove_window: 1.533e-06
        timing_PlanIn:
            total_PlanIn:0.00142512
            num_until_goal_expanded:214
            timing_expansions:
                total_S3Exp: 0.00141613
                time_top_o: 3.1047e-05
                time_check_in_c: 4.6101e-05
                time_add_parent: 6.2446e-05
                num_neighbors: 1509
                time_add_neighbors_to_o: 0.000920839
    num_windows_should_quit: 0
    time_should_quit: 9.929e-06
    time_remove_window: 0
Complete!
