Total time: 5.04144
is_optimal: false
optimality_bound: 1.00189
successive_bounds: [1.00406, 1.00244, 1.00217, 1.00217, 1.00189, 1.00189]
successive_runtimes: [0.0195985, 0.0248729, 0.0328468, 0.0390632, 0.0451547, 5.04144]
num_agents: 60
time_individual_plan: 0.0116528
time_first_plan: 0.00736335
num_max_agents_in_window_first_iteration: 2
num_recWAMPF: 6
timing_recWAMPF:
    total_RecWAMPF: 5.02921
    num_windows: 113
    num_max_agents_in_window: 4
    timing_gari:
        total_GARI: 0.0230866
        time_path_btw_starts: 0.000235747
        Stage1:
            total_Stage1:0.0104483
            time_add_x_to_o: 0.00562376
            time_clear_x: 0.000653263
            timing_AStarSearchUntil:
                total_astar_search_until:0.0041659
                num_values_f_less_fmax:3069
                ASU Exp:
                    total_ASUExp:0.00416354
                    time_top_o:0.000659514
                    time_check_in_c:0.000387302
                    time_add_parent:0.00023449
                    num_neighbors:5917
                    time_add_neighbors_to_o:0.00204325
        Stage2:
            total_Stage2:0.00269839
            num_len_path:100
            time_expanding_s:4.1085e-05
            timing_AStarSearchUntil:
                total_astar_search_until:0.00262951
                num_values_f_less_fmax:221
                ASU Exp:
                    total_ASUExp:0.0026275
                    time_top_o:4.9173e-05
                    time_check_in_c:4.2271e-05
                    time_add_parent:7.6484e-05
                    num_neighbors:5603
                    time_add_neighbors_to_o:0.00220784
        Stage3:
            total_Stage3:0.00920994
            num_until_goal_expanded:1507
            timing_S3Exp:
                total_S3Exp: 0.00720194
                time_top_o: 0.00031949
                time_check_in_c: 0.00020162
                time_add_parent: 0.000416407
                num_neighbors: 10552
                time_add_neighbors_to_o: 0.00438864
    timing_PIOW_overlapping:
        total_PIOW: 4.99357
        num_windows: 582
        time_check_overlap: 1.5192e-05
        num_overlapping_windows: 4
        time_merge_windows: 4.758e-06
        time_remove_window: 1.145e-06
        time_remove_window: 4.568e-06
        timing_PlanIn:
            total_PlanIn:4.99352
            num_until_goal_expanded:16563
            timing_expansions:
                total_S3Exp: 4.99352
                time_top_o: 0.0132951
                time_check_in_c: 0.00491113
                time_add_parent: 0.0098681
                num_neighbors: 7632751
                time_add_neighbors_to_o: 4.74348
    num_new_collisions: 12
    timing_PIOW_new_collisions:
        total_PIOW: 0.00198641
        num_windows: 132
        time_check_overlap: 3.264e-06
        num_overlapping_windows: 0
        time_merge_windows: 0
        time_remove_window: 0
        time_remove_window: 5.467e-06
        timing_PlanIn:
            total_PlanIn:0.00196538
            num_until_goal_expanded:295
            timing_expansions:
                total_S3Exp: 0.00194666
                time_top_o: 3.4553e-05
                time_check_in_c: 5.0958e-05
                time_add_parent: 7.3453e-05
                num_neighbors: 2830
                time_add_neighbors_to_o: 0.00136593
    num_windows_should_quit: 0
    time_should_quit: 4.275e-06
    time_remove_window: 0
Complete!
