Total time: 9.38875
is_optimal: false
optimality_bound: 1.00072
successive_bounds: [1.00323, 1.00323, 1.00323, 1.00287, 1.00287, 1.00287, 1.00287, 1.00215, 1.00215, 1.00215, 1.00215, 1.00215, 1.00215, 1.00215, 1.00215, 1.00144, 1.00144, 1.00144, 1.00072, 1.00072, 1.00072]
successive_runtimes: [0.00890153, 0.0101675, 0.0113954, 0.0126784, 0.0145743, 0.0159504, 0.0173181, 0.090599, 0.3897, 0.855591, 1.32423, 1.7574, 2.15979, 2.57013, 3.0937, 3.69577, 4.98048, 5.88614, 7.87321, 8.57127, 9.38875]
num_agents: 40
time_individual_plan: 0.00683494
time_first_plan: 0.00153821
num_max_agents_in_window_first_iteration: 2
num_recWAMPF: 21
timing_recWAMPF:
    total_RecWAMPF: 9.38138
    num_windows: 152
    num_max_agents_in_window: 3
    timing_gari:
        total_GARI: 8.52426
        time_path_btw_starts: 0.0925209
        Stage1:
            total_Stage1:5.8929
            time_add_x_to_o: 1.39609
            time_clear_x: 0.640168
            timing_AStarSearchUntil:
                total_astar_search_until:2.882
                num_values_f_less_fmax:128208
                ASU Exp:
                    total_ASUExp:2.882
                    time_top_o:0.133832
                    time_check_in_c:0.0597961
                    time_add_parent:0.0326749
                    num_neighbors:6851933
                    time_add_neighbors_to_o:3.49147
        Stage2:
            total_Stage2:0.159218
            num_len_path:136
            time_expanding_s:9.5826e-05
            timing_AStarSearchUntil:
                total_astar_search_until:0.159036
                num_values_f_less_fmax:2422
                ASU Exp:
                    total_ASUExp:0.159033
                    time_top_o:0.00141308
                    time_check_in_c:0.000908517
                    time_add_parent:0.00127403
                    num_neighbors:310589
                    time_add_neighbors_to_o:0.151804
        Stage3:
            total_Stage3:2.37959
            num_until_goal_expanded:19502
            timing_S3Exp:
                total_S3Exp: 0.987835
                time_top_o: 0.0249532
                time_check_in_c: 0.00797182
                time_add_parent: 0.01013
                num_neighbors: 1922216
                time_add_neighbors_to_o: 0.915993
    timing_PIOW_overlapping:
        total_PIOW: 0.18961
        num_windows: 300
        time_check_overlap: 1.8956e-05
        num_overlapping_windows: 2
        time_merge_windows: 4.022e-06
        time_remove_window: 7.17e-07
        time_remove_window: 3.922e-06
        timing_PlanIn:
            total_PlanIn:0.189571
            num_until_goal_expanded:3112
            timing_expansions:
                total_S3Exp: 0.189567
                time_top_o: 0.00146272
                time_check_in_c: 0.000606382
                time_add_parent: 0.00099289
                num_neighbors: 396406
                time_add_neighbors_to_o: 0.172158
    num_new_collisions: 5
    timing_PIOW_new_collisions:
        total_PIOW: 0.000592463
        num_windows: 20
        time_check_overlap: 7.52e-07
        num_overlapping_windows: 0
        time_merge_windows: 0
        time_remove_window: 0
        time_remove_window: 3.575e-06
        timing_PlanIn:
            total_PlanIn:0.000583164
            num_until_goal_expanded:48
            timing_expansions:
                total_S3Exp: 0.000573974
                time_top_o: 7.203e-06
                time_check_in_c: 1.0006e-05
                time_add_parent: 1.3791e-05
                num_neighbors: 857
                time_add_neighbors_to_o: 0.000456646
    num_windows_should_quit: 0
    time_should_quit: 7.787e-06
    time_remove_window: 0
Complete!
