Total time: 0.0156704
is_optimal: true
optimality_bound: 1
successive_bounds: [1.00368, 1.00368, 1.00368, 1.00368, 1.00368, 1.00368, 1.00368, 1.00368, 1.00368, 1.00368, 1.00368, 1.00368, 1.00368, 1.00368, 1.00368, 1.00368, 1, 1]
successive_runtimes: [0.00197281, 0.00235967, 0.00269498, 0.0030487, 0.00344191, 0.00386909, 0.00436612, 0.00506172, 0.00584259, 0.00659514, 0.00754671, 0.00885576, 0.0100492, 0.0111942, 0.0124109, 0.0139595, 0.0156704]
num_agents: 10
time_individual_plan: 0.00103448
time_first_plan: 0.000324466
num_max_agents_in_window_first_iteration: 2
num_recWAMPF: 17
timing_recWAMPF:
    total_RecWAMPF: 0.0140187
    num_windows: 33
    num_max_agents_in_window: 2
    timing_gari:
        total_GARI: 0.013423
        time_path_btw_starts: 8.0354e-05
        Stage1:
            total_Stage1:0.00774718
            time_add_x_to_o: 0.00295143
            time_clear_x: 0.000535264
            timing_AStarSearchUntil:
                total_astar_search_until:0.00425824
                num_values_f_less_fmax:1459
                ASU Exp:
                    total_ASUExp:0.00425729
                    time_top_o:0.000461568
                    time_check_in_c:0.000299274
                    time_add_parent:0.000194054
                    num_neighbors:5805
                    time_add_neighbors_to_o:0.00255045
        Stage2:
            total_Stage2:0.00073436
            num_len_path:32
            time_expanding_s:1.3214e-05
            timing_AStarSearchUntil:
                total_astar_search_until:0.000709647
                num_values_f_less_fmax:48
                ASU Exp:
                    total_ASUExp:0.000708848
                    time_top_o:1.3583e-05
                    time_check_in_c:1.204e-05
                    time_add_parent:1.3732e-05
                    num_neighbors:1422
                    time_add_neighbors_to_o:0.000616187
        Stage3:
            total_Stage3:0.00485418
            num_until_goal_expanded:625
            timing_S3Exp:
                total_S3Exp: 0.00344774
                time_top_o: 0.000169363
                time_check_in_c: 0.000101828
                time_add_parent: 0.00019991
                num_neighbors: 5451
                time_add_neighbors_to_o: 0.00231956
    timing_PIOW_overlapping:
        total_PIOW: 9.68e-07
        num_windows: 16
        time_check_overlap: 0
        num_overlapping_windows: 0
        time_merge_windows: 0
        time_remove_window: 0
        time_remove_window: 0
        timing_PlanIn:
            total_PlanIn:0
            num_until_goal_expanded:0
            timing_expansions:
                total_S3Exp: 0
                time_top_o: 0
                time_check_in_c: 0
                time_add_parent: 0
                num_neighbors: 0
                time_add_neighbors_to_o: 0
    num_new_collisions: 1
    timing_PIOW_new_collisions:
        total_PIOW: 0.000293349
        num_windows: 0
        time_check_overlap: 0
        num_overlapping_windows: 0
        time_merge_windows: 0
        time_remove_window: 0
        time_remove_window: 2.9e-07
        timing_PlanIn:
            total_PlanIn:0.000291568
            num_until_goal_expanded:34
            timing_expansions:
                total_S3Exp: 0.000288496
                time_top_o: 5.342e-06
                time_check_in_c: 7.516e-06
                time_add_parent: 1.122e-05
                num_neighbors: 260
                time_add_neighbors_to_o: 0.000195559
    num_windows_should_quit: 0
    time_should_quit: 1.192e-06
    time_remove_window: 0
Complete!
