Total time: 0.0524292
is_optimal: true
optimality_bound: 1
successive_bounds: [1.00306, 1.00306, 1.00306, 1.00306, 1.00306, 1.00306, 1.00306, 1.00306, 1.00306, 1.00306, 1.00306, 1.00306, 1.00306, 1.00306, 1.00306, 1.00306, 1.00306, 1.00306, 1.00306, 1.00306, 1.00306, 1.00306, 1.00306, 1.00306, 1.00306, 1.00306, 1, 1]
successive_runtimes: [0.00234543, 0.00271861, 0.00307372, 0.00343053, 0.00377711, 0.00411642, 0.00446403, 0.00481443, 0.00518764, 0.00567677, 0.00620679, 0.00670615, 0.00726408, 0.00785303, 0.00851067, 0.0093439, 0.0101287, 0.0109443, 0.0119437, 0.0133015, 0.0147305, 0.0161836, 0.0217317, 0.0291361, 0.0368621, 0.0442467, 0.0524292]
num_agents: 10
time_individual_plan: 0.00149057
time_first_plan: 0.000268207
num_max_agents_in_window_first_iteration: 2
num_recWAMPF: 27
timing_recWAMPF:
    total_RecWAMPF: 0.0503485
    num_windows: 53
    num_max_agents_in_window: 2
    timing_gari:
        total_GARI: 0.0495205
        time_path_btw_starts: 0.000100052
        Stage1:
            total_Stage1:0.0358946
            time_add_x_to_o: 0.0109587
            time_clear_x: 0.00193032
            timing_AStarSearchUntil:
                total_astar_search_until:0.023002
                num_values_f_less_fmax:5448
                ASU Exp:
                    total_ASUExp:0.0230005
                    time_top_o:0.00160322
                    time_check_in_c:0.000952575
                    time_add_parent:0.000686151
                    num_neighbors:44893
                    time_add_neighbors_to_o:0.0164955
        Stage2:
            total_Stage2:0.00528102
            num_len_path:55
            time_expanding_s:3.2984e-05
            timing_AStarSearchUntil:
                total_astar_search_until:0.00523227
                num_values_f_less_fmax:386
                ASU Exp:
                    total_ASUExp:0.00523105
                    time_top_o:0.000107012
                    time_check_in_c:8.7529e-05
                    time_add_parent:0.000105059
                    num_neighbors:10831
                    time_add_neighbors_to_o:0.00454575
        Stage3:
            total_Stage3:0.00823556
            num_until_goal_expanded:1031
            timing_S3Exp:
                total_S3Exp: 0.00469902
                time_top_o: 0.000238137
                time_check_in_c: 0.000146118
                time_add_parent: 0.000321109
                num_neighbors: 8293
                time_add_neighbors_to_o: 0.00292304
    timing_PIOW_overlapping:
        total_PIOW: 6.18e-07
        num_windows: 26
        time_check_overlap: 0
        num_overlapping_windows: 0
        time_merge_windows: 0
        time_remove_window: 0
        time_remove_window: 0
        timing_PlanIn:
            total_PlanIn:0
            num_until_goal_expanded:0
            timing_expansions:
                total_S3Exp: 0
                time_top_o: 0
                time_check_in_c: 0
                time_add_parent: 0
                num_neighbors: 0
                time_add_neighbors_to_o: 0
    num_new_collisions: 1
    timing_PIOW_new_collisions:
        total_PIOW: 0.000232093
        num_windows: 0
        time_check_overlap: 0
        num_overlapping_windows: 0
        time_merge_windows: 0
        time_remove_window: 0
        time_remove_window: 3.35e-07
        timing_PlanIn:
            total_PlanIn:0.000230667
            num_until_goal_expanded:40
            timing_expansions:
                total_S3Exp: 0.000227219
                time_top_o: 4.87e-06
                time_check_in_c: 7.845e-06
                time_add_parent: 1.0754e-05
                num_neighbors: 302
                time_add_neighbors_to_o: 0.000137417
    num_windows_should_quit: 0
    time_should_quit: 1.516e-06
    time_remove_window: 0
Complete!
