Total time: 11.1805
is_optimal: false
optimality_bound: 1.00095
successive_bounds: [1.00316, 1.00284, 1.00284, 1.00284, 1.00284, 1.00284, 1.00253, 1.00253, 1.00221, 1.00221, 1.0019, 1.0019, 1.0019, 1.0019, 1.0019, 1.0019, 1.0019, 1.0019, 1.0019, 1.0019, 1.0019, 1.00126, 1.00095, 1.00095]
successive_runtimes: [0.0135445, 0.0161651, 0.0212111, 0.0260109, 0.0312715, 0.0379691, 0.045497, 0.0546288, 0.0672572, 0.0782136, 0.0872084, 0.100255, 0.110454, 0.120044, 0.133381, 0.917274, 1.49879, 2.11877, 2.75168, 3.38742, 4.06066, 7.97371, 8.3629, 11.1805]
num_agents: 50
time_individual_plan: 0.00824155
time_first_plan: 0.00466284
num_max_agents_in_window_first_iteration: 2
num_recWAMPF: 24
timing_recWAMPF:
    total_RecWAMPF: 11.1716
    num_windows: 389
    num_max_agents_in_window: 3
    timing_gari:
        total_GARI: 7.03696
        time_path_btw_starts: 0.00691933
        Stage1:
            total_Stage1:5.92003
            time_add_x_to_o: 0.846372
            time_clear_x: 0.359092
            timing_AStarSearchUntil:
                total_astar_search_until:1.60614
                num_values_f_less_fmax:80381
                ASU Exp:
                    total_ASUExp:1.60613
                    time_top_o:0.101781
                    time_check_in_c:0.0333024
                    time_add_parent:0.0426287
                    num_neighbors:6698777
                    time_add_neighbors_to_o:4.41537
        Stage2:
            total_Stage2:0.0231099
            num_len_path:329
            time_expanding_s:0.00043765
            timing_AStarSearchUntil:
                total_astar_search_until:0.0224312
                num_values_f_less_fmax:1400
                ASU Exp:
                    total_ASUExp:0.0224219
                    time_top_o:0.000532149
                    time_check_in_c:0.00033037
                    time_add_parent:0.000586099
                    num_neighbors:37049
                    time_add_neighbors_to_o:0.0191179
        Stage3:
            total_Stage3:1.0857
            num_until_goal_expanded:3016
            timing_S3Exp:
                total_S3Exp: 0.0576655
                time_top_o: 0.00129044
                time_check_in_c: 0.000579419
                time_add_parent: 0.000958702
                num_neighbors: 70266
                time_add_neighbors_to_o: 0.0406639
    timing_PIOW_overlapping:
        total_PIOW: 0.776529
        num_windows: 1613
        time_check_overlap: 8.399e-05
        num_overlapping_windows: 2
        time_merge_windows: 3.503e-06
        time_remove_window: 6.38e-07
        time_remove_window: 3.375e-06
        timing_PlanIn:
            total_PlanIn:0.776381
            num_until_goal_expanded:9252
            timing_expansions:
                total_S3Exp: 0.776376
                time_top_o: 0.0122022
                time_check_in_c: 0.00260797
                time_add_parent: 0.00544158
                num_neighbors: 1102060
                time_add_neighbors_to_o: 0.705083
    num_new_collisions: 11
    timing_PIOW_new_collisions:
        total_PIOW: 0.00277494
        num_windows: 102
        time_check_overlap: 3.887e-06
        num_overlapping_windows: 0
        time_merge_windows: 0
        time_remove_window: 0
        time_remove_window: 5.687e-06
        timing_PlanIn:
            total_PlanIn:0.00275025
            num_until_goal_expanded:236
            timing_expansions:
                total_S3Exp: 0.0027286
                time_top_o: 4.536e-05
                time_check_in_c: 4.5813e-05
                time_add_parent: 6.7487e-05
                num_neighbors: 3796
                time_add_neighbors_to_o: 0.00214496
    num_windows_should_quit: 2
    time_should_quit: 3.2477e-05
    time_remove_window: 2.853e-06
Complete!
