Total time: 4.9222
is_optimal: false
optimality_bound: 1.00196
successive_bounds: [1.00489, 1.00367, 1.00318, 1.00318, 1.00318, 1.00245, 1.00245, 1.00245, 1.00245, 1.00245, 1.00245, 1.00245, 1.00245, 1.00245, 1.00245, 1.00196, 1.00196, 1.00196, 1.00196, 1.00196, 1.00196, 1.00196]
successive_runtimes: [0.0185235, 0.0242304, 0.0298947, 0.0358572, 0.0415726, 0.0505717, 0.0548423, 0.0577644, 0.0617082, 0.0652805, 0.0690067, 0.0725916, 0.0763146, 0.0802073, 0.0930313, 0.209388, 0.26, 0.281958, 0.304014, 0.741745, 1.08144, 4.9222]
num_agents: 60
time_individual_plan: 0.0117328
time_first_plan: 0.00616114
num_max_agents_in_window_first_iteration: 2
num_recWAMPF: 22
timing_recWAMPF:
    total_RecWAMPF: 4.90983
    num_windows: 266
    num_max_agents_in_window: 4
    timing_gari:
        total_GARI: 0.688237
        time_path_btw_starts: 0.00403514
        Stage1:
            total_Stage1:0.244027
            time_add_x_to_o: 0.199901
            time_clear_x: 0.0359383
            timing_AStarSearchUntil:
                total_astar_search_until:0.00816826
                num_values_f_less_fmax:2284
                ASU Exp:
                    total_ASUExp:0.00816058
                    time_top_o:0.000631073
                    time_check_in_c:0.000422697
                    time_add_parent:0.000253278
                    num_neighbors:14105
                    time_add_neighbors_to_o:0.00592253
        Stage2:
            total_Stage2:0.0799139
            num_len_path:234
            time_expanding_s:0.000863091
            timing_AStarSearchUntil:
                total_astar_search_until:0.0789327
                num_values_f_less_fmax:1269
                ASU Exp:
                    total_ASUExp:0.0789263
                    time_top_o:0.00060868
                    time_check_in_c:0.000288672
                    time_add_parent:0.00117618
                    num_neighbors:122921
                    time_add_neighbors_to_o:0.0735536
        Stage3:
            total_Stage3:0.360193
            num_until_goal_expanded:2566
            timing_S3Exp:
                total_S3Exp: 0.0764928
                time_top_o: 0.000711188
                time_check_in_c: 0.00042269
                time_add_parent: 0.000828301
                num_neighbors: 30095
                time_add_neighbors_to_o: 0.0234282
    timing_PIOW_overlapping:
        total_PIOW: 0.455714
        num_windows: 1062
        time_check_overlap: 5.0552e-05
        num_overlapping_windows: 11
        time_merge_windows: 1.463e-05
        time_remove_window: 2.667e-06
        time_remove_window: 1.3969e-05
        timing_PlanIn:
            total_PlanIn:0.455592
            num_until_goal_expanded:1841
            timing_expansions:
                total_S3Exp: 0.455566
                time_top_o: 0.00113225
                time_check_in_c: 0.000504551
                time_add_parent: 0.000968246
                num_neighbors: 604564
                time_add_neighbors_to_o: 0.431021
    num_new_collisions: 16
    timing_PIOW_new_collisions:
        total_PIOW: 3.7443
        num_windows: 182
        time_check_overlap: 8.264e-06
        num_overlapping_windows: 1
        time_merge_windows: 0
        time_remove_window: 1.18066
        time_remove_window: 7.642e-06
        timing_PlanIn:
            total_PlanIn:3.74424
            num_until_goal_expanded:10590
            timing_expansions:
                total_S3Exp: 3.74421
                time_top_o: 0.0146347
                time_check_in_c: 0.00471846
                time_add_parent: 0.00681842
                num_neighbors: 5208443
                time_add_neighbors_to_o: 3.53804
    num_windows_should_quit: 0
    time_should_quit: 1.6295e-05
    time_remove_window: 0
Complete!
