Total time: 0.0174084
is_optimal: true
optimality_bound: 1
successive_bounds: [1.0014, 1.0014, 1.0014, 1.00047, 1.00047, 1.00047, 1.00047, 1.00047, 1.00047, 1.00047, 1.00047, 1.00047, 1, 1]
successive_runtimes: [0.00482476, 0.0055397, 0.00629857, 0.00700123, 0.00762219, 0.00825848, 0.00891784, 0.00965726, 0.0104262, 0.0112622, 0.0121201, 0.0131245, 0.0174084]
num_agents: 30
time_individual_plan: 0.00366961
time_first_plan: 0.000641423
num_max_agents_in_window_first_iteration: 2
num_recWAMPF: 13
timing_recWAMPF:
    total_RecWAMPF: 0.0132228
    num_windows: 50
    num_max_agents_in_window: 2
    timing_gari:
        total_GARI: 0.00944004
        time_path_btw_starts: 0.000104886
        Stage1:
            total_Stage1:0.00120874
            time_add_x_to_o: 0.00100496
            time_clear_x: 0.000114361
            timing_AStarSearchUntil:
                total_astar_search_until:8.6942e-05
                num_values_f_less_fmax:151
                ASU Exp:
                    total_ASUExp:8.5807e-05
                    time_top_o:2.6476e-05
                    time_check_in_c:1.152e-05
                    time_add_parent:1.025e-06
                    num_neighbors:75
                    time_add_neighbors_to_o:2.4479e-05
        Stage2:
            total_Stage2:0.00497593
            num_len_path:49
            time_expanding_s:3.7639e-05
            timing_AStarSearchUntil:
                total_astar_search_until:0.00492584
                num_values_f_less_fmax:397
                ASU Exp:
                    total_ASUExp:0.00492481
                    time_top_o:9.4147e-05
                    time_check_in_c:7.3134e-05
                    time_add_parent:0.000114022
                    num_neighbors:9842
                    time_add_neighbors_to_o:0.00422634
        Stage3:
            total_Stage3:0.00314304
            num_until_goal_expanded:203
            timing_S3Exp:
                total_S3Exp: 0.00191062
                time_top_o: 5.7285e-05
                time_check_in_c: 3.307e-05
                time_add_parent: 4.9148e-05
                num_neighbors: 2941
                time_add_neighbors_to_o: 0.00146821
    timing_PIOW_overlapping:
        total_PIOW: 3.26e-06
        num_windows: 48
        time_check_overlap: 1.704e-06
        num_overlapping_windows: 0
        time_merge_windows: 0
        time_remove_window: 0
        time_remove_window: 0
        timing_PlanIn:
            total_PlanIn:0
            num_until_goal_expanded:0
            timing_expansions:
                total_S3Exp: 0
                time_top_o: 0
                time_check_in_c: 0
                time_add_parent: 0
                num_neighbors: 0
                time_add_neighbors_to_o: 0
    num_new_collisions: 2
    timing_PIOW_new_collisions:
        total_PIOW: 0.000228114
        num_windows: 2
        time_check_overlap: 1.82e-07
        num_overlapping_windows: 0
        time_merge_windows: 0
        time_remove_window: 0
        time_remove_window: 6.93e-07
        timing_PlanIn:
            total_PlanIn:0.000224806
            num_until_goal_expanded:35
            timing_expansions:
                total_S3Exp: 0.000220296
                time_top_o: 4.444e-06
                time_check_in_c: 6.852e-06
                time_add_parent: 9.603e-06
                num_neighbors: 307
                time_add_neighbors_to_o: 0.000141973
    num_windows_should_quit: 0
    time_should_quit: 1.378e-06
    time_remove_window: 0
Complete!
