Total time: 0.00696397
is_optimal: true
optimality_bound: 1
successive_bounds: [1.00296, 1.00296, 1.00296, 1.00296, 1.00296, 1.00296, 1.00296, 1.00296, 1.00296, 1.00296, 1.00296, 1, 1]
successive_runtimes: [0.00251517, 0.00267635, 0.00295901, 0.00346555, 0.00390729, 0.00430697, 0.00480468, 0.00539734, 0.0060825, 0.0063366, 0.00650336, 0.00696394]
num_agents: 10
time_individual_plan: 0.0018682
time_first_plan: 0.000117425
num_max_agents_in_window_first_iteration: 2
num_recWAMPF: 12
timing_recWAMPF:
    total_RecWAMPF: 0.00456423
    num_windows: 23
    num_max_agents_in_window: 2
    timing_gari:
        total_GARI: 0.00421874
        time_path_btw_starts: 4.7869e-05
        Stage1:
            total_Stage1:0.00148165
            time_add_x_to_o: 0.000639186
            time_clear_x: 6.2569e-05
            timing_AStarSearchUntil:
                total_astar_search_until:0.00077856
                num_values_f_less_fmax:96
                ASU Exp:
                    total_ASUExp:0.000777991
                    time_top_o:3.5795e-05
                    time_check_in_c:3.1294e-05
                    time_add_parent:3.2236e-05
                    num_neighbors:1770
                    time_add_neighbors_to_o:0.000597473
        Stage2:
            total_Stage2:0.00146692
            num_len_path:21
            time_expanding_s:9.116e-06
            timing_AStarSearchUntil:
                total_astar_search_until:0.00145196
                num_values_f_less_fmax:150
                ASU Exp:
                    total_ASUExp:0.0014515
                    time_top_o:3.2873e-05
                    time_check_in_c:2.5945e-05
                    time_add_parent:3.6985e-05
                    num_neighbors:3360
                    time_add_neighbors_to_o:0.00120753
        Stage3:
            total_Stage3:0.00121879
            num_until_goal_expanded:55
            timing_S3Exp:
                total_S3Exp: 0.000593108
                time_top_o: 2.3769e-05
                time_check_in_c: 7.246e-06
                time_add_parent: 1.1947e-05
                num_neighbors: 674
                time_add_neighbors_to_o: 0.000450996
    timing_PIOW_overlapping:
        total_PIOW: 2.81e-07
        num_windows: 11
        time_check_overlap: 0
        num_overlapping_windows: 0
        time_merge_windows: 0
        time_remove_window: 0
        time_remove_window: 0
        timing_PlanIn:
            total_PlanIn:0
            num_until_goal_expanded:0
            timing_expansions:
                total_S3Exp: 0
                time_top_o: 0
                time_check_in_c: 0
                time_add_parent: 0
                num_neighbors: 0
                time_add_neighbors_to_o: 0
    num_new_collisions: 1
    timing_PIOW_new_collisions:
        total_PIOW: 9.1127e-05
        num_windows: 0
        time_check_overlap: 0
        num_overlapping_windows: 0
        time_merge_windows: 0
        time_remove_window: 0
        time_remove_window: 3.08e-07
        timing_PlanIn:
            total_PlanIn:8.9462e-05
            num_until_goal_expanded:11
            timing_expansions:
                total_S3Exp: 8.6337e-05
                time_top_o: 2.004e-06
                time_check_in_c: 2.319e-06
                time_add_parent: 3.523e-06
                num_neighbors: 145
                time_add_neighbors_to_o: 6.0789e-05
    num_windows_should_quit: 0
    time_should_quit: 5.47e-07
    time_remove_window: 0
Complete!
