Total time: 8.4223
is_optimal: false
optimality_bound: 1.00216
successive_bounds: [1.00378, 1.00324, 1.0027, 1.0027, 1.0027, 1.00216, 1.00216, 1.00216, 1.00216, 1.00216, 1.00216, 1.00216, 1.00216]
successive_runtimes: [0.0077536, 0.00848891, 0.0117254, 0.0173787, 0.0224579, 0.109587, 0.267992, 0.520458, 0.818694, 1.14957, 1.63424, 2.58969, 8.4223]
num_agents: 30
time_individual_plan: 0.00629164
time_first_plan: 0.00093367
num_max_agents_in_window_first_iteration: 2
num_recWAMPF: 13
timing_recWAMPF:
    total_RecWAMPF: 8.41547
    num_windows: 92
    num_max_agents_in_window: 5
    timing_gari:
        total_GARI: 4.37254
        time_path_btw_starts: 0.00305735
        Stage1:
            total_Stage1:2.70383
            time_add_x_to_o: 0.734451
            time_clear_x: 0.329706
            timing_AStarSearchUntil:
                total_astar_search_until:1.63967
                num_values_f_less_fmax:17781
                ASU Exp:
                    total_ASUExp:1.63966
                    time_top_o:0.0236244
                    time_check_in_c:0.0060412
                    time_add_parent:0.00488483
                    num_neighbors:3678121
                    time_add_neighbors_to_o:1.58389
        Stage2:
            total_Stage2:0.374577
            num_len_path:99
            time_expanding_s:8.2431e-05
            timing_AStarSearchUntil:
                total_astar_search_until:0.374448
                num_values_f_less_fmax:1852
                ASU Exp:
                    total_ASUExp:0.374446
                    time_top_o:0.00163765
                    time_check_in_c:0.000484397
                    time_add_parent:0.000991621
                    num_neighbors:729115
                    time_add_neighbors_to_o:0.367984
        Stage3:
            total_Stage3:1.29104
            num_until_goal_expanded:14055
            timing_S3Exp:
                total_S3Exp: 0.673766
                time_top_o: 0.013568
                time_check_in_c: 0.0035154
                time_add_parent: 0.00647912
                num_neighbors: 1366012
                time_add_neighbors_to_o: 0.630653
    timing_PIOW_overlapping:
        total_PIOW: 0.0858538
        num_windows: 181
        time_check_overlap: 8.375e-06
        num_overlapping_windows: 3
        time_merge_windows: 2.978e-06
        time_remove_window: 6.89e-07
        time_remove_window: 2.828e-06
        timing_PlanIn:
            total_PlanIn:0.0858307
            num_until_goal_expanded:544
            timing_expansions:
                total_S3Exp: 0.0858245
                time_top_o: 0.000230292
                time_check_in_c: 0.000117997
                time_add_parent: 0.000178659
                num_neighbors: 169422
                time_add_neighbors_to_o: 0.080094
    num_new_collisions: 7
    timing_PIOW_new_collisions:
        total_PIOW: 3.95421
        num_windows: 35
        time_check_overlap: 1.424e-06
        num_overlapping_windows: 1
        time_merge_windows: 0
        time_remove_window: 4.46935
        time_remove_window: 1.921e-06
        timing_PlanIn:
            total_PlanIn:3.95419
            num_until_goal_expanded:7897
            timing_expansions:
                total_S3Exp: 3.95418
                time_top_o: 0.0112537
                time_check_in_c: 0.00204363
                time_add_parent: 0.00450104
                num_neighbors: 6729735
                time_add_neighbors_to_o: 3.74872
    num_windows_should_quit: 0
    time_should_quit: 3.464e-06
    time_remove_window: 0
Complete!
