Total time: 28.8606
is_optimal: false
optimality_bound: 1.0016
successive_bounds: [1.00641, 1.00641, 1.00641, 1.00641, 1.00641, 1.00641, 1.00641, 1.00481, 1.00481, 1.0016]
successive_runtimes: [0.274729, 1.14542, 2.5595, 4.19788, 6.01665, 8.06847, 10.3477, 12.7994, 14.9231, 28.8606]
num_agents: 20
time_individual_plan: 0.00241594
time_first_plan: 0.271681
num_max_agents_in_window_first_iteration: 3
num_recWAMPF: 10
timing_recWAMPF:
    total_RecWAMPF: 28.8576
    num_windows: 38
    num_max_agents_in_window: 3
    timing_gari:
        total_GARI: 8.73763
        time_path_btw_starts: 0.017568
        Stage1:
            total_Stage1:8.68876
            time_add_x_to_o: 1.08761
            time_clear_x: 0.565354
            timing_AStarSearchUntil:
                total_astar_search_until:0.790124
                num_values_f_less_fmax:178667
                ASU Exp:
                    total_ASUExp:0.790123
                    time_top_o:0.238877
                    time_check_in_c:0.0987518
                    time_add_parent:0.0609349
                    num_neighbors:11158282
                    time_add_neighbors_to_o:6.39657
        Stage2:
            total_Stage2:0.00609621
            num_len_path:20
            time_expanding_s:0.000906411
            timing_AStarSearchUntil:
                total_astar_search_until:0.00516916
                num_values_f_less_fmax:32
                ASU Exp:
                    total_ASUExp:0.00516848
                    time_top_o:1.6196e-05
                    time_check_in_c:0.00168041
                    time_add_parent:0.000627475
                    num_neighbors:1545
                    time_add_neighbors_to_o:0.00278289
        Stage3:
            total_Stage3:0.0251951
            num_until_goal_expanded:793
            timing_S3Exp:
                total_S3Exp: 0.0104271
                time_top_o: 0.000358465
                time_check_in_c: 0.00014475
                time_add_parent: 0.0003653
                num_neighbors: 13502
                time_add_neighbors_to_o: 0.00752223
    timing_PIOW_overlapping:
        total_PIOW: 5.222e-06
        num_windows: 36
        time_check_overlap: 2.146e-06
        num_overlapping_windows: 0
        time_merge_windows: 0
        time_remove_window: 0
        time_remove_window: 0
        timing_PlanIn:
            total_PlanIn:0
            num_until_goal_expanded:0
            timing_expansions:
                total_S3Exp: 0
                time_top_o: 0
                time_check_in_c: 0
                time_add_parent: 0
                num_neighbors: 0
                time_add_neighbors_to_o: 0
    num_new_collisions: 3
    timing_PIOW_new_collisions:
        total_PIOW: 0.271474
        num_windows: 3
        time_check_overlap: 2.5e-07
        num_overlapping_windows: 1
        time_merge_windows: 0
        time_remove_window: 0.00324533
        time_remove_window: 9.86e-07
        timing_PlanIn:
            total_PlanIn:0.271467
            num_until_goal_expanded:4633
            timing_expansions:
                total_S3Exp: 0.27145
                time_top_o: 0.00401978
                time_check_in_c: 0.00145516
                time_add_parent: 0.00237785
                num_neighbors: 448957
                time_add_neighbors_to_o: 0.242612
    num_windows_should_quit: 0
    time_should_quit: 3.427e-06
    time_remove_window: 0
Complete!
