Total time: 0.0146592
is_optimal: true
optimality_bound: 1
successive_bounds: [1.00131, 1.00066, 1.00066, 1.00066, 1.00066, 1.00066, 1.00066, 1.00066, 1.00066, 1, 1]
successive_runtimes: [0.00664928, 0.00701058, 0.00731527, 0.00762676, 0.0082804, 0.00895889, 0.00948905, 0.00999232, 0.0105568, 0.0146592]
num_agents: 20
time_individual_plan: 0.00573644
time_first_plan: 0.000385389
num_max_agents_in_window_first_iteration: 2
num_recWAMPF: 10
timing_recWAMPF:
    total_RecWAMPF: 0.00839341
    num_windows: 57
    num_max_agents_in_window: 2
    timing_gari:
        total_GARI: 0.0070703
        time_path_btw_starts: 0.000125955
        Stage1:
            total_Stage1:0.00444808
            time_add_x_to_o: 0.000681378
            time_clear_x: 7.7073e-05
            timing_AStarSearchUntil:
                total_astar_search_until:0.00368684
                num_values_f_less_fmax:364
                ASU Exp:
                    total_ASUExp:0.00368557
                    time_top_o:8.9926e-05
                    time_check_in_c:6.4385e-05
                    time_add_parent:9.0373e-05
                    num_neighbors:6735
                    time_add_neighbors_to_o:0.00312798
        Stage2:
            total_Stage2:0.00132636
            num_len_path:64
            time_expanding_s:2.462e-05
            timing_AStarSearchUntil:
                total_astar_search_until:0.00128815
                num_values_f_less_fmax:112
                ASU Exp:
                    total_ASUExp:0.00128701
                    time_top_o:2.4961e-05
                    time_check_in_c:2.0984e-05
                    time_add_parent:3e-05
                    num_neighbors:2704
                    time_add_neighbors_to_o:0.00108072
        Stage3:
            total_Stage3:0.00116303
            num_until_goal_expanded:61
            timing_S3Exp:
                total_S3Exp: 0.000524946
                time_top_o: 7.797e-06
                time_check_in_c: 5.638e-06
                time_add_parent: 9.923e-06
                num_neighbors: 714
                time_add_neighbors_to_o: 0.000368064
    timing_PIOW_overlapping:
        total_PIOW: 4.787e-06
        num_windows: 81
        time_check_overlap: 2.548e-06
        num_overlapping_windows: 0
        time_merge_windows: 0
        time_remove_window: 0
        time_remove_window: 0
        timing_PlanIn:
            total_PlanIn:0
            num_until_goal_expanded:0
            timing_expansions:
                total_S3Exp: 0
                time_top_o: 0
                time_check_in_c: 0
                time_add_parent: 0
                num_neighbors: 0
                time_add_neighbors_to_o: 0
    num_new_collisions: 3
    timing_PIOW_new_collisions:
        total_PIOW: 0.000202607
        num_windows: 6
        time_check_overlap: 2.51e-07
        num_overlapping_windows: 0
        time_merge_windows: 0
        time_remove_window: 0
        time_remove_window: 8.9e-07
        timing_PlanIn:
            total_PlanIn:0.000198549
            num_until_goal_expanded:17
            timing_expansions:
                total_S3Exp: 0.000192377
                time_top_o: 2.677e-06
                time_check_in_c: 2.836e-06
                time_add_parent: 5.348e-06
                num_neighbors: 312
                time_add_neighbors_to_o: 0.000151056
    num_windows_should_quit: 0
    time_should_quit: 1.344e-06
    time_remove_window: 0
Complete!
