Total time: 1.0012
is_optimal: true
optimality_bound: 1
successive_bounds: [1.00503, 1.00503, 1.00503, 1.00503, 1.00503, 1.00168, 1.00168, 1.00168, 1.00168, 1.00168, 1.00168, 1.00168, 1.00168, 1.00168, 1.00168, 1.00168, 1.00168, 1.00168, 1.00168, 1.00168, 1.00168, 1.00168, 1.00168, 1.00168, 1.00168, 1.00168, 1.00168, 1.00168, 1.00168, 1, 1]
successive_runtimes: [0.00191901, 0.00242907, 0.00298942, 0.00363891, 0.00437023, 0.00541762, 0.022778, 0.0300321, 0.0337724, 0.03795, 0.0419948, 0.0457379, 0.0495522, 0.0535134, 0.163425, 0.228492, 0.270648, 0.314054, 0.359523, 0.416355, 0.461787, 0.512414, 0.568241, 0.62348, 0.680403, 0.740219, 0.801726, 0.864956, 0.933001, 1.0012]
num_agents: 10
time_individual_plan: 0.00102923
time_first_plan: 0.000325924
num_max_agents_in_window_first_iteration: 2
num_recWAMPF: 30
timing_recWAMPF:
    total_RecWAMPF: 0.999606
    num_windows: 82
    num_max_agents_in_window: 3
    timing_gari:
        total_GARI: 0.98142
        time_path_btw_starts: 0.000687176
        Stage1:
            total_Stage1:0.251674
            time_add_x_to_o: 0.132246
            time_clear_x: 0.0260081
            timing_AStarSearchUntil:
                total_astar_search_until:0.0934117
                num_values_f_less_fmax:5446
                ASU Exp:
                    total_ASUExp:0.0934073
                    time_top_o:0.00367055
                    time_check_in_c:0.00268525
                    time_add_parent:0.000695338
                    num_neighbors:182479
                    time_add_neighbors_to_o:0.0835693
        Stage2:
            total_Stage2:0.0299957
            num_len_path:79
            time_expanding_s:4.7203e-05
            timing_AStarSearchUntil:
                total_astar_search_until:0.0298962
                num_values_f_less_fmax:475
                ASU Exp:
                    total_ASUExp:0.0298943
                    time_top_o:0.000213659
                    time_check_in_c:8.3613e-05
                    time_add_parent:0.000463335
                    num_neighbors:65340
                    time_add_neighbors_to_o:0.0284419
        Stage3:
            total_Stage3:0.699041
            num_until_goal_expanded:2004
            timing_S3Exp:
                total_S3Exp: 0.118447
                time_top_o: 0.000979751
                time_check_in_c: 0.000373918
                time_add_parent: 0.000738739
                num_neighbors: 216438
                time_add_neighbors_to_o: 0.110791
    timing_PIOW_overlapping:
        total_PIOW: 0.0171981
        num_windows: 77
        time_check_overlap: 1.886e-06
        num_overlapping_windows: 2
        time_merge_windows: 2.041e-06
        time_remove_window: 2.98e-07
        time_remove_window: 1.947e-06
        timing_PlanIn:
            total_PlanIn:0.0171883
            num_until_goal_expanded:268
            timing_expansions:
                total_S3Exp: 0.0171842
                time_top_o: 6.5205e-05
                time_check_in_c: 4.6232e-05
                time_add_parent: 7.3529e-05
                num_neighbors: 30910
                time_add_neighbors_to_o: 0.0158252
    num_new_collisions: 3
    timing_PIOW_new_collisions:
        total_PIOW: 0.00027664
        num_windows: 6
        time_check_overlap: 3.49e-07
        num_overlapping_windows: 0
        time_merge_windows: 0
        time_remove_window: 0
        time_remove_window: 7.27e-07
        timing_PlanIn:
            total_PlanIn:0.000272419
            num_until_goal_expanded:32
            timing_expansions:
                total_S3Exp: 0.000265802
                time_top_o: 4.413e-06
                time_check_in_c: 5.972e-06
                time_add_parent: 9.046e-06
                num_neighbors: 371
                time_add_neighbors_to_o: 0.000187772
    num_windows_should_quit: 0
    time_should_quit: 3.286e-06
    time_remove_window: 0
Complete!
