Total time: 4.10969
is_optimal: false
optimality_bound: 1.00214
successive_bounds: [1.00498, 1.00356, 1.00285, 1.00285, 1.00214, 1.00214, 1.00214]
successive_runtimes: [0.0145319, 0.0186687, 0.0232469, 0.0277756, 0.0328481, 2.37705, 4.10969]
num_agents: 40
time_individual_plan: 0.0107827
time_first_plan: 0.00321985
num_max_agents_in_window_first_iteration: 3
num_recWAMPF: 7
timing_recWAMPF:
    total_RecWAMPF: 4.09838
    num_windows: 100
    num_max_agents_in_window: 4
    timing_gari:
        total_GARI: 1.75016
        time_path_btw_starts: 0.000214791
        Stage1:
            total_Stage1:1.01046
            time_add_x_to_o: 0.351224
            time_clear_x: 0.0683593
            timing_AStarSearchUntil:
                total_astar_search_until:0.590868
                num_values_f_less_fmax:4560
                ASU Exp:
                    total_ASUExp:0.590866
                    time_top_o:0.00782146
                    time_check_in_c:0.00155882
                    time_add_parent:0.000976615
                    num_neighbors:932461
                    time_add_neighbors_to_o:0.576274
        Stage2:
            total_Stage2:0.00424556
            num_len_path:93
            time_expanding_s:5.1276e-05
            timing_AStarSearchUntil:
                total_astar_search_until:0.00416771
                num_values_f_less_fmax:214
                ASU Exp:
                    total_ASUExp:0.00416569
                    time_top_o:5.0542e-05
                    time_check_in_c:8.9892e-05
                    time_add_parent:6.2033e-05
                    num_neighbors:8757
                    time_add_neighbors_to_o:0.00370988
        Stage3:
            total_Stage3:0.73523
            num_until_goal_expanded:3496
            timing_S3Exp:
                total_S3Exp: 0.5165
                time_top_o: 0.00410386
                time_check_in_c: 0.000853295
                time_add_parent: 0.00159563
                num_neighbors: 813540
                time_add_neighbors_to_o: 0.503901
    timing_PIOW_overlapping:
        total_PIOW: 2.34236
        num_windows: 489
        time_check_overlap: 1.3966e-05
        num_overlapping_windows: 9
        time_merge_windows: 9.706e-06
        time_remove_window: 2.528e-06
        time_remove_window: 9.289e-06
        timing_PlanIn:
            total_PlanIn:2.34231
            num_until_goal_expanded:9590
            timing_expansions:
                total_S3Exp: 2.34229
                time_top_o: 0.0109597
                time_check_in_c: 0.00291599
                time_add_parent: 0.00462583
                num_neighbors: 4175686
                time_add_neighbors_to_o: 2.20077
    num_new_collisions: 12
    timing_PIOW_new_collisions:
        total_PIOW: 0.0015598
        num_windows: 120
        time_check_overlap: 3.22e-06
        num_overlapping_windows: 1
        time_merge_windows: 0
        time_remove_window: 0.0119017
        time_remove_window: 3.249e-06
        timing_PlanIn:
            total_PlanIn:0.0015407
            num_until_goal_expanded:157
            timing_expansions:
                total_S3Exp: 0.00152142
                time_top_o: 5.6468e-05
                time_check_in_c: 2.5265e-05
                time_add_parent: 4.0353e-05
                num_neighbors: 2704
                time_add_neighbors_to_o: 0.00115298
    num_windows_should_quit: 0
    time_should_quit: 3.696e-06
    time_remove_window: 0
Complete!
