Total time: 50.7644
is_optimal: false
optimality_bound: 1.00217
successive_bounds: [1.01139, 1.01031, 1.00651, 1.00434, 1.00434, 1.00434, 1.00434, 1.00434, 1.00326, 1.00326, 1.00326, 1.00326, 1.00326, 1.00326, 1.00326, 1.00217, 1.00217, 1.00217, 1.00217]
successive_runtimes: [0.018072, 0.165059, 0.587837, 0.806045, 1.17233, 2.30516, 4.3742, 7.50433, 11.5582, 14.1237, 16.3053, 18.5671, 20.8156, 23.1492, 25.6262, 28.0455, 30.4776, 32.9072, 50.7644]
num_agents: 30
time_individual_plan: 0.00588484
time_first_plan: 0.0115084
num_max_agents_in_window_first_iteration: 3
num_recWAMPF: 19
timing_recWAMPF:
    total_RecWAMPF: 50.7578
    num_windows: 148
    num_max_agents_in_window: 4
    timing_gari:
        total_GARI: 36.1485
        time_path_btw_starts: 0.00706562
        Stage1:
            total_Stage1:15.9696
            time_add_x_to_o: 3.26769
            time_clear_x: 2.01807
            timing_AStarSearchUntil:
                total_astar_search_until:9.64635
                num_values_f_less_fmax:175963
                ASU Exp:
                    total_ASUExp:9.64634
                    time_top_o:0.215581
                    time_check_in_c:0.0786996
                    time_add_parent:0.0666717
                    num_neighbors:18533968
                    time_add_neighbors_to_o:10.0797
        Stage2:
            total_Stage2:0.0702368
            num_len_path:142
            time_expanding_s:0.00042536
            timing_AStarSearchUntil:
                total_astar_search_until:0.0696831
                num_values_f_less_fmax:1070
                ASU Exp:
                    total_ASUExp:0.0696791
                    time_top_o:0.000533798
                    time_check_in_c:0.000260599
                    time_add_parent:0.000481109
                    num_neighbors:122532
                    time_add_neighbors_to_o:0.0663362
        Stage3:
            total_Stage3:20.1016
            num_until_goal_expanded:179784
            timing_S3Exp:
                total_S3Exp: 12.8711
                time_top_o: 0.179032
                time_check_in_c: 0.0698435
                time_add_parent: 0.128374
                num_neighbors: 22132089
                time_add_neighbors_to_o: 12.1939
    timing_PIOW_overlapping:
        total_PIOW: 3.4358e-05
        num_windows: 288
        time_check_overlap: 1.7675e-05
        num_overlapping_windows: 0
        time_merge_windows: 0
        time_remove_window: 0
        time_remove_window: 0
        timing_PlanIn:
            total_PlanIn:0
            num_until_goal_expanded:0
            timing_expansions:
                total_S3Exp: 0
                time_top_o: 0
                time_check_in_c: 0
                time_add_parent: 0
                num_neighbors: 0
                time_add_neighbors_to_o: 0
    num_new_collisions: 8
    timing_PIOW_new_collisions:
        total_PIOW: 13.5937
        num_windows: 37
        time_check_overlap: 3.103e-06
        num_overlapping_windows: 4
        time_merge_windows: 0
        time_remove_window: 38.0392
        time_remove_window: 2.59e-06
        timing_PlanIn:
            total_PlanIn:13.5937
            num_until_goal_expanded:53302
            timing_expansions:
                total_S3Exp: 13.5937
                time_top_o: 0.0943095
                time_check_in_c: 0.0192627
                time_add_parent: 0.0331188
                num_neighbors: 19160798
                time_add_neighbors_to_o: 12.7565
    num_windows_should_quit: 0
    time_should_quit: 1.3705e-05
    time_remove_window: 0
Complete!
