Total time: 53.3272
is_optimal: false
optimality_bound: 1.00673
successive_bounds: [1.00969, 1.00861, 1.00834, 1.0078, 1.0078, 1.007, 1.007, 1.007, 1.00673, 1.00673, 1.00673, 1.00673, 1.00673, 1.00673, 1.00673, 1.00673, 1.00673, 1.00673, 1.00673]
successive_runtimes: [0.0286983, 0.047519, 0.0617696, 0.0719307, 0.076411, 0.0799783, 0.0823731, 0.0839379, 0.1159, 0.14718, 0.160817, 0.193098, 0.250881, 0.48038, 0.958244, 1.47864, 27.5783, 41.7006, 53.3272]
num_agents: 50
time_individual_plan: 0.0176739
time_first_plan: 0.010194
num_max_agents_in_window_first_iteration: 2
num_recWAMPF: 19
timing_recWAMPF:
    total_RecWAMPF: 53.3087
    num_windows: 112
    num_max_agents_in_window: 4
    timing_gari:
        total_GARI: 53.2313
        time_path_btw_starts: 0.00229034
        Stage1:
            total_Stage1:21.7532
            time_add_x_to_o: 4.5684
            time_clear_x: 1.27526
            timing_AStarSearchUntil:
                total_astar_search_until:15.9095
                num_values_f_less_fmax:76523
                ASU Exp:
                    total_ASUExp:15.9095
                    time_top_o:0.178618
                    time_check_in_c:0.187464
                    time_add_parent:0.0484161
                    num_neighbors:19899762
                    time_add_neighbors_to_o:15.206
        Stage2:
            total_Stage2:0.00560428
            num_len_path:82
            time_expanding_s:7.7703e-05
            timing_AStarSearchUntil:
                total_astar_search_until:0.00544726
                num_values_f_less_fmax:151
                ASU Exp:
                    total_ASUExp:0.00544464
                    time_top_o:6.2835e-05
                    time_check_in_c:4.0106e-05
                    time_add_parent:8.7164e-05
                    num_neighbors:7258
                    time_add_neighbors_to_o:0.0049558
        Stage3:
            total_Stage3:31.4702
            num_until_goal_expanded:69554
            timing_S3Exp:
                total_S3Exp: 25.7947
                time_top_o: 0.164845
                time_check_in_c: 0.04195
                time_add_parent: 0.0582278
                num_neighbors: 33364260
                time_add_neighbors_to_o: 25.1173
    timing_PIOW_overlapping:
        total_PIOW: 0.0498182
        num_windows: 732
        time_check_overlap: 3.38e-05
        num_overlapping_windows: 20
        time_merge_windows: 7.0828e-05
        time_remove_window: 1.2106e-05
        time_remove_window: 6.7802e-05
        timing_PlanIn:
            total_PlanIn:0.0496163
            num_until_goal_expanded:752
            timing_expansions:
                total_S3Exp: 0.0495261
                time_top_o: 0.000249551
                time_check_in_c: 0.000257646
                time_add_parent: 0.000477281
                num_neighbors: 57088
                time_add_neighbors_to_o: 0.0444366
    num_new_collisions: 22
    timing_PIOW_new_collisions:
        total_PIOW: 0.00998648
        num_windows: 407
        time_check_overlap: 1.8559e-05
        num_overlapping_windows: 1
        time_merge_windows: 0
        time_remove_window: 0.0418198
        time_remove_window: 3.5382e-05
        timing_PlanIn:
            total_PlanIn:0.00986883
            num_until_goal_expanded:584
            timing_expansions:
                total_S3Exp: 0.00974344
                time_top_o: 0.000134297
                time_check_in_c: 0.000139736
                time_add_parent: 0.000223093
                num_neighbors: 13670
                time_add_neighbors_to_o: 0.00765806
    num_windows_should_quit: 0
    time_should_quit: 1.1003e-05
    time_remove_window: 0
Complete!
