Total time: 8.81873
is_optimal: false
optimality_bound: 1.00236
successive_bounds: [1.00512, 1.00512, 1.00473, 1.00315, 1.00315, 1.00315, 1.00315, 1.00315, 1.00236, 1.00236, 1.00236, 1.00236, 1.00236, 1.00236, 1.00236, 1.00236, 1.00236, 1.00236, 1.00236, 1.00236, 1.00236]
successive_runtimes: [0.00718168, 0.00929066, 0.0125593, 0.0154715, 0.0176585, 0.0194761, 0.148991, 0.353663, 0.524276, 0.678192, 1.18676, 2.03784, 2.89842, 3.39573, 4.2053, 5.17042, 6.25894, 7.19004, 7.91073, 8.4112, 8.81873]
num_agents: 40
time_individual_plan: 0.00434046
time_first_plan: 0.00231729
num_max_agents_in_window_first_iteration: 2
num_recWAMPF: 21
timing_recWAMPF:
    total_RecWAMPF: 8.81386
    num_windows: 260
    num_max_agents_in_window: 4
    timing_gari:
        total_GARI: 8.67468
        time_path_btw_starts: 0.11292
        Stage1:
            total_Stage1:5.04661
            time_add_x_to_o: 1.69899
            time_clear_x: 0.66701
            timing_AStarSearchUntil:
                total_astar_search_until:2.68059
                num_values_f_less_fmax:18767
                ASU Exp:
                    total_ASUExp:2.68058
                    time_top_o:0.0275613
                    time_check_in_c:0.0538741
                    time_add_parent:0.0189661
                    num_neighbors:4487544
                    time_add_neighbors_to_o:2.51191
        Stage2:
            total_Stage2:0.0617896
            num_len_path:249
            time_expanding_s:0.00016721
            timing_AStarSearchUntil:
                total_astar_search_until:0.0614916
                num_values_f_less_fmax:767
                ASU Exp:
                    total_ASUExp:0.0614859
                    time_top_o:0.000270335
                    time_check_in_c:0.00109292
                    time_add_parent:0.000824794
                    num_neighbors:117696
                    time_add_neighbors_to_o:0.0557893
        Stage3:
            total_Stage3:3.4533
            num_until_goal_expanded:3101
            timing_S3Exp:
                total_S3Exp: 0.458651
                time_top_o: 0.00330337
                time_check_in_c: 0.000990395
                time_add_parent: 0.0016827
                num_neighbors: 817474
                time_add_neighbors_to_o: 0.439671
    timing_PIOW_overlapping:
        total_PIOW: 0.129258
        num_windows: 818
        time_check_overlap: 3.5154e-05
        num_overlapping_windows: 2
        time_merge_windows: 2.245e-06
        time_remove_window: 9.48e-07
        time_remove_window: 2.14e-06
        timing_PlanIn:
            total_PlanIn:0.129168
            num_until_goal_expanded:313
            timing_expansions:
                total_S3Exp: 0.129164
                time_top_o: 0.000162586
                time_check_in_c: 7.6614e-05
                time_add_parent: 0.000115531
                num_neighbors: 242805
                time_add_neighbors_to_o: 0.122039
    num_new_collisions: 8
    timing_PIOW_new_collisions:
        total_PIOW: 0.000953545
        num_windows: 56
        time_check_overlap: 1.52e-06
        num_overlapping_windows: 0
        time_merge_windows: 0
        time_remove_window: 0
        time_remove_window: 4.215e-06
        timing_PlanIn:
            total_PlanIn:0.000940359
            num_until_goal_expanded:111
            timing_expansions:
                total_S3Exp: 0.00092713
                time_top_o: 1.3716e-05
                time_check_in_c: 2.0082e-05
                time_add_parent: 2.9934e-05
                num_neighbors: 1291
                time_add_neighbors_to_o: 0.000694214
    num_windows_should_quit: 0
    time_should_quit: 1.4321e-05
    time_remove_window: 0
Complete!
