Total time: 2.41419
is_optimal: false
optimality_bound: 1.00114
successive_bounds: [1.00455, 1.00455, 1.00455, 1.00228, 1.00171, 1.00171, 1.00171, 1.00171, 1.00171, 1.00171, 1.00171, 1.00114, 1.00114]
successive_runtimes: [0.0108447, 0.0125678, 0.0147248, 0.017381, 0.0192255, 0.0208904, 0.0225158, 0.0243681, 0.0274599, 0.0299301, 0.0467421, 0.661451, 2.41419]
num_agents: 30
time_individual_plan: 0.00905668
time_first_plan: 0.00112979
num_max_agents_in_window_first_iteration: 2
num_recWAMPF: 13
timing_recWAMPF:
    total_RecWAMPF: 2.40448
    num_windows: 146
    num_max_agents_in_window: 3
    timing_gari:
        total_GARI: 0.990557
        time_path_btw_starts: 0.000411695
        Stage1:
            total_Stage1:0.957756
            time_add_x_to_o: 0.144794
            time_clear_x: 0.0323419
            timing_AStarSearchUntil:
                total_astar_search_until:0.00426436
                num_values_f_less_fmax:21087
                ASU Exp:
                    total_ASUExp:0.00426055
                    time_top_o:0.0300846
                    time_check_in_c:0.0325238
                    time_add_parent:0.00786412
                    num_neighbors:1202460
                    time_add_neighbors_to_o:0.685439
        Stage2:
            total_Stage2:0.00693666
            num_len_path:151
            time_expanding_s:8.5697e-05
            timing_AStarSearchUntil:
                total_astar_search_until:0.00680422
                num_values_f_less_fmax:510
                ASU Exp:
                    total_ASUExp:0.0068008
                    time_top_o:0.000156019
                    time_check_in_c:0.000138455
                    time_add_parent:0.000211875
                    num_neighbors:12065
                    time_add_neighbors_to_o:0.00568941
        Stage3:
            total_Stage3:0.0254245
            num_until_goal_expanded:1951
            timing_S3Exp:
                total_S3Exp: 0.0207909
                time_top_o: 0.000733788
                time_check_in_c: 0.00041917
                time_add_parent: 0.000606724
                num_neighbors: 34512
                time_add_neighbors_to_o: 0.0165398
    timing_PIOW_overlapping:
        total_PIOW: 0.610989
        num_windows: 416
        time_check_overlap: 2.0358e-05
        num_overlapping_windows: 1
        time_merge_windows: 1.914e-06
        time_remove_window: 3.93e-07
        time_remove_window: 1.854e-06
        timing_PlanIn:
            total_PlanIn:0.610949
            num_until_goal_expanded:9256
            timing_expansions:
                total_S3Exp: 0.610946
                time_top_o: 0.00809612
                time_check_in_c: 0.00283524
                time_add_parent: 0.00458518
                num_neighbors: 1060690
                time_add_neighbors_to_o: 0.549954
    num_new_collisions: 6
    timing_PIOW_new_collisions:
        total_PIOW: 0.00067366
        num_windows: 30
        time_check_overlap: 1.595e-06
        num_overlapping_windows: 0
        time_merge_windows: 0
        time_remove_window: 0
        time_remove_window: 1.779e-06
        timing_PlanIn:
            total_PlanIn:0.000663077
            num_until_goal_expanded:77
            timing_expansions:
                total_S3Exp: 0.000651556
                time_top_o: 1.2275e-05
                time_check_in_c: 1.6482e-05
                time_add_parent: 2.499e-05
                num_neighbors: 864
                time_add_neighbors_to_o: 0.00046448
    num_windows_should_quit: 0
    time_should_quit: 6.745e-06
    time_remove_window: 0
Complete!
