Total time: 0.155336
is_optimal: true
optimality_bound: 1
successive_bounds: [1.02381, 1.00476, 1.00437, 1.00278, 1.00278, 1.00278, 1.00278, 1.00278, 1.00278, 1.00198, 1.00079, 1.00079, 1.00079, 1.00079, 1.00079, 1.00079, 1.00079, 1.00079, 1.00079, 1.00079, 1.00079, 1.00079, 1.00079, 1.00079, 1.00079, 1.00079, 1.00079, 1.00079, 1, 1]
successive_runtimes: [0.0128072, 0.0378637, 0.0512996, 0.0561072, 0.0599674, 0.0634689, 0.0671199, 0.0709647, 0.0755599, 0.0813653, 0.085282, 0.0885316, 0.0917896, 0.0955018, 0.0992947, 0.103059, 0.106923, 0.110955, 0.114825, 0.118498, 0.122244, 0.126189, 0.130189, 0.134137, 0.13808, 0.142068, 0.146443, 0.150348, 0.155336]
num_agents: 40
time_individual_plan: 0.00672327
time_first_plan: 0.00555489
num_max_agents_in_window_first_iteration: 2
num_recWAMPF: 29
timing_recWAMPF:
    total_RecWAMPF: 0.148079
    num_windows: 338
    num_max_agents_in_window: 2
    timing_gari:
        total_GARI: 0.131332
        time_path_btw_starts: 0.00123413
        Stage1:
            total_Stage1:0.0582142
            time_add_x_to_o: 0.0219699
            time_clear_x: 0.00293384
            timing_AStarSearchUntil:
                total_astar_search_until:0.0332911
                num_values_f_less_fmax:10360
                ASU Exp:
                    total_ASUExp:0.0332835
                    time_top_o:0.00276398
                    time_check_in_c:0.00187698
                    time_add_parent:0.000984327
                    num_neighbors:60710
                    time_add_neighbors_to_o:0.0232671
        Stage2:
            total_Stage2:0.00602603
            num_len_path:322
            time_expanding_s:0.000169913
            timing_AStarSearchUntil:
                total_astar_search_until:0.00574876
                num_values_f_less_fmax:486
                ASU Exp:
                    total_ASUExp:0.00574171
                    time_top_o:0.000142168
                    time_check_in_c:9.8269e-05
                    time_add_parent:0.000157741
                    num_neighbors:12529
                    time_add_neighbors_to_o:0.00476985
        Stage3:
            total_Stage3:0.065803
            num_until_goal_expanded:5103
            timing_S3Exp:
                total_S3Exp: 0.0222667
                time_top_o: 0.00134433
                time_check_in_c: 0.000778519
                time_add_parent: 0.00161667
                num_neighbors: 34058
                time_add_neighbors_to_o: 0.0130498
    timing_PIOW_overlapping:
        total_PIOW: 5.7796e-05
        num_windows: 986
        time_check_overlap: 3.4746e-05
        num_overlapping_windows: 0
        time_merge_windows: 0
        time_remove_window: 0
        time_remove_window: 0
        timing_PlanIn:
            total_PlanIn:0
            num_until_goal_expanded:0
            timing_expansions:
                total_S3Exp: 0
                time_top_o: 0
                time_check_in_c: 0
                time_add_parent: 0
                num_neighbors: 0
                time_add_neighbors_to_o: 0
    num_new_collisions: 6
    timing_PIOW_new_collisions:
        total_PIOW: 0.00436525
        num_windows: 30
        time_check_overlap: 8.82e-07
        num_overlapping_windows: 0
        time_merge_windows: 0
        time_remove_window: 0
        time_remove_window: 1.856e-06
        timing_PlanIn:
            total_PlanIn:0.00435624
            num_until_goal_expanded:385
            timing_expansions:
                total_S3Exp: 0.00434597
                time_top_o: 5.2804e-05
                time_check_in_c: 6.8312e-05
                time_add_parent: 9.5374e-05
                num_neighbors: 7992
                time_add_neighbors_to_o: 0.00354248
    num_windows_should_quit: 1
    time_should_quit: 1.3491e-05
    time_remove_window: 2.55e-07
Complete!
