Total time: 0.090818
is_optimal: true
optimality_bound: 1
successive_bounds: [1.00629, 1.00629, 1.00524, 1.00524, 1.0042, 1.0042, 1.0042, 1.0042, 1.00315, 1.00315, 1.00315, 1.0021, 1.00105, 1.00105, 1.00105, 1.00105, 1.00105, 1.00105, 1.00105, 1.00105, 1.00105, 1.00105, 1.00105, 1.00105, 1.00105, 1.00105, 1.00105, 1, 1]
successive_runtimes: [0.00637819, 0.00912344, 0.0120635, 0.0151854, 0.0176291, 0.0197023, 0.0217145, 0.0240505, 0.0265723, 0.029163, 0.0319318, 0.0479709, 0.0551572, 0.0580732, 0.0603022, 0.0624828, 0.0646131, 0.0665787, 0.0684756, 0.0703838, 0.0722564, 0.0741756, 0.076062, 0.0779319, 0.0798132, 0.0817621, 0.0837045, 0.090818]
num_agents: 30
time_individual_plan: 0.00388049
time_first_plan: 0.00181346
num_max_agents_in_window_first_iteration: 2
num_recWAMPF: 28
timing_recWAMPF:
    total_RecWAMPF: 0.0862468
    num_windows: 328
    num_max_agents_in_window: 3
    timing_gari:
        total_GARI: 0.0731839
        time_path_btw_starts: 0.00122537
        Stage1:
            total_Stage1:0.0173494
            time_add_x_to_o: 0.00938779
            time_clear_x: 0.00126265
            timing_AStarSearchUntil:
                total_astar_search_until:0.00667791
                num_values_f_less_fmax:4125
                ASU Exp:
                    total_ASUExp:0.00666952
                    time_top_o:0.00108965
                    time_check_in_c:0.000581273
                    time_add_parent:0.000500177
                    num_neighbors:7104
                    time_add_neighbors_to_o:0.00302795
        Stage2:
            total_Stage2:0.0186025
            num_len_path:303
            time_expanding_s:0.000371371
            timing_AStarSearchUntil:
                total_astar_search_until:0.0181124
                num_values_f_less_fmax:1176
                ASU Exp:
                    total_ASUExp:0.0181044
                    time_top_o:0.000450934
                    time_check_in_c:0.000270337
                    time_add_parent:0.00040702
                    num_neighbors:30810
                    time_add_neighbors_to_o:0.015517
        Stage3:
            total_Stage3:0.0359432
            num_until_goal_expanded:1975
            timing_S3Exp:
                total_S3Exp: 0.010694
                time_top_o: 0.000503203
                time_check_in_c: 0.000302794
                time_add_parent: 0.000590212
                num_neighbors: 13278
                time_add_neighbors_to_o: 0.00617029
    timing_PIOW_overlapping:
        total_PIOW: 0.00578085
        num_windows: 967
        time_check_overlap: 4.2195e-05
        num_overlapping_windows: 1
        time_merge_windows: 1.962e-06
        time_remove_window: 2.02e-07
        time_remove_window: 1.901e-06
        timing_PlanIn:
            total_PlanIn:0.00570305
            num_until_goal_expanded:118
            timing_expansions:
                total_S3Exp: 0.0057002
                time_top_o: 3.4825e-05
                time_check_in_c: 2.1622e-05
                time_add_parent: 3.6414e-05
                num_neighbors: 7780
                time_add_neighbors_to_o: 0.00512992
    num_new_collisions: 6
    timing_PIOW_new_collisions:
        total_PIOW: 0.00118158
        num_windows: 30
        time_check_overlap: 1.27e-06
        num_overlapping_windows: 0
        time_merge_windows: 0
        time_remove_window: 0
        time_remove_window: 2.651e-06
        timing_PlanIn:
            total_PlanIn:0.00117007
            num_until_goal_expanded:148
            timing_expansions:
                total_S3Exp: 0.00115868
                time_top_o: 2.1765e-05
                time_check_in_c: 2.9211e-05
                time_add_parent: 4.2265e-05
                num_neighbors: 1459
                time_add_neighbors_to_o: 0.000824358
    num_windows_should_quit: 0
    time_should_quit: 1.4135e-05
    time_remove_window: 0
Complete!
