Total time: 0.651612
is_optimal: true
optimality_bound: 1
successive_bounds: [1.00274, 1.00274, 1.00274, 1.00274, 1.00274, 1.00274, 1.00206, 1.00206, 1.00206, 1.00206, 1.00137, 1.00137, 1.00137, 1.00069, 1.00069, 1.00069, 1.00069, 1, 1]
successive_runtimes: [0.124662, 0.148006, 0.17176, 0.195365, 0.221177, 0.248246, 0.282644, 0.31239, 0.340728, 0.369844, 0.399018, 0.435658, 0.478389, 0.528559, 0.574661, 0.61995, 0.642906, 0.651612]
num_agents: 40
time_individual_plan: 0.0073254
time_first_plan: 0.116822
num_max_agents_in_window_first_iteration: 3
num_recWAMPF: 18
timing_recWAMPF:
    total_RecWAMPF: 0.643767
    num_windows: 269
    num_max_agents_in_window: 3
    timing_gari:
        total_GARI: 0.498614
        time_path_btw_starts: 0.00098794
        Stage1:
            total_Stage1:0.0193416
            time_add_x_to_o: 0.0128841
            time_clear_x: 0.00170974
            timing_AStarSearchUntil:
                total_astar_search_until:0.00473066
                num_values_f_less_fmax:2308
                ASU Exp:
                    total_ASUExp:0.00472444
                    time_top_o:0.000558522
                    time_check_in_c:0.000430493
                    time_add_parent:0.000335353
                    num_neighbors:6388
                    time_add_neighbors_to_o:0.00257435
        Stage2:
            total_Stage2:0.0144914
            num_len_path:241
            time_expanding_s:0.000145704
            timing_AStarSearchUntil:
                total_astar_search_until:0.014225
                num_values_f_less_fmax:1071
                ASU Exp:
                    total_ASUExp:0.0142195
                    time_top_o:0.000347499
                    time_check_in_c:0.000218718
                    time_add_parent:0.000345832
                    num_neighbors:27605
                    time_add_neighbors_to_o:0.0120636
        Stage3:
            total_Stage3:0.463737
            num_until_goal_expanded:23750
            timing_S3Exp:
                total_S3Exp: 0.330559
                time_top_o: 0.00705477
                time_check_in_c: 0.0031418
                time_add_parent: 0.00584986
                num_neighbors: 532394
                time_add_neighbors_to_o: 0.284387
    timing_PIOW_overlapping:
        total_PIOW: 0.0209386
        num_windows: 1051
        time_check_overlap: 4.3773e-05
        num_overlapping_windows: 3
        time_merge_windows: 4.721e-06
        time_remove_window: 8.18e-07
        time_remove_window: 4.573e-06
        timing_PlanIn:
            total_PlanIn:0.020862
            num_until_goal_expanded:866
            timing_expansions:
                total_S3Exp: 0.0208551
                time_top_o: 0.000203116
                time_check_in_c: 0.000166466
                time_add_parent: 0.000244465
                num_neighbors: 33670
                time_add_neighbors_to_o: 0.0181271
    num_new_collisions: 9
    timing_PIOW_new_collisions:
        total_PIOW: 0.115456
        num_windows: 70
        time_check_overlap: 2.803e-06
        num_overlapping_windows: 1
        time_merge_windows: 0.000239939
        time_remove_window: 3.78e-07
        time_remove_window: 6.143e-06
        timing_PlanIn:
            total_PlanIn:0.115192
            num_until_goal_expanded:7190
            timing_expansions:
                total_S3Exp: 0.0400625
                time_top_o: 0.00198507
                time_check_in_c: 0.00127617
                time_add_parent: 0.00203023
                num_neighbors: 167871
                time_add_neighbors_to_o: 0.0868702
    num_windows_should_quit: 0
    time_should_quit: 1.9797e-05
    time_remove_window: 0
Complete!
