Total time: 0.029801
is_optimal: true
optimality_bound: 1
successive_bounds: [1.00325, 1.00325, 1.00325, 1.00325, 1.00163, 1.00163, 1.00163, 1.00163, 1.00163, 1.00163, 1, 1]
successive_runtimes: [0.00587034, 0.00648988, 0.00709765, 0.00773133, 0.00855921, 0.0091861, 0.00980917, 0.0104401, 0.0110964, 0.011784, 0.029801]
num_agents: 20
time_individual_plan: 0.00412748
time_first_plan: 0.000752766
num_max_agents_in_window_first_iteration: 2
num_recWAMPF: 11
timing_recWAMPF:
    total_RecWAMPF: 0.0246797
    num_windows: 42
    num_max_agents_in_window: 2
    timing_gari:
        total_GARI: 0.0220634
        time_path_btw_starts: 0.000187864
        Stage1:
            total_Stage1:0.00054946
            time_add_x_to_o: 0.00049205
            time_clear_x: 4.9691e-05
            timing_AStarSearchUntil:
                total_astar_search_until:3.372e-06
                num_values_f_less_fmax:0
                ASU Exp:
                    total_ASUExp:1.516e-06
                    time_top_o:0
                    time_check_in_c:0
                    time_add_parent:0
                    num_neighbors:0
                    time_add_neighbors_to_o:0
        Stage2:
            total_Stage2:0.018624
            num_len_path:51
            time_expanding_s:3.8477e-05
            timing_AStarSearchUntil:
                total_astar_search_until:0.0185657
                num_values_f_less_fmax:740
                ASU Exp:
                    total_ASUExp:0.0185639
                    time_top_o:0.000421181
                    time_check_in_c:0.000275953
                    time_add_parent:0.00040095
                    num_neighbors:18949
                    time_add_neighbors_to_o:0.0161085
        Stage3:
            total_Stage3:0.00269113
            num_until_goal_expanded:84
            timing_S3Exp:
                total_S3Exp: 0.00133588
                time_top_o: 2.8958e-05
                time_check_in_c: 1.8316e-05
                time_add_parent: 3.3755e-05
                num_neighbors: 895
                time_add_neighbors_to_o: 0.000992972
    timing_PIOW_overlapping:
        total_PIOW: 4.67e-06
        num_windows: 40
        time_check_overlap: 2.293e-06
        num_overlapping_windows: 0
        time_merge_windows: 0
        time_remove_window: 0
        time_remove_window: 0
        timing_PlanIn:
            total_PlanIn:0
            num_until_goal_expanded:0
            timing_expansions:
                total_S3Exp: 0
                time_top_o: 0
                time_check_in_c: 0
                time_add_parent: 0
                num_neighbors: 0
                time_add_neighbors_to_o: 0
    num_new_collisions: 2
    timing_PIOW_new_collisions:
        total_PIOW: 0.000433718
        num_windows: 2
        time_check_overlap: 1.93e-07
        num_overlapping_windows: 0
        time_merge_windows: 0
        time_remove_window: 0
        time_remove_window: 1.312e-06
        timing_PlanIn:
            total_PlanIn:0.000428367
            num_until_goal_expanded:16
            timing_expansions:
                total_S3Exp: 0.000419544
                time_top_o: 6.314e-06
                time_check_in_c: 6.996e-06
                time_add_parent: 1.2355e-05
                num_neighbors: 320
                time_add_neighbors_to_o: 0.000336641
    num_windows_should_quit: 0
    time_should_quit: 2e-06
    time_remove_window: 0
Complete!
