Total time: 4.62096
is_optimal: false
optimality_bound: 1.00381
successive_bounds: [1.0082, 1.0082, 1.00762, 1.00762, 1.00703, 1.00703, 1.00703, 1.00703, 1.00703, 1.00703, 1.00674, 1.00557, 1.00352, 1.00381]
successive_runtimes: [0.0617311, 0.0707686, 0.081158, 0.0908343, 0.10582, 0.111787, 0.11813, 0.124265, 0.130901, 0.138538, 0.146766, 1.32147, 1.65219, 4.62096]
num_agents: 60
time_individual_plan: 0.0313493
time_first_plan: 0.0289125
num_max_agents_in_window_first_iteration: 3
num_recWAMPF: 14
timing_recWAMPF:
    total_RecWAMPF: 4.58813
    num_windows: 305
    num_max_agents_in_window: 5
    timing_gari:
        total_GARI: 1.64389
        time_path_btw_starts: 0.00169016
        Stage1:
            total_Stage1:0.210058
            time_add_x_to_o: 0.00423778
            time_clear_x: 0.000775716
            timing_AStarSearchUntil:
                total_astar_search_until:0.194197
                num_values_f_less_fmax:1020
                ASU Exp:
                    total_ASUExp:0.194183
                    time_top_o:0.000685861
                    time_check_in_c:0.000417714
                    time_add_parent:0
                    num_neighbors:0
                    time_add_neighbors_to_o:0
        Stage2:
            total_Stage2:1.26744
            num_len_path:308
            time_expanding_s:0.000388323
            timing_AStarSearchUntil:
                total_astar_search_until:1.26201
                num_values_f_less_fmax:6547
                ASU Exp:
                    total_ASUExp:1.262
                    time_top_o:0.00630429
                    time_check_in_c:0.0019772
                    time_add_parent:0.00518815
                    num_neighbors:122156
                    time_add_neighbors_to_o:0.0763514
        Stage3:
            total_Stage3:0.156064
            num_until_goal_expanded:5320
            timing_S3Exp:
                total_S3Exp: 0.0914212
                time_top_o: 0.00234138
                time_check_in_c: 0.00149004
                time_add_parent: 0.00365742
                num_neighbors: 94642
                time_add_neighbors_to_o: 0.0699149
    timing_PIOW_overlapping:
        total_PIOW: 2.78235
        num_windows: 1803
        time_check_overlap: 0.000116661
        num_overlapping_windows: 7
        time_merge_windows: 1.1056e-05
        time_remove_window: 1.585e-06
        time_remove_window: 1.0517e-05
        timing_PlanIn:
            total_PlanIn:2.73738
            num_until_goal_expanded:15284
            timing_expansions:
                total_S3Exp: 2.73736
                time_top_o: 0.0134056
                time_check_in_c: 0.00456011
                time_add_parent: 0.01371
                num_neighbors: 3665183
                time_add_neighbors_to_o: 2.52501
    num_new_collisions: 21
    timing_PIOW_new_collisions:
        total_PIOW: 0.122542
        num_windows: 197
        time_check_overlap: 1.5939e-05
        num_overlapping_windows: 5
        time_merge_windows: 1.0902e-05
        time_remove_window: 1.377e-06
        time_remove_window: 5.501e-06
        timing_PlanIn:
            total_PlanIn:0.120904
            num_until_goal_expanded:3265
            timing_expansions:
                total_S3Exp: 0.120771
                time_top_o: 0.00137148
                time_check_in_c: 0.000968365
                time_add_parent: 0.00252671
                num_neighbors: 138229
                time_add_neighbors_to_o: 0.101387
    num_windows_should_quit: 1
    time_should_quit: 9.577e-06
    time_remove_window: 2.8e-07
Complete!
