Total time: 5.10265
is_optimal: false
optimality_bound: 1.001
successive_bounds: [1.00996, 1.00299, 1.00299, 1.00199, 1.00199, 1.00199, 1.00199, 1.00199, 1.00199, 1.00199, 1.00199, 1.00199, 1.00199, 1.001, 1.001]
successive_runtimes: [0.0267822, 0.0306136, 0.0343519, 0.0385016, 0.0410809, 0.0436303, 0.046027, 0.0535836, 0.0606828, 0.0679806, 0.0746792, 0.084023, 0.092137, 0.789165, 5.10265]
num_agents: 30
time_individual_plan: 0.0219598
time_first_plan: 0.00371531
num_max_agents_in_window_first_iteration: 2
num_recWAMPF: 15
timing_recWAMPF:
    total_RecWAMPF: 5.07957
    num_windows: 155
    num_max_agents_in_window: 4
    timing_gari:
        total_GARI: 4.36958
        time_path_btw_starts: 0.000852306
        Stage1:
            total_Stage1:3.87565
            time_add_x_to_o: 0.00725649
            time_clear_x: 0.00164242
            timing_AStarSearchUntil:
                total_astar_search_until:3.84048
                num_values_f_less_fmax:1751
                ASU Exp:
                    total_ASUExp:3.84047
                    time_top_o:0.00598197
                    time_check_in_c:0.000671876
                    time_add_parent:0
                    num_neighbors:0
                    time_add_neighbors_to_o:0
        Stage2:
            total_Stage2:0.0322315
            num_len_path:152
            time_expanding_s:0.000330065
            timing_AStarSearchUntil:
                total_astar_search_until:0.0158381
                num_values_f_less_fmax:750
                ASU Exp:
                    total_ASUExp:0.0158326
                    time_top_o:0.000365575
                    time_check_in_c:0.000259105
                    time_add_parent:0.000903647
                    num_neighbors:5878
                    time_add_neighbors_to_o:0.0046556
        Stage3:
            total_Stage3:0.454475
            num_until_goal_expanded:6944
            timing_S3Exp:
                total_S3Exp: 0.243696
                time_top_o: 0.00410894
                time_check_in_c: 0.0017702
                time_add_parent: 0.00501853
                num_neighbors: 325546
                time_add_neighbors_to_o: 0.214947
    timing_PIOW_overlapping:
        total_PIOW: 0.698128
        num_windows: 421
        time_check_overlap: 3.0607e-05
        num_overlapping_windows: 2
        time_merge_windows: 3.681e-06
        time_remove_window: 6.38e-07
        time_remove_window: 3.5e-06
        timing_PlanIn:
            total_PlanIn:0.68826
            num_until_goal_expanded:18534
            timing_expansions:
                total_S3Exp: 0.68825
                time_top_o: 0.0179891
                time_check_in_c: 0.00672234
                time_add_parent: 0.0169742
                num_neighbors: 795545
                time_add_neighbors_to_o: 0.556539
    num_new_collisions: 7
    timing_PIOW_new_collisions:
        total_PIOW: 0.00429317
        num_windows: 20
        time_check_overlap: 1.967e-06
        num_overlapping_windows: 1
        time_merge_windows: 1.928e-06
        time_remove_window: 1.07e-07
        time_remove_window: 2.206e-06
        timing_PlanIn:
            total_PlanIn:0.00424536
            num_until_goal_expanded:370
            timing_expansions:
                total_S3Exp: 0.00419853
                time_top_o: 0.000111709
                time_check_in_c: 0.000132203
                time_add_parent: 0.000292917
                num_neighbors: 2865
                time_add_neighbors_to_o: 0.00268993
    num_windows_should_quit: 0
    time_should_quit: 2.957e-06
    time_remove_window: 0
Complete!
