Total time: 0.171902
is_optimal: true
optimality_bound: 1
successive_bounds: [1.00402, 1.00201, 1.00201, 1.00201, 1.00101, 1.00101, 1.00101, 1.00101, 1.00101, 1.00101, 1.00101, 1.00101, 1.00101, 1.00101, 1.00101, 1.00101, 1.00101, 1.00101, 1.00101, 1.00101, 1.00101, 1.00101, 1.00101, 1.00101, 1, 1]
successive_runtimes: [0.00570537, 0.00824171, 0.0105592, 0.0130138, 0.0166777, 0.0213936, 0.0266442, 0.032612, 0.0387929, 0.0456724, 0.0522176, 0.0590043, 0.0664567, 0.0736463, 0.0809763, 0.0886432, 0.0965864, 0.104831, 0.113393, 0.122789, 0.131923, 0.141481, 0.151417, 0.161767, 0.171902]
num_agents: 30
time_individual_plan: 0.00324281
time_first_plan: 0.00193392
num_max_agents_in_window_first_iteration: 2
num_recWAMPF: 25
timing_recWAMPF:
    total_RecWAMPF: 0.168127
    num_windows: 196
    num_max_agents_in_window: 2
    timing_gari:
        total_GARI: 0.160404
        time_path_btw_starts: 0.000395848
        Stage1:
            total_Stage1:0.0741658
            time_add_x_to_o: 0.0292081
            time_clear_x: 0.00524276
            timing_AStarSearchUntil:
                total_astar_search_until:0.0397036
                num_values_f_less_fmax:36411
                ASU Exp:
                    total_ASUExp:0.0396991
                    time_top_o:0.0102057
                    time_check_in_c:0.00546602
                    time_add_parent:0.00164441
                    num_neighbors:37783
                    time_add_neighbors_to_o:0.0138055
        Stage2:
            total_Stage2:0.00377003
            num_len_path:172
            time_expanding_s:7.467e-05
            timing_AStarSearchUntil:
                total_astar_search_until:0.0036409
                num_values_f_less_fmax:290
                ASU Exp:
                    total_ASUExp:0.00363646
                    time_top_o:7.7059e-05
                    time_check_in_c:5.7034e-05
                    time_add_parent:9.0968e-05
                    num_neighbors:8211
                    time_add_neighbors_to_o:0.00307635
        Stage3:
            total_Stage3:0.0820388
            num_until_goal_expanded:16429
            timing_S3Exp:
                total_S3Exp: 0.0637913
                time_top_o: 0.00449624
                time_check_in_c: 0.00261968
                time_add_parent: 0.00491293
                num_neighbors: 89415
                time_add_neighbors_to_o: 0.0354827
    timing_PIOW_overlapping:
        total_PIOW: 2.2797e-05
        num_windows: 384
        time_check_overlap: 1.2624e-05
        num_overlapping_windows: 0
        time_merge_windows: 0
        time_remove_window: 0
        time_remove_window: 0
        timing_PlanIn:
            total_PlanIn:0
            num_until_goal_expanded:0
            timing_expansions:
                total_S3Exp: 0
                time_top_o: 0
                time_check_in_c: 0
                time_add_parent: 0
                num_neighbors: 0
                time_add_neighbors_to_o: 0
    num_new_collisions: 4
    timing_PIOW_new_collisions:
        total_PIOW: 0.00125352
        num_windows: 12
        time_check_overlap: 4.31e-07
        num_overlapping_windows: 0
        time_merge_windows: 0
        time_remove_window: 0
        time_remove_window: 1.403e-06
        timing_PlanIn:
            total_PlanIn:0.00124709
            num_until_goal_expanded:214
            timing_expansions:
                total_S3Exp: 0.00123962
                time_top_o: 2.7602e-05
                time_check_in_c: 3.9144e-05
                time_add_parent: 6.4415e-05
                num_neighbors: 1509
                time_add_neighbors_to_o: 0.000786885
    num_windows_should_quit: 0
    time_should_quit: 6.109e-06
    time_remove_window: 0
Complete!
