Total time: 0.00684575
is_optimal: true
optimality_bound: 1
successive_bounds: [1.00297, 1.00297, 1.00297, 1.00297, 1.00297, 1.00297, 1.00297, 1.00297, 1.00297, 1.00297, 1.00297, 1, 1]
successive_runtimes: [0.00210978, 0.00231836, 0.00276096, 0.00323089, 0.00370224, 0.00411819, 0.0046358, 0.00525162, 0.00594488, 0.0062674, 0.00643945, 0.00684573]
num_agents: 10
time_individual_plan: 0.00141934
time_first_plan: 0.000130709
num_max_agents_in_window_first_iteration: 2
num_recWAMPF: 12
timing_recWAMPF:
    total_RecWAMPF: 0.00486494
    num_windows: 23
    num_max_agents_in_window: 2
    timing_gari:
        total_GARI: 0.00450576
        time_path_btw_starts: 6.1329e-05
        Stage1:
            total_Stage1:0.00155753
            time_add_x_to_o: 0.000726481
            time_clear_x: 6.3982e-05
            timing_AStarSearchUntil:
                total_astar_search_until:0.000765899
                num_values_f_less_fmax:95
                ASU Exp:
                    total_ASUExp:0.000765349
                    time_top_o:2.3173e-05
                    time_check_in_c:2.365e-05
                    time_add_parent:1.9178e-05
                    num_neighbors:1810
                    time_add_neighbors_to_o:0.000616152
        Stage2:
            total_Stage2:0.00165496
            num_len_path:21
            time_expanding_s:9.344e-06
            timing_AStarSearchUntil:
                total_astar_search_until:0.00163956
                num_values_f_less_fmax:165
                ASU Exp:
                    total_ASUExp:0.00163903
                    time_top_o:3.7163e-05
                    time_check_in_c:2.9163e-05
                    time_add_parent:4.4131e-05
                    num_neighbors:3750
                    time_add_neighbors_to_o:0.00136425
        Stage3:
            total_Stage3:0.00122824
            num_until_goal_expanded:54
            timing_S3Exp:
                total_S3Exp: 0.000531427
                time_top_o: 1.1087e-05
                time_check_in_c: 7.068e-06
                time_add_parent: 1.1237e-05
                num_neighbors: 719
                time_add_neighbors_to_o: 0.000408256
    timing_PIOW_overlapping:
        total_PIOW: 2.6e-07
        num_windows: 11
        time_check_overlap: 0
        num_overlapping_windows: 0
        time_merge_windows: 0
        time_remove_window: 0
        time_remove_window: 0
        timing_PlanIn:
            total_PlanIn:0
            num_until_goal_expanded:0
            timing_expansions:
                total_S3Exp: 0
                time_top_o: 0
                time_check_in_c: 0
                time_add_parent: 0
                num_neighbors: 0
                time_add_neighbors_to_o: 0
    num_new_collisions: 1
    timing_PIOW_new_collisions:
        total_PIOW: 0.000104935
        num_windows: 0
        time_check_overlap: 0
        num_overlapping_windows: 0
        time_merge_windows: 0
        time_remove_window: 0
        time_remove_window: 2.97e-07
        timing_PlanIn:
            total_PlanIn:0.000103261
            num_until_goal_expanded:11
            timing_expansions:
                total_S3Exp: 9.8698e-05
                time_top_o: 1.986e-06
                time_check_in_c: 2.185e-06
                time_add_parent: 3.359e-06
                num_neighbors: 171
                time_add_neighbors_to_o: 7.2351e-05
    num_windows_should_quit: 0
    time_should_quit: 5.72e-07
    time_remove_window: 0
Complete!
