Total time: 0.0615286
is_optimal: true
optimality_bound: 1
successive_bounds: [1.00301, 1.002, 1.001, 1.001, 1.001, 1.001, 1.001, 1.001, 1.001, 1.001, 1.001, 1.001, 1.001, 1.001, 1.001, 1.001, 1.001, 1.001, 1.001, 1.001, 1.001, 1.001, 1.001, 1.001, 1.001, 1.001, 1, 1]
successive_runtimes: [0.0056953, 0.00675105, 0.00776042, 0.00877578, 0.00976647, 0.0108778, 0.0120399, 0.0133046, 0.0144237, 0.0155416, 0.0178243, 0.0189052, 0.0198542, 0.0208358, 0.0217719, 0.0227413, 0.0236725, 0.0246694, 0.025584, 0.0301795, 0.0368, 0.04393, 0.0483025, 0.0540052, 0.0577607, 0.059897, 0.0615286]
num_agents: 30
time_individual_plan: 0.00430861
time_first_plan: 0.000804306
num_max_agents_in_window_first_iteration: 2
num_recWAMPF: 27
timing_recWAMPF:
    total_RecWAMPF: 0.0566336
    num_windows: 159
    num_max_agents_in_window: 2
    timing_gari:
        total_GARI: 0.049712
        time_path_btw_starts: 0.000330395
        Stage1:
            total_Stage1:0.0225245
            time_add_x_to_o: 0.00896064
            time_clear_x: 0.00121987
            timing_AStarSearchUntil:
                total_astar_search_until:0.0123357
                num_values_f_less_fmax:3308
                ASU Exp:
                    total_ASUExp:0.0123316
                    time_top_o:0.000943888
                    time_check_in_c:0.000557113
                    time_add_parent:0.000324778
                    num_neighbors:25022
                    time_add_neighbors_to_o:0.00912222
        Stage2:
            total_Stage2:0.00663333
            num_len_path:149
            time_expanding_s:5.8717e-05
            timing_AStarSearchUntil:
                total_astar_search_until:0.00653551
                num_values_f_less_fmax:526
                ASU Exp:
                    total_ASUExp:0.00653198
                    time_top_o:0.000136966
                    time_check_in_c:0.000115527
                    time_add_parent:0.000135716
                    num_neighbors:14210
                    time_add_neighbors_to_o:0.00557826
        Stage3:
            total_Stage3:0.0202008
            num_until_goal_expanded:1724
            timing_S3Exp:
                total_S3Exp: 0.011739
                time_top_o: 0.000455165
                time_check_in_c: 0.000282261
                time_add_parent: 0.000487282
                num_neighbors: 21576
                time_add_neighbors_to_o: 0.00803949
    timing_PIOW_overlapping:
        total_PIOW: 1.5186e-05
        num_windows: 234
        time_check_overlap: 8.458e-06
        num_overlapping_windows: 0
        time_merge_windows: 0
        time_remove_window: 0
        time_remove_window: 0
        timing_PlanIn:
            total_PlanIn:0
            num_until_goal_expanded:0
            timing_expansions:
                total_S3Exp: 0
                time_top_o: 0
                time_check_in_c: 0
                time_add_parent: 0
                num_neighbors: 0
                time_add_neighbors_to_o: 0
    num_new_collisions: 3
    timing_PIOW_new_collisions:
        total_PIOW: 0.000388741
        num_windows: 6
        time_check_overlap: 3.27e-07
        num_overlapping_windows: 0
        time_merge_windows: 0
        time_remove_window: 0
        time_remove_window: 1.092e-06
        timing_PlanIn:
            total_PlanIn:0.000384639
            num_until_goal_expanded:60
            timing_expansions:
                total_S3Exp: 0.000378721
                time_top_o: 7.494e-06
                time_check_in_c: 1.088e-05
                time_add_parent: 1.5807e-05
                num_neighbors: 582
                time_add_neighbors_to_o: 0.000252889
    num_windows_should_quit: 0
    time_should_quit: 4.211e-06
    time_remove_window: 0
Complete!
