Total time: 0.0104554
is_optimal: true
optimality_bound: 1
successive_bounds: [1.00071, 1.00071, 1.00071, 1.00071, 1.00071, 1.00071, 1.00071, 1.00071, 1.00071, 1.00071, 1.00071, 1.00071, 1, 1]
successive_runtimes: [0.00299236, 0.00315616, 0.00330731, 0.00346244, 0.00361968, 0.00377933, 0.00393935, 0.004107, 0.004294, 0.00447418, 0.00464495, 0.00481908, 0.0104554]
num_agents: 20
time_individual_plan: 0.00223499
time_first_plan: 0.000238412
num_max_agents_in_window_first_iteration: 2
num_recWAMPF: 13
timing_recWAMPF:
    total_RecWAMPF: 0.00769953
    num_windows: 25
    num_max_agents_in_window: 2
    timing_gari:
        total_GARI: 0.00630985
        time_path_btw_starts: 6.3986e-05
        Stage1:
            total_Stage1:9.6888e-05
            time_add_x_to_o: 8.422e-05
            time_clear_x: 1.0349e-05
            timing_AStarSearchUntil:
                total_astar_search_until:1.085e-06
                num_values_f_less_fmax:0
                ASU Exp:
                    total_ASUExp:5.21e-07
                    time_top_o:0
                    time_check_in_c:0
                    time_add_parent:0
                    num_neighbors:0
                    time_add_neighbors_to_o:0
        Stage2:
            total_Stage2:0.00550357
            num_len_path:37
            time_expanding_s:1.3361e-05
            timing_AStarSearchUntil:
                total_astar_search_until:0.00548332
                num_values_f_less_fmax:372
                ASU Exp:
                    total_ASUExp:0.00548287
                    time_top_o:8.3964e-05
                    time_check_in_c:7.746e-05
                    time_add_parent:0.000100478
                    num_neighbors:9665
                    time_add_neighbors_to_o:0.00485688
        Stage3:
            total_Stage3:0.000641673
            num_until_goal_expanded:23
            timing_S3Exp:
                total_S3Exp: 0.000262309
                time_top_o: 2.671e-06
                time_check_in_c: 1.826e-06
                time_add_parent: 3.23e-06
                num_neighbors: 330
                time_add_neighbors_to_o: 0.000189584
    timing_PIOW_overlapping:
        total_PIOW: 2.5e-07
        num_windows: 12
        time_check_overlap: 0
        num_overlapping_windows: 0
        time_merge_windows: 0
        time_remove_window: 0
        time_remove_window: 0
        timing_PlanIn:
            total_PlanIn:0
            num_until_goal_expanded:0
            timing_expansions:
                total_S3Exp: 0
                time_top_o: 0
                time_check_in_c: 0
                time_add_parent: 0
                num_neighbors: 0
                time_add_neighbors_to_o: 0
    num_new_collisions: 1
    timing_PIOW_new_collisions:
        total_PIOW: 0.000119594
        num_windows: 0
        time_check_overlap: 0
        num_overlapping_windows: 0
        time_merge_windows: 0
        time_remove_window: 0
        time_remove_window: 3.05e-07
        timing_PlanIn:
            total_PlanIn:0.000117895
            num_until_goal_expanded:4
            timing_expansions:
                total_S3Exp: 0.000115017
                time_top_o: 1.041e-06
                time_check_in_c: 1.698e-06
                time_add_parent: 1.751e-06
                num_neighbors: 80
                time_add_neighbors_to_o: 0.000100586
    num_windows_should_quit: 0
    time_should_quit: 5.71e-07
    time_remove_window: 0
Complete!
