Total time: 1.02769
is_optimal: true
optimality_bound: 1
successive_bounds: [1.00283, 1.00283, 1.00283, 1.00283, 1.00189, 1.00189, 1.00189, 1.00189, 1.00189, 1.00189, 1.00094, 1.00094, 1.00094, 1.00094, 1.00094, 1.00094, 1.00094, 1.00094, 1.00094, 1.00094, 1.00094, 1.00094, 1.00094, 1.00094, 1.00094, 1.00094, 1.00094, 1.00094, 1.00094, 1.00094, 1.00094, 1.00094, 1.00094, 1, 1]
successive_runtimes: [0.00532656, 0.00645322, 0.00745648, 0.00850695, 0.00946182, 0.0102352, 0.0109183, 0.0116576, 0.0123687, 0.0132367, 0.0143118, 0.0150585, 0.0158183, 0.0166278, 0.0175247, 0.0184048, 0.0194126, 0.0203806, 0.424893, 0.491152, 0.557267, 0.625148, 0.691351, 0.757556, 0.82363, 0.889584, 0.956142, 1.02198, 1.0226, 1.02323, 1.02385, 1.02451, 1.02514, 1.02769]
num_agents: 30
time_individual_plan: 0.00381451
time_first_plan: 0.000982868
num_max_agents_in_window_first_iteration: 2
num_recWAMPF: 34
timing_recWAMPF:
    total_RecWAMPF: 1.02334
    num_windows: 224
    num_max_agents_in_window: 3
    timing_gari:
        total_GARI: 0.611159
        time_path_btw_starts: 0.000441137
        Stage1:
            total_Stage1:0.00450509
            time_add_x_to_o: 0.00245554
            time_clear_x: 0.000265752
            timing_AStarSearchUntil:
                total_astar_search_until:0.00177091
                num_values_f_less_fmax:470
                ASU Exp:
                    total_ASUExp:0.0017656
                    time_top_o:0.000102949
                    time_check_in_c:0.000105438
                    time_add_parent:6.819e-05
                    num_neighbors:3248
                    time_add_neighbors_to_o:0.0012528
        Stage2:
            total_Stage2:0.0049869
            num_len_path:179
            time_expanding_s:8.6042e-05
            timing_AStarSearchUntil:
                total_astar_search_until:0.00482941
                num_values_f_less_fmax:337
                ASU Exp:
                    total_ASUExp:0.00482497
                    time_top_o:9.3519e-05
                    time_check_in_c:6.6411e-05
                    time_add_parent:0.000112914
                    num_neighbors:9513
                    time_add_neighbors_to_o:0.00411499
        Stage3:
            total_Stage3:0.601187
            num_until_goal_expanded:774
            timing_S3Exp:
                total_S3Exp: 0.0076202
                time_top_o: 0.000193939
                time_check_in_c: 0.000123424
                time_add_parent: 0.000205855
                num_neighbors: 10463
                time_add_neighbors_to_o: 0.00533753
    timing_PIOW_overlapping:
        total_PIOW: 0.403498
        num_windows: 390
        time_check_overlap: 1.8411e-05
        num_overlapping_windows: 1
        time_merge_windows: 1.106e-06
        time_remove_window: 3.44e-07
        time_remove_window: 1.054e-06
        timing_PlanIn:
            total_PlanIn:0.403466
            num_until_goal_expanded:5300
            timing_expansions:
                total_S3Exp: 0.403464
                time_top_o: 0.00253826
                time_check_in_c: 0.000950026
                time_add_parent: 0.00226675
                num_neighbors: 600904
                time_add_neighbors_to_o: 0.375055
    num_new_collisions: 4
    timing_PIOW_new_collisions:
        total_PIOW: 0.000515992
        num_windows: 12
        time_check_overlap: 3.89e-07
        num_overlapping_windows: 0
        time_merge_windows: 0
        time_remove_window: 0
        time_remove_window: 1.1e-06
        timing_PlanIn:
            total_PlanIn:0.000510201
            num_until_goal_expanded:57
            timing_expansions:
                total_S3Exp: 0.000501091
                time_top_o: 7.739e-06
                time_check_in_c: 9.733e-06
                time_add_parent: 1.5096e-05
                num_neighbors: 743
                time_add_neighbors_to_o: 0.000380465
    num_windows_should_quit: 2
    time_should_quit: 7.751e-06
    time_remove_window: 5.19e-07
Complete!
