Total time: 0.0134316
is_optimal: true
optimality_bound: 1
successive_bounds: [1.00241, 1.00241, 1.00241, 1.00241, 1.00241, 1.00241, 1.00241, 1.00241, 1.00241, 1.00241, 1.00241, 1.00241, 1.00241, 1.00241, 1.00241, 1.00241, 1.00241, 1.00241, 1.00241, 1.00241, 1.00241, 1.00241, 1.00241, 1.00241, 1.00241, 1.00241, 1.00241, 1.00241, 1.00241, 1, 1]
successive_runtimes: [0.00229686, 0.00258452, 0.00286201, 0.0031395, 0.00341913, 0.00370052, 0.00397612, 0.00425198, 0.00453193, 0.00480948, 0.00508782, 0.00541604, 0.0056944, 0.00598068, 0.00629076, 0.00656984, 0.00684802, 0.00712512, 0.00741096, 0.00770597, 0.00798528, 0.00829128, 0.00870501, 0.00908962, 0.00950749, 0.0099915, 0.0105707, 0.0112207, 0.0119282, 0.0134316]
num_agents: 10
time_individual_plan: 0.00150621
time_first_plan: 0.000217703
num_max_agents_in_window_first_iteration: 2
num_recWAMPF: 30
timing_recWAMPF:
    total_RecWAMPF: 0.0113487
    num_windows: 59
    num_max_agents_in_window: 2
    timing_gari:
        total_GARI: 0.0103144
        time_path_btw_starts: 0.000125365
        Stage1:
            total_Stage1:0.00480903
            time_add_x_to_o: 0.00196801
            time_clear_x: 0.000289332
            timing_AStarSearchUntil:
                total_astar_search_until:0.00254837
                num_values_f_less_fmax:856
                ASU Exp:
                    total_ASUExp:0.00254694
                    time_top_o:0.000200637
                    time_check_in_c:0.000119404
                    time_add_parent:8.2939e-05
                    num_neighbors:4634
                    time_add_neighbors_to_o:0.00177573
        Stage2:
            total_Stage2:0.00114759
            num_len_path:58
            time_expanding_s:2.0981e-05
            timing_AStarSearchUntil:
                total_astar_search_until:0.00111141
                num_values_f_less_fmax:87
                ASU Exp:
                    total_ASUExp:0.00111015
                    time_top_o:1.9611e-05
                    time_check_in_c:2.6435e-05
                    time_add_parent:3.035e-05
                    num_neighbors:2559
                    time_add_neighbors_to_o:0.000946613
        Stage3:
            total_Stage3:0.00422157
            num_until_goal_expanded:641
            timing_S3Exp:
                total_S3Exp: 0.00260188
                time_top_o: 0.000134029
                time_check_in_c: 8.63e-05
                time_add_parent: 0.000179262
                num_neighbors: 4719
                time_add_neighbors_to_o: 0.00150746
    timing_PIOW_overlapping:
        total_PIOW: 6.71e-07
        num_windows: 29
        time_check_overlap: 0
        num_overlapping_windows: 0
        time_merge_windows: 0
        time_remove_window: 0
        time_remove_window: 0
        timing_PlanIn:
            total_PlanIn:0
            num_until_goal_expanded:0
            timing_expansions:
                total_S3Exp: 0
                time_top_o: 0
                time_check_in_c: 0
                time_add_parent: 0
                num_neighbors: 0
                time_add_neighbors_to_o: 0
    num_new_collisions: 1
    timing_PIOW_new_collisions:
        total_PIOW: 0.000164382
        num_windows: 0
        time_check_overlap: 0
        num_overlapping_windows: 0
        time_merge_windows: 0
        time_remove_window: 0
        time_remove_window: 2.56e-07
        timing_PlanIn:
            total_PlanIn:0.000162817
            num_until_goal_expanded:26
            timing_expansions:
                total_S3Exp: 0.000159754
                time_top_o: 3.477e-06
                time_check_in_c: 4.894e-06
                time_add_parent: 6.981e-06
                num_neighbors: 224
                time_add_neighbors_to_o: 0.000101468
    num_windows_should_quit: 0
    time_should_quit: 1.18e-06
    time_remove_window: 0
Complete!
