Total time: 14.0592
is_optimal: true
optimality_bound: 1
successive_bounds: [1.00545, 1.00272, 1.00212, 1.00151, 1.00121, 1.00121, 1.00121, 1.00121, 1.00061, 1.00061, 1, 1]
successive_runtimes: [0.0309421, 0.0475936, 0.0599594, 0.069745, 0.0995794, 0.116535, 0.127437, 0.140066, 0.15425, 9.49625, 14.0592]
num_agents: 50
time_individual_plan: 0.0170235
time_first_plan: 0.0130611
num_max_agents_in_window_first_iteration: 3
num_recWAMPF: 11
timing_recWAMPF:
    total_RecWAMPF: 14.0414
    num_windows: 182
    num_max_agents_in_window: 6
    timing_gari:
        total_GARI: 4.6639
        time_path_btw_starts: 0.000894034
        Stage1:
            total_Stage1:3.61576
            time_add_x_to_o: 2.55016
            time_clear_x: 1.04769
            timing_AStarSearchUntil:
                total_astar_search_until:0.0178847
                num_values_f_less_fmax:4652
                ASU Exp:
                    total_ASUExp:0.0178786
                    time_top_o:0.0016841
                    time_check_in_c:0.00103996
                    time_add_parent:0.000724187
                    num_neighbors:21615
                    time_add_neighbors_to_o:0.0113323
        Stage2:
            total_Stage2:0.0551806
            num_len_path:180
            time_expanding_s:0.000986199
            timing_AStarSearchUntil:
                total_astar_search_until:0.0540925
                num_values_f_less_fmax:355
                ASU Exp:
                    total_ASUExp:0.0540873
                    time_top_o:0.000154129
                    time_check_in_c:0.000835389
                    time_add_parent:0.000226123
                    num_neighbors:44038
                    time_add_neighbors_to_o:0.0465799
        Stage3:
            total_Stage3:0.991667
            num_until_goal_expanded:4125
            timing_S3Exp:
                total_S3Exp: 0.0365242
                time_top_o: 0.00169826
                time_check_in_c: 0.000713991
                time_add_parent: 0.00154246
                num_neighbors: 41578
                time_add_neighbors_to_o: 0.0245803
    timing_PIOW_overlapping:
        total_PIOW: 9.34819
        num_windows: 808
        time_check_overlap: 4.5749e-05
        num_overlapping_windows: 4
        time_merge_windows: 1.0684e-05
        time_remove_window: 1.877e-06
        time_remove_window: 1.0386e-05
        timing_PlanIn:
            total_PlanIn:9.34808
            num_until_goal_expanded:21210
            timing_expansions:
                total_S3Exp: 9.34807
                time_top_o: 0.0289206
                time_check_in_c: 0.0102954
                time_add_parent: 0.0186072
                num_neighbors: 9186636
                time_add_neighbors_to_o: 8.86216
    num_new_collisions: 13
    timing_PIOW_new_collisions:
        total_PIOW: 0.0180814
        num_windows: 150
        time_check_overlap: 7.693e-06
        num_overlapping_windows: 3
        time_merge_windows: 0
        time_remove_window: 0.171727
        time_remove_window: 5.48e-06
        timing_PlanIn:
            total_PlanIn:0.0180361
            num_until_goal_expanded:882
            timing_expansions:
                total_S3Exp: 0.0179698
                time_top_o: 0.000204576
                time_check_in_c: 0.000221606
                time_add_parent: 0.000313562
                num_neighbors: 22290
                time_add_neighbors_to_o: 0.0148139
    num_windows_should_quit: 0
    time_should_quit: 2.1057e-05
    time_remove_window: 0
Complete!
