Total time: 0.0581381
is_optimal: true
optimality_bound: 1
successive_bounds: [1.00289, 1.00289, 1.00289, 1.00289, 1.00289, 1.00289, 1.00289, 1.00289, 1.00289, 1.00289, 1.00289, 1.00289, 1.00289, 1.00289, 1.00289, 1.00289, 1.00289, 1.00289, 1.00289, 1.00289, 1.00289, 1.00289, 1.00289, 1, 1]
successive_runtimes: [0.00193954, 0.00206824, 0.00219308, 0.00232774, 0.00246734, 0.00260692, 0.00275002, 0.00289392, 0.00302402, 0.00315311, 0.00329428, 0.00342702, 0.00356166, 0.00370477, 0.00384815, 0.00399713, 0.00414658, 0.00429998, 0.00452311, 0.00468405, 0.00484712, 0.00503336, 0.00520365, 0.0581381]
num_agents: 10
time_individual_plan: 0.00126185
time_first_plan: 0.000162764
num_max_agents_in_window_first_iteration: 2
num_recWAMPF: 24
timing_recWAMPF:
    total_RecWAMPF: 0.0563585
    num_windows: 47
    num_max_agents_in_window: 2
    timing_gari:
        total_GARI: 0.0556749
        time_path_btw_starts: 0.000110687
        Stage1:
            total_Stage1:0.000268131
            time_add_x_to_o: 0.000237039
            time_clear_x: 2.6391e-05
            timing_AStarSearchUntil:
                total_astar_search_until:2.162e-06
                num_values_f_less_fmax:0
                ASU Exp:
                    total_ASUExp:1.122e-06
                    time_top_o:0
                    time_check_in_c:0
                    time_add_parent:0
                    num_neighbors:0
                    time_add_neighbors_to_o:0
        Stage2:
            total_Stage2:0.0512528
            num_len_path:70
            time_expanding_s:2.6815e-05
            timing_AStarSearchUntil:
                total_astar_search_until:0.0512142
                num_values_f_less_fmax:3912
                ASU Exp:
                    total_ASUExp:0.0512131
                    time_top_o:0.00162486
                    time_check_in_c:0.000798624
                    time_add_parent:0.00115343
                    num_neighbors:98648
                    time_add_neighbors_to_o:0.0436787
        Stage3:
            total_Stage3:0.00403648
            num_until_goal_expanded:52
            timing_S3Exp:
                total_S3Exp: 0.000388117
                time_top_o: 7.89e-06
                time_check_in_c: 5.067e-06
                time_add_parent: 1.1238e-05
                num_neighbors: 320
                time_add_neighbors_to_o: 0.000208345
    timing_PIOW_overlapping:
        total_PIOW: 6.72e-07
        num_windows: 23
        time_check_overlap: 0
        num_overlapping_windows: 0
        time_merge_windows: 0
        time_remove_window: 0
        time_remove_window: 0
        timing_PlanIn:
            total_PlanIn:0
            num_until_goal_expanded:0
            timing_expansions:
                total_S3Exp: 0
                time_top_o: 0
                time_check_in_c: 0
                time_add_parent: 0
                num_neighbors: 0
                time_add_neighbors_to_o: 0
    num_new_collisions: 1
    timing_PIOW_new_collisions:
        total_PIOW: 0.000127078
        num_windows: 0
        time_check_overlap: 0
        num_overlapping_windows: 0
        time_merge_windows: 0
        time_remove_window: 0
        time_remove_window: 3.03e-07
        timing_PlanIn:
            total_PlanIn:0.000125624
            num_until_goal_expanded:8
            timing_expansions:
                total_S3Exp: 0.000120868
                time_top_o: 1.909e-06
                time_check_in_c: 1.853e-06
                time_add_parent: 2.757e-06
                num_neighbors: 160
                time_add_neighbors_to_o: 9.8084e-05
    num_windows_should_quit: 0
    time_should_quit: 1.505e-06
    time_remove_window: 0
Complete!
