Total time: 0.0264364
is_optimal: true
optimality_bound: 1
successive_bounds: [1.00229, 1.00137, 1.00137, 1.00137, 1.00137, 1.00137, 1.00137, 1.00137, 1.00137, 1.00137, 1.00137, 1.00137, 1.00137, 1.00137, 1.00046, 1.00046, 1.00046, 1.00046, 1.00046, 1.00046, 1, 1]
successive_runtimes: [0.00591934, 0.00698642, 0.00759739, 0.00805153, 0.00851439, 0.00901187, 0.00958038, 0.0100977, 0.0106139, 0.0111592, 0.0118799, 0.0124316, 0.0130298, 0.0135611, 0.0143812, 0.014941, 0.0201002, 0.0216976, 0.0233295, 0.0245975, 0.0264363]
num_agents: 30
time_individual_plan: 0.00425009
time_first_plan: 0.00103383
num_max_agents_in_window_first_iteration: 2
num_recWAMPF: 21
timing_recWAMPF:
    total_RecWAMPF: 0.0215465
    num_windows: 123
    num_max_agents_in_window: 2
    timing_gari:
        total_GARI: 0.0166072
        time_path_btw_starts: 0.000249644
        Stage1:
            total_Stage1:0.00192213
            time_add_x_to_o: 0.00139104
            time_clear_x: 0.00017584
            timing_AStarSearchUntil:
                total_astar_search_until:0.000348298
                num_values_f_less_fmax:177
                ASU Exp:
                    total_ASUExp:0.000345105
                    time_top_o:4.0421e-05
                    time_check_in_c:2.7371e-05
                    time_add_parent:1.7461e-05
                    num_neighbors:367
                    time_add_neighbors_to_o:0.000156038
        Stage2:
            total_Stage2:0.00314813
            num_len_path:92
            time_expanding_s:5.3768e-05
            timing_AStarSearchUntil:
                total_astar_search_until:0.0030589
                num_values_f_less_fmax:209
                ASU Exp:
                    total_ASUExp:0.00305606
                    time_top_o:6.0606e-05
                    time_check_in_c:4.3133e-05
                    time_add_parent:7.0333e-05
                    num_neighbors:5303
                    time_add_neighbors_to_o:0.00260566
        Stage3:
            total_Stage3:0.0112604
            num_until_goal_expanded:546
            timing_S3Exp:
                total_S3Exp: 0.00750688
                time_top_o: 0.000139704
                time_check_in_c: 0.000108263
                time_add_parent: 0.000155538
                num_neighbors: 10289
                time_add_neighbors_to_o: 0.0061326
    timing_PIOW_overlapping:
        total_PIOW: 1.5003e-05
        num_windows: 180
        time_check_overlap: 7.534e-06
        num_overlapping_windows: 0
        time_merge_windows: 0
        time_remove_window: 0
        time_remove_window: 0
        timing_PlanIn:
            total_PlanIn:0
            num_until_goal_expanded:0
            timing_expansions:
                total_S3Exp: 0
                time_top_o: 0
                time_check_in_c: 0
                time_add_parent: 0
                num_neighbors: 0
                time_add_neighbors_to_o: 0
    num_new_collisions: 3
    timing_PIOW_new_collisions:
        total_PIOW: 0.00068777
        num_windows: 6
        time_check_overlap: 3.87e-07
        num_overlapping_windows: 0
        time_merge_windows: 0
        time_remove_window: 0
        time_remove_window: 1.165e-06
        timing_PlanIn:
            total_PlanIn:0.000682082
            num_until_goal_expanded:79
            timing_expansions:
                total_S3Exp: 0.000675567
                time_top_o: 1.2156e-05
                time_check_in_c: 1.6142e-05
                time_add_parent: 2.3939e-05
                num_neighbors: 743
                time_add_neighbors_to_o: 0.000473026
    num_windows_should_quit: 0
    time_should_quit: 3.72e-06
    time_remove_window: 0
Complete!
