Total time: 0.0549566
is_optimal: true
optimality_bound: 1
successive_bounds: [1.00289, 1.00289, 1.00289, 1.00289, 1.00289, 1.00289, 1.00289, 1.00289, 1.00289, 1.00289, 1.00289, 1.00289, 1.00289, 1.00289, 1.00289, 1.00289, 1.00289, 1.00289, 1.00289, 1.00289, 1.00289, 1.00289, 1.00289, 1, 1]
successive_runtimes: [0.00187004, 0.00199539, 0.00211795, 0.00231061, 0.00244771, 0.00258372, 0.00272514, 0.00286731, 0.00299575, 0.00312336, 0.00326537, 0.00341276, 0.0035619, 0.00370333, 0.00384476, 0.00399141, 0.00413803, 0.00429036, 0.00444928, 0.00460616, 0.00476755, 0.00493265, 0.00510123, 0.0549566]
num_agents: 10
time_individual_plan: 0.00119578
time_first_plan: 0.000163175
num_max_agents_in_window_first_iteration: 2
num_recWAMPF: 24
timing_recWAMPF:
    total_RecWAMPF: 0.0532466
    num_windows: 47
    num_max_agents_in_window: 2
    timing_gari:
        total_GARI: 0.0525661
        time_path_btw_starts: 0.000105754
        Stage1:
            total_Stage1:0.000266349
            time_add_x_to_o: 0.00023527
            time_clear_x: 2.6875e-05
            timing_AStarSearchUntil:
                total_astar_search_until:1.952e-06
                num_values_f_less_fmax:0
                ASU Exp:
                    total_ASUExp:8.23e-07
                    time_top_o:0
                    time_check_in_c:0
                    time_add_parent:0
                    num_neighbors:0
                    time_add_neighbors_to_o:0
        Stage2:
            total_Stage2:0.0486395
            num_len_path:70
            time_expanding_s:2.7294e-05
            timing_AStarSearchUntil:
                total_astar_search_until:0.0486016
                num_values_f_less_fmax:3912
                ASU Exp:
                    total_ASUExp:0.0486006
                    time_top_o:0.00142675
                    time_check_in_c:0.000801574
                    time_add_parent:0.00106733
                    num_neighbors:98648
                    time_add_neighbors_to_o:0.0413712
        Stage3:
            total_Stage3:0.00354683
            num_until_goal_expanded:52
            timing_S3Exp:
                total_S3Exp: 0.000358735
                time_top_o: 7.937e-06
                time_check_in_c: 4.886e-06
                time_add_parent: 1.0801e-05
                num_neighbors: 320
                time_add_neighbors_to_o: 0.000186492
    timing_PIOW_overlapping:
        total_PIOW: 7.38e-07
        num_windows: 23
        time_check_overlap: 0
        num_overlapping_windows: 0
        time_merge_windows: 0
        time_remove_window: 0
        time_remove_window: 0
        timing_PlanIn:
            total_PlanIn:0
            num_until_goal_expanded:0
            timing_expansions:
                total_S3Exp: 0
                time_top_o: 0
                time_check_in_c: 0
                time_add_parent: 0
                num_neighbors: 0
                time_add_neighbors_to_o: 0
    num_new_collisions: 1
    timing_PIOW_new_collisions:
        total_PIOW: 0.000127225
        num_windows: 0
        time_check_overlap: 0
        num_overlapping_windows: 0
        time_merge_windows: 0
        time_remove_window: 0
        time_remove_window: 2.67e-07
        timing_PlanIn:
            total_PlanIn:0.000125833
            num_until_goal_expanded:8
            timing_expansions:
                total_S3Exp: 0.000122634
                time_top_o: 1.721e-06
                time_check_in_c: 2.201e-06
                time_add_parent: 2.983e-06
                num_neighbors: 160
                time_add_neighbors_to_o: 9.9025e-05
    num_windows_should_quit: 0
    time_should_quit: 1.247e-06
    time_remove_window: 0
Complete!
