Total time: 0.890473
is_optimal: true
optimality_bound: 1
successive_bounds: [1.00296, 1.00296, 1.00296, 1.00296, 1.00296, 1.00296, 1.00296, 1.00296, 1.00296, 1.00296, 1.00197, 1.00197, 1.00197, 1.00197, 1.00197, 1.00099, 1.00099, 1, 1]
successive_runtimes: [0.0140361, 0.0162877, 0.0184313, 0.0206572, 0.0227013, 0.0247421, 0.0273638, 0.0293176, 0.0309757, 0.0326052, 0.0364356, 0.0378702, 0.0393413, 0.0412213, 0.0428686, 0.0454067, 0.0471827, 0.890473]
num_agents: 30
time_individual_plan: 0.00974622
time_first_plan: 0.00308989
num_max_agents_in_window_first_iteration: 2
num_recWAMPF: 18
timing_recWAMPF:
    total_RecWAMPF: 0.879521
    num_windows: 138
    num_max_agents_in_window: 3
    timing_gari:
        total_GARI: 0.0282526
        time_path_btw_starts: 0.00046795
        Stage1:
            total_Stage1:0.00584772
            time_add_x_to_o: 0.00453648
            time_clear_x: 0.000750932
            timing_AStarSearchUntil:
                total_astar_search_until:0.000548934
                num_values_f_less_fmax:219
                ASU Exp:
                    total_ASUExp:0.000543814
                    time_top_o:8.1278e-05
                    time_check_in_c:3.9037e-05
                    time_add_parent:1.2645e-05
                    num_neighbors:675
                    time_add_neighbors_to_o:0.00032068
        Stage2:
            total_Stage2:0.00577418
            num_len_path:126
            time_expanding_s:0.000150755
            timing_AStarSearchUntil:
                total_astar_search_until:0.0055673
                num_values_f_less_fmax:315
                ASU Exp:
                    total_ASUExp:0.00556277
                    time_top_o:0.000120221
                    time_check_in_c:0.000152923
                    time_add_parent:0.000137989
                    num_neighbors:7917
                    time_add_neighbors_to_o:0.00461388
        Stage3:
            total_Stage3:0.014863
            num_until_goal_expanded:2174
            timing_S3Exp:
                total_S3Exp: 0.0108422
                time_top_o: 0.000717546
                time_check_in_c: 0.000390636
                time_add_parent: 0.000618231
                num_neighbors: 11669
                time_add_neighbors_to_o: 0.00660532
    timing_PIOW_overlapping:
        total_PIOW: 0.841956
        num_windows: 277
        time_check_overlap: 1.1709e-05
        num_overlapping_windows: 2
        time_merge_windows: 2.217e-06
        time_remove_window: 6.03e-07
        time_remove_window: 2.124e-06
        timing_PlanIn:
            total_PlanIn:0.841925
            num_until_goal_expanded:3623
            timing_expansions:
                total_S3Exp: 0.841921
                time_top_o: 0.00199141
                time_check_in_c: 0.000801237
                time_add_parent: 0.00154987
                num_neighbors: 1080131
                time_add_neighbors_to_o: 0.803924
    num_new_collisions: 4
    timing_PIOW_new_collisions:
        total_PIOW: 0.00160812
        num_windows: 12
        time_check_overlap: 1.204e-06
        num_overlapping_windows: 0
        time_merge_windows: 0
        time_remove_window: 0
        time_remove_window: 2.771e-06
        timing_PlanIn:
            total_PlanIn:0.0015764
            num_until_goal_expanded:107
            timing_expansions:
                total_S3Exp: 0.00155798
                time_top_o: 2.9728e-05
                time_check_in_c: 4.2602e-05
                time_add_parent: 6.3351e-05
                num_neighbors: 970
                time_add_neighbors_to_o: 0.00106523
    num_windows_should_quit: 0
    time_should_quit: 6.375e-06
    time_remove_window: 0
Complete!
