Total time: 0.227073
is_optimal: false
optimality_bound: 1.00465
successive_bounds: [1.00815, 1.00815, 1.00815, 1.00776, 1.00698, 1.00698, 1.00543, 1.00465]
successive_runtimes: [0.0101498, 0.0190124, 0.0279955, 0.0376359, 0.0484883, 0.0763335, 0.111138, 0.227073]
num_agents: 40
time_individual_plan: 0.00445798
time_first_plan: 0.00517503
num_max_agents_in_window_first_iteration: 3
num_recWAMPF: 8
timing_recWAMPF:
    total_RecWAMPF: 0.222096
    num_windows: 159
    num_max_agents_in_window: 3
    timing_gari:
        total_GARI: 0.212231
        time_path_btw_starts: 0.000403106
        Stage1:
            total_Stage1:0.13346
            time_add_x_to_o: 0.0222207
            time_clear_x: 0.00353929
            timing_AStarSearchUntil:
                total_astar_search_until:0.107692
                num_values_f_less_fmax:6114
                ASU Exp:
                    total_ASUExp:0.107688
                    time_top_o:0.00243347
                    time_check_in_c:0.0014407
                    time_add_parent:0.000833944
                    num_neighbors:252885
                    time_add_neighbors_to_o:0.0991272
        Stage2:
            total_Stage2:0.0212847
            num_len_path:153
            time_expanding_s:5.8774e-05
            timing_AStarSearchUntil:
                total_astar_search_until:0.0211837
                num_values_f_less_fmax:532
                ASU Exp:
                    total_ASUExp:0.0211806
                    time_top_o:0.00015819
                    time_check_in_c:0.000124931
                    time_add_parent:0.000139827
                    num_neighbors:50816
                    time_add_neighbors_to_o:0.0201135
        Stage3:
            total_Stage3:0.0294629
            num_until_goal_expanded:2441
            timing_S3Exp:
                total_S3Exp: 0.0239259
                time_top_o: 0.000581013
                time_check_in_c: 0.000352481
                time_add_parent: 0.000722072
                num_neighbors: 49268
                time_add_neighbors_to_o: 0.0197653
    timing_PIOW_overlapping:
        total_PIOW: 0.00147324
        num_windows: 800
        time_check_overlap: 2.4294e-05
        num_overlapping_windows: 1
        time_merge_windows: 1.864e-06
        time_remove_window: 2.82e-07
        time_remove_window: 1.813e-06
        timing_PlanIn:
            total_PlanIn:0.00142837
            num_until_goal_expanded:34
            timing_expansions:
                total_S3Exp: 0.00142639
                time_top_o: 7.026e-06
                time_check_in_c: 5.826e-06
                time_add_parent: 8.965e-06
                num_neighbors: 2630
                time_add_neighbors_to_o: 0.00128537
    num_new_collisions: 12
    timing_PIOW_new_collisions:
        total_PIOW: 0.0029369
        num_windows: 137
        time_check_overlap: 3.419e-06
        num_overlapping_windows: 1
        time_merge_windows: 0
        time_remove_window: 0.00797911
        time_remove_window: 3.045e-06
        timing_PlanIn:
            total_PlanIn:0.00291564
            num_until_goal_expanded:236
            timing_expansions:
                total_S3Exp: 0.00289657
                time_top_o: 3.0847e-05
                time_check_in_c: 3.9387e-05
                time_add_parent: 6.3797e-05
                num_neighbors: 5011
                time_add_neighbors_to_o: 0.00233251
    num_windows_should_quit: 0
    time_should_quit: 8.757e-06
    time_remove_window: 0
Complete!
