Total time: 0.0558185
is_optimal: true
optimality_bound: 1
successive_bounds: [1.00082, 1.00082, 1.00082, 1.00082, 1.00082, 1.00082, 1.00082, 1.00082, 1.00082, 1.00082, 1.00082, 1.00082, 1.00082, 1.00082, 1.00082, 1.00082, 1.00082, 1.00082, 1.00082, 1.00082, 1.00082, 1.00082, 1, 1]
successive_runtimes: [0.0200114, 0.0212826, 0.0225254, 0.0237962, 0.025014, 0.0262088, 0.0274637, 0.0287216, 0.0299725, 0.0312424, 0.0324377, 0.0336222, 0.0347764, 0.0360298, 0.0372058, 0.0385902, 0.0400794, 0.0415655, 0.0430161, 0.0445894, 0.0462864, 0.051105, 0.0558184]
num_agents: 30
time_individual_plan: 0.0169231
time_first_plan: 0.00159933
num_max_agents_in_window_first_iteration: 2
num_recWAMPF: 23
timing_recWAMPF:
    total_RecWAMPF: 0.0373968
    num_windows: 45
    num_max_agents_in_window: 2
    timing_gari:
        total_GARI: 0.0230544
        time_path_btw_starts: 0.0002958
        Stage1:
            total_Stage1:0.0129046
            time_add_x_to_o: 0.00351517
            time_clear_x: 0.000524819
            timing_AStarSearchUntil:
                total_astar_search_until:0.00885843
                num_values_f_less_fmax:665
                ASU Exp:
                    total_ASUExp:0.00885549
                    time_top_o:0.000397194
                    time_check_in_c:0.000309756
                    time_add_parent:0.000377031
                    num_neighbors:5195
                    time_add_neighbors_to_o:0.00656909
        Stage2:
            total_Stage2:0.00268522
            num_len_path:44
            time_expanding_s:4.4882e-05
            timing_AStarSearchUntil:
                total_astar_search_until:0.00260864
                num_values_f_less_fmax:66
                ASU Exp:
                    total_ASUExp:0.00260623
                    time_top_o:3.6099e-05
                    time_check_in_c:4.1802e-05
                    time_add_parent:7.2023e-05
                    num_neighbors:1703
                    time_add_neighbors_to_o:0.00222045
        Stage3:
            total_Stage3:0.00713785
            num_until_goal_expanded:368
            timing_S3Exp:
                total_S3Exp: 0.00475102
                time_top_o: 0.000189509
                time_check_in_c: 0.000174191
                time_add_parent: 0.000280159
                num_neighbors: 2685
                time_add_neighbors_to_o: 0.00273069
    timing_PIOW_overlapping:
        total_PIOW: 1.388e-06
        num_windows: 22
        time_check_overlap: 0
        num_overlapping_windows: 0
        time_merge_windows: 0
        time_remove_window: 0
        time_remove_window: 0
        timing_PlanIn:
            total_PlanIn:0
            num_until_goal_expanded:0
            timing_expansions:
                total_S3Exp: 0
                time_top_o: 0
                time_check_in_c: 0
                time_add_parent: 0
                num_neighbors: 0
                time_add_neighbors_to_o: 0
    num_new_collisions: 1
    timing_PIOW_new_collisions:
        total_PIOW: 0.000535268
        num_windows: 0
        time_check_overlap: 0
        num_overlapping_windows: 0
        time_merge_windows: 0
        time_remove_window: 0
        time_remove_window: 1.133e-06
        timing_PlanIn:
            total_PlanIn:0.000531182
            num_until_goal_expanded:21
            timing_expansions:
                total_S3Exp: 0.000523588
                time_top_o: 8.503e-06
                time_check_in_c: 1.3936e-05
                time_add_parent: 2.7861e-05
                num_neighbors: 181
                time_add_neighbors_to_o: 0.00029986
    num_windows_should_quit: 0
    time_should_quit: 5.201e-06
    time_remove_window: 0
Complete!
