Total time: 1.00693
is_optimal: true
optimality_bound: 1
successive_bounds: [1.00503, 1.00503, 1.00503, 1.00503, 1.00503, 1.00168, 1.00168, 1.00168, 1.00168, 1.00168, 1.00168, 1.00168, 1.00168, 1.00168, 1.00168, 1.00168, 1.00168, 1.00168, 1.00168, 1.00168, 1.00168, 1.00168, 1.00168, 1.00168, 1.00168, 1.00168, 1.00168, 1.00168, 1.00168, 1, 1]
successive_runtimes: [0.00197008, 0.00247324, 0.00303165, 0.00367102, 0.00440193, 0.00538154, 0.0225465, 0.029839, 0.0336067, 0.0377654, 0.041826, 0.0456279, 0.0495578, 0.0536416, 0.162466, 0.228066, 0.270297, 0.313328, 0.359393, 0.417047, 0.462934, 0.514003, 0.570392, 0.625327, 0.682639, 0.74315, 0.805674, 0.869666, 0.937776, 1.00693]
num_agents: 10
time_individual_plan: 0.00112575
time_first_plan: 0.000327573
num_max_agents_in_window_first_iteration: 2
num_recWAMPF: 30
timing_recWAMPF:
    total_RecWAMPF: 1.00528
    num_windows: 82
    num_max_agents_in_window: 3
    timing_gari:
        total_GARI: 0.987302
        time_path_btw_starts: 0.000659567
        Stage1:
            total_Stage1:0.251791
            time_add_x_to_o: 0.132759
            time_clear_x: 0.0264354
            timing_AStarSearchUntil:
                total_astar_search_until:0.092588
                num_values_f_less_fmax:5446
                ASU Exp:
                    total_ASUExp:0.092584
                    time_top_o:0.00369769
                    time_check_in_c:0.00265891
                    time_add_parent:0.000700416
                    num_neighbors:182479
                    time_add_neighbors_to_o:0.0827211
        Stage2:
            total_Stage2:0.0295957
            num_len_path:79
            time_expanding_s:4.2669e-05
            timing_AStarSearchUntil:
                total_astar_search_until:0.0295144
                num_values_f_less_fmax:475
                ASU Exp:
                    total_ASUExp:0.0295126
                    time_top_o:0.000213931
                    time_check_in_c:8.1466e-05
                    time_add_parent:0.000465208
                    num_neighbors:65340
                    time_add_neighbors_to_o:0.0280673
        Stage3:
            total_Stage3:0.705234
            num_until_goal_expanded:2004
            timing_S3Exp:
                total_S3Exp: 0.117287
                time_top_o: 0.000984045
                time_check_in_c: 0.000378736
                time_add_parent: 0.000748562
                num_neighbors: 216438
                time_add_neighbors_to_o: 0.10953
    timing_PIOW_overlapping:
        total_PIOW: 0.0170033
        num_windows: 77
        time_check_overlap: 1.776e-06
        num_overlapping_windows: 2
        time_merge_windows: 2.297e-06
        time_remove_window: 2.72e-07
        time_remove_window: 2.195e-06
        timing_PlanIn:
            total_PlanIn:0.0169935
            num_until_goal_expanded:268
            timing_expansions:
                total_S3Exp: 0.0169896
                time_top_o: 6.4531e-05
                time_check_in_c: 4.4582e-05
                time_add_parent: 7.2907e-05
                num_neighbors: 30910
                time_add_neighbors_to_o: 0.0156458
    num_new_collisions: 3
    timing_PIOW_new_collisions:
        total_PIOW: 0.00027867
        num_windows: 6
        time_check_overlap: 3.3e-07
        num_overlapping_windows: 0
        time_merge_windows: 0
        time_remove_window: 0
        time_remove_window: 6.56e-07
        timing_PlanIn:
            total_PlanIn:0.000274907
            num_until_goal_expanded:32
            timing_expansions:
                total_S3Exp: 0.000269109
                time_top_o: 4.412e-06
                time_check_in_c: 5.9e-06
                time_add_parent: 8.999e-06
                num_neighbors: 371
                time_add_neighbors_to_o: 0.000191074
    num_windows_should_quit: 0
    time_should_quit: 3.243e-06
    time_remove_window: 0
Complete!
