Total time: 0.16662
is_optimal: true
optimality_bound: 1
successive_bounds: [1.00421, 1.00365, 1.00365, 1.00308, 1.00308, 1.00308, 1.00252, 1.00252, 1.00252, 1.00196, 1.00196, 1.00196, 1.00196, 1.00196, 1.00196, 1.00196, 1.00196, 1.00196, 1.0014, 1.00028, 1.00028, 1, 1]
successive_runtimes: [0.0111599, 0.0144452, 0.0178216, 0.0215316, 0.0251621, 0.0290254, 0.0374486, 0.0448348, 0.0533652, 0.0621801, 0.0709574, 0.0807346, 0.0904729, 0.0999379, 0.109597, 0.119434, 0.129439, 0.140157, 0.152229, 0.160813, 0.163708, 0.16662]
num_agents: 60
time_individual_plan: 0.00613564
time_first_plan: 0.0045092
num_max_agents_in_window_first_iteration: 2
num_recWAMPF: 22
timing_recWAMPF:
    total_RecWAMPF: 0.159965
    num_windows: 375
    num_max_agents_in_window: 3
    timing_gari:
        total_GARI: 0.129468
        time_path_btw_starts: 0.000821571
        Stage1:
            total_Stage1:0.0577239
            time_add_x_to_o: 0.0232294
            time_clear_x: 0.00365939
            timing_AStarSearchUntil:
                total_astar_search_until:0.0308168
                num_values_f_less_fmax:18554
                ASU Exp:
                    total_ASUExp:0.0308084
                    time_top_o:0.00511847
                    time_check_in_c:0.00292487
                    time_add_parent:0.00147134
                    num_neighbors:45595
                    time_add_neighbors_to_o:0.0163742
        Stage2:
            total_Stage2:0.0112137
            num_len_path:349
            time_expanding_s:0.00015666
            timing_AStarSearchUntil:
                total_astar_search_until:0.0109533
                num_values_f_less_fmax:861
                ASU Exp:
                    total_ASUExp:0.0109458
                    time_top_o:0.000238736
                    time_check_in_c:0.000160324
                    time_add_parent:0.000233093
                    num_neighbors:23201
                    time_add_neighbors_to_o:0.0093845
        Stage3:
            total_Stage3:0.0596529
            num_until_goal_expanded:9124
            timing_S3Exp:
                total_S3Exp: 0.0387227
                time_top_o: 0.00244052
                time_check_in_c: 0.00145916
                time_add_parent: 0.0027357
                num_neighbors: 55187
                time_add_neighbors_to_o: 0.0224513
    timing_PIOW_overlapping:
        total_PIOW: 0.00616339
        num_windows: 1623
        time_check_overlap: 5.3014e-05
        num_overlapping_windows: 2
        time_merge_windows: 2.933e-06
        time_remove_window: 3.99e-07
        time_remove_window: 2.809e-06
        timing_PlanIn:
            total_PlanIn:0.00606973
            num_until_goal_expanded:245
            timing_expansions:
                total_S3Exp: 0.00606595
                time_top_o: 5.4921e-05
                time_check_in_c: 4.2218e-05
                time_add_parent: 6.4795e-05
                num_neighbors: 7737
                time_add_neighbors_to_o: 0.00533826
    num_new_collisions: 9
    timing_PIOW_new_collisions:
        total_PIOW: 0.00142287
        num_windows: 72
        time_check_overlap: 1.997e-06
        num_overlapping_windows: 0
        time_merge_windows: 0
        time_remove_window: 0
        time_remove_window: 6.461e-06
        timing_PlanIn:
            total_PlanIn:0.00140455
            num_until_goal_expanded:174
            timing_expansions:
                total_S3Exp: 0.00138944
                time_top_o: 2.1122e-05
                time_check_in_c: 3.337e-05
                time_add_parent: 4.4001e-05
                num_neighbors: 1854
                time_add_neighbors_to_o: 0.000994322
    num_windows_should_quit: 0
    time_should_quit: 1.6645e-05
    time_remove_window: 0
Complete!
