Total time: 0.344633
is_optimal: true
optimality_bound: 1
successive_bounds: [1.0046, 1.00402, 1.00345, 1.00287, 1.0023, 1.00172, 1.00172, 1.00172, 1.00144, 1.00144, 1.00144, 1.00144, 1.00144, 1.00086, 1, 1]
successive_runtimes: [0.0123917, 0.0163769, 0.0205843, 0.0542902, 0.114155, 0.148754, 0.162011, 0.177798, 0.196979, 0.216829, 0.23812, 0.259787, 0.2826, 0.304111, 0.344633]
num_agents: 50
time_individual_plan: 0.00737012
time_first_plan: 0.00433009
num_max_agents_in_window_first_iteration: 2
num_recWAMPF: 15
timing_recWAMPF:
    total_RecWAMPF: 0.336566
    num_windows: 233
    num_max_agents_in_window: 3
    timing_gari:
        total_GARI: 0.260733
        time_path_btw_starts: 0.000859381
        Stage1:
            total_Stage1:0.141731
            time_add_x_to_o: 0.0587214
            time_clear_x: 0.0110432
            timing_AStarSearchUntil:
                total_astar_search_until:0.0719494
                num_values_f_less_fmax:16344
                ASU Exp:
                    total_ASUExp:0.0719427
                    time_top_o:0.00643682
                    time_check_in_c:0.00323232
                    time_add_parent:0.00190053
                    num_neighbors:112868
                    time_add_neighbors_to_o:0.0511628
        Stage2:
            total_Stage2:0.0112536
            num_len_path:236
            time_expanding_s:0.000616182
            timing_AStarSearchUntil:
                total_astar_search_until:0.0105252
                num_values_f_less_fmax:510
                ASU Exp:
                    total_ASUExp:0.0105195
                    time_top_o:0.000193164
                    time_check_in_c:0.000160437
                    time_add_parent:0.00027284
                    num_neighbors:17632
                    time_add_neighbors_to_o:0.00868154
        Stage3:
            total_Stage3:0.106349
            num_until_goal_expanded:6173
            timing_S3Exp:
                total_S3Exp: 0.0335533
                time_top_o: 0.00199772
                time_check_in_c: 0.00113197
                time_add_parent: 0.00229404
                num_neighbors: 39821
                time_add_neighbors_to_o: 0.0196589
    timing_PIOW_overlapping:
        total_PIOW: 0.0644921
        num_windows: 957
        time_check_overlap: 4.5128e-05
        num_overlapping_windows: 4
        time_merge_windows: 5.819e-06
        time_remove_window: 1.236e-06
        time_remove_window: 5.566e-06
        timing_PlanIn:
            total_PlanIn:0.0644007
            num_until_goal_expanded:870
            timing_expansions:
                total_S3Exp: 0.0643906
                time_top_o: 0.000322998
                time_check_in_c: 0.000182537
                time_add_parent: 0.00030423
                num_neighbors: 103291
                time_add_neighbors_to_o: 0.0588974
    num_new_collisions: 9
    timing_PIOW_new_collisions:
        total_PIOW: 0.00166493
        num_windows: 72
        time_check_overlap: 2.746e-06
        num_overlapping_windows: 0
        time_merge_windows: 0
        time_remove_window: 0
        time_remove_window: 4.702e-06
        timing_PlanIn:
            total_PlanIn:0.0016453
            num_until_goal_expanded:197
            timing_expansions:
                total_S3Exp: 0.00162793
                time_top_o: 2.9526e-05
                time_check_in_c: 4.1239e-05
                time_add_parent: 6.4541e-05
                num_neighbors: 1837
                time_add_neighbors_to_o: 0.00113183
    num_windows_should_quit: 0
    time_should_quit: 1.9466e-05
    time_remove_window: 0
Complete!
