Total time: 0.21259
is_optimal: true
optimality_bound: 1
successive_bounds: [1.00346, 1.00346, 1.0026, 1.00173, 1.00173, 1.00173, 1.00173, 1.00173, 1.00087, 1.00087, 1.00087, 1.00087, 1.00087, 1.00087, 1.00087, 1.00087, 1.00087, 1.00087, 1.00087, 1.00087, 1.00087, 1.00087, 1.00087, 1.00087, 1.00087, 1.00087, 1.00087, 1, 1]
successive_runtimes: [0.0168384, 0.0189655, 0.020758, 0.0250701, 0.0269837, 0.0309683, 0.0334401, 0.0361152, 0.0394297, 0.0436553, 0.0463864, 0.049455, 0.0524935, 0.0555811, 0.0587045, 0.0663188, 0.0696068, 0.072866, 0.13704, 0.158004, 0.174536, 0.182484, 0.187531, 0.192552, 0.197554, 0.202339, 0.207044, 0.21259]
num_agents: 30
time_individual_plan: 0.0132713
time_first_plan: 0.00232003
num_max_agents_in_window_first_iteration: 2
num_recWAMPF: 28
timing_recWAMPF:
    total_RecWAMPF: 0.19806
    num_windows: 220
    num_max_agents_in_window: 2
    timing_gari:
        total_GARI: 0.186243
        time_path_btw_starts: 0.00109214
        Stage1:
            total_Stage1:0.0549848
            time_add_x_to_o: 0.0155906
            time_clear_x: 0.00208438
            timing_AStarSearchUntil:
                total_astar_search_until:0.037289
                num_values_f_less_fmax:3357
                ASU Exp:
                    total_ASUExp:0.0372809
                    time_top_o:0.00199064
                    time_check_in_c:0.00135215
                    time_add_parent:0.0021004
                    num_neighbors:36792
                    time_add_neighbors_to_o:0.0279572
        Stage2:
            total_Stage2:0.0697403
            num_len_path:227
            time_expanding_s:0.000259432
            timing_AStarSearchUntil:
                total_astar_search_until:0.0693679
                num_values_f_less_fmax:2789
                ASU Exp:
                    total_ASUExp:0.0693607
                    time_top_o:0.00177149
                    time_check_in_c:0.00108035
                    time_add_parent:0.00237035
                    num_neighbors:66651
                    time_add_neighbors_to_o:0.0573315
        Stage3:
            total_Stage3:0.0603218
            num_until_goal_expanded:584
            timing_S3Exp:
                total_S3Exp: 0.0113498
                time_top_o: 0.000230938
                time_check_in_c: 0.000202995
                time_add_parent: 0.000426471
                num_neighbors: 6048
                time_add_neighbors_to_o: 0.00704812
    timing_PIOW_overlapping:
        total_PIOW: 5.717e-05
        num_windows: 432
        time_check_overlap: 3.2011e-05
        num_overlapping_windows: 0
        time_merge_windows: 0
        time_remove_window: 0
        time_remove_window: 0
        timing_PlanIn:
            total_PlanIn:0
            num_until_goal_expanded:0
            timing_expansions:
                total_S3Exp: 0
                time_top_o: 0
                time_check_in_c: 0
                time_add_parent: 0
                num_neighbors: 0
                time_add_neighbors_to_o: 0
    num_new_collisions: 4
    timing_PIOW_new_collisions:
        total_PIOW: 0.00119812
        num_windows: 12
        time_check_overlap: 1.376e-06
        num_overlapping_windows: 0
        time_merge_windows: 0
        time_remove_window: 0
        time_remove_window: 2.795e-06
        timing_PlanIn:
            total_PlanIn:0.00118238
            num_until_goal_expanded:39
            timing_expansions:
                total_S3Exp: 0.00116394
                time_top_o: 1.534e-05
                time_check_in_c: 2.1706e-05
                time_add_parent: 4.9926e-05
                num_neighbors: 601
                time_add_neighbors_to_o: 0.000888295
    num_windows_should_quit: 0
    time_should_quit: 1.3064e-05
    time_remove_window: 0
Complete!
