Total time: 2.16438
is_optimal: false
optimality_bound: 1.00114
successive_bounds: [1.00455, 1.00455, 1.00455, 1.00228, 1.00171, 1.00171, 1.00171, 1.00171, 1.00171, 1.00171, 1.00171, 1.00114, 1.00114]
successive_runtimes: [0.00912815, 0.0106399, 0.0125037, 0.0148022, 0.0163951, 0.0177996, 0.0193188, 0.0208852, 0.0235888, 0.0256994, 0.0392419, 0.580842, 2.16438]
num_agents: 30
time_individual_plan: 0.00755658
time_first_plan: 0.00105128
num_max_agents_in_window_first_iteration: 2
num_recWAMPF: 13
timing_recWAMPF:
    total_RecWAMPF: 2.1563
    num_windows: 146
    num_max_agents_in_window: 3
    timing_gari:
        total_GARI: 0.890366
        time_path_btw_starts: 0.000318177
        Stage1:
            total_Stage1:0.863036
            time_add_x_to_o: 0.135048
            time_clear_x: 0.0305509
            timing_AStarSearchUntil:
                total_astar_search_until:0.00345392
                num_values_f_less_fmax:21087
                ASU Exp:
                    total_ASUExp:0.00345065
                    time_top_o:0.0267054
                    time_check_in_c:0.0306384
                    time_add_parent:0.00705496
                    num_neighbors:1202460
                    time_add_neighbors_to_o:0.61038
        Stage2:
            total_Stage2:0.00576917
            num_len_path:151
            time_expanding_s:7.0221e-05
            timing_AStarSearchUntil:
                total_astar_search_until:0.00566207
                num_values_f_less_fmax:510
                ASU Exp:
                    total_ASUExp:0.00565916
                    time_top_o:0.000124161
                    time_check_in_c:0.000106809
                    time_add_parent:0.0001565
                    num_neighbors:12065
                    time_add_neighbors_to_o:0.00475681
        Stage3:
            total_Stage3:0.0212219
            num_until_goal_expanded:1951
            timing_S3Exp:
                total_S3Exp: 0.0174828
                time_top_o: 0.000551656
                time_check_in_c: 0.000325685
                time_add_parent: 0.000490023
                num_neighbors: 34512
                time_add_neighbors_to_o: 0.0139721
    timing_PIOW_overlapping:
        total_PIOW: 0.53855
        num_windows: 416
        time_check_overlap: 1.5194e-05
        num_overlapping_windows: 1
        time_merge_windows: 1.739e-06
        time_remove_window: 4.1e-07
        time_remove_window: 1.659e-06
        timing_PlanIn:
            total_PlanIn:0.53852
            num_until_goal_expanded:9256
            timing_expansions:
                total_S3Exp: 0.538518
                time_top_o: 0.00670243
                time_check_in_c: 0.00236021
                time_add_parent: 0.0040794
                num_neighbors: 1060690
                time_add_neighbors_to_o: 0.485896
    num_new_collisions: 6
    timing_PIOW_new_collisions:
        total_PIOW: 0.000564729
        num_windows: 30
        time_check_overlap: 1.15e-06
        num_overlapping_windows: 0
        time_merge_windows: 0
        time_remove_window: 0
        time_remove_window: 1.579e-06
        timing_PlanIn:
            total_PlanIn:0.000556653
            num_until_goal_expanded:77
            timing_expansions:
                total_S3Exp: 0.000546881
                time_top_o: 9.521e-06
                time_check_in_c: 1.3534e-05
                time_add_parent: 2.0999e-05
                num_neighbors: 864
                time_add_neighbors_to_o: 0.000390241
    num_windows_should_quit: 0
    time_should_quit: 5.43e-06
    time_remove_window: 0
Complete!
