Total time: 0.0465186
is_optimal: true
optimality_bound: 1
successive_bounds: [1.00322, 1.00215, 1.00215, 1.00215, 1.00215, 1.00215, 1.00215, 1.00215, 1.00215, 1.00215, 1.00107, 1.00107, 1.00107, 1.00107, 1.00107, 1.00107, 1.00107, 1.00107, 1.00107, 1.00107, 1]
successive_runtimes: [0.0167628, 0.0197888, 0.0229044, 0.0278516, 0.0290779, 0.0303186, 0.0314883, 0.0327082, 0.0339101, 0.0351243, 0.0368979, 0.038199, 0.0394157, 0.0406441, 0.0419081, 0.0428153, 0.0437263, 0.0446726, 0.0455876, 0.0465185]
num_agents: 30
time_individual_plan: 0.0120661
time_first_plan: 0.00305733
num_max_agents_in_window_first_iteration: 2
num_recWAMPF: 20
timing_recWAMPF:
    total_RecWAMPF: 0.0327964
    num_windows: 86
    num_max_agents_in_window: 3
    timing_gari:
        total_GARI: 0.0146735
        time_path_btw_starts: 0.000528544
        Stage1:
            total_Stage1:0.00134217
            time_add_x_to_o: 0.00049858
            time_clear_x: 0.000106617
            timing_AStarSearchUntil:
                total_astar_search_until:0.000118353
                num_values_f_less_fmax:48
                ASU Exp:
                    total_ASUExp:0.000112735
                    time_top_o:4.5019e-05
                    time_check_in_c:1.0128e-05
                    time_add_parent:0
                    num_neighbors:0
                    time_add_neighbors_to_o:0
        Stage2:
            total_Stage2:0.00374955
            num_len_path:60
            time_expanding_s:8.6626e-05
            timing_AStarSearchUntil:
                total_astar_search_until:0.00333653
                num_values_f_less_fmax:101
                ASU Exp:
                    total_ASUExp:0.00333194
                    time_top_o:7.5955e-05
                    time_check_in_c:5.7354e-05
                    time_add_parent:0.000137086
                    num_neighbors:1987
                    time_add_neighbors_to_o:0.00236637
        Stage3:
            total_Stage3:0.00758599
            num_until_goal_expanded:258
            timing_S3Exp:
                total_S3Exp: 0.00531572
                time_top_o: 0.000146768
                time_check_in_c: 0.000120699
                time_add_parent: 0.000210468
                num_neighbors: 2459
                time_add_neighbors_to_o: 0.00365065
    timing_PIOW_overlapping:
        total_PIOW: 0.00299226
        num_windows: 126
        time_check_overlap: 9.042e-06
        num_overlapping_windows: 2
        time_merge_windows: 5.83e-06
        time_remove_window: 4.34e-07
        time_remove_window: 5.538e-06
        timing_PlanIn:
            total_PlanIn:0.00293941
            num_until_goal_expanded:92
            timing_expansions:
                total_S3Exp: 0.0029267
                time_top_o: 5.9442e-05
                time_check_in_c: 4.7477e-05
                time_add_parent: 0.000134669
                num_neighbors: 1092
                time_add_neighbors_to_o: 0.0020983
    num_new_collisions: 5
    timing_PIOW_new_collisions:
        total_PIOW: 0.00185843
        num_windows: 10
        time_check_overlap: 2.102e-06
        num_overlapping_windows: 0
        time_merge_windows: 0
        time_remove_window: 0
        time_remove_window: 2.188e-06
        timing_PlanIn:
            total_PlanIn:0.00183536
            num_until_goal_expanded:63
            timing_expansions:
                total_S3Exp: 0.00180034
                time_top_o: 3.2284e-05
                time_check_in_c: 3.7351e-05
                time_add_parent: 8.3158e-05
                num_neighbors: 768
                time_add_neighbors_to_o: 0.00125648
    num_windows_should_quit: 3
    time_should_quit: 3.244e-06
    time_remove_window: 6.35e-07
Complete!
