Total time: 7.3343
is_optimal: false
optimality_bound: 1.00214
successive_bounds: [1.00498, 1.00356, 1.00285, 1.00285, 1.00214, 1.00214, 1.00214]
successive_runtimes: [0.0211358, 0.0264346, 0.0341315, 0.040116, 0.0479727, 4.34265, 7.3343]
num_agents: 40
time_individual_plan: 0.0168119
time_first_plan: 0.00358972
num_max_agents_in_window_first_iteration: 3
num_recWAMPF: 7
timing_recWAMPF:
    total_RecWAMPF: 7.31675
    num_windows: 100
    num_max_agents_in_window: 4
    timing_gari:
        total_GARI: 3.01872
        time_path_btw_starts: 0.000412216
        Stage1:
            total_Stage1:1.67275
            time_add_x_to_o: 0.555554
            time_clear_x: 0.110836
            timing_AStarSearchUntil:
                total_astar_search_until:1.00635
                num_values_f_less_fmax:4560
                ASU Exp:
                    total_ASUExp:1.00634
                    time_top_o:0.0132764
                    time_check_in_c:0.00346634
                    time_add_parent:0.00199855
                    num_neighbors:932461
                    time_add_neighbors_to_o:0.978488
        Stage2:
            total_Stage2:0.00618109
            num_len_path:93
            time_expanding_s:7.9998e-05
            timing_AStarSearchUntil:
                total_astar_search_until:0.00604064
                num_values_f_less_fmax:214
                ASU Exp:
                    total_ASUExp:0.0060379
                    time_top_o:8.7315e-05
                    time_check_in_c:0.00012624
                    time_add_parent:0.000119801
                    num_neighbors:8757
                    time_add_neighbors_to_o:0.00527818
        Stage3:
            total_Stage3:1.33935
            num_until_goal_expanded:3496
            timing_S3Exp:
                total_S3Exp: 0.973977
                time_top_o: 0.00934958
                time_check_in_c: 0.00212119
                time_add_parent: 0.00348813
                num_neighbors: 813540
                time_add_neighbors_to_o: 0.94511
    timing_PIOW_overlapping:
        total_PIOW: 4.29185
        num_windows: 489
        time_check_overlap: 2.331e-05
        num_overlapping_windows: 9
        time_merge_windows: 1.7825e-05
        time_remove_window: 3.455e-06
        time_remove_window: 1.7193e-05
        timing_PlanIn:
            total_PlanIn:4.29177
            num_until_goal_expanded:9590
            timing_expansions:
                total_S3Exp: 4.29174
                time_top_o: 0.0239428
                time_check_in_c: 0.00803448
                time_add_parent: 0.0106869
                num_neighbors: 4175686
                time_add_neighbors_to_o: 4.03586
    num_new_collisions: 12
    timing_PIOW_new_collisions:
        total_PIOW: 0.0019871
        num_windows: 120
        time_check_overlap: 5.399e-06
        num_overlapping_windows: 1
        time_merge_windows: 0
        time_remove_window: 0.0181772
        time_remove_window: 1.9607e-05
        timing_PlanIn:
            total_PlanIn:0.00194294
            num_until_goal_expanded:157
            timing_expansions:
                total_S3Exp: 0.00191553
                time_top_o: 2.888e-05
                time_check_in_c: 3.389e-05
                time_add_parent: 5.5638e-05
                num_neighbors: 2704
                time_add_neighbors_to_o: 0.00144796
    num_windows_should_quit: 0
    time_should_quit: 1.0047e-05
    time_remove_window: 0
Complete!
