Total time: 0.0176732
is_optimal: true
optimality_bound: 1
successive_bounds: [1.00182, 1.00182, 1.00182, 1.00182, 1.00091, 1.00091, 1.00091, 1.00091, 1.00091, 1.00091, 1.00091, 1.00091, 1.00091, 1.00091, 1, 1]
successive_runtimes: [0.00906191, 0.0095757, 0.0100827, 0.01058, 0.0112249, 0.01171, 0.0122243, 0.0128136, 0.0133751, 0.0139539, 0.0145391, 0.0151414, 0.0159479, 0.0165517, 0.0176732]
num_agents: 30
time_individual_plan: 0.00770499
time_first_plan: 0.000602899
num_max_agents_in_window_first_iteration: 2
num_recWAMPF: 15
timing_recWAMPF:
    total_RecWAMPF: 0.00921025
    num_windows: 58
    num_max_agents_in_window: 2
    timing_gari:
        total_GARI: 0.00512317
        time_path_btw_starts: 0.000195813
        Stage1:
            total_Stage1:0.000611251
            time_add_x_to_o: 0.000492906
            time_clear_x: 0.000111116
            timing_AStarSearchUntil:
                total_astar_search_until:3.42e-06
                num_values_f_less_fmax:0
                ASU Exp:
                    total_ASUExp:1.476e-06
                    time_top_o:0
                    time_check_in_c:0
                    time_add_parent:0
                    num_neighbors:0
                    time_add_neighbors_to_o:0
        Stage2:
            total_Stage2:0.00143337
            num_len_path:55
            time_expanding_s:3.68e-05
            timing_AStarSearchUntil:
                total_astar_search_until:0.00137713
                num_values_f_less_fmax:86
                ASU Exp:
                    total_ASUExp:0.00137543
                    time_top_o:2.7819e-05
                    time_check_in_c:2.3233e-05
                    time_add_parent:3.6091e-05
                    num_neighbors:2089
                    time_add_neighbors_to_o:0.00112842
        Stage3:
            total_Stage3:0.00287054
            num_until_goal_expanded:139
            timing_S3Exp:
                total_S3Exp: 0.00170606
                time_top_o: 3.412e-05
                time_check_in_c: 2.4856e-05
                time_add_parent: 5.36e-05
                num_neighbors: 1627
                time_add_neighbors_to_o: 0.00121659
    timing_PIOW_overlapping:
        total_PIOW: 4.961e-06
        num_windows: 56
        time_check_overlap: 2.296e-06
        num_overlapping_windows: 0
        time_merge_windows: 0
        time_remove_window: 0
        time_remove_window: 0
        timing_PlanIn:
            total_PlanIn:0
            num_until_goal_expanded:0
            timing_expansions:
                total_S3Exp: 0
                time_top_o: 0
                time_check_in_c: 0
                time_add_parent: 0
                num_neighbors: 0
                time_add_neighbors_to_o: 0
    num_new_collisions: 2
    timing_PIOW_new_collisions:
        total_PIOW: 0.000309623
        num_windows: 2
        time_check_overlap: 1.7e-07
        num_overlapping_windows: 0
        time_merge_windows: 0
        time_remove_window: 0
        time_remove_window: 8.06e-07
        timing_PlanIn:
            total_PlanIn:0.000304965
            num_until_goal_expanded:17
            timing_expansions:
                total_S3Exp: 0.000296111
                time_top_o: 4.275e-06
                time_check_in_c: 4.735e-06
                time_add_parent: 7.498e-06
                num_neighbors: 330
                time_add_neighbors_to_o: 0.000237933
    num_windows_should_quit: 0
    time_should_quit: 2.531e-06
    time_remove_window: 0
Complete!
