Total time: 1.86374
is_optimal: false
optimality_bound: 1.0022
successive_bounds: [1.00688, 1.00578, 1.00578, 1.0044, 1.0044, 1.00303, 1.00248, 1.00248, 1.0022]
successive_runtimes: [0.014604, 0.0201823, 0.0262134, 0.0366026, 0.0467274, 0.0580854, 0.280742, 0.975082, 1.86374]
num_agents: 50
time_individual_plan: 0.0082073
time_first_plan: 0.00587087
num_max_agents_in_window_first_iteration: 2
num_recWAMPF: 9
timing_recWAMPF:
    total_RecWAMPF: 1.855
    num_windows: 212
    num_max_agents_in_window: 4
    timing_gari:
        total_GARI: 1.62408
        time_path_btw_starts: 0.0011073
        Stage1:
            total_Stage1:1.27129
            time_add_x_to_o: 0.377614
            time_clear_x: 0.201774
            timing_AStarSearchUntil:
                total_astar_search_until:0.691889
                num_values_f_less_fmax:8743
                ASU Exp:
                    total_ASUExp:0.691884
                    time_top_o:0.00818499
                    time_check_in_c:0.00638082
                    time_add_parent:0.00161569
                    num_neighbors:1346891
                    time_add_neighbors_to_o:0.65251
        Stage2:
            total_Stage2:0.00796766
            num_len_path:203
            time_expanding_s:0.000159802
            timing_AStarSearchUntil:
                total_astar_search_until:0.00773999
                num_values_f_less_fmax:412
                ASU Exp:
                    total_ASUExp:0.0077358
                    time_top_o:0.00010787
                    time_check_in_c:7.8686e-05
                    time_add_parent:0.000128313
                    num_neighbors:16697
                    time_add_neighbors_to_o:0.00694228
        Stage3:
            total_Stage3:0.342287
            num_until_goal_expanded:3087
            timing_S3Exp:
                total_S3Exp: 0.199055
                time_top_o: 0.00157762
                time_check_in_c: 0.000540553
                time_add_parent: 0.000977541
                num_neighbors: 389551
                time_add_neighbors_to_o: 0.192016
    timing_PIOW_overlapping:
        total_PIOW: 0.218765
        num_windows: 1286
        time_check_overlap: 3.9066e-05
        num_overlapping_windows: 3
        time_merge_windows: 3.807e-06
        time_remove_window: 9.29e-07
        time_remove_window: 3.651e-06
        timing_PlanIn:
            total_PlanIn:0.218688
            num_until_goal_expanded:595
            timing_expansions:
                total_S3Exp: 0.218681
                time_top_o: 0.000384451
                time_check_in_c: 0.000161106
                time_add_parent: 0.00026367
                num_neighbors: 412241
                time_add_neighbors_to_o: 0.206466
    num_new_collisions: 15
    timing_PIOW_new_collisions:
        total_PIOW: 0.00228645
        num_windows: 218
        time_check_overlap: 5.785e-06
        num_overlapping_windows: 1
        time_merge_windows: 0
        time_remove_window: 0.0192287
        time_remove_window: 1.0187e-05
        timing_PlanIn:
            total_PlanIn:0.0022523
            num_until_goal_expanded:243
            timing_expansions:
                total_S3Exp: 0.00222778
                time_top_o: 3.0953e-05
                time_check_in_c: 4.1592e-05
                time_add_parent: 6.2813e-05
                num_neighbors: 3349
                time_add_neighbors_to_o: 0.00170796
    num_windows_should_quit: 0
    time_should_quit: 9.851e-06
    time_remove_window: 0
Complete!
