Total time: 0.0263317
is_optimal: true
optimality_bound: 1
successive_bounds: [1.0018, 1.0018, 1.0018, 1.0009, 1.0009, 1.0009, 1.0009, 1.0009, 1.0009, 1.0009, 1.0009, 1, 1]
successive_runtimes: [0.00872597, 0.00923141, 0.0097807, 0.015529, 0.0167911, 0.0180977, 0.0192978, 0.0208508, 0.022467, 0.0235978, 0.0248266, 0.0263316]
num_agents: 30
time_individual_plan: 0.00754497
time_first_plan: 0.000646597
num_max_agents_in_window_first_iteration: 2
num_recWAMPF: 12
timing_recWAMPF:
    total_RecWAMPF: 0.01825
    num_windows: 69
    num_max_agents_in_window: 3
    timing_gari:
        total_GARI: 0.00983234
        time_path_btw_starts: 0.000161449
        Stage1:
            total_Stage1:0.000672118
            time_add_x_to_o: 0.000606963
            time_clear_x: 5.8871e-05
            timing_AStarSearchUntil:
                total_astar_search_until:2.807e-06
                num_values_f_less_fmax:0
                ASU Exp:
                    total_ASUExp:1.307e-06
                    time_top_o:0
                    time_check_in_c:0
                    time_add_parent:0
                    num_neighbors:0
                    time_add_neighbors_to_o:0
        Stage2:
            total_Stage2:0.00121641
            num_len_path:59
            time_expanding_s:3.1687e-05
            timing_AStarSearchUntil:
                total_astar_search_until:0.00116641
                num_values_f_less_fmax:90
                ASU Exp:
                    total_ASUExp:0.00116511
                    time_top_o:2.1919e-05
                    time_check_in_c:1.7822e-05
                    time_add_parent:3.0545e-05
                    num_neighbors:2672
                    time_add_neighbors_to_o:0.000978966
        Stage3:
            total_Stage3:0.00776938
            num_until_goal_expanded:316
            timing_S3Exp:
                total_S3Exp: 0.00364613
                time_top_o: 7.0515e-05
                time_check_in_c: 4.2084e-05
                time_add_parent: 7.2327e-05
                num_neighbors: 5515
                time_add_neighbors_to_o: 0.00296559
    timing_PIOW_overlapping:
        total_PIOW: 6.48e-06
        num_windows: 99
        time_check_overlap: 3.438e-06
        num_overlapping_windows: 0
        time_merge_windows: 0
        time_remove_window: 0
        time_remove_window: 0
        timing_PlanIn:
            total_PlanIn:0
            num_until_goal_expanded:0
            timing_expansions:
                total_S3Exp: 0
                time_top_o: 0
                time_check_in_c: 0
                time_add_parent: 0
                num_neighbors: 0
                time_add_neighbors_to_o: 0
    num_new_collisions: 4
    timing_PIOW_new_collisions:
        total_PIOW: 0.005425
        num_windows: 12
        time_check_overlap: 5.19e-07
        num_overlapping_windows: 1
        time_merge_windows: 0
        time_remove_window: 0.0103159
        time_remove_window: 1.167e-06
        timing_PlanIn:
            total_PlanIn:0.00541771
            num_until_goal_expanded:116
            timing_expansions:
                total_S3Exp: 0.0054016
                time_top_o: 2.862e-05
                time_check_in_c: 2.0631e-05
                time_add_parent: 3.1012e-05
                num_neighbors: 8278
                time_add_neighbors_to_o: 0.00494878
    num_windows_should_quit: 0
    time_should_quit: 2.107e-06
    time_remove_window: 0
Complete!
