Total time: 0.0230806
is_optimal: true
optimality_bound: 1
successive_bounds: [1.00082, 1.00082, 1.00082, 1.00082, 1.00082, 1.00082, 1.00082, 1.00082, 1.00082, 1.00082, 1.00082, 1.00082, 1.00082, 1.00082, 1.00082, 1.00082, 1.00082, 1.00082, 1.00082, 1.00082, 1.00082, 1.00082, 1, 1]
successive_runtimes: [0.00887268, 0.00933659, 0.00978224, 0.0102294, 0.0106738, 0.0111231, 0.0115845, 0.0120639, 0.012521, 0.0129792, 0.0134438, 0.0139053, 0.0143682, 0.0148015, 0.0152656, 0.0158448, 0.0164243, 0.0170336, 0.0176182, 0.0182537, 0.0189533, 0.0209965, 0.0230806]
num_agents: 30
time_individual_plan: 0.00762382
time_first_plan: 0.000581365
num_max_agents_in_window_first_iteration: 2
num_recWAMPF: 23
timing_recWAMPF:
    total_RecWAMPF: 0.0147844
    num_windows: 45
    num_max_agents_in_window: 2
    timing_gari:
        total_GARI: 0.00910578
        time_path_btw_starts: 0.000110631
        Stage1:
            total_Stage1:0.00524765
            time_add_x_to_o: 0.00139518
            time_clear_x: 0.00022051
            timing_AStarSearchUntil:
                total_astar_search_until:0.00362888
                num_values_f_less_fmax:665
                ASU Exp:
                    total_ASUExp:0.00362745
                    time_top_o:0.000198747
                    time_check_in_c:0.000134111
                    time_add_parent:0.000112962
                    num_neighbors:5195
                    time_add_neighbors_to_o:0.00273964
        Stage2:
            total_Stage2:0.000972325
            num_len_path:44
            time_expanding_s:1.9432e-05
            timing_AStarSearchUntil:
                total_astar_search_until:0.000937297
                num_values_f_less_fmax:66
                ASU Exp:
                    total_ASUExp:0.000936131
                    time_top_o:1.9106e-05
                    time_check_in_c:1.8085e-05
                    time_add_parent:1.9932e-05
                    num_neighbors:1703
                    time_add_neighbors_to_o:0.000797479
        Stage3:
            total_Stage3:0.00276625
            num_until_goal_expanded:368
            timing_S3Exp:
                total_S3Exp: 0.00174025
                time_top_o: 9.5019e-05
                time_check_in_c: 5.8029e-05
                time_add_parent: 0.000120826
                num_neighbors: 2685
                time_add_neighbors_to_o: 0.00100417
    timing_PIOW_overlapping:
        total_PIOW: 9.11e-07
        num_windows: 22
        time_check_overlap: 0
        num_overlapping_windows: 0
        time_merge_windows: 0
        time_remove_window: 0
        time_remove_window: 0
        timing_PlanIn:
            total_PlanIn:0
            num_until_goal_expanded:0
            timing_expansions:
                total_S3Exp: 0
                time_top_o: 0
                time_check_in_c: 0
                time_add_parent: 0
                num_neighbors: 0
                time_add_neighbors_to_o: 0
    num_new_collisions: 1
    timing_PIOW_new_collisions:
        total_PIOW: 0.000184801
        num_windows: 0
        time_check_overlap: 0
        num_overlapping_windows: 0
        time_merge_windows: 0
        time_remove_window: 0
        time_remove_window: 4.92e-07
        timing_PlanIn:
            total_PlanIn:0.000182548
            num_until_goal_expanded:21
            timing_expansions:
                total_S3Exp: 0.000179261
                time_top_o: 4.009e-06
                time_check_in_c: 5.191e-06
                time_add_parent: 7.566e-06
                num_neighbors: 181
                time_add_neighbors_to_o: 9.8601e-05
    num_windows_should_quit: 0
    time_should_quit: 1.806e-06
    time_remove_window: 0
Complete!
