Total time: 0.636154
is_optimal: true
optimality_bound: 1
successive_bounds: [1.00351, 1.00351, 1.00351, 1.00351, 1.00351, 1.00251, 1.00251, 1.00251, 1.00251, 1.00251, 1.00251, 1.00251, 1.00201, 1.001, 1.001, 1.001, 1.001, 1.001, 1.001, 1.001, 1.001, 1.001, 1.001, 1, 1]
successive_runtimes: [0.00486854, 0.00572093, 0.00652074, 0.0073933, 0.00827928, 0.0109689, 0.0244996, 0.0614374, 0.0989664, 0.129952, 0.154213, 0.179437, 0.208263, 0.236603, 0.265925, 0.301104, 0.343979, 0.382464, 0.419238, 0.458549, 0.498899, 0.54117, 0.586754, 0.636154]
num_agents: 30
time_individual_plan: 0.00337476
time_first_plan: 0.000973441
num_max_agents_in_window_first_iteration: 2
num_recWAMPF: 24
timing_recWAMPF:
    total_RecWAMPF: 0.632254
    num_windows: 134
    num_max_agents_in_window: 3
    timing_gari:
        total_GARI: 0.613629
        time_path_btw_starts: 0.000564107
        Stage1:
            total_Stage1:0.323775
            time_add_x_to_o: 0.130491
            time_clear_x: 0.0322583
            timing_AStarSearchUntil:
                total_astar_search_until:0.161013
                num_values_f_less_fmax:8691
                ASU Exp:
                    total_ASUExp:0.161008
                    time_top_o:0.00573242
                    time_check_in_c:0.001905
                    time_add_parent:0.00319196
                    num_neighbors:363706
                    time_add_neighbors_to_o:0.144661
        Stage2:
            total_Stage2:0.032237
            num_len_path:131
            time_expanding_s:7.3962e-05
            timing_AStarSearchUntil:
                total_astar_search_until:0.0320999
                num_values_f_less_fmax:530
                ASU Exp:
                    total_ASUExp:0.032097
                    time_top_o:0.000208038
                    time_check_in_c:0.000100888
                    time_add_parent:0.000164876
                    num_neighbors:75599
                    time_add_neighbors_to_o:0.0308427
        Stage3:
            total_Stage3:0.25702
            num_until_goal_expanded:2579
            timing_S3Exp:
                total_S3Exp: 0.0475604
                time_top_o: 0.00111966
                time_check_in_c: 0.000453908
                time_add_parent: 0.0012754
                num_neighbors: 76248
                time_add_neighbors_to_o: 0.0396977
    timing_PIOW_overlapping:
        total_PIOW: 0.0121407
        num_windows: 204
        time_check_overlap: 8.803e-06
        num_overlapping_windows: 2
        time_merge_windows: 3.267e-06
        time_remove_window: 3.84e-07
        time_remove_window: 3.165e-06
        timing_PlanIn:
            total_PlanIn:0.0121195
            num_until_goal_expanded:231
            timing_expansions:
                total_S3Exp: 0.012115
                time_top_o: 5.4241e-05
                time_check_in_c: 4.2637e-05
                time_add_parent: 6.178e-05
                num_neighbors: 19621
                time_add_neighbors_to_o: 0.0111027
    num_new_collisions: 4
    timing_PIOW_new_collisions:
        total_PIOW: 0.000410674
        num_windows: 12
        time_check_overlap: 4.5e-07
        num_overlapping_windows: 0
        time_merge_windows: 0
        time_remove_window: 0
        time_remove_window: 1.166e-06
        timing_PlanIn:
            total_PlanIn:0.000405334
            num_until_goal_expanded:51
            timing_expansions:
                total_S3Exp: 0.000398096
                time_top_o: 6.667e-06
                time_check_in_c: 8.719e-06
                time_add_parent: 1.3678e-05
                num_neighbors: 578
                time_add_neighbors_to_o: 0.000284469
    num_windows_should_quit: 0
    time_should_quit: 8.538e-06
    time_remove_window: 0
Complete!
