Total time: 8.6516
is_optimal: false
optimality_bound: 1.0028
successive_bounds: [1.00529, 1.00404, 1.00342, 1.0028, 1.0028, 1.0028, 1.0028, 1.0028, 1.0028, 1.0028, 1.0028, 1.0028, 1.0028, 1.0028, 1.0028, 1.0028, 1.0028, 1.0028, 1.0028, 1.0028, 1.0028, 1.0028]
successive_runtimes: [0.0191494, 0.0366233, 0.0704709, 0.0965575, 0.117185, 0.137317, 0.1752, 0.222821, 0.83972, 1.58347, 2.10712, 2.76169, 3.49757, 4.22043, 4.84851, 5.48519, 6.03971, 6.46631, 6.85119, 7.2319, 7.966, 8.6516]
num_agents: 50
time_individual_plan: 0.0103236
time_first_plan: 0.00829717
num_max_agents_in_window_first_iteration: 3
num_recWAMPF: 22
timing_recWAMPF:
    total_RecWAMPF: 8.64074
    num_windows: 152
    num_max_agents_in_window: 4
    timing_gari:
        total_GARI: 8.05606
        time_path_btw_starts: 0.00197157
        Stage1:
            total_Stage1:2.37364
            time_add_x_to_o: 0.578463
            time_clear_x: 0.199465
            timing_AStarSearchUntil:
                total_astar_search_until:1.5957
                num_values_f_less_fmax:13856
                ASU Exp:
                    total_ASUExp:1.59569
                    time_top_o:0.0153578
                    time_check_in_c:0.00515375
                    time_add_parent:0.00486948
                    num_neighbors:3164744
                    time_add_neighbors_to_o:1.53791
        Stage2:
            total_Stage2:0.0060449
            num_len_path:102
            time_expanding_s:7.3662e-05
            timing_AStarSearchUntil:
                total_astar_search_until:0.00586525
                num_values_f_less_fmax:184
                ASU Exp:
                    total_ASUExp:0.00586217
                    time_top_o:7.0664e-05
                    time_check_in_c:3.4559e-05
                    time_add_parent:7.9893e-05
                    num_neighbors:11173
                    time_add_neighbors_to_o:0.00531166
        Stage3:
            total_Stage3:5.67436
            num_until_goal_expanded:25380
            timing_S3Exp:
                total_S3Exp: 2.16345
                time_top_o: 0.0209453
                time_check_in_c: 0.00472923
                time_add_parent: 0.00897793
                num_neighbors: 3630318
                time_add_neighbors_to_o: 2.09183
    timing_PIOW_overlapping:
        total_PIOW: 0.0247594
        num_windows: 671
        time_check_overlap: 2.0728e-05
        num_overlapping_windows: 13
        time_merge_windows: 1.0551e-05
        time_remove_window: 2.187e-06
        time_remove_window: 1.0037e-05
        timing_PlanIn:
            total_PlanIn:0.0246993
            num_until_goal_expanded:1596
            timing_expansions:
                total_S3Exp: 0.0246774
                time_top_o: 0.000406195
                time_check_in_c: 0.000262977
                time_add_parent: 0.000432234
                num_neighbors: 45085
                time_add_neighbors_to_o: 0.020092
    num_new_collisions: 17
    timing_PIOW_new_collisions:
        total_PIOW: 0.536519
        num_windows: 250
        time_check_overlap: 7.195e-06
        num_overlapping_windows: 2
        time_merge_windows: 0
        time_remove_window: 0.3225
        time_remove_window: 6.021e-06
        timing_PlanIn:
            total_PlanIn:0.536483
            num_until_goal_expanded:3414
            timing_expansions:
                total_S3Exp: 0.536451
                time_top_o: 0.00331203
                time_check_in_c: 0.000805545
                time_add_parent: 0.00133072
                num_neighbors: 974687
                time_add_neighbors_to_o: 0.500252
    num_windows_should_quit: 0
    time_should_quit: 8.695e-06
    time_remove_window: 0
Complete!
