Total time: 4.49578
is_optimal: true
optimality_bound: 1
successive_bounds: [1.00241, 1.00172, 1.00103, 1.00103, 1.00103, 1.00103, 1.00103, 1.00103, 1.00103, 1.00069, 1.00069, 1.00069, 1.00069, 1.00069, 1.00069, 1.00069, 1.00069, 1.00069, 1.00069, 1, 1]
successive_runtimes: [0.0141782, 0.0168972, 0.0189968, 0.0211082, 0.0234571, 0.0256818, 1.68081, 2.89015, 3.02524, 3.15999, 3.294, 3.42682, 3.55926, 3.69278, 3.82523, 3.95791, 4.0915, 4.22497, 4.36139, 4.49578]
num_agents: 50
time_individual_plan: 0.00759103
time_first_plan: 0.00588991
num_max_agents_in_window_first_iteration: 2
num_recWAMPF: 20
timing_recWAMPF:
    total_RecWAMPF: 4.48748
    num_windows: 256
    num_max_agents_in_window: 5
    timing_gari:
        total_GARI: 2.81765
        time_path_btw_starts: 0.00100833
        Stage1:
            total_Stage1:0.902039
            time_add_x_to_o: 0.755205
            time_clear_x: 0.138832
            timing_AStarSearchUntil:
                total_astar_search_until:0.0079808
                num_values_f_less_fmax:2479
                ASU Exp:
                    total_ASUExp:0.00797281
                    time_top_o:0.0010025
                    time_check_in_c:0.000720909
                    time_add_parent:0.000422312
                    num_neighbors:11637
                    time_add_neighbors_to_o:0.00487589
        Stage2:
            total_Stage2:0.0453621
            num_len_path:226
            time_expanding_s:0.000872728
            timing_AStarSearchUntil:
                total_astar_search_until:0.0443285
                num_values_f_less_fmax:583
                ASU Exp:
                    total_ASUExp:0.0443214
                    time_top_o:0.000244229
                    time_check_in_c:0.000199263
                    time_add_parent:0.000291189
                    num_neighbors:63405
                    time_add_neighbors_to_o:0.0389632
        Stage3:
            total_Stage3:1.86908
            num_until_goal_expanded:2069
            timing_S3Exp:
                total_S3Exp: 0.194429
                time_top_o: 0.000572864
                time_check_in_c: 0.000291453
                time_add_parent: 0.000541982
                num_neighbors: 11005
                time_add_neighbors_to_o: 0.00468163
    timing_PIOW_overlapping:
        total_PIOW: 1.65339
        num_windows: 841
        time_check_overlap: 4.6519e-05
        num_overlapping_windows: 2
        time_merge_windows: 3.83e-06
        time_remove_window: 1.097e-06
        time_remove_window: 3.702e-06
        timing_PlanIn:
            total_PlanIn:1.6533
            num_until_goal_expanded:1334
            timing_expansions:
                total_S3Exp: 1.6533
                time_top_o: 0.00128144
                time_check_in_c: 0.000487141
                time_add_parent: 0.000765477
                num_neighbors: 2101848
                time_add_neighbors_to_o: 1.58035
    num_new_collisions: 9
    timing_PIOW_new_collisions:
        total_PIOW: 0.00440514
        num_windows: 74
        time_check_overlap: 3.201e-06
        num_overlapping_windows: 1
        time_merge_windows: 0
        time_remove_window: 0.0159426
        time_remove_window: 3.615e-06
        timing_PlanIn:
            total_PlanIn:0.00438554
            num_until_goal_expanded:329
            timing_expansions:
                total_S3Exp: 0.00436151
                time_top_o: 6.5638e-05
                time_check_in_c: 6.4821e-05
                time_add_parent: 9.3222e-05
                num_neighbors: 5928
                time_add_neighbors_to_o: 0.00354423
    num_windows_should_quit: 0
    time_should_quit: 1.7562e-05
    time_remove_window: 0
Complete!
