Total time: 1.66716
is_optimal: false
optimality_bound: 1.0028
successive_bounds: [1.00455, 1.00455, 1.00455, 1.00385, 1.00385, 1.00315, 1.00315, 1.00315, 1.0028]
successive_runtimes: [0.0284841, 0.0335086, 0.0377227, 0.0415111, 0.0447053, 0.0477164, 0.523028, 1.06319, 1.66716]
num_agents: 40
time_individual_plan: 0.0207639
time_first_plan: 0.00640219
num_max_agents_in_window_first_iteration: 3
num_recWAMPF: 9
timing_recWAMPF:
    total_RecWAMPF: 1.64508
    num_windows: 147
    num_max_agents_in_window: 4
    timing_gari:
        total_GARI: 1.10772
        time_path_btw_starts: 0.000744077
        Stage1:
            total_Stage1:0.835045
            time_add_x_to_o: 0.312512
            time_clear_x: 0.0969212
            timing_AStarSearchUntil:
                total_astar_search_until:0.4256
                num_values_f_less_fmax:3630
                ASU Exp:
                    total_ASUExp:0.425595
                    time_top_o:0.00494301
                    time_check_in_c:0.0240195
                    time_add_parent:0.00249086
                    num_neighbors:443595
                    time_add_neighbors_to_o:0.33699
        Stage2:
            total_Stage2:0.0532112
            num_len_path:138
            time_expanding_s:0.000137391
            timing_AStarSearchUntil:
                total_astar_search_until:0.0530077
                num_values_f_less_fmax:314
                ASU Exp:
                    total_ASUExp:0.0530036
                    time_top_o:0.000189927
                    time_check_in_c:0.000104318
                    time_add_parent:0.000165501
                    num_neighbors:78678
                    time_add_neighbors_to_o:0.0519072
        Stage3:
            total_Stage3:0.218683
            num_until_goal_expanded:1096
            timing_S3Exp:
                total_S3Exp: 0.0697265
                time_top_o: 0.000676656
                time_check_in_c: 0.000245313
                time_add_parent: 0.000521231
                num_neighbors: 112546
                time_add_neighbors_to_o: 0.0663667
    timing_PIOW_overlapping:
        total_PIOW: 0.472531
        num_windows: 608
        time_check_overlap: 3.0777e-05
        num_overlapping_windows: 1
        time_merge_windows: 1.339e-06
        time_remove_window: 4.9e-07
        time_remove_window: 1.276e-06
        timing_PlanIn:
            total_PlanIn:0.472472
            num_until_goal_expanded:1146
            timing_expansions:
                total_S3Exp: 0.472469
                time_top_o: 0.00138486
                time_check_in_c: 0.000340252
                time_add_parent: 0.000595497
                num_neighbors: 710638
                time_add_neighbors_to_o: 0.445715
    num_new_collisions: 13
    timing_PIOW_new_collisions:
        total_PIOW: 0.0591356
        num_windows: 130
        time_check_overlap: 1.0013e-05
        num_overlapping_windows: 4
        time_merge_windows: 0
        time_remove_window: 3.27458
        time_remove_window: 1.0665e-05
        timing_PlanIn:
            total_PlanIn:0.0590761
            num_until_goal_expanded:512
            timing_expansions:
                total_S3Exp: 0.059025
                time_top_o: 0.000215741
                time_check_in_c: 0.000164557
                time_add_parent: 0.000225274
                num_neighbors: 87166
                time_add_neighbors_to_o: 0.0543502
    num_windows_should_quit: 0
    time_should_quit: 8.365e-06
    time_remove_window: 0
Complete!
