Total time: 0.047363
is_optimal: true
optimality_bound: 1
successive_bounds: [1.00143, 1.00143, 1.00143, 1.00143, 1.00143, 1.00143, 1.00143, 1.00143, 1.00143, 1.00143, 1.00143, 1.00143, 1.00143, 1.00143, 1.00143, 1.00143, 1.00143, 1.00143, 1.00143, 1.00143, 1, 1]
successive_runtimes: [0.00561741, 0.00598384, 0.00653581, 0.006939, 0.0074968, 0.00810162, 0.00857351, 0.00905283, 0.00953415, 0.0101455, 0.0111809, 0.0122741, 0.0152515, 0.0200217, 0.024969, 0.0298896, 0.0347233, 0.0388924, 0.0421583, 0.0450033, 0.047363]
num_agents: 20
time_individual_plan: 0.00481688
time_first_plan: 0.000283079
num_max_agents_in_window_first_iteration: 2
num_recWAMPF: 21
timing_recWAMPF:
    total_RecWAMPF: 0.0420255
    num_windows: 41
    num_max_agents_in_window: 2
    timing_gari:
        total_GARI: 0.0395244
        time_path_btw_starts: 8.6155e-05
        Stage1:
            total_Stage1:0.026989
            time_add_x_to_o: 0.00786838
            time_clear_x: 0.00100375
            timing_AStarSearchUntil:
                total_astar_search_until:0.0181145
                num_values_f_less_fmax:3318
                ASU Exp:
                    total_ASUExp:0.0181133
                    time_top_o:0.000987049
                    time_check_in_c:0.000532081
                    time_add_parent:0.000594846
                    num_neighbors:37540
                    time_add_neighbors_to_o:0.0139836
        Stage2:
            total_Stage2:0.00520485
            num_len_path:44
            time_expanding_s:1.6759e-05
            timing_AStarSearchUntil:
                total_astar_search_until:0.00517565
                num_values_f_less_fmax:422
                ASU Exp:
                    total_ASUExp:0.00517475
                    time_top_o:0.000133444
                    time_check_in_c:9.7094e-05
                    time_add_parent:0.000118982
                    num_neighbors:10045
                    time_add_neighbors_to_o:0.00433974
        Stage3:
            total_Stage3:0.00723788
            num_until_goal_expanded:495
            timing_S3Exp:
                total_S3Exp: 0.00236524
                time_top_o: 0.000119374
                time_check_in_c: 6.8368e-05
                time_add_parent: 0.00013987
                num_neighbors: 4678
                time_add_neighbors_to_o: 0.00153765
    timing_PIOW_overlapping:
        total_PIOW: 4.78e-07
        num_windows: 20
        time_check_overlap: 0
        num_overlapping_windows: 0
        time_merge_windows: 0
        time_remove_window: 0
        time_remove_window: 0
        timing_PlanIn:
            total_PlanIn:0
            num_until_goal_expanded:0
            timing_expansions:
                total_S3Exp: 0
                time_top_o: 0
                time_check_in_c: 0
                time_add_parent: 0
                num_neighbors: 0
                time_add_neighbors_to_o: 0
    num_new_collisions: 1
    timing_PIOW_new_collisions:
        total_PIOW: 0.000145608
        num_windows: 0
        time_check_overlap: 0
        num_overlapping_windows: 0
        time_merge_windows: 0
        time_remove_window: 0
        time_remove_window: 3.29e-07
        timing_PlanIn:
            total_PlanIn:0.00014406
            num_until_goal_expanded:15
            timing_expansions:
                total_S3Exp: 0.000138893
                time_top_o: 2.199e-06
                time_check_in_c: 2.966e-06
                time_add_parent: 4.603e-06
                num_neighbors: 172
                time_add_neighbors_to_o: 7.9764e-05
    num_windows_should_quit: 0
    time_should_quit: 1.162e-06
    time_remove_window: 0
Complete!
