Total time: 28.3361
is_optimal: false
optimality_bound: 1.0028
successive_bounds: [1.00529, 1.00404, 1.00342, 1.0028, 1.0028, 1.0028, 1.0028, 1.0028, 1.0028, 1.0028, 1.0028, 1.0028, 1.0028, 1.0028, 1.0028, 1.0028, 1.0028, 1.0028, 1.0028, 1.0028, 1.0028, 1.0028, 1.0028, 1.0028, 1.0028, 1.0028, 1.0028, 1.0028, 1.0028, 1.0028, 1.0028, 1.0028, 1.0028, 1.0028, 1.0028, 1.0028, 1.0028]
successive_runtimes: [0.021672, 0.0438084, 0.0886065, 0.122458, 0.149881, 0.178496, 0.233748, 0.295867, 1.06519, 1.94254, 2.55193, 3.31929, 4.17019, 5.00562, 5.72198, 6.44825, 7.06938, 7.53826, 7.95865, 8.3805, 9.20741, 9.98608, 12.5634, 13.3149, 14.0769, 14.8253, 15.9718, 16.7788, 17.5954, 18.3955, 19.2116, 20.3785, 21.252, 24.6853, 25.8991, 27.1245, 28.3361]
num_agents: 50
time_individual_plan: 0.0127987
time_first_plan: 0.00821632
num_max_agents_in_window_first_iteration: 3
num_recWAMPF: 37
timing_recWAMPF:
    total_RecWAMPF: 28.3227
    num_windows: 200
    num_max_agents_in_window: 4
    timing_gari:
        total_GARI: 27.5964
        time_path_btw_starts: 0.00340782
        Stage1:
            total_Stage1:2.86286
            time_add_x_to_o: 0.672552
            time_clear_x: 0.233251
            timing_AStarSearchUntil:
                total_astar_search_until:1.95703
                num_values_f_less_fmax:13856
                ASU Exp:
                    total_ASUExp:1.95703
                    time_top_o:0.0192943
                    time_check_in_c:0.00662407
                    time_add_parent:0.00604334
                    num_neighbors:3164744
                    time_add_neighbors_to_o:1.88613
        Stage2:
            total_Stage2:0.0136455
            num_len_path:126
            time_expanding_s:0.000152825
            timing_AStarSearchUntil:
                total_astar_search_until:0.0133303
                num_values_f_less_fmax:208
                ASU Exp:
                    total_ASUExp:0.013325
                    time_top_o:0.000148978
                    time_check_in_c:5.6804e-05
                    time_add_parent:0.000128862
                    num_neighbors:15817
                    time_add_neighbors_to_o:0.0123973
        Stage3:
            total_Stage3:24.7164
            num_until_goal_expanded:57863
            timing_S3Exp:
                total_S3Exp: 10.7892
                time_top_o: 0.0798117
                time_check_in_c: 0.020435
                time_add_parent: 0.0377049
                num_neighbors: 15674283
                time_add_neighbors_to_o: 10.5327
    timing_PIOW_overlapping:
        total_PIOW: 0.0321939
        num_windows: 713
        time_check_overlap: 3.3301e-05
        num_overlapping_windows: 13
        time_merge_windows: 1.6277e-05
        time_remove_window: 3.097e-06
        time_remove_window: 1.5415e-05
        timing_PlanIn:
            total_PlanIn:0.0320946
            num_until_goal_expanded:1596
            timing_expansions:
                total_S3Exp: 0.0320504
                time_top_o: 0.000563592
                time_check_in_c: 0.000337954
                time_add_parent: 0.000585213
                num_neighbors: 45085
                time_add_neighbors_to_o: 0.0259717
    num_new_collisions: 17
    timing_PIOW_new_collisions:
        total_PIOW: 0.664023
        num_windows: 250
        time_check_overlap: 1.0094e-05
        num_overlapping_windows: 2
        time_merge_windows: 0
        time_remove_window: 0.425118
        time_remove_window: 7.27e-06
        timing_PlanIn:
            total_PlanIn:0.663977
            num_until_goal_expanded:3414
            timing_expansions:
                total_S3Exp: 0.66394
                time_top_o: 0.00408842
                time_check_in_c: 0.00101268
                time_add_parent: 0.001689
                num_neighbors: 974687
                time_add_neighbors_to_o: 0.618128
    num_windows_should_quit: 1
    time_should_quit: 1.7e-05
    time_remove_window: 2.47e-07
Complete!
