Total time: 0.0405905
is_optimal: true
optimality_bound: 1
successive_bounds: [1.00284, 1.00284, 1.00284, 1.00284, 1.00284, 1.00284, 1.00284, 1.00284, 1.00284, 1.00284, 1.00284, 1.00284, 1.00284, 1.00284, 1.00284, 1.00284, 1.00284, 1.00284, 1.00284, 1.00284, 1, 1]
successive_runtimes: [0.00227696, 0.00242415, 0.00258993, 0.00285673, 0.00304527, 0.00321608, 0.00345352, 0.00359949, 0.00375488, 0.00391556, 0.00407828, 0.00424851, 0.00443345, 0.00459791, 0.00476597, 0.00493112, 0.00618064, 0.0066002, 0.00698865, 0.00738983, 0.0405904]
num_agents: 10
time_individual_plan: 0.00142654
time_first_plan: 0.000167325
num_max_agents_in_window_first_iteration: 2
num_recWAMPF: 21
timing_recWAMPF:
    total_RecWAMPF: 0.0384754
    num_windows: 41
    num_max_agents_in_window: 2
    timing_gari:
        total_GARI: 0.0377744
        time_path_btw_starts: 0.000129927
        Stage1:
            total_Stage1:0.000439647
            time_add_x_to_o: 0.000399779
            time_clear_x: 3.4394e-05
            timing_AStarSearchUntil:
                total_astar_search_until:2.602e-06
                num_values_f_less_fmax:0
                ASU Exp:
                    total_ASUExp:1.325e-06
                    time_top_o:0
                    time_check_in_c:0
                    time_add_parent:0
                    num_neighbors:0
                    time_add_neighbors_to_o:0
        Stage2:
            total_Stage2:0.0335239
            num_len_path:61
            time_expanding_s:2.8624e-05
            timing_AStarSearchUntil:
                total_astar_search_until:0.0334811
                num_values_f_less_fmax:2133
                ASU Exp:
                    total_ASUExp:0.03348
                    time_top_o:0.000991202
                    time_check_in_c:0.000531096
                    time_add_parent:0.000726251
                    num_neighbors:54996
                    time_add_neighbors_to_o:0.028623
        Stage3:
            total_Stage3:0.00367114
            num_until_goal_expanded:163
            timing_S3Exp:
                total_S3Exp: 0.00161311
                time_top_o: 5.1008e-05
                time_check_in_c: 3.277e-05
                time_add_parent: 8.0523e-05
                num_neighbors: 1975
                time_add_neighbors_to_o: 0.00113731
    timing_PIOW_overlapping:
        total_PIOW: 1.038e-06
        num_windows: 20
        time_check_overlap: 0
        num_overlapping_windows: 0
        time_merge_windows: 0
        time_remove_window: 0
        time_remove_window: 0
        timing_PlanIn:
            total_PlanIn:0
            num_until_goal_expanded:0
            timing_expansions:
                total_S3Exp: 0
                time_top_o: 0
                time_check_in_c: 0
                time_add_parent: 0
                num_neighbors: 0
                time_add_neighbors_to_o: 0
    num_new_collisions: 1
    timing_PIOW_new_collisions:
        total_PIOW: 0.000135048
        num_windows: 0
        time_check_overlap: 0
        num_overlapping_windows: 0
        time_merge_windows: 0
        time_remove_window: 0
        time_remove_window: 6.38e-07
        timing_PlanIn:
            total_PlanIn:0.000132735
            num_until_goal_expanded:8
            timing_expansions:
                total_S3Exp: 0.000129472
                time_top_o: 2.076e-06
                time_check_in_c: 1.953e-06
                time_add_parent: 3.781e-06
                num_neighbors: 160
                time_add_neighbors_to_o: 0.00010326
    num_windows_should_quit: 0
    time_should_quit: 1.755e-06
    time_remove_window: 0
Complete!
