Total time: 0.139752
is_optimal: true
optimality_bound: 1
successive_bounds: [1.00091, 1.00091, 1.00091, 1.00091, 1.00091, 1.00091, 1.00091, 1.00091, 1.00091, 1.00091, 1.00091, 1.00091, 1.00091, 1.00091, 1.00091, 1.00091, 1.00091, 1, 1]
successive_runtimes: [0.0525195, 0.0559213, 0.0591879, 0.0624119, 0.0656019, 0.0687511, 0.0719525, 0.0751552, 0.0806888, 0.0837349, 0.0865883, 0.0893361, 0.0920301, 0.0930446, 0.0940505, 0.0950603, 0.0960689, 0.139752]
num_agents: 30
time_individual_plan: 0.0165202
time_first_plan: 0.0344476
num_max_agents_in_window_first_iteration: 3
num_recWAMPF: 18
timing_recWAMPF:
    total_RecWAMPF: 0.121671
    num_windows: 60
    num_max_agents_in_window: 3
    timing_gari:
        total_GARI: 0.0787334
        time_path_btw_starts: 0.000375823
        Stage1:
            total_Stage1:0.00102601
            time_add_x_to_o: 0.000914494
            time_clear_x: 9.9261e-05
            timing_AStarSearchUntil:
                total_astar_search_until:4.446e-06
                num_values_f_less_fmax:0
                ASU Exp:
                    total_ASUExp:1.79e-06
                    time_top_o:0
                    time_check_in_c:0
                    time_add_parent:0
                    num_neighbors:0
                    time_add_neighbors_to_o:0
        Stage2:
            total_Stage2:0.0462198
            num_len_path:64
            time_expanding_s:0.000140191
            timing_AStarSearchUntil:
                total_astar_search_until:0.0460359
                num_values_f_less_fmax:1466
                ASU Exp:
                    total_ASUExp:0.0460335
                    time_top_o:0.00101669
                    time_check_in_c:0.000666779
                    time_add_parent:0.00140582
                    num_neighbors:36589
                    time_add_neighbors_to_o:0.0386759
        Stage3:
            total_Stage3:0.0310776
            num_until_goal_expanded:334
            timing_S3Exp:
                total_S3Exp: 0.0069192
                time_top_o: 0.000194122
                time_check_in_c: 0.000148383
                time_add_parent: 0.000337753
                num_neighbors: 3146
                time_add_neighbors_to_o: 0.00446895
    timing_PIOW_overlapping:
        total_PIOW: 9.296e-06
        num_windows: 53
        time_check_overlap: 4.564e-06
        num_overlapping_windows: 0
        time_merge_windows: 0
        time_remove_window: 0
        time_remove_window: 0
        timing_PlanIn:
            total_PlanIn:0
            num_until_goal_expanded:0
            timing_expansions:
                total_S3Exp: 0
                time_top_o: 0
                time_check_in_c: 0
                time_add_parent: 0
                num_neighbors: 0
                time_add_neighbors_to_o: 0
    num_new_collisions: 3
    timing_PIOW_new_collisions:
        total_PIOW: 0.0334126
        num_windows: 3
        time_check_overlap: 7.33e-07
        num_overlapping_windows: 1
        time_merge_windows: 0
        time_remove_window: 0.018564
        time_remove_window: 4.749e-06
        timing_PlanIn:
            total_PlanIn:0.0333938
            num_until_goal_expanded:205
            timing_expansions:
                total_S3Exp: 0.0333251
                time_top_o: 0.000167795
                time_check_in_c: 0.000127275
                time_add_parent: 0.00028868
                num_neighbors: 17240
                time_add_neighbors_to_o: 0.0303277
    num_windows_should_quit: 1
    time_should_quit: 5.373e-06
    time_remove_window: 1.717e-06
Complete!
