Total time: 0.630526
is_optimal: false
optimality_bound: 1.00247
successive_bounds: [1.0155, 1.01479, 1.00352, 1.00352, 1.00352, 1.00282, 1.00282, 1.00282, 1.00282, 1.00282, 1.00247]
successive_runtimes: [0.0154836, 0.0271099, 0.0562304, 0.0600315, 0.0638468, 0.0706811, 0.0746148, 0.0780989, 0.0818753, 0.113827, 0.630526]
num_agents: 40
time_individual_plan: 0.0104463
time_first_plan: 0.00450755
num_max_agents_in_window_first_iteration: 2
num_recWAMPF: 11
timing_recWAMPF:
    total_RecWAMPF: 0.619548
    num_windows: 171
    num_max_agents_in_window: 5
    timing_gari:
        total_GARI: 0.088946
        time_path_btw_starts: 0.000444341
        Stage1:
            total_Stage1:0.0656828
            time_add_x_to_o: 0.0158565
            time_clear_x: 0.00178315
            timing_AStarSearchUntil:
                total_astar_search_until:0.0287477
                num_values_f_less_fmax:8778
                ASU Exp:
                    total_ASUExp:0.0287439
                    time_top_o:0.00252249
                    time_check_in_c:0.00138847
                    time_add_parent:0.00109763
                    num_neighbors:96368
                    time_add_neighbors_to_o:0.0380534
        Stage2:
            total_Stage2:0.00543979
            num_len_path:174
            time_expanding_s:7.7435e-05
            timing_AStarSearchUntil:
                total_astar_search_until:0.00530477
                num_values_f_less_fmax:337
                ASU Exp:
                    total_ASUExp:0.00530151
                    time_top_o:7.9221e-05
                    time_check_in_c:6.3714e-05
                    time_add_parent:9.2864e-05
                    num_neighbors:12186
                    time_add_neighbors_to_o:0.00469689
        Stage3:
            total_Stage3:0.0135308
            num_until_goal_expanded:1422
            timing_S3Exp:
                total_S3Exp: 0.00775707
                time_top_o: 0.000314078
                time_check_in_c: 0.000186998
                time_add_parent: 0.000344456
                num_neighbors: 12860
                time_add_neighbors_to_o: 0.00534414
    timing_PIOW_overlapping:
        total_PIOW: 0.0520093
        num_windows: 739
        time_check_overlap: 2.3794e-05
        num_overlapping_windows: 5
        time_merge_windows: 5.903e-06
        time_remove_window: 1.195e-06
        time_remove_window: 5.666e-06
        timing_PlanIn:
            total_PlanIn:0.0519541
            num_until_goal_expanded:1488
            timing_expansions:
                total_S3Exp: 0.051944
                time_top_o: 0.000395811
                time_check_in_c: 0.000269582
                time_add_parent: 0.000404119
                num_neighbors: 100637
                time_add_neighbors_to_o: 0.0462134
    num_new_collisions: 14
    timing_PIOW_new_collisions:
        total_PIOW: 0.468725
        num_windows: 148
        time_check_overlap: 5.418e-06
        num_overlapping_windows: 4
        time_merge_windows: 0
        time_remove_window: 0.637448
        time_remove_window: 4.384e-06
        timing_PlanIn:
            total_PlanIn:0.468687
            num_until_goal_expanded:1669
            timing_expansions:
                total_S3Exp: 0.468659
                time_top_o: 0.000586956
                time_check_in_c: 0.000317715
                time_add_parent: 0.000510675
                num_neighbors: 847288
                time_add_neighbors_to_o: 0.443569
    num_windows_should_quit: 0
    time_should_quit: 7.189e-06
    time_remove_window: 0
Complete!
