Total time: 0.157659
is_optimal: true
optimality_bound: 1
successive_bounds: [1.00287, 1.00287, 1.00287, 1.00287, 1.00287, 1.00287, 1.00287, 1.00287, 1.00287, 1.00287, 1.00287, 1.00287, 1.00143, 1.00143, 1.00143, 1.00143, 1.00143, 1.00143, 1.00143, 1.00143, 1.00143, 1.00143, 1.00143, 1.00143, 1.00143, 1.00143, 1.00143, 1.00143, 1.00143, 1.00143, 1.00143, 1.00143, 1.00143, 1.00143, 1.00143, 1, 1]
successive_runtimes: [0.00543965, 0.00645064, 0.00753216, 0.00862835, 0.009955, 0.0113869, 0.0131241, 0.0148423, 0.0167398, 0.0185553, 0.0206265, 0.0222957, 0.0292247, 0.036694, 0.0457258, 0.0542453, 0.0628422, 0.0706845, 0.0778229, 0.0840173, 0.0892044, 0.0935419, 0.103118, 0.109711, 0.114117, 0.11801, 0.122149, 0.126363, 0.130527, 0.134314, 0.138371, 0.142222, 0.145987, 0.149753, 0.153827, 0.157659]
num_agents: 20
time_individual_plan: 0.00425547
time_first_plan: 0.00045384
num_max_agents_in_window_first_iteration: 2
num_recWAMPF: 36
timing_recWAMPF:
    total_RecWAMPF: 0.152662
    num_windows: 142
    num_max_agents_in_window: 2
    timing_gari:
        total_GARI: 0.14858
        time_path_btw_starts: 0.00141879
        Stage1:
            total_Stage1:0.0523081
            time_add_x_to_o: 0.0181328
            time_clear_x: 0.00259348
            timing_AStarSearchUntil:
                total_astar_search_until:0.0315705
                num_values_f_less_fmax:4977
                ASU Exp:
                    total_ASUExp:0.0315665
                    time_top_o:0.00203718
                    time_check_in_c:0.00115097
                    time_add_parent:0.000933733
                    num_neighbors:55999
                    time_add_neighbors_to_o:0.0240906
        Stage2:
            total_Stage2:0.0118208
            num_len_path:136
            time_expanding_s:8.0942e-05
            timing_AStarSearchUntil:
                total_astar_search_until:0.0116564
                num_values_f_less_fmax:818
                ASU Exp:
                    total_ASUExp:0.0116529
                    time_top_o:0.000287537
                    time_check_in_c:0.000197773
                    time_add_parent:0.000288969
                    num_neighbors:21147
                    time_add_neighbors_to_o:0.00988663
        Stage3:
            total_Stage3:0.0829993
            num_until_goal_expanded:2579
            timing_S3Exp:
                total_S3Exp: 0.018815
                time_top_o: 0.00112036
                time_check_in_c: 0.000600804
                time_add_parent: 0.001377
                num_neighbors: 27586
                time_add_neighbors_to_o: 0.011802
    timing_PIOW_overlapping:
        total_PIOW: 1.5122e-05
        num_windows: 140
        time_check_overlap: 6.979e-06
        num_overlapping_windows: 0
        time_merge_windows: 0
        time_remove_window: 0
        time_remove_window: 0
        timing_PlanIn:
            total_PlanIn:0
            num_until_goal_expanded:0
            timing_expansions:
                total_S3Exp: 0
                time_top_o: 0
                time_check_in_c: 0
                time_add_parent: 0
                num_neighbors: 0
                time_add_neighbors_to_o: 0
    num_new_collisions: 2
    timing_PIOW_new_collisions:
        total_PIOW: 0.000295887
        num_windows: 2
        time_check_overlap: 1.44e-07
        num_overlapping_windows: 0
        time_merge_windows: 0
        time_remove_window: 0
        time_remove_window: 6.81e-07
        timing_PlanIn:
            total_PlanIn:0.000292184
            num_until_goal_expanded:34
            timing_expansions:
                total_S3Exp: 0.000286999
                time_top_o: 5.878e-06
                time_check_in_c: 7.387e-06
                time_add_parent: 1.1327e-05
                num_neighbors: 368
                time_add_neighbors_to_o: 0.000200534
    num_windows_should_quit: 0
    time_should_quit: 1.2901e-05
    time_remove_window: 0
Complete!
