Total time: 0.147947
is_optimal: true
optimality_bound: 1
successive_bounds: [1.00355, 1.00284, 1.00213, 1.00213, 1.00213, 1.00213, 1.00142, 1.00071, 1.00071, 1.00071, 1.00071, 1.00071, 1.00071, 1.00071, 1.00071, 1.00071, 1.00071, 1.00071, 1.00071, 1.00071, 1.00071, 1, 1]
successive_runtimes: [0.0086838, 0.0112793, 0.0136725, 0.0170551, 0.0223105, 0.028777, 0.0355551, 0.0450317, 0.0474986, 0.0493872, 0.0512697, 0.0537904, 0.100486, 0.121975, 0.125437, 0.129571, 0.132493, 0.135503, 0.138732, 0.141812, 0.144909, 0.147946]
num_agents: 40
time_individual_plan: 0.00566979
time_first_plan: 0.00241162
num_max_agents_in_window_first_iteration: 2
num_recWAMPF: 22
timing_recWAMPF:
    total_RecWAMPF: 0.14167
    num_windows: 199
    num_max_agents_in_window: 3
    timing_gari:
        total_GARI: 0.0824015
        time_path_btw_starts: 0.000567454
        Stage1:
            total_Stage1:0.0355692
            time_add_x_to_o: 0.021875
            time_clear_x: 0.00319556
            timing_AStarSearchUntil:
                total_astar_search_until:0.0104868
                num_values_f_less_fmax:1867
                ASU Exp:
                    total_ASUExp:0.0104822
                    time_top_o:0.000486306
                    time_check_in_c:0.00025293
                    time_add_parent:0.000403693
                    num_neighbors:19988
                    time_add_neighbors_to_o:0.00788132
        Stage2:
            total_Stage2:0.0120432
            num_len_path:192
            time_expanding_s:0.000157141
            timing_AStarSearchUntil:
                total_astar_search_until:0.011824
                num_values_f_less_fmax:855
                ASU Exp:
                    total_ASUExp:0.01182
                    time_top_o:0.00023658
                    time_check_in_c:0.000157064
                    time_add_parent:0.000275654
                    num_neighbors:24741
                    time_add_neighbors_to_o:0.0098174
        Stage3:
            total_Stage3:0.0338867
            num_until_goal_expanded:883
            timing_S3Exp:
                total_S3Exp: 0.00972866
                time_top_o: 0.000201931
                time_check_in_c: 0.000120482
                time_add_parent: 0.000225618
                num_neighbors: 11734
                time_add_neighbors_to_o: 0.0049835
    timing_PIOW_overlapping:
        total_PIOW: 0.0454299
        num_windows: 513
        time_check_overlap: 1.8955e-05
        num_overlapping_windows: 3
        time_merge_windows: 6.131e-06
        time_remove_window: 1.056e-06
        time_remove_window: 5.986e-06
        timing_PlanIn:
            total_PlanIn:0.0453851
            num_until_goal_expanded:746
            timing_expansions:
                total_S3Exp: 0.0453775
                time_top_o: 0.000224145
                time_check_in_c: 0.000128392
                time_add_parent: 0.000205289
                num_neighbors: 80111
                time_add_neighbors_to_o: 0.0416771
    num_new_collisions: 7
    timing_PIOW_new_collisions:
        total_PIOW: 0.00213307
        num_windows: 46
        time_check_overlap: 1.243e-06
        num_overlapping_windows: 1
        time_merge_windows: 0
        time_remove_window: 0.0156254
        time_remove_window: 5.048e-06
        timing_PlanIn:
            total_PlanIn:0.00211847
            num_until_goal_expanded:213
            timing_expansions:
                total_S3Exp: 0.00210485
                time_top_o: 2.8018e-05
                time_check_in_c: 3.7483e-05
                time_add_parent: 5.3613e-05
                num_neighbors: 3455
                time_add_neighbors_to_o: 0.00163199
    num_windows_should_quit: 0
    time_should_quit: 8.419e-06
    time_remove_window: 0
Complete!
