Total time: 0.0164795
is_optimal: true
optimality_bound: 1
successive_bounds: [1.0009, 1.0009, 1.0009, 1.0009, 1.0009, 1.0009, 1.0009, 1.0009, 1.0009, 1.0009, 1.0009, 1.0009, 1.0009, 1.0009, 1.0009, 1.0009, 1.0009, 1.0009, 1.0009, 1.0009, 1.0009, 1.0009, 1.0009, 1.0009, 1.0009, 1.0009, 1.0009, 1.0009, 1.0009, 1.0009, 1.0009, 1.0009, 1.0009, 1, 1]
successive_runtimes: [0.0046103, 0.00494799, 0.00527537, 0.0056115, 0.00601615, 0.0063561, 0.00669772, 0.00704376, 0.00739443, 0.00776186, 0.00812208, 0.00848754, 0.00881179, 0.00912669, 0.00944266, 0.00981934, 0.0101373, 0.0104577, 0.0107833, 0.0111045, 0.0114265, 0.0117493, 0.0120771, 0.0124032, 0.0127289, 0.0130911, 0.0134237, 0.0137582, 0.0140924, 0.0144271, 0.014763, 0.0150999, 0.0154381, 0.0164795]
num_agents: 30
time_individual_plan: 0.00371826
time_first_plan: 0.000379317
num_max_agents_in_window_first_iteration: 2
num_recWAMPF: 34
timing_recWAMPF:
    total_RecWAMPF: 0.012244
    num_windows: 67
    num_max_agents_in_window: 2
    timing_gari:
        total_GARI: 0.00436036
        time_path_btw_starts: 0.000115752
        Stage1:
            total_Stage1:0.000231698
            time_add_x_to_o: 0.000201141
            time_clear_x: 2.4628e-05
            timing_AStarSearchUntil:
                total_astar_search_until:2.81e-06
                num_values_f_less_fmax:0
                ASU Exp:
                    total_ASUExp:1.378e-06
                    time_top_o:0
                    time_check_in_c:0
                    time_add_parent:0
                    num_neighbors:0
                    time_add_neighbors_to_o:0
        Stage2:
            total_Stage2:0.000828076
            num_len_path:44
            time_expanding_s:1.8251e-05
            timing_AStarSearchUntil:
                total_astar_search_until:0.000793858
                num_values_f_less_fmax:66
                ASU Exp:
                    total_ASUExp:0.000792437
                    time_top_o:1.7466e-05
                    time_check_in_c:1.3335e-05
                    time_add_parent:2.2379e-05
                    num_neighbors:1630
                    time_add_neighbors_to_o:0.000658023
        Stage3:
            total_Stage3:0.00317344
            num_until_goal_expanded:165
            timing_S3Exp:
                total_S3Exp: 0.00159024
                time_top_o: 3.1062e-05
                time_check_in_c: 2.1951e-05
                time_add_parent: 3.579e-05
                num_neighbors: 2147
                time_add_neighbors_to_o: 0.00118297
    timing_PIOW_overlapping:
        total_PIOW: 7.18e-07
        num_windows: 33
        time_check_overlap: 0
        num_overlapping_windows: 0
        time_merge_windows: 0
        time_remove_window: 0
        time_remove_window: 0
        timing_PlanIn:
            total_PlanIn:0
            num_until_goal_expanded:0
            timing_expansions:
                total_S3Exp: 0
                time_top_o: 0
                time_check_in_c: 0
                time_add_parent: 0
                num_neighbors: 0
                time_add_neighbors_to_o: 0
    num_new_collisions: 1
    timing_PIOW_new_collisions:
        total_PIOW: 0.000132242
        num_windows: 0
        time_check_overlap: 0
        num_overlapping_windows: 0
        time_merge_windows: 0
        time_remove_window: 0
        time_remove_window: 3.94e-07
        timing_PlanIn:
            total_PlanIn:0.000130141
            num_until_goal_expanded:9
            timing_expansions:
                total_S3Exp: 0.000126777
                time_top_o: 1.995e-06
                time_check_in_c: 2.053e-06
                time_add_parent: 3.412e-06
                num_neighbors: 185
                time_add_neighbors_to_o: 0.00010137
    num_windows_should_quit: 0
    time_should_quit: 1.458e-06
    time_remove_window: 0
Complete!
