Total time: 0.0535916
is_optimal: true
optimality_bound: 1
successive_bounds: [1.00423, 1.00282, 1.00282, 1.00282, 1.00282, 1.00282, 1.00141, 1.00141, 1.00141, 1.00141, 1.00141, 1.00141, 1.00141, 1.00141, 1.00141, 1.00141, 1.00141, 1.00141, 1.00141, 1.00141, 1, 1]
successive_runtimes: [0.00455951, 0.00539791, 0.00608595, 0.00724881, 0.00889088, 0.0112414, 0.0135528, 0.014788, 0.0160559, 0.0175186, 0.0191268, 0.0208132, 0.0229213, 0.0253793, 0.0279541, 0.0312708, 0.0347761, 0.038351, 0.0430924, 0.0471014, 0.0535915]
num_agents: 20
time_individual_plan: 0.00331962
time_first_plan: 0.000708713
num_max_agents_in_window_first_iteration: 2
num_recWAMPF: 21
timing_recWAMPF:
    total_RecWAMPF: 0.0497376
    num_windows: 164
    num_max_agents_in_window: 2
    timing_gari:
        total_GARI: 0.0468823
        time_path_btw_starts: 0.000473997
        Stage1:
            total_Stage1:0.0290351
            time_add_x_to_o: 0.00905467
            time_clear_x: 0.00146908
            timing_AStarSearchUntil:
                total_astar_search_until:0.0185028
                num_values_f_less_fmax:4047
                ASU Exp:
                    total_ASUExp:0.0184992
                    time_top_o:0.00113704
                    time_check_in_c:0.000774072
                    time_add_parent:0.000726676
                    num_neighbors:36051
                    time_add_neighbors_to_o:0.0136402
        Stage2:
            total_Stage2:0.00626404
            num_len_path:186
            time_expanding_s:7.6131e-05
            timing_AStarSearchUntil:
                total_astar_search_until:0.00614716
                num_values_f_less_fmax:480
                ASU Exp:
                    total_ASUExp:0.00614392
                    time_top_o:0.000123323
                    time_check_in_c:8.8651e-05
                    time_add_parent:0.00012555
                    num_neighbors:12960
                    time_add_neighbors_to_o:0.00529105
        Stage3:
            total_Stage3:0.0110868
            num_until_goal_expanded:750
            timing_S3Exp:
                total_S3Exp: 0.00429458
                time_top_o: 0.000168848
                time_check_in_c: 0.000105545
                time_add_parent: 0.000206615
                num_neighbors: 6843
                time_add_neighbors_to_o: 0.00277357
    timing_PIOW_overlapping:
        total_PIOW: 1.9588e-05
        num_windows: 320
        time_check_overlap: 1.1479e-05
        num_overlapping_windows: 0
        time_merge_windows: 0
        time_remove_window: 0
        time_remove_window: 0
        timing_PlanIn:
            total_PlanIn:0
            num_until_goal_expanded:0
            timing_expansions:
                total_S3Exp: 0
                time_top_o: 0
                time_check_in_c: 0
                time_add_parent: 0
                num_neighbors: 0
                time_add_neighbors_to_o: 0
    num_new_collisions: 4
    timing_PIOW_new_collisions:
        total_PIOW: 0.000431235
        num_windows: 12
        time_check_overlap: 5.32e-07
        num_overlapping_windows: 0
        time_merge_windows: 0
        time_remove_window: 0
        time_remove_window: 1.98e-06
        timing_PlanIn:
            total_PlanIn:0.000424955
            num_until_goal_expanded:56
            timing_expansions:
                total_S3Exp: 0.000417426
                time_top_o: 7.357e-06
                time_check_in_c: 1.0207e-05
                time_add_parent: 1.5231e-05
                num_neighbors: 615
                time_add_neighbors_to_o: 0.000283289
    num_windows_should_quit: 0
    time_should_quit: 4.62e-06
    time_remove_window: 0
Complete!
