Total time: 26.5609
is_optimal: false
optimality_bound: 1.00306
successive_bounds: [1.00581, 1.0052, 1.00459, 1.00459, 1.00459, 1.00459, 1.00367, 1.00367, 1.00367, 1.00367, 1.00306]
successive_runtimes: [0.0142296, 0.024581, 0.0344329, 0.0463977, 0.0675579, 0.101095, 0.142714, 0.200486, 0.300404, 3.99199, 26.5609]
num_agents: 50
time_individual_plan: 0.00624402
time_first_plan: 0.00732461
num_max_agents_in_window_first_iteration: 3
num_recWAMPF: 11
timing_recWAMPF:
    total_RecWAMPF: 26.554
    num_windows: 231
    num_max_agents_in_window: 5
    timing_gari:
        total_GARI: 22.8365
        time_path_btw_starts: 0.00196673
        Stage1:
            total_Stage1:16.3136
            time_add_x_to_o: 1.21961
            time_clear_x: 0.223756
            timing_AStarSearchUntil:
                total_astar_search_until:14.8702
                num_values_f_less_fmax:27160
                ASU Exp:
                    total_ASUExp:14.8702
                    time_top_o:0.0510807
                    time_check_in_c:0.10163
                    time_add_parent:0.0133072
                    num_neighbors:21514561
                    time_add_neighbors_to_o:14.6488
        Stage2:
            total_Stage2:0.116097
            num_len_path:232
            time_expanding_s:0.000140404
            timing_AStarSearchUntil:
                total_astar_search_until:0.115853
                num_values_f_less_fmax:752
                ASU Exp:
                    total_ASUExp:0.115848
                    time_top_o:0.000321934
                    time_check_in_c:0.000183607
                    time_add_parent:0.000291072
                    num_neighbors:193515
                    time_add_neighbors_to_o:0.113933
        Stage3:
            total_Stage3:6.39942
            num_until_goal_expanded:17546
            timing_S3Exp:
                total_S3Exp: 6.03253
                time_top_o: 0.0217204
                time_check_in_c: 0.00569241
                time_add_parent: 0.0117819
                num_neighbors: 8163630
                time_add_neighbors_to_o: 5.95513
    timing_PIOW_overlapping:
        total_PIOW: 0.197934
        num_windows: 1244
        time_check_overlap: 5.4324e-05
        num_overlapping_windows: 2
        time_merge_windows: 4.072e-06
        time_remove_window: 8.7e-07
        time_remove_window: 3.947e-06
        timing_PlanIn:
            total_PlanIn:0.197831
            num_until_goal_expanded:546
            timing_expansions:
                total_S3Exp: 0.197825
                time_top_o: 0.000306373
                time_check_in_c: 0.000148045
                time_add_parent: 0.000297291
                num_neighbors: 269468
                time_add_neighbors_to_o: 0.187474
    num_new_collisions: 15
    timing_PIOW_new_collisions:
        total_PIOW: 3.511
        num_windows: 221
        time_check_overlap: 9.432e-06
        num_overlapping_windows: 4
        time_merge_windows: 0
        time_remove_window: 0.994265
        time_remove_window: 9.775e-06
        timing_PlanIn:
            total_PlanIn:3.51095
            num_until_goal_expanded:5131
            timing_expansions:
                total_S3Exp: 3.51092
                time_top_o: 0.00786203
                time_check_in_c: 0.00185159
                time_add_parent: 0.00291792
                num_neighbors: 4877199
                time_add_neighbors_to_o: 3.32882
    num_windows_should_quit: 0
    time_should_quit: 1.7751e-05
    time_remove_window: 0
Complete!
