Total time: 5.44626
is_optimal: false
optimality_bound: 1.0021
successive_bounds: [1.0042, 1.00315, 1.00315, 1.00315, 1.00315, 1.00315, 1.00315, 1.00315, 1.00315, 1.00315, 1.0021, 1.0021, 1.0021, 1.0021, 1.0021, 1.0021, 1.0021]
successive_runtimes: [0.00571998, 0.00672387, 0.00761604, 0.00854082, 0.00942766, 0.0103202, 0.011227, 0.0122291, 0.0131574, 0.0140241, 0.359434, 0.692126, 1.56219, 3.21413, 4.10505, 4.83686, 5.44626]
num_agents: 30
time_individual_plan: 0.00391533
time_first_plan: 0.00122055
num_max_agents_in_window_first_iteration: 2
num_recWAMPF: 17
timing_recWAMPF:
    total_RecWAMPF: 5.44176
    num_windows: 91
    num_max_agents_in_window: 3
    timing_gari:
        total_GARI: 5.09195
        time_path_btw_starts: 0.000207257
        Stage1:
            total_Stage1:1.04407
            time_add_x_to_o: 0.452271
            time_clear_x: 0.134884
            timing_AStarSearchUntil:
                total_astar_search_until:0.456908
                num_values_f_less_fmax:23374
                ASU Exp:
                    total_ASUExp:0.456905
                    time_top_o:0.0251292
                    time_check_in_c:0.0240469
                    time_add_parent:0.00334962
                    num_neighbors:766396
                    time_add_neighbors_to_o:0.388398
        Stage2:
            total_Stage2:0.00246436
            num_len_path:82
            time_expanding_s:4.1967e-05
            timing_AStarSearchUntil:
                total_astar_search_until:0.00239325
                num_values_f_less_fmax:155
                ASU Exp:
                    total_ASUExp:0.00239118
                    time_top_o:3.9987e-05
                    time_check_in_c:4.0837e-05
                    time_add_parent:4.4615e-05
                    num_neighbors:4629
                    time_add_neighbors_to_o:0.00208908
        Stage3:
            total_Stage3:4.0452
            num_until_goal_expanded:36794
            timing_S3Exp:
                total_S3Exp: 2.61873
                time_top_o: 0.0453772
                time_check_in_c: 0.00965204
                time_add_parent: 0.020534
                num_neighbors: 4164268
                time_add_neighbors_to_o: 2.48386
    timing_PIOW_overlapping:
        total_PIOW: 0.344967
        num_windows: 164
        time_check_overlap: 5.075e-06
        num_overlapping_windows: 3
        time_merge_windows: 6.309e-06
        time_remove_window: 6.12e-07
        time_remove_window: 6.064e-06
        timing_PlanIn:
            total_PlanIn:0.344943
            num_until_goal_expanded:6351
            timing_expansions:
                total_S3Exp: 0.344933
                time_top_o: 0.00386634
                time_check_in_c: 0.00122252
                time_add_parent: 0.00212877
                num_neighbors: 678973
                time_add_neighbors_to_o: 0.311641
    num_new_collisions: 4
    timing_PIOW_new_collisions:
        total_PIOW: 0.000576594
        num_windows: 12
        time_check_overlap: 4.42e-07
        num_overlapping_windows: 0
        time_merge_windows: 0
        time_remove_window: 0
        time_remove_window: 1.389e-06
        timing_PlanIn:
            total_PlanIn:0.00056615
            num_until_goal_expanded:69
            timing_expansions:
                total_S3Exp: 0.00055805
                time_top_o: 9.769e-06
                time_check_in_c: 1.1655e-05
                time_add_parent: 1.8099e-05
                num_neighbors: 856
                time_add_neighbors_to_o: 0.000413116
    num_windows_should_quit: 0
    time_should_quit: 3.399e-06
    time_remove_window: 0
Complete!
