Total time: 57.6252
is_optimal: false
optimality_bound: 1.00114
successive_bounds: [1.00304, 1.00266, 1.00266, 1.0019, 1.00114, 1.00114, 1.00114, 1.00114, 1.00114, 1.00114, 1.00114, 1.00114, 1.00114, 1.00114, 1.00114, 1.00114, 1.00114, 1.00114, 1.00114, 1.00114]
successive_runtimes: [0.00813596, 0.0094928, 0.0107555, 0.0119548, 0.0155149, 0.0170798, 0.0183069, 0.0206793, 0.0223785, 0.0238298, 0.0251311, 0.0349358, 0.0424651, 0.0461797, 21.274, 30.3893, 37.6126, 43.7827, 50.407, 57.6251]
num_agents: 40
time_individual_plan: 0.00583
time_first_plan: 0.00160315
num_max_agents_in_window_first_iteration: 2
num_recWAMPF: 20
timing_recWAMPF:
    total_RecWAMPF: 57.6186
    num_windows: 204
    num_max_agents_in_window: 4
    timing_gari:
        total_GARI: 36.3767
        time_path_btw_starts: 0.00500696
        Stage1:
            total_Stage1:12.7329
            time_add_x_to_o: 3.96457
            time_clear_x: 1.37922
            timing_AStarSearchUntil:
                total_astar_search_until:7.38915
                num_values_f_less_fmax:46769
                ASU Exp:
                    total_ASUExp:7.38914
                    time_top_o:0.103716
                    time_check_in_c:0.511664
                    time_add_parent:0.0218065
                    num_neighbors:9893660
                    time_add_neighbors_to_o:6.65621
        Stage2:
            total_Stage2:0.0222985
            num_len_path:194
            time_expanding_s:0.000974378
            timing_AStarSearchUntil:
                total_astar_search_until:0.0212333
                num_values_f_less_fmax:395
                ASU Exp:
                    total_ASUExp:0.0212281
                    time_top_o:0.00015038
                    time_check_in_c:0.000118506
                    time_add_parent:0.00102725
                    num_neighbors:14665
                    time_add_neighbors_to_o:0.015872
        Stage3:
            total_Stage3:23.6164
            num_until_goal_expanded:59896
            timing_S3Exp:
                total_S3Exp: 8.34902
                time_top_o: 0.074033
                time_check_in_c: 0.0231357
                time_add_parent: 0.0465119
                num_neighbors: 11809992
                time_add_neighbors_to_o: 7.71566
    timing_PIOW_overlapping:
        total_PIOW: 21.2334
        num_windows: 544
        time_check_overlap: 2.9733e-05
        num_overlapping_windows: 2
        time_merge_windows: 3.438e-06
        time_remove_window: 5.64e-07
        time_remove_window: 3.308e-06
        timing_PlanIn:
            total_PlanIn:21.2334
            num_until_goal_expanded:49606
            timing_expansions:
                total_S3Exp: 21.2334
                time_top_o: 0.106031
                time_check_in_c: 0.0209136
                time_add_parent: 0.0327015
                num_neighbors: 27127516
                time_add_neighbors_to_o: 20.1592
    num_new_collisions: 6
    timing_PIOW_new_collisions:
        total_PIOW: 0.00063757
        num_windows: 30
        time_check_overlap: 1.845e-06
        num_overlapping_windows: 0
        time_merge_windows: 0
        time_remove_window: 0
        time_remove_window: 3.496e-06
        timing_PlanIn:
            total_PlanIn:0.000623246
            num_until_goal_expanded:49
            timing_expansions:
                total_S3Exp: 0.000610087
                time_top_o: 1.0277e-05
                time_check_in_c: 1.1355e-05
                time_add_parent: 1.922e-05
                num_neighbors: 684
                time_add_neighbors_to_o: 0.000448462
    num_windows_should_quit: 0
    time_should_quit: 1.0014e-05
    time_remove_window: 0
Complete!
