Total time: 2.9741
is_optimal: true
optimality_bound: 1
successive_bounds: [1.00921, 1.00283, 1.00283, 1.00283, 1.00283, 1.00283, 1.00283, 1.00142, 1.00142, 1.00142, 1.00142, 1.00142, 1.00142, 1.00142, 1.00142, 1.00142, 1.00142, 1.00142, 1, 1]
successive_runtimes: [0.0106581, 0.146825, 0.201488, 0.29024, 0.393779, 0.522686, 0.665127, 0.83738, 0.949493, 1.02223, 1.10545, 1.20542, 1.33318, 1.50352, 1.69277, 1.92553, 2.21602, 2.52746, 2.9741]
num_agents: 20
time_individual_plan: 0.00238647
time_first_plan: 0.00775981
num_max_agents_in_window_first_iteration: 3
num_recWAMPF: 19
timing_recWAMPF:
    total_RecWAMPF: 2.97119
    num_windows: 39
    num_max_agents_in_window: 4
    timing_gari:
        total_GARI: 2.91639
        time_path_btw_starts: 0.000167258
        Stage1:
            total_Stage1:2.00454
            time_add_x_to_o: 0.480887
            time_clear_x: 0.254821
            timing_AStarSearchUntil:
                total_astar_search_until:1.26883
                num_values_f_less_fmax:49939
                ASU Exp:
                    total_ASUExp:1.26883
                    time_top_o:0.0426949
                    time_check_in_c:0.0171617
                    time_add_parent:0.0125754
                    num_neighbors:2653733
                    time_add_neighbors_to_o:1.14934
        Stage2:
            total_Stage2:0.0241825
            num_len_path:36
            time_expanding_s:3.6783e-05
            timing_AStarSearchUntil:
                total_astar_search_until:0.0241134
                num_values_f_less_fmax:254
                ASU Exp:
                    total_ASUExp:0.024112
                    time_top_o:0.000132156
                    time_check_in_c:4.88e-05
                    time_add_parent:0.000112829
                    num_neighbors:44982
                    time_add_neighbors_to_o:0.0234369
        Stage3:
            total_Stage3:0.887369
            num_until_goal_expanded:11948
            timing_S3Exp:
                total_S3Exp: 0.204344
                time_top_o: 0.0062068
                time_check_in_c: 0.00238191
                time_add_parent: 0.00665819
                num_neighbors: 389559
                time_add_neighbors_to_o: 0.173106
    timing_PIOW_overlapping:
        total_PIOW: 0.00887154
        num_windows: 22
        time_check_overlap: 2.51e-07
        num_overlapping_windows: 1
        time_merge_windows: 2.948e-06
        time_remove_window: 3.47e-07
        time_remove_window: 2.897e-06
        timing_PlanIn:
            total_PlanIn:0.00886531
            num_until_goal_expanded:179
            timing_expansions:
                total_S3Exp: 0.00886199
                time_top_o: 4.3492e-05
                time_check_in_c: 3.4268e-05
                time_add_parent: 5.1075e-05
                num_neighbors: 19111
                time_add_neighbors_to_o: 0.00798547
    num_new_collisions: 4
    timing_PIOW_new_collisions:
        total_PIOW: 0.0437673
        num_windows: 6
        time_check_overlap: 5.42e-07
        num_overlapping_windows: 2
        time_merge_windows: 0
        time_remove_window: 2.94588
        time_remove_window: 1.313e-06
        timing_PlanIn:
            total_PlanIn:0.0437571
            num_until_goal_expanded:642
            timing_expansions:
                total_S3Exp: 0.0437446
                time_top_o: 0.000175542
                time_check_in_c: 0.00013612
                time_add_parent: 0.000181186
                num_neighbors: 75794
                time_add_neighbors_to_o: 0.0402439
    num_windows_should_quit: 0
    time_should_quit: 2.476e-06
    time_remove_window: 0
Complete!
