Total time: 0.0456926
is_optimal: true
optimality_bound: 1
successive_bounds: [1.00391, 1.00391, 1.00391, 1.00391, 1.00391, 1.00391, 1.00391, 1.00196, 1.00196, 1.00196, 1.00196, 1.00196, 1.00196, 1.00196, 1.00196, 1.00196, 1.00196, 1.00196, 1, 1]
successive_runtimes: [0.00485179, 0.00597279, 0.0074838, 0.00963843, 0.0117246, 0.0138918, 0.0164008, 0.0188667, 0.0205583, 0.0222214, 0.0262525, 0.0287763, 0.0309319, 0.033369, 0.0354092, 0.0371729, 0.0389301, 0.0408922, 0.0456925]
num_agents: 20
time_individual_plan: 0.00360468
time_first_plan: 0.000583916
num_max_agents_in_window_first_iteration: 2
num_recWAMPF: 19
timing_recWAMPF:
    total_RecWAMPF: 0.0414204
    num_windows: 111
    num_max_agents_in_window: 2
    timing_gari:
        total_GARI: 0.0395416
        time_path_btw_starts: 0.000317212
        Stage1:
            total_Stage1:0.0230793
            time_add_x_to_o: 0.00812544
            time_clear_x: 0.00130488
            timing_AStarSearchUntil:
                total_astar_search_until:0.0136412
                num_values_f_less_fmax:3296
                ASU Exp:
                    total_ASUExp:0.0136375
                    time_top_o:0.00115186
                    time_check_in_c:0.0011115
                    time_add_parent:0.000469723
                    num_neighbors:19708
                    time_add_neighbors_to_o:0.0090431
        Stage2:
            total_Stage2:0.00472225
            num_len_path:120
            time_expanding_s:7.1494e-05
            timing_AStarSearchUntil:
                total_astar_search_until:0.00460834
                num_values_f_less_fmax:303
                ASU Exp:
                    total_ASUExp:0.00460545
                    time_top_o:0.00010366
                    time_check_in_c:9.7416e-05
                    time_add_parent:0.000138782
                    num_neighbors:7688
                    time_add_neighbors_to_o:0.00381605
        Stage3:
            total_Stage3:0.0113983
            num_until_goal_expanded:1146
            timing_S3Exp:
                total_S3Exp: 0.00618801
                time_top_o: 0.000332897
                time_check_in_c: 0.000196406
                time_add_parent: 0.000448541
                num_neighbors: 8289
                time_add_neighbors_to_o: 0.00367049
    timing_PIOW_overlapping:
        total_PIOW: 1.6636e-05
        num_windows: 162
        time_check_overlap: 8.291e-06
        num_overlapping_windows: 0
        time_merge_windows: 0
        time_remove_window: 0
        time_remove_window: 0
        timing_PlanIn:
            total_PlanIn:0
            num_until_goal_expanded:0
            timing_expansions:
                total_S3Exp: 0
                time_top_o: 0
                time_check_in_c: 0
                time_add_parent: 0
                num_neighbors: 0
                time_add_neighbors_to_o: 0
    num_new_collisions: 3
    timing_PIOW_new_collisions:
        total_PIOW: 0.000430507
        num_windows: 6
        time_check_overlap: 4.45e-07
        num_overlapping_windows: 0
        time_merge_windows: 0
        time_remove_window: 0
        time_remove_window: 9.72e-07
        timing_PlanIn:
            total_PlanIn:0.000424844
            num_until_goal_expanded:60
            timing_expansions:
                total_S3Exp: 0.000417699
                time_top_o: 8.898e-06
                time_check_in_c: 1.3076e-05
                time_add_parent: 1.9387e-05
                num_neighbors: 518
                time_add_neighbors_to_o: 0.000265631
    num_windows_should_quit: 0
    time_should_quit: 4.821e-06
    time_remove_window: 0
Complete!
