Total time: 0.180227
is_optimal: true
optimality_bound: 1
successive_bounds: [1.03709, 1.00193, 1.00193, 1.00193, 1.00096, 1.00096, 1.00096, 1, 1]
successive_runtimes: [0.0386949, 0.143635, 0.149558, 0.156714, 0.163947, 0.170006, 0.17598, 0.180227]
num_agents: 30
time_individual_plan: 0.0138344
time_first_plan: 0.0232985
num_max_agents_in_window_first_iteration: 2
num_recWAMPF: 8
timing_recWAMPF:
    total_RecWAMPF: 0.164826
    num_windows: 45
    num_max_agents_in_window: 2
    timing_gari:
        total_GARI: 0.128245
        time_path_btw_starts: 0.000221306
        Stage1:
            total_Stage1:0.11208
            time_add_x_to_o: 0.0151173
            time_clear_x: 0.00227504
            timing_AStarSearchUntil:
                total_astar_search_until:0.0107735
                num_values_f_less_fmax:8960
                ASU Exp:
                    total_ASUExp:0.0107713
                    time_top_o:0.00563825
                    time_check_in_c:0.00320348
                    time_add_parent:0.00308934
                    num_neighbors:66551
                    time_add_neighbors_to_o:0.0709144
        Stage2:
            total_Stage2:0.00170737
            num_len_path:43
            time_expanding_s:3.5165e-05
            timing_AStarSearchUntil:
                total_astar_search_until:0.00165057
                num_values_f_less_fmax:61
                ASU Exp:
                    total_ASUExp:0.00164911
                    time_top_o:2.5371e-05
                    time_check_in_c:2.6327e-05
                    time_add_parent:5.4593e-05
                    num_neighbors:1585
                    time_add_neighbors_to_o:0.00136889
        Stage3:
            total_Stage3:0.0142212
            num_until_goal_expanded:1451
            timing_S3Exp:
                total_S3Exp: 0.0115446
                time_top_o: 0.000650334
                time_check_in_c: 0.000404235
                time_add_parent: 0.000757445
                num_neighbors: 8072
                time_add_neighbors_to_o: 0.00646163
    timing_PIOW_overlapping:
        total_PIOW: 7.447e-06
        num_windows: 63
        time_check_overlap: 3.848e-06
        num_overlapping_windows: 0
        time_merge_windows: 0
        time_remove_window: 0
        time_remove_window: 0
        timing_PlanIn:
            total_PlanIn:0
            num_until_goal_expanded:0
            timing_expansions:
                total_S3Exp: 0
                time_top_o: 0
                time_check_in_c: 0
                time_add_parent: 0
                num_neighbors: 0
                time_add_neighbors_to_o: 0
    num_new_collisions: 3
    timing_PIOW_new_collisions:
        total_PIOW: 0.0219336
        num_windows: 6
        time_check_overlap: 8.92e-07
        num_overlapping_windows: 0
        time_merge_windows: 0
        time_remove_window: 0
        time_remove_window: 3.108e-06
        timing_PlanIn:
            total_PlanIn:0.0219194
            num_until_goal_expanded:535
            timing_expansions:
                total_S3Exp: 0.0219018
                time_top_o: 0.000221778
                time_check_in_c: 0.00035324
                time_add_parent: 0.000677866
                num_neighbors: 11416
                time_add_neighbors_to_o: 0.0176502
    num_windows_should_quit: 0
    time_should_quit: 2.6e-06
    time_remove_window: 0
Complete!
