Total time: 0.174652
is_optimal: true
optimality_bound: 1
successive_bounds: [1.00301, 1.002, 1.001, 1.001, 1.001, 1.001, 1.001, 1.001, 1.001, 1.001, 1.001, 1.001, 1.001, 1.001, 1.001, 1.001, 1.001, 1.001, 1.001, 1.001, 1.001, 1.001, 1.001, 1.001, 1.001, 1.001, 1, 1]
successive_runtimes: [0.0185055, 0.0223935, 0.0259796, 0.0293599, 0.0328616, 0.0367636, 0.0405384, 0.0444309, 0.0482033, 0.051987, 0.0591923, 0.0627465, 0.0656831, 0.0685847, 0.0714543, 0.0741661, 0.0768957, 0.0796907, 0.0823975, 0.095602, 0.113008, 0.131393, 0.141399, 0.154861, 0.162899, 0.167425, 0.174652]
num_agents: 30
time_individual_plan: 0.014074
time_first_plan: 0.00282295
num_max_agents_in_window_first_iteration: 2
num_recWAMPF: 27
timing_recWAMPF:
    total_RecWAMPF: 0.158958
    num_windows: 159
    num_max_agents_in_window: 2
    timing_gari:
        total_GARI: 0.142353
        time_path_btw_starts: 0.000925662
        Stage1:
            total_Stage1:0.0626234
            time_add_x_to_o: 0.0236429
            time_clear_x: 0.00390738
            timing_AStarSearchUntil:
                total_astar_search_until:0.0350514
                num_values_f_less_fmax:3308
                ASU Exp:
                    total_ASUExp:0.0350408
                    time_top_o:0.00233306
                    time_check_in_c:0.00163772
                    time_add_parent:0.00158674
                    num_neighbors:25022
                    time_add_neighbors_to_o:0.0256115
        Stage2:
            total_Stage2:0.0214295
            num_len_path:149
            time_expanding_s:0.000192639
            timing_AStarSearchUntil:
                total_astar_search_until:0.0211271
                num_values_f_less_fmax:526
                ASU Exp:
                    total_ASUExp:0.0211186
                    time_top_o:0.000347981
                    time_check_in_c:0.000335385
                    time_add_parent:0.000665954
                    num_neighbors:14210
                    time_add_neighbors_to_o:0.0178178
        Stage3:
            total_Stage3:0.0572548
            num_until_goal_expanded:1724
            timing_S3Exp:
                total_S3Exp: 0.0322359
                time_top_o: 0.00110346
                time_check_in_c: 0.000765242
                time_add_parent: 0.00146049
                num_neighbors: 21576
                time_add_neighbors_to_o: 0.0218021
    timing_PIOW_overlapping:
        total_PIOW: 4.0763e-05
        num_windows: 234
        time_check_overlap: 2.4528e-05
        num_overlapping_windows: 0
        time_merge_windows: 0
        time_remove_window: 0
        time_remove_window: 0
        timing_PlanIn:
            total_PlanIn:0
            num_until_goal_expanded:0
            timing_expansions:
                total_S3Exp: 0
                time_top_o: 0
                time_check_in_c: 0
                time_add_parent: 0
                num_neighbors: 0
                time_add_neighbors_to_o: 0
    num_new_collisions: 3
    timing_PIOW_new_collisions:
        total_PIOW: 0.00164093
        num_windows: 6
        time_check_overlap: 1.12e-06
        num_overlapping_windows: 0
        time_merge_windows: 0
        time_remove_window: 0
        time_remove_window: 3.509e-06
        timing_PlanIn:
            total_PlanIn:0.00162643
            num_until_goal_expanded:60
            timing_expansions:
                total_S3Exp: 0.00160722
                time_top_o: 2.6348e-05
                time_check_in_c: 4.5459e-05
                time_add_parent: 8.6723e-05
                num_neighbors: 582
                time_add_neighbors_to_o: 0.00107368
    num_windows_should_quit: 0
    time_should_quit: 1.3317e-05
    time_remove_window: 0
Complete!
