Total time: 0.0657366
is_optimal: true
optimality_bound: 1
successive_bounds: [1.0029, 1.0029, 1.00248, 1.00248, 1.00248, 1.00248, 1.00248, 1.00248, 1.00248, 1.00248, 1.00248, 1.00248, 1.00248, 1.00165, 1.00165, 1.00165, 1.00165, 1.00165, 1.00165, 1.00083, 1.00083, 1, 1]
successive_runtimes: [0.00595876, 0.00693442, 0.00792378, 0.00881639, 0.00970998, 0.0107073, 0.0116188, 0.0131192, 0.0141588, 0.0151613, 0.0161434, 0.0171628, 0.0182484, 0.0431296, 0.0474768, 0.0498821, 0.0522455, 0.0547531, 0.0571045, 0.0599507, 0.0624419, 0.0657366]
num_agents: 30
time_individual_plan: 0.00420419
time_first_plan: 0.00119878
num_max_agents_in_window_first_iteration: 2
num_recWAMPF: 22
timing_recWAMPF:
    total_RecWAMPF: 0.060973
    num_windows: 172
    num_max_agents_in_window: 2
    timing_gari:
        total_GARI: 0.0541747
        time_path_btw_starts: 0.000635835
        Stage1:
            total_Stage1:0.00921639
            time_add_x_to_o: 0.00518206
            time_clear_x: 0.000618628
            timing_AStarSearchUntil:
                total_astar_search_until:0.00340661
                num_values_f_less_fmax:1097
                ASU Exp:
                    total_ASUExp:0.00340265
                    time_top_o:0.000253938
                    time_check_in_c:0.000178722
                    time_add_parent:0.00012542
                    num_neighbors:6218
                    time_add_neighbors_to_o:0.00239684
        Stage2:
            total_Stage2:0.0262473
            num_len_path:179
            time_expanding_s:0.000103104
            timing_AStarSearchUntil:
                total_astar_search_until:0.0261008
                num_values_f_less_fmax:2189
                ASU Exp:
                    total_ASUExp:0.0260973
                    time_top_o:0.000683811
                    time_check_in_c:0.000453536
                    time_add_parent:0.000587935
                    num_neighbors:54751
                    time_add_neighbors_to_o:0.022202
        Stage3:
            total_Stage3:0.0180516
            num_until_goal_expanded:864
            timing_S3Exp:
                total_S3Exp: 0.00456514
                time_top_o: 0.00017475
                time_check_in_c: 0.00011136
                time_add_parent: 0.000243744
                num_neighbors: 7636
                time_add_neighbors_to_o: 0.00292419
    timing_PIOW_overlapping:
        total_PIOW: 2.036e-05
        num_windows: 336
        time_check_overlap: 1.1758e-05
        num_overlapping_windows: 0
        time_merge_windows: 0
        time_remove_window: 0
        time_remove_window: 0
        timing_PlanIn:
            total_PlanIn:0
            num_until_goal_expanded:0
            timing_expansions:
                total_S3Exp: 0
                time_top_o: 0
                time_check_in_c: 0
                time_add_parent: 0
                num_neighbors: 0
                time_add_neighbors_to_o: 0
    num_new_collisions: 4
    timing_PIOW_new_collisions:
        total_PIOW: 0.000452339
        num_windows: 12
        time_check_overlap: 4.99e-07
        num_overlapping_windows: 0
        time_merge_windows: 0
        time_remove_window: 0
        time_remove_window: 1.093e-06
        timing_PlanIn:
            total_PlanIn:0.000447071
            num_until_goal_expanded:55
            timing_expansions:
                total_S3Exp: 0.000439201
                time_top_o: 7.305e-06
                time_check_in_c: 9.584e-06
                time_add_parent: 1.5101e-05
                num_neighbors: 633
                time_add_neighbors_to_o: 0.000316567
    num_windows_should_quit: 0
    time_should_quit: 5.612e-06
    time_remove_window: 0
Complete!
