Total time: 0.48373
is_optimal: true
optimality_bound: 1
successive_bounds: [1.00291, 1.00116, 1.00116, 1.00116, 1.00116, 1.00116, 1.00116, 1.00116, 1, 1]
successive_runtimes: [0.0361223, 0.0416206, 0.045686, 0.0489022, 0.0520464, 0.0551895, 0.0582881, 0.0614302, 0.48373]
num_agents: 30
time_individual_plan: 0.0060348
time_first_plan: 0.0295554
num_max_agents_in_window_first_iteration: 2
num_recWAMPF: 9
timing_recWAMPF:
    total_RecWAMPF: 0.477161
    num_windows: 67
    num_max_agents_in_window: 4
    timing_gari:
        total_GARI: 0.0260078
        time_path_btw_starts: 0.000151511
        Stage1:
            total_Stage1:0.00496201
            time_add_x_to_o: 0.00341
            time_clear_x: 0.000372052
            timing_AStarSearchUntil:
                total_astar_search_until:0.0011758
                num_values_f_less_fmax:288
                ASU Exp:
                    total_ASUExp:0.00117404
                    time_top_o:8.9157e-05
                    time_check_in_c:6.4757e-05
                    time_add_parent:3.9667e-05
                    num_neighbors:2418
                    time_add_neighbors_to_o:0.000828354
        Stage2:
            total_Stage2:0.00168958
            num_len_path:65
            time_expanding_s:5.4869e-05
            timing_AStarSearchUntil:
                total_astar_search_until:0.0016129
                num_values_f_less_fmax:106
                ASU Exp:
                    total_ASUExp:0.0016114
                    time_top_o:2.9559e-05
                    time_check_in_c:2.051e-05
                    time_add_parent:4.4508e-05
                    num_neighbors:3744
                    time_add_neighbors_to_o:0.00137857
        Stage3:
            total_Stage3:0.0191924
            num_until_goal_expanded:164
            timing_S3Exp:
                total_S3Exp: 0.00191387
                time_top_o: 3.3335e-05
                time_check_in_c: 2.1954e-05
                time_add_parent: 4.6135e-05
                num_neighbors: 2735
                time_add_neighbors_to_o: 0.00133927
    timing_PIOW_overlapping:
        total_PIOW: 9.416e-06
        num_windows: 128
        time_check_overlap: 6.078e-06
        num_overlapping_windows: 0
        time_merge_windows: 0
        time_remove_window: 0
        time_remove_window: 0
        timing_PlanIn:
            total_PlanIn:0
            num_until_goal_expanded:0
            timing_expansions:
                total_S3Exp: 0
                time_top_o: 0
                time_check_in_c: 0
                time_add_parent: 0
                num_neighbors: 0
                time_add_neighbors_to_o: 0
    num_new_collisions: 6
    timing_PIOW_new_collisions:
        total_PIOW: 0.44887
        num_windows: 27
        time_check_overlap: 1.833e-06
        num_overlapping_windows: 3
        time_merge_windows: 0
        time_remove_window: 0.170618
        time_remove_window: 1.853e-06
        timing_PlanIn:
            total_PlanIn:0.448854
            num_until_goal_expanded:7705
            timing_expansions:
                total_S3Exp: 0.448833
                time_top_o: 0.00327952
                time_check_in_c: 0.00166354
                time_add_parent: 0.00301263
                num_neighbors: 648280
                time_add_neighbors_to_o: 0.411404
    num_windows_should_quit: 0
    time_should_quit: 3.05e-06
    time_remove_window: 0
Complete!
