Total time: 16.3011
is_optimal: false
optimality_bound: 1.0208
successive_bounds: [1.02436, 1.02354, 1.02326, 1.02271, 1.02189, 1.02189, 1.02189, 1.02189, 1.02189, 1.02162, 1.02107, 1.02107, 1.02107, 1.02107, 1.02107, 1.02107, 1.0208, 1.0208, 1.0208]
successive_runtimes: [0.746835, 1.60016, 1.65975, 1.7449, 2.3046, 2.38434, 2.41878, 2.46168, 4.31142, 13.0884, 15.4268, 15.6209, 15.7586, 15.8729, 15.96, 16.046, 16.1312, 16.216, 16.3011]
num_agents: 60
time_individual_plan: 0.031621
time_first_plan: 0.713873
num_max_agents_in_window_first_iteration: 3
num_recWAMPF: 19
timing_recWAMPF:
    total_RecWAMPF: 16.2681
    num_windows: 183
    num_max_agents_in_window: 3
    timing_gari:
        total_GARI: 14.7641
        time_path_btw_starts: 0.000687038
        Stage1:
            total_Stage1:1.8392
            time_add_x_to_o: 0.019394
            time_clear_x: 0.00512467
            timing_AStarSearchUntil:
                total_astar_search_until:1.68762
                num_values_f_less_fmax:2705
                ASU Exp:
                    total_ASUExp:1.68761
                    time_top_o:0.00277962
                    time_check_in_c:0.00121857
                    time_add_parent:1.488e-06
                    num_neighbors:0
                    time_add_neighbors_to_o:5.8e-08
        Stage2:
            total_Stage2:12.0437
            num_len_path:134
            time_expanding_s:0.000768474
            timing_AStarSearchUntil:
                total_astar_search_until:11.9883
                num_values_f_less_fmax:14013
                ASU Exp:
                    total_ASUExp:11.9883
                    time_top_o:0.0235205
                    time_check_in_c:0.00440454
                    time_add_parent:0.0122709
                    num_neighbors:1078823
                    time_add_neighbors_to_o:0.555395
        Stage3:
            total_Stage3:0.857937
            num_until_goal_expanded:12483
            timing_S3Exp:
                total_S3Exp: 0.331086
                time_top_o: 0.00965616
                time_check_in_c: 0.00473691
                time_add_parent: 0.00813527
                num_neighbors: 620405
                time_add_neighbors_to_o: 0.276043
    timing_PIOW_overlapping:
        total_PIOW: 0.769107
        num_windows: 563
        time_check_overlap: 3.1781e-05
        num_overlapping_windows: 7
        time_merge_windows: 6.716e-06
        time_remove_window: 1.11e-06
        time_remove_window: 6.346e-06
        timing_PlanIn:
            total_PlanIn:0.766796
            num_until_goal_expanded:50985
            timing_expansions:
                total_S3Exp: 0.766777
                time_top_o: 0.0393129
                time_check_in_c: 0.0168177
                time_add_parent: 0.0424757
                num_neighbors: 1057763
                time_add_neighbors_to_o: 0.47946
    num_new_collisions: 17
    timing_PIOW_new_collisions:
        total_PIOW: 0.702349
        num_windows: 154
        time_check_overlap: 1.1507e-05
        num_overlapping_windows: 3
        time_merge_windows: 5.451e-06
        time_remove_window: 5.07e-07
        time_remove_window: 4.457e-06
        timing_PlanIn:
            total_PlanIn:0.699958
            num_until_goal_expanded:39426
            timing_expansions:
                total_S3Exp: 0.699841
                time_top_o: 0.0341212
                time_check_in_c: 0.0156401
                time_add_parent: 0.0366596
                num_neighbors: 827388
                time_add_neighbors_to_o: 0.434159
    num_windows_should_quit: 5
    time_should_quit: 7.154e-06
    time_remove_window: 9.51e-07
Complete!
