Total time: 3.21827
is_optimal: false
optimality_bound: 1.00215
successive_bounds: [1.02396, 1.00461, 1.00399, 1.00338, 1.00338, 1.00338, 1.00338, 1.00338, 1.00276, 1.00276, 1.00276, 1.00276, 1.00215, 1.00215, 1.00215, 1.00215, 1.00215, 1.00215, 1.00215, 1.00215, 1.00215, 1.00215, 1.00215, 1.00215, 1.00215, 1.00215, 1.00215]
successive_runtimes: [0.0249963, 0.0705042, 0.102099, 0.111162, 0.113615, 0.115197, 0.116568, 0.117905, 0.120479, 0.122035, 0.123318, 0.12451, 0.226346, 0.357806, 0.428392, 0.493439, 0.549842, 0.602347, 0.671014, 0.748884, 1.13157, 1.64614, 2.15192, 2.55526, 2.84389, 3.06014, 3.21827]
num_agents: 50
time_individual_plan: 0.0131161
time_first_plan: 0.0111668
num_max_agents_in_window_first_iteration: 2
num_recWAMPF: 27
timing_recWAMPF:
    total_RecWAMPF: 3.20443
    num_windows: 162
    num_max_agents_in_window: 5
    timing_gari:
        total_GARI: 3.07041
        time_path_btw_starts: 0.00570928
        Stage1:
            total_Stage1:0.213412
            time_add_x_to_o: 0.141684
            time_clear_x: 0.0332358
            timing_AStarSearchUntil:
                total_astar_search_until:0.0384773
                num_values_f_less_fmax:6133
                ASU Exp:
                    total_ASUExp:0.0384711
                    time_top_o:0.00260663
                    time_check_in_c:0.00177637
                    time_add_parent:0.000910047
                    num_neighbors:56655
                    time_add_neighbors_to_o:0.0289776
        Stage2:
            total_Stage2:0.0313563
            num_len_path:110
            time_expanding_s:0.00248549
            timing_AStarSearchUntil:
                total_astar_search_until:0.0287645
                num_values_f_less_fmax:183
                ASU Exp:
                    total_ASUExp:0.028747
                    time_top_o:0.000104359
                    time_check_in_c:5.8776e-05
                    time_add_parent:0.000129987
                    num_neighbors:39531
                    time_add_neighbors_to_o:0.0248898
        Stage3:
            total_Stage3:2.81988
            num_until_goal_expanded:6478
            timing_S3Exp:
                total_S3Exp: 1.77082
                time_top_o: 0.00602019
                time_check_in_c: 0.00132844
                time_add_parent: 0.00351004
                num_neighbors: 1824884
                time_add_neighbors_to_o: 1.62961
    timing_PIOW_overlapping:
        total_PIOW: 0.00813241
        num_windows: 546
        time_check_overlap: 2.5933e-05
        num_overlapping_windows: 11
        time_merge_windows: 1.2618e-05
        time_remove_window: 2.897e-06
        time_remove_window: 1.1861e-05
        timing_PlanIn:
            total_PlanIn:0.00805503
            num_until_goal_expanded:509
            timing_expansions:
                total_S3Exp: 0.00801147
                time_top_o: 0.000126936
                time_check_in_c: 0.000112718
                time_add_parent: 0.000168572
                num_neighbors: 9838
                time_add_neighbors_to_o: 0.0064567
    num_new_collisions: 15
    timing_PIOW_new_collisions:
        total_PIOW: 0.108654
        num_windows: 164
        time_check_overlap: 7.103e-06
        num_overlapping_windows: 2
        time_merge_windows: 0
        time_remove_window: 0.265598
        time_remove_window: 5.883e-06
        timing_PlanIn:
            total_PlanIn:0.108609
            num_until_goal_expanded:1080
            timing_expansions:
                total_S3Exp: 0.108577
                time_top_o: 0.000334279
                time_check_in_c: 0.000262146
                time_add_parent: 0.00039831
                num_neighbors: 127162
                time_add_neighbors_to_o: 0.101505
    num_windows_should_quit: 0
    time_should_quit: 1.3169e-05
    time_remove_window: 0
Complete!
