Total time: 0.13297
is_optimal: true
optimality_bound: 1
successive_bounds: [1.00184, 1.00147, 1.00147, 1.00147, 1.00147, 1.00147, 1.00147, 1.00147, 1.00147, 1.00147, 1.00147, 1.00147, 1.00147, 1.00147, 1.00147, 1.00147, 1.00074, 1.00074, 1, 1]
successive_runtimes: [0.00988348, 0.011915, 0.0140507, 0.0167219, 0.0215473, 0.0257409, 0.0301298, 0.035325, 0.0418327, 0.0492102, 0.0566577, 0.064533, 0.0728644, 0.0816981, 0.0921227, 0.102777, 0.113115, 0.119025, 0.13297]
num_agents: 40
time_individual_plan: 0.00691258
time_first_plan: 0.00219908
num_max_agents_in_window_first_iteration: 2
num_recWAMPF: 19
timing_recWAMPF:
    total_RecWAMPF: 0.125279
    num_windows: 222
    num_max_agents_in_window: 3
    timing_gari:
        total_GARI: 0.108454
        time_path_btw_starts: 0.000666294
        Stage1:
            total_Stage1:0.054227
            time_add_x_to_o: 0.0217907
            time_clear_x: 0.00346247
            timing_AStarSearchUntil:
                total_astar_search_until:0.0289576
                num_values_f_less_fmax:10815
                ASU Exp:
                    total_ASUExp:0.0289509
                    time_top_o:0.00387388
                    time_check_in_c:0.00210722
                    time_add_parent:0.0014808
                    num_neighbors:38437
                    time_add_neighbors_to_o:0.0169737
        Stage2:
            total_Stage2:0.0111204
            num_len_path:235
            time_expanding_s:0.000153621
            timing_AStarSearchUntil:
                total_astar_search_until:0.0108794
                num_values_f_less_fmax:644
                ASU Exp:
                    total_ASUExp:0.0108734
                    time_top_o:0.00022988
                    time_check_in_c:0.000161239
                    time_add_parent:0.000336714
                    num_neighbors:19180
                    time_add_neighbors_to_o:0.00924556
        Stage3:
            total_Stage3:0.0423924
            num_until_goal_expanded:4014
            timing_S3Exp:
                total_S3Exp: 0.0245108
                time_top_o: 0.00133126
                time_check_in_c: 0.000770556
                time_add_parent: 0.00148336
                num_neighbors: 28993
                time_add_neighbors_to_o: 0.0152408
    timing_PIOW_overlapping:
        total_PIOW: 6.0511e-05
        num_windows: 648
        time_check_overlap: 3.5148e-05
        num_overlapping_windows: 0
        time_merge_windows: 0
        time_remove_window: 0
        time_remove_window: 0
        timing_PlanIn:
            total_PlanIn:0
            num_until_goal_expanded:0
            timing_expansions:
                total_S3Exp: 0
                time_top_o: 0
                time_check_in_c: 0
                time_add_parent: 0
                num_neighbors: 0
                time_add_neighbors_to_o: 0
    num_new_collisions: 8
    timing_PIOW_new_collisions:
        total_PIOW: 0.00845453
        num_windows: 57
        time_check_overlap: 3.171e-06
        num_overlapping_windows: 2
        time_merge_windows: 0
        time_remove_window: 0.147853
        time_remove_window: 2.493e-06
        timing_PlanIn:
            total_PlanIn:0.00843544
            num_until_goal_expanded:304
            timing_expansions:
                total_S3Exp: 0.00841749
                time_top_o: 7.7069e-05
                time_check_in_c: 6.6714e-05
                time_add_parent: 0.000102712
                num_neighbors: 11554
                time_add_neighbors_to_o: 0.00727173
    num_windows_should_quit: 0
    time_should_quit: 1.5378e-05
    time_remove_window: 0
Complete!
