Total time: 0.377876
is_optimal: false
optimality_bound: 1.00193
successive_bounds: [1.00451, 1.00451, 1.00451, 1.00386, 1.00322, 1.00322, 1.00258, 1.00258, 1.00258, 1.00258, 1.00258, 1.00258, 1.00193]
successive_runtimes: [0.00901059, 0.0112126, 0.0133824, 0.016432, 0.0213201, 0.0337059, 0.0572896, 0.0711473, 0.0919234, 0.111043, 0.122158, 0.133484, 0.377876]
num_agents: 50
time_individual_plan: 0.00507597
time_first_plan: 0.00341873
num_max_agents_in_window_first_iteration: 2
num_recWAMPF: 13
timing_recWAMPF:
    total_RecWAMPF: 0.372281
    num_windows: 196
    num_max_agents_in_window: 4
    timing_gari:
        total_GARI: 0.108386
        time_path_btw_starts: 0.00133245
        Stage1:
            total_Stage1:0.0625119
            time_add_x_to_o: 0.0308934
            time_clear_x: 0.00384974
            timing_AStarSearchUntil:
                total_astar_search_until:0.0277573
                num_values_f_less_fmax:4398
                ASU Exp:
                    total_ASUExp:0.0277524
                    time_top_o:0.00135071
                    time_check_in_c:0.000969483
                    time_add_parent:0.000703713
                    num_neighbors:57377
                    time_add_neighbors_to_o:0.0222041
        Stage2:
            total_Stage2:0.0148008
            num_len_path:206
            time_expanding_s:0.000374573
            timing_AStarSearchUntil:
                total_astar_search_until:0.0143605
                num_values_f_less_fmax:786
                ASU Exp:
                    total_ASUExp:0.0143565
                    time_top_o:0.000214225
                    time_check_in_c:0.000174112
                    time_add_parent:0.000270227
                    num_neighbors:31455
                    time_add_neighbors_to_o:0.0128374
        Stage3:
            total_Stage3:0.0297032
            num_until_goal_expanded:1801
            timing_S3Exp:
                total_S3Exp: 0.0153236
                time_top_o: 0.000445343
                time_check_in_c: 0.000296262
                time_add_parent: 0.000494888
                num_neighbors: 29390
                time_add_neighbors_to_o: 0.0120319
    timing_PIOW_overlapping:
        total_PIOW: 0.240185
        num_windows: 785
        time_check_overlap: 2.9135e-05
        num_overlapping_windows: 4
        time_merge_windows: 8.637e-06
        time_remove_window: 1.286e-06
        time_remove_window: 8.429e-06
        timing_PlanIn:
            total_PlanIn:0.240118
            num_until_goal_expanded:3166
            timing_expansions:
                total_S3Exp: 0.240106
                time_top_o: 0.0012918
                time_check_in_c: 0.000552335
                time_add_parent: 0.000998433
                num_neighbors: 442999
                time_add_neighbors_to_o: 0.221604
    num_new_collisions: 10
    timing_PIOW_new_collisions:
        total_PIOW: 0.0127059
        num_windows: 93
        time_check_overlap: 3.319e-06
        num_overlapping_windows: 1
        time_merge_windows: 0
        time_remove_window: 0.0801774
        time_remove_window: 6.786e-06
        timing_PlanIn:
            total_PlanIn:0.0126834
            num_until_goal_expanded:194
            timing_expansions:
                total_S3Exp: 0.0126644
                time_top_o: 3.1754e-05
                time_check_in_c: 4.1448e-05
                time_add_parent: 5.2158e-05
                num_neighbors: 23648
                time_add_neighbors_to_o: 0.0116639
    num_windows_should_quit: 0
    time_should_quit: 1.1112e-05
    time_remove_window: 0
Complete!
