Total time: 7.26997
is_optimal: false
optimality_bound: 1.00451
successive_bounds: [1.00734, 1.00677, 1.00621, 1.00564, 1.00564, 1.00564, 1.00451, 1.00451, 1.00451]
successive_runtimes: [0.0153832, 0.0449008, 0.0949346, 0.171519, 0.27749, 0.4446, 0.990558, 2.27877, 7.26997]
num_agents: 50
time_individual_plan: 0.00630306
time_first_plan: 0.00855149
num_max_agents_in_window_first_iteration: 3
num_recWAMPF: 9
timing_recWAMPF:
    total_RecWAMPF: 7.26314
    num_windows: 164
    num_max_agents_in_window: 4
    timing_gari:
        total_GARI: 7.04203
        time_path_btw_starts: 0.000492279
        Stage1:
            total_Stage1:6.21649
            time_add_x_to_o: 0.440235
            time_clear_x: 0.233616
            timing_AStarSearchUntil:
                total_astar_search_until:5.54262
                num_values_f_less_fmax:51403
                ASU Exp:
                    total_ASUExp:5.54262
                    time_top_o:0.0546677
                    time_check_in_c:0.0274145
                    time_add_parent:0.0156163
                    num_neighbors:11198356
                    time_add_neighbors_to_o:5.38442
        Stage2:
            total_Stage2:0.0381924
            num_len_path:151
            time_expanding_s:8.1869e-05
            timing_AStarSearchUntil:
                total_astar_search_until:0.0380455
                num_values_f_less_fmax:537
                ASU Exp:
                    total_ASUExp:0.0380418
                    time_top_o:0.000196762
                    time_check_in_c:0.000111004
                    time_add_parent:0.000179205
                    num_neighbors:83736
                    time_add_neighbors_to_o:0.0368593
        Stage3:
            total_Stage3:0.786826
            num_until_goal_expanded:22421
            timing_S3Exp:
                total_S3Exp: 0.64157
                time_top_o: 0.0110218
                time_check_in_c: 0.00464081
                time_add_parent: 0.0102017
                num_neighbors: 1098401
                time_add_neighbors_to_o: 0.589738
    timing_PIOW_overlapping:
        total_PIOW: 0.207609
        num_windows: 825
        time_check_overlap: 2.5198e-05
        num_overlapping_windows: 4
        time_merge_windows: 7.855e-06
        time_remove_window: 9.85e-07
        time_remove_window: 7.556e-06
        timing_PlanIn:
            total_PlanIn:0.207548
            num_until_goal_expanded:1288
            timing_expansions:
                total_S3Exp: 0.207535
                time_top_o: 0.000510287
                time_check_in_c: 0.000308011
                time_add_parent: 0.000409959
                num_neighbors: 407350
                time_add_neighbors_to_o: 0.193845
    num_new_collisions: 12
    timing_PIOW_new_collisions:
        total_PIOW: 0.00428658
        num_windows: 126
        time_check_overlap: 3.471e-06
        num_overlapping_windows: 1
        time_merge_windows: 0
        time_remove_window: 0.00870197
        time_remove_window: 4.126e-06
        timing_PlanIn:
            total_PlanIn:0.00425985
            num_until_goal_expanded:360
            timing_expansions:
                total_S3Exp: 0.00422575
                time_top_o: 4.5469e-05
                time_check_in_c: 6.5575e-05
                time_add_parent: 9.127e-05
                num_neighbors: 7353
                time_add_neighbors_to_o: 0.00339401
    num_windows_should_quit: 0
    time_should_quit: 1.0942e-05
    time_remove_window: 0
Complete!
