Total time: 0.0608467
is_optimal: false
optimality_bound: 1.00179
successive_bounds: [1.00357, 1.00268, 1.00268, 1.00268, 1.00268, 1.00179, 1.00179, 1.00179, 1.00179, 1.00179, 1.00179, 1.00179, 1.00179, 1.00179, 1.00179, 1.00179, 1.00179, 1.00179, 1.00179, 1.00179, 1.00179, 1.00179, 1.00179, 1.00179]
successive_runtimes: [0.00430233, 0.00490798, 0.00570625, 0.00638962, 0.00760095, 0.00983065, 0.0107315, 0.0130292, 0.0226557, 0.0252949, 0.0266826, 0.0281019, 0.0295416, 0.0314483, 0.033058, 0.0366, 0.0389418, 0.040836, 0.0445788, 0.0491393, 0.0522104, 0.0553891, 0.0583695, 0.0608467]
num_agents: 20
time_individual_plan: 0.00337225
time_first_plan: 0.000406012
num_max_agents_in_window_first_iteration: 2
num_recWAMPF: 24
timing_recWAMPF:
    total_RecWAMPF: 0.0569463
    num_windows: 154
    num_max_agents_in_window: 3
    timing_gari:
        total_GARI: 0.0459265
        time_path_btw_starts: 0.000370315
        Stage1:
            total_Stage1:0.00804263
            time_add_x_to_o: 0.0046651
            time_clear_x: 0.00048447
            timing_AStarSearchUntil:
                total_astar_search_until:0.00288506
                num_values_f_less_fmax:290
                ASU Exp:
                    total_ASUExp:0.00288147
                    time_top_o:7.4786e-05
                    time_check_in_c:7.2605e-05
                    time_add_parent:6.9122e-05
                    num_neighbors:5534
                    time_add_neighbors_to_o:0.00238169
        Stage2:
            total_Stage2:0.00588165
            num_len_path:138
            time_expanding_s:0.000120742
            timing_AStarSearchUntil:
                total_astar_search_until:0.00571785
                num_values_f_less_fmax:365
                ASU Exp:
                    total_ASUExp:0.00571483
                    time_top_o:9.7998e-05
                    time_check_in_c:8.1068e-05
                    time_add_parent:0.000109781
                    num_neighbors:12707
                    time_add_neighbors_to_o:0.00498744
        Stage3:
            total_Stage3:0.0307745
            num_until_goal_expanded:1165
            timing_S3Exp:
                total_S3Exp: 0.0134457
                time_top_o: 0.000314698
                time_check_in_c: 0.00019546
                time_add_parent: 0.000302816
                num_neighbors: 22750
                time_add_neighbors_to_o: 0.0109911
    timing_PIOW_overlapping:
        total_PIOW: 0.00862422
        num_windows: 255
        time_check_overlap: 9.393e-06
        num_overlapping_windows: 1
        time_merge_windows: 1.017e-06
        time_remove_window: 1.49e-07
        time_remove_window: 9.66e-07
        timing_PlanIn:
            total_PlanIn:0.00860548
            num_until_goal_expanded:553
            timing_expansions:
                total_S3Exp: 0.00860354
                time_top_o: 0.000126603
                time_check_in_c: 8.8368e-05
                time_add_parent: 0.0001497
                num_neighbors: 13755
                time_add_neighbors_to_o: 0.00699084
    num_new_collisions: 4
    timing_PIOW_new_collisions:
        total_PIOW: 0.000295279
        num_windows: 12
        time_check_overlap: 5.05e-07
        num_overlapping_windows: 0
        time_merge_windows: 0
        time_remove_window: 0
        time_remove_window: 1.194e-06
        timing_PlanIn:
            total_PlanIn:0.000289543
            num_until_goal_expanded:36
            timing_expansions:
                total_S3Exp: 0.000281163
                time_top_o: 5.014e-06
                time_check_in_c: 6.309e-06
                time_add_parent: 1.0618e-05
                num_neighbors: 423
                time_add_neighbors_to_o: 0.000198688
    num_windows_should_quit: 0
    time_should_quit: 6.235e-06
    time_remove_window: 0
Complete!
