Total time: 1.19744
is_optimal: true
optimality_bound: 1
successive_bounds: [1.00452, 1.00452, 1.00452, 1.00452, 1.00452, 1.00452, 1.00452, 1.00452, 1.00452, 1.00452, 1.00452, 1.00452, 1.00452, 1.00452, 1.00452, 1.00452, 1.00452, 1.00452, 1.00302, 1.00302, 1.00302, 1.00302, 1.00151, 1.00151, 1.00151, 1.00151, 1.00151, 1.00151, 1.00151, 1.00151, 1.00151, 1.00151, 1.00151, 1.00151, 1.00151, 1, 1]
successive_runtimes: [0.00344325, 0.00428503, 0.00519739, 0.00622386, 0.00728349, 0.00846271, 0.0113912, 0.0158903, 0.0212502, 0.0270768, 0.0329308, 0.0392138, 0.0462416, 0.0535129, 0.0607352, 0.0685423, 0.0768966, 0.114683, 0.440019, 0.652976, 0.686818, 0.719391, 0.752645, 0.785185, 0.817694, 0.850312, 0.882858, 0.915417, 0.948194, 0.981602, 1.01416, 1.04675, 1.07944, 1.11213, 1.14477, 1.19744]
num_agents: 20
time_individual_plan: 0.00227609
time_first_plan: 0.000648851
num_max_agents_in_window_first_iteration: 2
num_recWAMPF: 36
timing_recWAMPF:
    total_RecWAMPF: 1.19464
    num_windows: 213
    num_max_agents_in_window: 3
    timing_gari:
        total_GARI: 1.16249
        time_path_btw_starts: 0.000723294
        Stage1:
            total_Stage1:0.508221
            time_add_x_to_o: 0.142784
            time_clear_x: 0.0331109
            timing_AStarSearchUntil:
                total_astar_search_until:0.332312
                num_values_f_less_fmax:16544
                ASU Exp:
                    total_ASUExp:0.332306
                    time_top_o:0.00818585
                    time_check_in_c:0.00389559
                    time_add_parent:0.00432466
                    num_neighbors:676865
                    time_add_neighbors_to_o:0.302568
        Stage2:
            total_Stage2:0.0426583
            num_len_path:190
            time_expanding_s:0.000670443
            timing_AStarSearchUntil:
                total_astar_search_until:0.0418658
                num_values_f_less_fmax:2164
                ASU Exp:
                    total_ASUExp:0.0418614
                    time_top_o:0.000884007
                    time_check_in_c:0.000546547
                    time_add_parent:0.00165826
                    num_neighbors:60219
                    time_add_neighbors_to_o:0.0323552
        Stage3:
            total_Stage3:0.61083
            num_until_goal_expanded:2447
            timing_S3Exp:
                total_S3Exp: 0.0515326
                time_top_o: 0.000679389
                time_check_in_c: 0.000399803
                time_add_parent: 0.000805928
                num_neighbors: 18119
                time_add_neighbors_to_o: 0.00912643
    timing_PIOW_overlapping:
        total_PIOW: 2.7356e-05
        num_windows: 315
        time_check_overlap: 1.6721e-05
        num_overlapping_windows: 0
        time_merge_windows: 0
        time_remove_window: 0
        time_remove_window: 0
        timing_PlanIn:
            total_PlanIn:0
            num_until_goal_expanded:0
            timing_expansions:
                total_S3Exp: 0
                time_top_o: 0
                time_check_in_c: 0
                time_add_parent: 0
                num_neighbors: 0
                time_add_neighbors_to_o: 0
    num_new_collisions: 4
    timing_PIOW_new_collisions:
        total_PIOW: 0.0287371
        num_windows: 13
        time_check_overlap: 9.03e-07
        num_overlapping_windows: 1
        time_merge_windows: 0
        time_remove_window: 0.0870922
        time_remove_window: 1.225e-06
        timing_PlanIn:
            total_PlanIn:0.0287285
            num_until_goal_expanded:633
            timing_expansions:
                total_S3Exp: 0.0287193
                time_top_o: 0.000175047
                time_check_in_c: 0.000110054
                time_add_parent: 0.000174044
                num_neighbors: 60450
                time_add_neighbors_to_o: 0.0258484
    num_windows_should_quit: 0
    time_should_quit: 9.648e-06
    time_remove_window: 0
Complete!
