Total time: 1.1346
is_optimal: true
optimality_bound: 1
successive_bounds: [1.00554, 1.00554, 1.00554, 1.00554, 1.00554, 1.00554, 1.00554, 1.00554, 1.0052, 1.0052, 1.0052, 1.0052, 1.00381, 1.00381, 1.00312, 1.00312, 1.00312, 1.00312, 1.00312, 1.00312, 1.00243, 1.00243, 1.00243, 1.00243, 1.00243, 0.99411, 1]
successive_runtimes: [0.00958254, 0.0126735, 0.0156012, 0.018716, 0.022041, 0.0255336, 0.037893, 0.0583085, 0.0973862, 0.135322, 0.16607, 0.202191, 0.255607, 0.297821, 0.359732, 0.432846, 0.488231, 0.546936, 0.608964, 0.672347, 0.739799, 0.810561, 0.883074, 0.960865, 1.03935, 1.1346]
num_agents: 40
time_individual_plan: 0.00516382
time_first_plan: 0.00388869
num_max_agents_in_window_first_iteration: 2
num_recWAMPF: 26
timing_recWAMPF:
    total_RecWAMPF: 1.12891
    num_windows: 419
    num_max_agents_in_window: 3
    timing_gari:
        total_GARI: 1.10284
        time_path_btw_starts: 0.00176541
        Stage1:
            total_Stage1:0.462855
            time_add_x_to_o: 0.206356
            time_clear_x: 0.0560291
            timing_AStarSearchUntil:
                total_astar_search_until:0.200436
                num_values_f_less_fmax:19661
                ASU Exp:
                    total_ASUExp:0.200424
                    time_top_o:0.0102404
                    time_check_in_c:0.00525974
                    time_add_parent:0.0069981
                    num_neighbors:366885
                    time_add_neighbors_to_o:0.160459
        Stage2:
            total_Stage2:0.0816268
            num_len_path:451
            time_expanding_s:0.000311822
            timing_AStarSearchUntil:
                total_astar_search_until:0.0811296
                num_values_f_less_fmax:5611
                ASU Exp:
                    total_ASUExp:0.0811203
                    time_top_o:0.00170341
                    time_check_in_c:0.00119474
                    time_add_parent:0.00163612
                    num_neighbors:162798
                    time_add_neighbors_to_o:0.0709228
        Stage3:
            total_Stage3:0.556487
            num_until_goal_expanded:10357
            timing_S3Exp:
                total_S3Exp: 0.160517
                time_top_o: 0.00476127
                time_check_in_c: 0.00201315
                time_add_parent: 0.00477736
                num_neighbors: 257881
                time_add_neighbors_to_o: 0.131387
    timing_PIOW_overlapping:
        total_PIOW: 0.00971345
        num_windows: 1694
        time_check_overlap: 7.5134e-05
        num_overlapping_windows: 1
        time_merge_windows: 1.117e-06
        time_remove_window: 1.97e-07
        time_remove_window: 1.066e-06
        timing_PlanIn:
            total_PlanIn:0.00959614
            num_until_goal_expanded:214
            timing_expansions:
                total_S3Exp: 0.00959405
                time_top_o: 5.4243e-05
                time_check_in_c: 3.6495e-05
                time_add_parent: 5.9713e-05
                num_neighbors: 18624
                time_add_neighbors_to_o: 0.0086726
    num_new_collisions: 9
    timing_PIOW_new_collisions:
        total_PIOW: 0.00142924
        num_windows: 72
        time_check_overlap: 1.961e-06
        num_overlapping_windows: 0
        time_merge_windows: 0
        time_remove_window: 0
        time_remove_window: 6.454e-06
        timing_PlanIn:
            total_PlanIn:0.0014118
            num_until_goal_expanded:202
            timing_expansions:
                total_S3Exp: 0.00139623
                time_top_o: 2.461e-05
                time_check_in_c: 3.5042e-05
                time_add_parent: 5.0464e-05
                num_neighbors: 1987
                time_add_neighbors_to_o: 0.00100698
    num_windows_should_quit: 0
    time_should_quit: 2.0695e-05
    time_remove_window: 0
Complete!
