Total time: 0.0654603
is_optimal: true
optimality_bound: 1
successive_bounds: [1.00201, 1.00151, 1.00151, 1.00151, 1.00151, 1.00151, 1.00151, 1.00151, 1.0005, 1.0005, 1.0005, 1.0005, 1, 1]
successive_runtimes: [0.0255691, 0.0318594, 0.0349342, 0.0377211, 0.0408555, 0.0442285, 0.0474362, 0.0507015, 0.0538462, 0.0564305, 0.058714, 0.0609037, 0.0654602]
num_agents: 30
time_individual_plan: 0.00540107
time_first_plan: 0.0194428
num_max_agents_in_window_first_iteration: 2
num_recWAMPF: 13
timing_recWAMPF:
    total_RecWAMPF: 0.0593314
    num_windows: 100
    num_max_agents_in_window: 2
    timing_gari:
        total_GARI: 0.0369541
        time_path_btw_starts: 0.000395656
        Stage1:
            total_Stage1:0.00927453
            time_add_x_to_o: 0.00421141
            time_clear_x: 0.000541691
            timing_AStarSearchUntil:
                total_astar_search_until:0.00451491
                num_values_f_less_fmax:1913
                ASU Exp:
                    total_ASUExp:0.00451257
                    time_top_o:0.00043727
                    time_check_in_c:0.000309164
                    time_add_parent:0.000146387
                    num_neighbors:6994
                    time_add_neighbors_to_o:0.0030299
        Stage2:
            total_Stage2:0.00541918
            num_len_path:114
            time_expanding_s:6.326e-05
            timing_AStarSearchUntil:
                total_astar_search_until:0.00532732
                num_values_f_less_fmax:428
                ASU Exp:
                    total_ASUExp:0.00532525
                    time_top_o:0.000112516
                    time_check_in_c:0.000110041
                    time_add_parent:0.000199456
                    num_neighbors:10010
                    time_add_neighbors_to_o:0.00445108
        Stage3:
            total_Stage3:0.0218492
            num_until_goal_expanded:1138
            timing_S3Exp:
                total_S3Exp: 0.005124
                time_top_o: 0.00025025
                time_check_in_c: 0.000156091
                time_add_parent: 0.000291979
                num_neighbors: 7316
                time_add_neighbors_to_o: 0.0032091
    timing_PIOW_overlapping:
        total_PIOW: 1.3859e-05
        num_windows: 192
        time_check_overlap: 8.608e-06
        num_overlapping_windows: 0
        time_merge_windows: 0
        time_remove_window: 0
        time_remove_window: 0
        timing_PlanIn:
            total_PlanIn:0
            num_until_goal_expanded:0
            timing_expansions:
                total_S3Exp: 0
                time_top_o: 0
                time_check_in_c: 0
                time_add_parent: 0
                num_neighbors: 0
                time_add_neighbors_to_o: 0
    num_new_collisions: 4
    timing_PIOW_new_collisions:
        total_PIOW: 0.0187944
        num_windows: 12
        time_check_overlap: 1.001e-06
        num_overlapping_windows: 0
        time_merge_windows: 0
        time_remove_window: 0
        time_remove_window: 2.098e-06
        timing_PlanIn:
            total_PlanIn:0.0187871
            num_until_goal_expanded:1479
            timing_expansions:
                total_S3Exp: 0.0187705
                time_top_o: 0.000359727
                time_check_in_c: 0.000261914
                time_add_parent: 0.000370528
                num_neighbors: 31676
                time_add_neighbors_to_o: 0.0154468
    num_windows_should_quit: 0
    time_should_quit: 2.828e-06
    time_remove_window: 0
Complete!
