Total time: 0.423242
is_optimal: false
optimality_bound: 1.00578
successive_bounds: [1.00994, 1.00902, 1.00809, 1.00763, 1.00717, 1.00671, 1.00578, 1.00578, 1.00578, 1.00578, 1.00578]
successive_runtimes: [0.117988, 0.149369, 0.173067, 0.190308, 0.215368, 0.229216, 0.254791, 0.288892, 0.320806, 0.359303, 0.423242]
num_agents: 70
time_individual_plan: 0.0320925
time_first_plan: 0.0844131
num_max_agents_in_window_first_iteration: 3
num_recWAMPF: 11
timing_recWAMPF:
    total_RecWAMPF: 0.389659
    num_windows: 326
    num_max_agents_in_window: 4
    timing_gari:
        total_GARI: 0.254722
        time_path_btw_starts: 0.00234507
        Stage1:
            total_Stage1:0.0280532
            time_add_x_to_o: 0.00354409
            time_clear_x: 0.000852072
            timing_AStarSearchUntil:
                total_astar_search_until:0.0158478
                num_values_f_less_fmax:626
                ASU Exp:
                    total_ASUExp:0.0158358
                    time_top_o:0.000453051
                    time_check_in_c:0.000119864
                    time_add_parent:0
                    num_neighbors:0
                    time_add_neighbors_to_o:0
        Stage2:
            total_Stage2:0.035036
            num_len_path:300
            time_expanding_s:0.000336076
            timing_AStarSearchUntil:
                total_astar_search_until:0.0294175
                num_values_f_less_fmax:1242
                ASU Exp:
                    total_ASUExp:0.029408
                    time_top_o:0.000591169
                    time_check_in_c:0.000369818
                    time_add_parent:0.000898479
                    num_neighbors:25166
                    time_add_neighbors_to_o:0.0158269
        Stage3:
            total_Stage3:0.180544
            num_until_goal_expanded:5979
            timing_S3Exp:
                total_S3Exp: 0.138803
                time_top_o: 0.00255021
                time_check_in_c: 0.0014256
                time_add_parent: 0.00346288
                num_neighbors: 177511
                time_add_neighbors_to_o: 0.116694
    timing_PIOW_overlapping:
        total_PIOW: 0.0107204
        num_windows: 2884
        time_check_overlap: 0.000129964
        num_overlapping_windows: 12
        time_merge_windows: 1.0733e-05
        time_remove_window: 1.362e-06
        time_remove_window: 1.0058e-05
        timing_PlanIn:
            total_PlanIn:0.0103895
            num_until_goal_expanded:776
            timing_expansions:
                total_S3Exp: 0.0103549
                time_top_o: 0.000243666
                time_check_in_c: 0.000205847
                time_add_parent: 0.000532833
                num_neighbors: 8592
                time_add_neighbors_to_o: 0.007199
    num_new_collisions: 31
    timing_PIOW_new_collisions:
        total_PIOW: 0.0762666
        num_windows: 420
        time_check_overlap: 2.5152e-05
        num_overlapping_windows: 6
        time_merge_windows: 9.226e-06
        time_remove_window: 8.48e-07
        time_remove_window: 6.921e-06
        timing_PlanIn:
            total_PlanIn:0.0755496
            num_until_goal_expanded:2548
            timing_expansions:
                total_S3Exp: 0.0753882
                time_top_o: 0.00145043
                time_check_in_c: 0.00099698
                time_add_parent: 0.00256065
                num_neighbors: 53642
                time_add_neighbors_to_o: 0.0578461
    num_windows_should_quit: 2
    time_should_quit: 1.0988e-05
    time_remove_window: 2.84e-07
Complete!
