Total time: 29.5649
is_optimal: false
optimality_bound: 1.00415
successive_bounds: [1.00587, 1.00538, 1.00538, 1.00538, 1.00538, 1.00464, 1.00464, 1.00415, 1.00415, 1.00415, 1.00415, 1.00415, 1.00415]
successive_runtimes: [0.0158014, 0.0201054, 0.0290304, 0.07336, 0.12548, 0.336147, 0.450242, 0.514034, 0.565199, 0.63001, 0.698197, 9.98251, 29.5649]
num_agents: 60
time_individual_plan: 0.00851599
time_first_plan: 0.00664913
num_max_agents_in_window_first_iteration: 3
num_recWAMPF: 13
timing_recWAMPF:
    total_RecWAMPF: 29.5558
    num_windows: 169
    num_max_agents_in_window: 5
    timing_gari:
        total_GARI: 20.2648
        time_path_btw_starts: 0.0061032
        Stage1:
            total_Stage1:17.68
            time_add_x_to_o: 2.69206
            time_clear_x: 0.506596
            timing_AStarSearchUntil:
                total_astar_search_until:14.4813
                num_values_f_less_fmax:10106
                ASU Exp:
                    total_ASUExp:14.4813
                    time_top_o:0.0304939
                    time_check_in_c:0.00611934
                    time_add_parent:0.00467585
                    num_neighbors:17931213
                    time_add_neighbors_to_o:14.4136
        Stage2:
            total_Stage2:0.32049
            num_len_path:162
            time_expanding_s:0.000989363
            timing_AStarSearchUntil:
                total_astar_search_until:0.319403
                num_values_f_less_fmax:1100
                ASU Exp:
                    total_ASUExp:0.319399
                    time_top_o:0.000705857
                    time_check_in_c:0.00038597
                    time_add_parent:0.000678361
                    num_neighbors:507273
                    time_add_neighbors_to_o:0.313598
        Stage3:
            total_Stage3:2.25818
            num_until_goal_expanded:2980
            timing_S3Exp:
                total_S3Exp: 0.932592
                time_top_o: 0.00345231
                time_check_in_c: 0.000725004
                time_add_parent: 0.0020338
                num_neighbors: 1366046
                time_add_neighbors_to_o: 0.919689
    timing_PIOW_overlapping:
        total_PIOW: 0.0415915
        num_windows: 751
        time_check_overlap: 3.3594e-05
        num_overlapping_windows: 9
        time_merge_windows: 1.1992e-05
        time_remove_window: 2.369e-06
        time_remove_window: 1.1429e-05
        timing_PlanIn:
            total_PlanIn:0.0415041
            num_until_goal_expanded:333
            timing_expansions:
                total_S3Exp: 0.0414809
                time_top_o: 8.9169e-05
                time_check_in_c: 7.6507e-05
                time_add_parent: 0.000108491
                num_neighbors: 64759
                time_add_neighbors_to_o: 0.0386254
    num_new_collisions: 16
    timing_PIOW_new_collisions:
        total_PIOW: 9.23608
        num_windows: 205
        time_check_overlap: 8.52e-06
        num_overlapping_windows: 2
        time_merge_windows: 0
        time_remove_window: 0.772939
        time_remove_window: 6.987e-06
        timing_PlanIn:
            total_PlanIn:9.23604
            num_until_goal_expanded:4373
            timing_expansions:
                total_S3Exp: 9.23601
                time_top_o: 0.0100748
                time_check_in_c: 0.00164569
                time_add_parent: 0.00302175
                num_neighbors: 11927306
                time_add_neighbors_to_o: 8.8396
    num_windows_should_quit: 0
    time_should_quit: 1.3305e-05
    time_remove_window: 0
Complete!
