Total time: 40.6833
is_optimal: false
optimality_bound: 1.00034
successive_bounds: [1.00584, 1.00584, 1.00515, 1.00515, 1.00412, 1.00344, 1.00275, 1.00275, 1.00206, 1.00206, 1.00206, 1.00206, 1.00137, 1.00069, 1.00069, 1.00034]
successive_runtimes: [0.0405673, 0.0622362, 0.0974839, 0.13535, 0.205282, 0.359136, 0.815609, 0.972736, 2.17412, 2.53288, 2.62102, 2.83191, 3.14538, 4.34749, 4.98859, 40.6833]
num_agents: 40
time_individual_plan: 0.0222614
time_first_plan: 0.0170959
num_max_agents_in_window_first_iteration: 3
num_recWAMPF: 16
timing_recWAMPF:
    total_RecWAMPF: 40.6598
    num_windows: 262
    num_max_agents_in_window: 3
    timing_gari:
        total_GARI: 40.4173
        time_path_btw_starts: 0.00190796
        Stage1:
            total_Stage1:1.32857
            time_add_x_to_o: 0.0131291
            time_clear_x: 0.00349591
            timing_AStarSearchUntil:
                total_astar_search_until:1.22016
                num_values_f_less_fmax:2477
                ASU Exp:
                    total_ASUExp:1.22015
                    time_top_o:0.00243085
                    time_check_in_c:0.000983693
                    time_add_parent:0
                    num_neighbors:0
                    time_add_neighbors_to_o:0
        Stage2:
            total_Stage2:38.4528
            num_len_path:313
            time_expanding_s:0.000862221
            timing_AStarSearchUntil:
                total_astar_search_until:38.4078
                num_values_f_less_fmax:15066
                ASU Exp:
                    total_ASUExp:38.4078
                    time_top_o:0.0258502
                    time_check_in_c:0.00656981
                    time_add_parent:0.0154034
                    num_neighbors:1161805
                    time_add_neighbors_to_o:0.901221
        Stage3:
            total_Stage3:0.60508
            num_until_goal_expanded:5010
            timing_S3Exp:
                total_S3Exp: 0.135723
                time_top_o: 0.00267547
                time_check_in_c: 0.00123151
                time_add_parent: 0.00312843
                num_neighbors: 216386
                time_add_neighbors_to_o: 0.112559
    timing_PIOW_overlapping:
        total_PIOW: 0.00233683
        num_windows: 1077
        time_check_overlap: 6.9078e-05
        num_overlapping_windows: 1
        time_merge_windows: 1.386e-06
        time_remove_window: 1.31e-07
        time_remove_window: 1.322e-06
        timing_PlanIn:
            total_PlanIn:0.00220059
            num_until_goal_expanded:47
            timing_expansions:
                total_S3Exp: 0.00219759
                time_top_o: 1.7213e-05
                time_check_in_c: 1.1111e-05
                time_add_parent: 3.1535e-05
                num_neighbors: 1958
                time_add_neighbors_to_o: 0.00191332
    num_new_collisions: 12
    timing_PIOW_new_collisions:
        total_PIOW: 0.226601
        num_windows: 71
        time_check_overlap: 7.45e-06
        num_overlapping_windows: 2
        time_merge_windows: 3.834e-06
        time_remove_window: 5.72e-07
        time_remove_window: 3.356e-06
        timing_PlanIn:
            total_PlanIn:0.222412
            num_until_goal_expanded:3751
            timing_expansions:
                total_S3Exp: 0.222346
                time_top_o: 0.00204866
                time_check_in_c: 0.000946132
                time_add_parent: 0.00259861
                num_neighbors: 317504
                time_add_neighbors_to_o: 0.194994
    num_windows_should_quit: 1
    time_should_quit: 7.183e-06
    time_remove_window: 1.51e-06
Complete!
