Total time: 57.146
is_optimal: false
optimality_bound: 1.00113
successive_bounds: [1.00816, 1.0045, 1.0045, 1.00394, 1.00338, 1.00338, 1.00281, 1.00225, 1.00225, 1.00225, 1.00225, 1.00169, 1.00169, 1.00169, 1.00169, 1.00169, 1.00169, 1.00113, 1.00113, 1.00113, 1.00113, 1.00113, 1.00113, 1.00113, 1.00113]
successive_runtimes: [0.0177334, 5.71372, 12.1958, 18.7979, 24.2265, 27.1539, 28.5736, 29.9853, 31.3965, 32.8087, 34.2168, 35.6253, 37.0286, 38.4276, 40.1834, 41.9152, 43.3135, 44.7305, 46.1842, 47.8362, 49.4707, 51.6768, 53.5501, 55.2986, 57.146]
num_agents: 50
time_individual_plan: 0.010742
time_first_plan: 0.00635287
num_max_agents_in_window_first_iteration: 2
num_recWAMPF: 25
timing_recWAMPF:
    total_RecWAMPF: 57.1346
    num_windows: 466
    num_max_agents_in_window: 6
    timing_gari:
        total_GARI: 50.6034
        time_path_btw_starts: 0.0104424
        Stage1:
            total_Stage1:17.1354
            time_add_x_to_o: 4.89796
            time_clear_x: 2.05362
            timing_AStarSearchUntil:
                total_astar_search_until:10.1838
                num_values_f_less_fmax:25152
                ASU Exp:
                    total_ASUExp:10.1837
                    time_top_o:0.0398823
                    time_check_in_c:0.143187
                    time_add_parent:0.223787
                    num_neighbors:14460645
                    time_add_neighbors_to_o:9.72581
        Stage2:
            total_Stage2:0.202201
            num_len_path:429
            time_expanding_s:0.00682691
            timing_AStarSearchUntil:
                total_astar_search_until:0.194954
                num_values_f_less_fmax:5267
                ASU Exp:
                    total_ASUExp:0.194941
                    time_top_o:0.00302457
                    time_check_in_c:0.00269178
                    time_add_parent:0.00381487
                    num_neighbors:241145
                    time_add_neighbors_to_o:0.167829
        Stage3:
            total_Stage3:33.2542
            num_until_goal_expanded:12029
            timing_S3Exp:
                total_S3Exp: 1.0626
                time_top_o: 0.00721003
                time_check_in_c: 0.00221247
                time_add_parent: 0.0053603
                num_neighbors: 742092
                time_add_neighbors_to_o: 0.661371
    timing_PIOW_overlapping:
        total_PIOW: 5.73041
        num_windows: 2324
        time_check_overlap: 0.000140257
        num_overlapping_windows: 8
        time_merge_windows: 2.7705e-05
        time_remove_window: 3.121e-06
        time_remove_window: 2.7001e-05
        timing_PlanIn:
            total_PlanIn:5.73015
            num_until_goal_expanded:5391
            timing_expansions:
                total_S3Exp: 5.7301
                time_top_o: 0.00827226
                time_check_in_c: 0.00161481
                time_add_parent: 0.00286902
                num_neighbors: 7684536
                time_add_neighbors_to_o: 5.46813
    num_new_collisions: 18
    timing_PIOW_new_collisions:
        total_PIOW: 0.785895
        num_windows: 284
        time_check_overlap: 1.2563e-05
        num_overlapping_windows: 2
        time_merge_windows: 0
        time_remove_window: 98.7644
        time_remove_window: 7.081e-06
        timing_PlanIn:
            total_PlanIn:0.785827
            num_until_goal_expanded:2660
            timing_expansions:
                total_S3Exp: 0.785788
                time_top_o: 0.00163858
                time_check_in_c: 0.000621602
                time_add_parent: 0.00112987
                num_neighbors: 798341
                time_add_neighbors_to_o: 0.752154
    num_windows_should_quit: 0
    time_should_quit: 3.6338e-05
    time_remove_window: 0
Complete!
