Total time: 0.035598
is_optimal: true
optimality_bound: 1
successive_bounds: [1.00456, 1.00456, 1.00456, 1.00456, 1.00304, 1.00304, 1.00304, 1, 1]
successive_runtimes: [0.00337154, 0.004198, 0.0050328, 0.00585497, 0.00658687, 0.00705982, 0.00749242, 0.035598]
num_agents: 20
time_individual_plan: 0.00222128
time_first_plan: 0.000635519
num_max_agents_in_window_first_iteration: 2
num_recWAMPF: 8
timing_recWAMPF:
    total_RecWAMPF: 0.0328604
    num_windows: 43
    num_max_agents_in_window: 3
    timing_gari:
        total_GARI: 0.00377771
        time_path_btw_starts: 9.6628e-05
        Stage1:
            total_Stage1:0.00128028
            time_add_x_to_o: 0.000727496
            time_clear_x: 9.4527e-05
            timing_AStarSearchUntil:
                total_astar_search_until:0.000456024
                num_values_f_less_fmax:375
                ASU Exp:
                    total_ASUExp:0.00045507
                    time_top_o:7.2585e-05
                    time_check_in_c:4.128e-05
                    time_add_parent:3.5581e-05
                    num_neighbors:580
                    time_add_neighbors_to_o:0.000208907
        Stage2:
            total_Stage2:0.000907798
            num_len_path:41
            time_expanding_s:1.7314e-05
            timing_AStarSearchUntil:
                total_astar_search_until:0.000879928
                num_values_f_less_fmax:71
                ASU Exp:
                    total_ASUExp:0.000879026
                    time_top_o:1.6329e-05
                    time_check_in_c:1.2414e-05
                    time_add_parent:2.0855e-05
                    num_neighbors:1865
                    time_add_neighbors_to_o:0.000752274
        Stage3:
            total_Stage3:0.00148714
            num_until_goal_expanded:194
            timing_S3Exp:
                total_S3Exp: 0.0010487
                time_top_o: 4.9346e-05
                time_check_in_c: 2.3315e-05
                time_add_parent: 4.862e-05
                num_neighbors: 1543
                time_add_neighbors_to_o: 0.00067181
    timing_PIOW_overlapping:
        total_PIOW: 0.0277049
        num_windows: 66
        time_check_overlap: 2.1e-06
        num_overlapping_windows: 2
        time_merge_windows: 2.228e-06
        time_remove_window: 3.17e-07
        time_remove_window: 2.138e-06
        timing_PlanIn:
            total_PlanIn:0.0276918
            num_until_goal_expanded:396
            timing_expansions:
                total_S3Exp: 0.0276769
                time_top_o: 9.5723e-05
                time_check_in_c: 7.9973e-05
                time_add_parent: 0.000113495
                num_neighbors: 45516
                time_add_neighbors_to_o: 0.0255694
    num_new_collisions: 3
    timing_PIOW_new_collisions:
        total_PIOW: 0.000402455
        num_windows: 6
        time_check_overlap: 2.91e-07
        num_overlapping_windows: 0
        time_merge_windows: 0
        time_remove_window: 0
        time_remove_window: 8.72e-07
        timing_PlanIn:
            total_PlanIn:0.000398287
            num_until_goal_expanded:48
            timing_expansions:
                total_S3Exp: 0.000391791
                time_top_o: 6.419e-06
                time_check_in_c: 9.583e-06
                time_add_parent: 1.3169e-05
                num_neighbors: 559
                time_add_neighbors_to_o: 0.000290756
    num_windows_should_quit: 0
    time_should_quit: 1.079e-06
    time_remove_window: 0
Complete!
