Total time: 0.113789
is_optimal: false
optimality_bound: 1.00159
successive_bounds: [1.00238, 1.00238, 1.00238, 1.00238, 1.00238, 1.00238, 1.00238, 1.00238, 1.00238, 1.00238, 1.00159, 1.00159, 1.00159, 1.00159, 1.00159, 1.00159, 1.00159, 1.00159, 1.00159, 1.00159, 1.00159, 1.00159]
successive_runtimes: [0.00770023, 0.0170152, 0.0234286, 0.0289997, 0.0344134, 0.0402952, 0.0469364, 0.0530434, 0.0579239, 0.0618287, 0.0761986, 0.0859114, 0.0893735, 0.0924644, 0.0948864, 0.0972918, 0.0996823, 0.102084, 0.104578, 0.107072, 0.109719, 0.113789]
num_agents: 40
time_individual_plan: 0.00547797
time_first_plan: 0.00170818
num_max_agents_in_window_first_iteration: 2
num_recWAMPF: 22
timing_recWAMPF:
    total_RecWAMPF: 0.107792
    num_windows: 49
    num_max_agents_in_window: 4
    timing_gari:
        total_GARI: 0.0783301
        time_path_btw_starts: 0.00010903
        Stage1:
            total_Stage1:0.0253657
            time_add_x_to_o: 0.0174799
            time_clear_x: 0.00233389
            timing_AStarSearchUntil:
                total_astar_search_until:0.0055481
                num_values_f_less_fmax:491
                ASU Exp:
                    total_ASUExp:0.00554666
                    time_top_o:0.000187608
                    time_check_in_c:0.000179598
                    time_add_parent:2.901e-05
                    num_neighbors:12953
                    time_add_neighbors_to_o:0.00490633
        Stage2:
            total_Stage2:0.0058433
            num_len_path:29
            time_expanding_s:1.4221e-05
            timing_AStarSearchUntil:
                total_astar_search_until:0.00581309
                num_values_f_less_fmax:76
                ASU Exp:
                    total_ASUExp:0.00581211
                    time_top_o:2.6933e-05
                    time_check_in_c:1.3983e-05
                    time_add_parent:2.2308e-05
                    num_neighbors:15078
                    time_add_neighbors_to_o:0.0054332
        Stage3:
            total_Stage3:0.0470021
            num_until_goal_expanded:569
            timing_S3Exp:
                total_S3Exp: 0.0208073
                time_top_o: 0.000193261
                time_check_in_c: 9.6221e-05
                time_add_parent: 0.000263538
                num_neighbors: 40369
                time_add_neighbors_to_o: 0.0193088
    timing_PIOW_overlapping:
        total_PIOW: 0.00874755
        num_windows: 47
        time_check_overlap: 5.25e-07
        num_overlapping_windows: 5
        time_merge_windows: 4.517e-06
        time_remove_window: 6.49e-07
        time_remove_window: 4.294e-06
        timing_PlanIn:
            total_PlanIn:0.00873597
            num_until_goal_expanded:193
            timing_expansions:
                total_S3Exp: 0.00872776
                time_top_o: 4.1881e-05
                time_check_in_c: 3.2283e-05
                time_add_parent: 5.2406e-05
                num_neighbors: 17485
                time_add_neighbors_to_o: 0.00789836
    num_new_collisions: 7
    timing_PIOW_new_collisions:
        total_PIOW: 0.0111923
        num_windows: 31
        time_check_overlap: 1.05e-06
        num_overlapping_windows: 1
        time_merge_windows: 0
        time_remove_window: 0.0658153
        time_remove_window: 2.259e-06
        timing_PlanIn:
            total_PlanIn:0.0111805
            num_until_goal_expanded:121
            timing_expansions:
                total_S3Exp: 0.0111676
                time_top_o: 2.3578e-05
                time_check_in_c: 2.5216e-05
                time_add_parent: 3.2882e-05
                num_neighbors: 17600
                time_add_neighbors_to_o: 0.0104265
    num_windows_should_quit: 0
    time_should_quit: 2.175e-06
    time_remove_window: 0
Complete!
