Total time: 8.95518
is_optimal: false
optimality_bound: 1.00078
successive_bounds: [1.01374, 1.01295, 1.01217, 1.01177, 1.01099, 1.00942, 1.00942, 1.00235, 1.00235, 1.00235, 1.00078]
successive_runtimes: [0.0389257, 0.0992436, 0.173659, 0.269942, 0.40412, 1.65037, 1.81269, 3.88562, 4.70229, 6.14339, 8.95518]
num_agents: 40
time_individual_plan: 0.00638143
time_first_plan: 0.0320121
num_max_agents_in_window_first_iteration: 2
num_recWAMPF: 11
timing_recWAMPF:
    total_RecWAMPF: 8.94826
    num_windows: 174
    num_max_agents_in_window: 4
    timing_gari:
        total_GARI: 5.28491
        time_path_btw_starts: 0.00118972
        Stage1:
            total_Stage1:3.12419
            time_add_x_to_o: 0.658666
            time_clear_x: 0.31944
            timing_AStarSearchUntil:
                total_astar_search_until:1.9403
                num_values_f_less_fmax:56579
                ASU Exp:
                    total_ASUExp:1.9403
                    time_top_o:0.0422127
                    time_check_in_c:0.022977
                    time_add_parent:0.0128887
                    num_neighbors:4132758
                    time_add_neighbors_to_o:2.01822
        Stage2:
            total_Stage2:0.00930313
            num_len_path:169
            time_expanding_s:0.00024222
            timing_AStarSearchUntil:
                total_astar_search_until:0.00899169
                num_values_f_less_fmax:534
                ASU Exp:
                    total_ASUExp:0.00898815
                    time_top_o:0.000154945
                    time_check_in_c:0.000128475
                    time_add_parent:0.000188376
                    num_neighbors:18040
                    time_add_neighbors_to_o:0.00793156
        Stage3:
            total_Stage3:2.15018
            num_until_goal_expanded:32391
            timing_S3Exp:
                total_S3Exp: 1.65099
                time_top_o: 0.0251392
                time_check_in_c: 0.00856407
                time_add_parent: 0.0211409
                num_neighbors: 3688399
                time_add_neighbors_to_o: 1.54953
    timing_PIOW_overlapping:
        total_PIOW: 1.3072
        num_windows: 771
        time_check_overlap: 3.2781e-05
        num_overlapping_windows: 5
        time_merge_windows: 1.332e-05
        time_remove_window: 2.295e-06
        time_remove_window: 1.298e-05
        timing_PlanIn:
            total_PlanIn:1.30712
            num_until_goal_expanded:18894
            timing_expansions:
                total_S3Exp: 1.3071
                time_top_o: 0.00987928
                time_check_in_c: 0.00482898
                time_add_parent: 0.00874162
                num_neighbors: 2092860
                time_add_neighbors_to_o: 1.19494
    num_new_collisions: 12
    timing_PIOW_new_collisions:
        total_PIOW: 0.806223
        num_windows: 133
        time_check_overlap: 5.209e-06
        num_overlapping_windows: 2
        time_merge_windows: 0
        time_remove_window: 3.28337
        time_remove_window: 7.527e-06
        timing_PlanIn:
            total_PlanIn:0.806192
            num_until_goal_expanded:13000
            timing_expansions:
                total_S3Exp: 0.805553
                time_top_o: 0.00697074
                time_check_in_c: 0.00316724
                time_add_parent: 0.00550445
                num_neighbors: 1256265
                time_add_neighbors_to_o: 0.733399
    num_windows_should_quit: 0
    time_should_quit: 1.3425e-05
    time_remove_window: 0
Complete!
