Total time: 0.167373
is_optimal: true
optimality_bound: 1
successive_bounds: [1.00472, 1.00394, 1.00315, 1.00236, 1.00197, 1.00197, 1.00157, 1.00157, 1.00157, 1.00157, 1.00157, 1.00157, 1.00157, 1.00157, 1.00157, 1.00079, 1.00079, 1.00079, 1.00079, 1.00079, 1.00079, 1.00079, 1.00079, 1.00079, 1.00079, 1.00079, 1, 1]
successive_runtimes: [0.0152483, 0.0189296, 0.0220567, 0.0243919, 0.0267764, 0.0285866, 0.0318623, 0.0354482, 0.0392979, 0.0421037, 0.0446069, 0.046844, 0.0493707, 0.0518406, 0.0544587, 0.0640335, 0.0665751, 0.0685609, 0.0704462, 0.0722653, 0.0742132, 0.0762009, 0.078195, 0.0812322, 0.0832382, 0.0852542, 0.167373]
num_agents: 40
time_individual_plan: 0.0101725
time_first_plan: 0.00407409
num_max_agents_in_window_first_iteration: 2
num_recWAMPF: 27
timing_recWAMPF:
    total_RecWAMPF: 0.156193
    num_windows: 371
    num_max_agents_in_window: 2
    timing_gari:
        total_GARI: 0.119798
        time_path_btw_starts: 0.00103357
        Stage1:
            total_Stage1:0.0212154
            time_add_x_to_o: 0.00907938
            time_clear_x: 0.00114642
            timing_AStarSearchUntil:
                total_astar_search_until:0.0109664
                num_values_f_less_fmax:2310
                ASU Exp:
                    total_ASUExp:0.0109561
                    time_top_o:0.000734383
                    time_check_in_c:0.000447531
                    time_add_parent:0.000295467
                    num_neighbors:20173
                    time_add_neighbors_to_o:0.00802779
        Stage2:
            total_Stage2:0.0713037
            num_len_path:374
            time_expanding_s:0.000230237
            timing_AStarSearchUntil:
                total_astar_search_until:0.0121365
                num_values_f_less_fmax:5842
                ASU Exp:
                    total_ASUExp:0.0121274
                    time_top_o:0.00220607
                    time_check_in_c:0.00114934
                    time_add_parent:0.00171916
                    num_neighbors:138758
                    time_add_neighbors_to_o:0.0597211
        Stage3:
            total_Stage3:0.0261848
            num_until_goal_expanded:922
            timing_S3Exp:
                total_S3Exp: 0.00963138
                time_top_o: 0.000243197
                time_check_in_c: 0.000154535
                time_add_parent: 0.000287456
                num_neighbors: 12083
                time_add_neighbors_to_o: 0.00668121
    timing_PIOW_overlapping:
        total_PIOW: 8.4737e-05
        num_windows: 1274
        time_check_overlap: 5.0454e-05
        num_overlapping_windows: 0
        time_merge_windows: 0
        time_remove_window: 0
        time_remove_window: 0
        timing_PlanIn:
            total_PlanIn:0
            num_until_goal_expanded:0
            timing_expansions:
                total_S3Exp: 0
                time_top_o: 0
                time_check_in_c: 0
                time_add_parent: 0
                num_neighbors: 0
                time_add_neighbors_to_o: 0
    num_new_collisions: 7
    timing_PIOW_new_collisions:
        total_PIOW: 0.00157754
        num_windows: 42
        time_check_overlap: 2.224e-06
        num_overlapping_windows: 0
        time_merge_windows: 0
        time_remove_window: 0
        time_remove_window: 5.396e-06
        timing_PlanIn:
            total_PlanIn:0.00155706
            num_until_goal_expanded:101
            timing_expansions:
                total_S3Exp: 0.00153419
                time_top_o: 2.4866e-05
                time_check_in_c: 3.75e-05
                time_add_parent: 5.3401e-05
                num_neighbors: 1115
                time_add_neighbors_to_o: 0.00111968
    num_windows_should_quit: 0
    time_should_quit: 1.4965e-05
    time_remove_window: 0
Complete!
