Total time: 0.061721
is_optimal: true
optimality_bound: 1
successive_bounds: [1.00512, 1.00512, 1.00512, 1.00512, 1.00512, 1.00512, 1.00256, 1.00256, 1.00256, 1.00256, 1.00256, 1.00256, 1.00256, 1.00256, 1.00256, 1.00256, 1.00256, 1.00256, 1, 1]
successive_runtimes: [0.00406583, 0.00487235, 0.0057956, 0.00692104, 0.00825666, 0.00972966, 0.0113113, 0.0146275, 0.0190159, 0.0236882, 0.0275862, 0.0319098, 0.0361621, 0.0404085, 0.0447439, 0.049232, 0.0531421, 0.0570468, 0.061721]
num_agents: 10
time_individual_plan: 0.00315906
time_first_plan: 0.000385017
num_max_agents_in_window_first_iteration: 2
num_recWAMPF: 19
timing_recWAMPF:
    total_RecWAMPF: 0.0580373
    num_windows: 74
    num_max_agents_in_window: 2
    timing_gari:
        total_GARI: 0.0571851
        time_path_btw_starts: 0.000184604
        Stage1:
            total_Stage1:0.0331228
            time_add_x_to_o: 0.0110462
            time_clear_x: 0.00183155
            timing_AStarSearchUntil:
                total_astar_search_until:0.0202405
                num_values_f_less_fmax:9714
                ASU Exp:
                    total_ASUExp:0.0202387
                    time_top_o:0.00258243
                    time_check_in_c:0.00146284
                    time_add_parent:0.000833573
                    num_neighbors:32492
                    time_add_neighbors_to_o:0.0119581
        Stage2:
            total_Stage2:0.00255867
            num_len_path:74
            time_expanding_s:2.5621e-05
            timing_AStarSearchUntil:
                total_astar_search_until:0.00251221
                num_values_f_less_fmax:208
                ASU Exp:
                    total_ASUExp:0.0025107
                    time_top_o:6.4227e-05
                    time_check_in_c:5.1057e-05
                    time_add_parent:5.9367e-05
                    num_neighbors:5310
                    time_add_neighbors_to_o:0.00209586
        Stage3:
            total_Stage3:0.0213062
            num_until_goal_expanded:3945
            timing_S3Exp:
                total_S3Exp: 0.0149138
                time_top_o: 0.000983242
                time_check_in_c: 0.000592135
                time_add_parent: 0.00111654
                num_neighbors: 22419
                time_add_neighbors_to_o: 0.0083979
    timing_PIOW_overlapping:
        total_PIOW: 5.033e-06
        num_windows: 72
        time_check_overlap: 2.472e-06
        num_overlapping_windows: 0
        time_merge_windows: 0
        time_remove_window: 0
        time_remove_window: 0
        timing_PlanIn:
            total_PlanIn:0
            num_until_goal_expanded:0
            timing_expansions:
                total_S3Exp: 0
                time_top_o: 0
                time_check_in_c: 0
                time_add_parent: 0
                num_neighbors: 0
                time_add_neighbors_to_o: 0
    num_new_collisions: 2
    timing_PIOW_new_collisions:
        total_PIOW: 0.000335852
        num_windows: 2
        time_check_overlap: 9.9e-08
        num_overlapping_windows: 0
        time_merge_windows: 0
        time_remove_window: 0
        time_remove_window: 5.25e-07
        timing_PlanIn:
            total_PlanIn:0.000332459
            num_until_goal_expanded:59
            timing_expansions:
                total_S3Exp: 0.000328034
                time_top_o: 6.968e-06
                time_check_in_c: 9.89e-06
                time_add_parent: 1.5182e-05
                num_neighbors: 477
                time_add_neighbors_to_o: 0.000214565
    num_windows_should_quit: 0
    time_should_quit: 1.927e-06
    time_remove_window: 0
Complete!
