Total time: 60.1174
is_optimal: true
optimality_bound: 1
successive_bounds: [1.00801, 1.00585, 1.00524, 1.00524, 1.00524, 1.00524, 1.00462, 1.00462, 1.00462, 1.004, 1.004, 1.004, 1.004, 1.00339, 1.00339, 1.00339, 1.00339, 1.00339, 1.00339, 1.00339, 1.00339, 1.00339, 1.00339, 1.00339, 1.00339, 1.00339, 1.00339, 1.00339, 1.00339, 1.00339, 1.00339, 1.00339, 1.00339, 1.00339, 1]
successive_runtimes: [0.0547634, 0.0616013, 0.0795031, 0.0823755, 0.0853349, 0.0953483, 0.101301, 0.125737, 0.138483, 0.148879, 0.155667, 0.161734, 0.229642, 0.244463, 2.09385, 60.0756, 60.0792, 60.0819, 60.0845, 60.0869, 60.0892, 60.0916, 60.0941, 60.0969, 60.0996, 60.1021, 60.1044, 60.1068, 60.1081, 60.1096, 60.1112, 60.1135, 60.1155, 60.1174]
num_agents: 50
time_individual_plan: 0.0411013
time_first_plan: 0.0123154
num_max_agents_in_window_first_iteration: 2
num_recWAMPF: 34
timing_recWAMPF:
    total_RecWAMPF: 60.0749
    num_windows: 231
    num_max_agents_in_window: 3
    timing_gari:
        total_GARI: 58.1723
        time_path_btw_starts: 0.000947541
        Stage1:
            total_Stage1:57.8026
            time_add_x_to_o: 0.0148344
            time_clear_x: 0.005519
            timing_AStarSearchUntil:
                total_astar_search_until:57.7256
                num_values_f_less_fmax:5112
                ASU Exp:
                    total_ASUExp:57.7256
                    time_top_o:0.0177099
                    time_check_in_c:0.00276369
                    time_add_parent:0
                    num_neighbors:0
                    time_add_neighbors_to_o:0
        Stage2:
            total_Stage2:0.159226
            num_len_path:172
            time_expanding_s:0.0011317
            timing_AStarSearchUntil:
                total_astar_search_until:0.111897
                num_values_f_less_fmax:1472
                ASU Exp:
                    total_ASUExp:0.111888
                    time_top_o:0.00106442
                    time_check_in_c:0.000506
                    time_add_parent:0.00211658
                    num_neighbors:27962
                    time_add_neighbors_to_o:0.019647
        Stage3:
            total_Stage3:0.189443
            num_until_goal_expanded:2576
            timing_S3Exp:
                total_S3Exp: 0.0425959
                time_top_o: 0.00123052
                time_check_in_c: 0.000746151
                time_add_parent: 0.00169536
                num_neighbors: 37497
                time_add_neighbors_to_o: 0.0254612
    timing_PIOW_overlapping:
        total_PIOW: 1.8566
        num_windows: 616
        time_check_overlap: 3.7907e-05
        num_overlapping_windows: 8
        time_merge_windows: 1.1232e-05
        time_remove_window: 1.354e-06
        time_remove_window: 1.0546e-05
        timing_PlanIn:
            total_PlanIn:1.8402
            num_until_goal_expanded:73447
            timing_expansions:
                total_S3Exp: 1.84016
                time_top_o: 0.0854884
                time_check_in_c: 0.0307054
                time_add_parent: 0.0619985
                num_neighbors: 2641324
                time_add_neighbors_to_o: 1.40524
    num_new_collisions: 13
    timing_PIOW_new_collisions:
        total_PIOW: 0.00483119
        num_windows: 70
        time_check_overlap: 5.293e-06
        num_overlapping_windows: 0
        time_merge_windows: 0
        time_remove_window: 0
        time_remove_window: 4.296e-06
        timing_PlanIn:
            total_PlanIn:0.00477527
            num_until_goal_expanded:313
            timing_expansions:
                total_S3Exp: 0.0047094
                time_top_o: 0.000126175
                time_check_in_c: 0.00014735
                time_add_parent: 0.000319052
                num_neighbors: 2634
                time_add_neighbors_to_o: 0.00302458
    num_windows_should_quit: 5
    time_should_quit: 5.611e-06
    time_remove_window: 5.55e-07
Complete!
