Total time: 0.483451
is_optimal: false
optimality_bound: 1.00345
successive_bounds: [1.00499, 1.00499, 1.00499, 1.00499, 1.00499, 1.00499, 1.00422, 1.00422, 1.00422, 1.00422, 1.00422, 1.00422, 1.00422, 1.00422, 1.00345]
successive_runtimes: [0.00934515, 0.0145347, 0.0201514, 0.0268396, 0.0342714, 0.0427558, 0.0521475, 0.0627709, 0.0742696, 0.0911706, 0.111332, 0.141172, 0.172078, 0.227985, 0.483451]
num_agents: 40
time_individual_plan: 0.00449262
time_first_plan: 0.00432963
num_max_agents_in_window_first_iteration: 2
num_recWAMPF: 15
timing_recWAMPF:
    total_RecWAMPF: 0.478432
    num_windows: 211
    num_max_agents_in_window: 3
    timing_gari:
        total_GARI: 0.221898
        time_path_btw_starts: 0.000739662
        Stage1:
            total_Stage1:0.105398
            time_add_x_to_o: 0.0452224
            time_clear_x: 0.00742332
            timing_AStarSearchUntil:
                total_astar_search_until:0.0527394
                num_values_f_less_fmax:34174
                ASU Exp:
                    total_ASUExp:0.0527337
                    time_top_o:0.00904357
                    time_check_in_c:0.0052401
                    time_add_parent:0.00252829
                    num_neighbors:75587
                    time_add_neighbors_to_o:0.0273721
        Stage2:
            total_Stage2:0.0302155
            num_len_path:232
            time_expanding_s:0.000125076
            timing_AStarSearchUntil:
                total_astar_search_until:0.0300111
                num_values_f_less_fmax:2265
                ASU Exp:
                    total_ASUExp:0.0300064
                    time_top_o:0.000593339
                    time_check_in_c:0.000485634
                    time_add_parent:0.000705301
                    num_neighbors:61182
                    time_add_neighbors_to_o:0.0259629
        Stage3:
            total_Stage3:0.0854956
            num_until_goal_expanded:16420
            timing_S3Exp:
                total_S3Exp: 0.0679758
                time_top_o: 0.00414832
                time_check_in_c: 0.00257426
                time_add_parent: 0.00488479
                num_neighbors: 102043
                time_add_neighbors_to_o: 0.0416976
    timing_PIOW_overlapping:
        total_PIOW: 0.243123
        num_windows: 807
        time_check_overlap: 2.7122e-05
        num_overlapping_windows: 6
        time_merge_windows: 1.0402e-05
        time_remove_window: 1.819e-06
        time_remove_window: 1.0075e-05
        timing_PlanIn:
            total_PlanIn:0.243055
            num_until_goal_expanded:5768
            timing_expansions:
                total_S3Exp: 0.243039
                time_top_o: 0.0024628
                time_check_in_c: 0.00116795
                time_add_parent: 0.00191246
                num_neighbors: 459058
                time_add_neighbors_to_o: 0.218504
    num_new_collisions: 9
    timing_PIOW_new_collisions:
        total_PIOW: 0.00452042
        num_windows: 71
        time_check_overlap: 2.402e-06
        num_overlapping_windows: 1
        time_merge_windows: 0
        time_remove_window: 0.138754
        time_remove_window: 3.626e-06
        timing_PlanIn:
            total_PlanIn:0.00450369
            num_until_goal_expanded:518
            timing_expansions:
                total_S3Exp: 0.0044871
                time_top_o: 7.5489e-05
                time_check_in_c: 9.4342e-05
                time_add_parent: 0.000140638
                num_neighbors: 6682
                time_add_neighbors_to_o: 0.00342819
    num_windows_should_quit: 0
    time_should_quit: 9.226e-06
    time_remove_window: 0
Complete!
