Total time: 0.0501283
is_optimal: true
optimality_bound: 1
successive_bounds: [1.00787, 1.00787, 1.00787, 1.00315, 1.00315, 1.00315, 1.00315, 1.00315, 1.00315, 1.00315, 1.00315, 1.00315, 1.00315, 1.00315, 1.00315, 1.00157, 1.00157, 1.00157, 1.00157, 1.00157, 1.00157, 1.00157, 1.00157, 1, 1]
successive_runtimes: [0.0042008, 0.00554963, 0.00679302, 0.00952275, 0.0118292, 0.0138578, 0.0162214, 0.0189522, 0.021858, 0.0243387, 0.0268553, 0.0297302, 0.0325441, 0.035505, 0.0386289, 0.0416436, 0.0431183, 0.0441845, 0.0450681, 0.0459698, 0.0468523, 0.0477804, 0.0486784, 0.0501283]
num_agents: 20
time_individual_plan: 0.00271104
time_first_plan: 0.000962875
num_max_agents_in_window_first_iteration: 2
num_recWAMPF: 24
timing_recWAMPF:
    total_RecWAMPF: 0.046887
    num_windows: 193
    num_max_agents_in_window: 3
    timing_gari:
        total_GARI: 0.0423488
        time_path_btw_starts: 0.000462694
        Stage1:
            total_Stage1:0.0131473
            time_add_x_to_o: 0.00666099
            time_clear_x: 0.00100822
            timing_AStarSearchUntil:
                total_astar_search_until:0.00546823
                num_values_f_less_fmax:4238
                ASU Exp:
                    total_ASUExp:0.00546404
                    time_top_o:0.00099647
                    time_check_in_c:0.000545072
                    time_add_parent:0.000293273
                    num_neighbors:7755
                    time_add_neighbors_to_o:0.00272534
        Stage2:
            total_Stage2:0.00429462
            num_len_path:156
            time_expanding_s:7.9125e-05
            timing_AStarSearchUntil:
                total_astar_search_until:0.00416467
                num_values_f_less_fmax:297
                ASU Exp:
                    total_ASUExp:0.00416091
                    time_top_o:7.6205e-05
                    time_check_in_c:5.3892e-05
                    time_add_parent:8.8536e-05
                    num_neighbors:9626
                    time_add_neighbors_to_o:0.00355757
        Stage3:
            total_Stage3:0.0240153
            num_until_goal_expanded:2580
            timing_S3Exp:
                total_S3Exp: 0.0150557
                time_top_o: 0.000600171
                time_check_in_c: 0.000364334
                time_add_parent: 0.000709195
                num_neighbors: 22936
                time_add_neighbors_to_o: 0.0103064
    timing_PIOW_overlapping:
        total_PIOW: 0.000960289
        num_windows: 391
        time_check_overlap: 1.456e-05
        num_overlapping_windows: 1
        time_merge_windows: 1.032e-06
        time_remove_window: 1.41e-07
        time_remove_window: 9.83e-07
        timing_PlanIn:
            total_PlanIn:0.000933441
            num_until_goal_expanded:31
            timing_expansions:
                total_S3Exp: 0.000931333
                time_top_o: 6.241e-06
                time_check_in_c: 5.235e-06
                time_add_parent: 8.894e-06
                num_neighbors: 1520
                time_add_neighbors_to_o: 0.00082444
    num_new_collisions: 5
    timing_PIOW_new_collisions:
        total_PIOW: 0.000742277
        num_windows: 20
        time_check_overlap: 7.34e-07
        num_overlapping_windows: 0
        time_merge_windows: 0
        time_remove_window: 0
        time_remove_window: 2.203e-06
        timing_PlanIn:
            total_PlanIn:0.000734588
            num_until_goal_expanded:95
            timing_expansions:
                total_S3Exp: 0.000726193
                time_top_o: 1.1819e-05
                time_check_in_c: 1.6192e-05
                time_add_parent: 2.355e-05
                num_neighbors: 1113
                time_add_neighbors_to_o: 0.000536299
    num_windows_should_quit: 0
    time_should_quit: 5.999e-06
    time_remove_window: 0
Complete!
