Total time: 57.508
is_optimal: false
optimality_bound: 1.0022
successive_bounds: [1.01539, 1.00577, 1.00577, 1.00577, 1.00522, 1.00467, 1.00412, 1.0033, 1.00275, 1.00275, 1.00275, 1.0022]
successive_runtimes: [0.0741732, 1.43213, 1.69204, 7.10444, 17.9314, 31.3929, 38.4716, 45.0404, 49.951, 52.5076, 54.9549, 57.508]
num_agents: 50
time_individual_plan: 0.0142765
time_first_plan: 0.0591825
num_max_agents_in_window_first_iteration: 4
num_recWAMPF: 12
timing_recWAMPF:
    total_RecWAMPF: 57.493
    num_windows: 371
    num_max_agents_in_window: 5
    timing_gari:
        total_GARI: 57.1791
        time_path_btw_starts: 0.00195738
        Stage1:
            total_Stage1:38.2345
            time_add_x_to_o: 6.8869
            time_clear_x: 3.06961
            timing_AStarSearchUntil:
                total_astar_search_until:28.278
                num_values_f_less_fmax:97800
                ASU Exp:
                    total_ASUExp:28.2779
                    time_top_o:0.210052
                    time_check_in_c:0.0597464
                    time_add_parent:0.0600739
                    num_neighbors:40010099
                    time_add_neighbors_to_o:27.6854
        Stage2:
            total_Stage2:0.392869
            num_len_path:391
            time_expanding_s:0.00955837
            timing_AStarSearchUntil:
                total_astar_search_until:0.383086
                num_values_f_less_fmax:1063
                ASU Exp:
                    total_ASUExp:0.383076
                    time_top_o:0.000753877
                    time_check_in_c:0.000378479
                    time_add_parent:0.000526128
                    num_neighbors:530492
                    time_add_neighbors_to_o:0.3714
        Stage3:
            total_Stage3:18.5467
            num_until_goal_expanded:36293
            timing_S3Exp:
                total_S3Exp: 4.97242
                time_top_o: 0.0421257
                time_check_in_c: 0.0134678
                time_add_parent: 0.0305376
                num_neighbors: 7180317
                time_add_neighbors_to_o: 4.76789
    timing_PIOW_overlapping:
        total_PIOW: 0.246859
        num_windows: 2879
        time_check_overlap: 0.0001346
        num_overlapping_windows: 1
        time_merge_windows: 2.815e-06
        time_remove_window: 5.18e-07
        time_remove_window: 2.749e-06
        timing_PlanIn:
            total_PlanIn:0.246628
            num_until_goal_expanded:310
            timing_expansions:
                total_S3Exp: 0.246624
                time_top_o: 0.000296165
                time_check_in_c: 0.000114591
                time_add_parent: 0.000193141
                num_neighbors: 350894
                time_add_neighbors_to_o: 0.233407
    num_new_collisions: 21
    timing_PIOW_new_collisions:
        total_PIOW: 0.0552744
        num_windows: 457
        time_check_overlap: 1.8497e-05
        num_overlapping_windows: 4
        time_merge_windows: 0
        time_remove_window: 1.52556
        time_remove_window: 1.2102e-05
        timing_PlanIn:
            total_PlanIn:0.0551767
            num_until_goal_expanded:859
            timing_expansions:
                total_S3Exp: 0.0551227
                time_top_o: 0.000215264
                time_check_in_c: 0.000220641
                time_add_parent: 0.000352829
                num_neighbors: 87961
                time_add_neighbors_to_o: 0.0496545
    num_windows_should_quit: 0
    time_should_quit: 4.4235e-05
    time_remove_window: 0
Complete!
