Total time: 12.6618
is_optimal: false
optimality_bound: 1.00055
successive_bounds: [1.00496, 1.00496, 1.00441, 1.00358, 1.00303, 1.00248, 1.00248, 1.00193, 1.00193, 1.0011, 1.0011, 1.0011, 1.00055, 1.00055, 1.00055, 1.00055, 1.00055, 1.00055, 1.00055, 1.00055, 1.00055, 1.00055, 1.00055, 1.00055, 1.00055, 1.00055, 1.00055, 1.00055, 1.00055, 1.00055, 1.00055, 1.00055]
successive_runtimes: [0.0146132, 0.0199225, 0.0258251, 0.0356108, 0.043432, 0.0497292, 0.31455, 1.04607, 1.98232, 2.92464, 4.00373, 5.32943, 6.9554, 8.12921, 8.6736, 9.22026, 9.76457, 10.3091, 10.8535, 11.5817, 11.8065, 11.8925, 11.972, 12.0511, 12.1307, 12.2092, 12.2939, 12.3761, 12.4484, 12.5197, 12.5908, 12.6618]
num_agents: 50
time_individual_plan: 0.00871441
time_first_plan: 0.00511156
num_max_agents_in_window_first_iteration: 2
num_recWAMPF: 32
timing_recWAMPF:
    total_RecWAMPF: 12.6523
    num_windows: 394
    num_max_agents_in_window: 5
    timing_gari:
        total_GARI: 12.1861
        time_path_btw_starts: 0.00693483
        Stage1:
            total_Stage1:5.16185
            time_add_x_to_o: 1.96356
            time_clear_x: 0.803882
            timing_AStarSearchUntil:
                total_astar_search_until:2.39438
                num_values_f_less_fmax:17164
                ASU Exp:
                    total_ASUExp:2.39436
                    time_top_o:0.0260988
                    time_check_in_c:0.0510469
                    time_add_parent:0.00490734
                    num_neighbors:4185818
                    time_add_neighbors_to_o:2.29526
        Stage2:
            total_Stage2:0.0682053
            num_len_path:306
            time_expanding_s:0.00531648
            timing_AStarSearchUntil:
                total_astar_search_until:0.062613
                num_values_f_less_fmax:394
                ASU Exp:
                    total_ASUExp:0.0626028
                    time_top_o:0.000224948
                    time_check_in_c:0.000123222
                    time_add_parent:0.00104
                    num_neighbors:73513
                    time_add_neighbors_to_o:0.0505658
        Stage3:
            total_Stage3:6.949
            num_until_goal_expanded:5533
            timing_S3Exp:
                total_S3Exp: 1.06077
                time_top_o: 0.00504819
                time_check_in_c: 0.00599615
                time_add_parent: 0.00384157
                num_neighbors: 1215449
                time_add_neighbors_to_o: 0.795282
    timing_PIOW_overlapping:
        total_PIOW: 0.272337
        num_windows: 1415
        time_check_overlap: 8.1487e-05
        num_overlapping_windows: 6
        time_merge_windows: 8.23e-06
        time_remove_window: 1.617e-06
        time_remove_window: 7.869e-06
        timing_PlanIn:
            total_PlanIn:0.272185
            num_until_goal_expanded:892
            timing_expansions:
                total_S3Exp: 0.27217
                time_top_o: 0.000536504
                time_check_in_c: 0.000242929
                time_add_parent: 0.000369128
                num_neighbors: 450262
                time_add_neighbors_to_o: 0.256057
    num_new_collisions: 12
    timing_PIOW_new_collisions:
        total_PIOW: 0.174231
        num_windows: 120
        time_check_overlap: 6.393e-06
        num_overlapping_windows: 1
        time_merge_windows: 0
        time_remove_window: 11.4176
        time_remove_window: 9.988e-06
        timing_PlanIn:
            total_PlanIn:0.174191
            num_until_goal_expanded:314
            timing_expansions:
                total_S3Exp: 0.174163
                time_top_o: 0.000129384
                time_check_in_c: 8.4289e-05
                time_add_parent: 0.000134878
                num_neighbors: 165380
                time_add_neighbors_to_o: 0.168112
    num_windows_should_quit: 1
    time_should_quit: 2.6215e-05
    time_remove_window: 3.9e-07
Complete!
