Total time: 0.691879
is_optimal: true
optimality_bound: 1
successive_bounds: [1.00543, 1.00543, 1.00543, 1.00543, 1.00543, 1.00543, 1.00543, 1.00346, 1.00296, 1.00296, 1.00198, 1.00099, 1.00099, 1.00099, 1.00099, 1.00099, 1, 1]
successive_runtimes: [0.00618227, 0.00720358, 0.00817357, 0.0091707, 0.0102128, 0.0119173, 0.0133141, 0.1031, 0.228421, 0.307862, 0.382149, 0.459952, 0.505359, 0.550876, 0.596821, 0.643347, 0.691879]
num_agents: 30
time_individual_plan: 0.00415144
time_first_plan: 0.00130689
num_max_agents_in_window_first_iteration: 2
num_recWAMPF: 17
timing_recWAMPF:
    total_RecWAMPF: 0.686997
    num_windows: 192
    num_max_agents_in_window: 4
    timing_gari:
        total_GARI: 0.594676
        time_path_btw_starts: 0.00118111
        Stage1:
            total_Stage1:0.211032
            time_add_x_to_o: 0.122037
            time_clear_x: 0.0266376
            timing_AStarSearchUntil:
                total_astar_search_until:0.0623438
                num_values_f_less_fmax:680
                ASU Exp:
                    total_ASUExp:0.0623382
                    time_top_o:0.000689519
                    time_check_in_c:0.0124484
                    time_add_parent:0.000382513
                    num_neighbors:83885
                    time_add_neighbors_to_o:0.0466197
        Stage2:
            total_Stage2:0.0218162
            num_len_path:174
            time_expanding_s:0.000787131
            timing_AStarSearchUntil:
                total_astar_search_until:0.0209406
                num_values_f_less_fmax:615
                ASU Exp:
                    total_ASUExp:0.0209361
                    time_top_o:0.000235131
                    time_check_in_c:0.000139723
                    time_add_parent:0.000232514
                    num_neighbors:37747
                    time_add_neighbors_to_o:0.019363
        Stage3:
            total_Stage3:0.360265
            num_until_goal_expanded:599
            timing_S3Exp:
                total_S3Exp: 0.0337425
                time_top_o: 0.000202922
                time_check_in_c: 0.000114892
                time_add_parent: 0.000223844
                num_neighbors: 31470
                time_add_neighbors_to_o: 0.026654
    timing_PIOW_overlapping:
        total_PIOW: 0.0881415
        num_windows: 571
        time_check_overlap: 3.4716e-05
        num_overlapping_windows: 2
        time_merge_windows: 2.655e-06
        time_remove_window: 6.41e-07
        time_remove_window: 2.516e-06
        timing_PlanIn:
            total_PlanIn:0.0880752
            num_until_goal_expanded:223
            timing_expansions:
                total_S3Exp: 0.0880697
                time_top_o: 0.000116907
                time_check_in_c: 5.7188e-05
                time_add_parent: 8.6504e-05
                num_neighbors: 126733
                time_add_neighbors_to_o: 0.083368
    num_new_collisions: 7
    timing_PIOW_new_collisions:
        total_PIOW: 0.000736915
        num_windows: 42
        time_check_overlap: 2.124e-06
        num_overlapping_windows: 0
        time_merge_windows: 0
        time_remove_window: 0
        time_remove_window: 4.067e-06
        timing_PlanIn:
            total_PlanIn:0.000720902
            num_until_goal_expanded:48
            timing_expansions:
                total_S3Exp: 0.00070768
                time_top_o: 9.078e-06
                time_check_in_c: 3.0326e-05
                time_add_parent: 1.6636e-05
                num_neighbors: 860
                time_add_neighbors_to_o: 0.000541495
    num_windows_should_quit: 0
    time_should_quit: 1.1282e-05
    time_remove_window: 0
Complete!
