Total time: 0.0394199
is_optimal: true
optimality_bound: 1
successive_bounds: [1.00364, 1.00312, 1.00312, 1.00312, 1.00312, 1.00312, 1.00312, 1.00312, 1.00312, 1.00312, 1.00312, 1.00208, 1.00208, 1.00208, 1.00208, 1.00208, 1.00208, 1.00208, 1.00208, 1.00208, 1.00104, 1.00104, 1.00104, 1.00104, 1.00104, 1.00104, 1, 1]
successive_runtimes: [0.00551359, 0.00641459, 0.00719431, 0.00799131, 0.00884658, 0.00976867, 0.0112993, 0.0122702, 0.0132867, 0.0143818, 0.0157469, 0.0171329, 0.0184371, 0.0198459, 0.0210806, 0.022292, 0.0235498, 0.0248926, 0.0262779, 0.0275477, 0.0305864, 0.0320423, 0.0334073, 0.0347546, 0.036265, 0.037758, 0.0394199]
num_agents: 30
time_individual_plan: 0.00413142
time_first_plan: 0.000854422
num_max_agents_in_window_first_iteration: 2
num_recWAMPF: 27
timing_recWAMPF:
    total_RecWAMPF: 0.0347567
    num_windows: 212
    num_max_agents_in_window: 2
    timing_gari:
        total_GARI: 0.027162
        time_path_btw_starts: 0.000455067
        Stage1:
            total_Stage1:0.00922598
            time_add_x_to_o: 0.00369485
            time_clear_x: 0.000414604
            timing_AStarSearchUntil:
                total_astar_search_until:0.00510588
                num_values_f_less_fmax:875
                ASU Exp:
                    total_ASUExp:0.00510133
                    time_top_o:0.000210932
                    time_check_in_c:0.000164258
                    time_add_parent:0.000138147
                    num_neighbors:10770
                    time_add_neighbors_to_o:0.0039844
        Stage2:
            total_Stage2:0.00524288
            num_len_path:210
            time_expanding_s:8.74e-05
            timing_AStarSearchUntil:
                total_astar_search_until:0.00510248
                num_values_f_less_fmax:435
                ASU Exp:
                    total_ASUExp:0.00509824
                    time_top_o:0.000105848
                    time_check_in_c:8.1343e-05
                    time_add_parent:0.000129552
                    num_neighbors:11092
                    time_add_neighbors_to_o:0.00430416
        Stage3:
            total_Stage3:0.0122093
            num_until_goal_expanded:574
            timing_S3Exp:
                total_S3Exp: 0.00453307
                time_top_o: 0.000111138
                time_check_in_c: 7.2495e-05
                time_add_parent: 0.000139159
                num_neighbors: 7037
                time_add_neighbors_to_o: 0.00317999
    timing_PIOW_overlapping:
        total_PIOW: 2.4656e-05
        num_windows: 416
        time_check_overlap: 1.4021e-05
        num_overlapping_windows: 0
        time_merge_windows: 0
        time_remove_window: 0
        time_remove_window: 0
        timing_PlanIn:
            total_PlanIn:0
            num_until_goal_expanded:0
            timing_expansions:
                total_S3Exp: 0
                time_top_o: 0
                time_check_in_c: 0
                time_add_parent: 0
                num_neighbors: 0
                time_add_neighbors_to_o: 0
    num_new_collisions: 4
    timing_PIOW_new_collisions:
        total_PIOW: 0.000370637
        num_windows: 12
        time_check_overlap: 4.14e-07
        num_overlapping_windows: 0
        time_merge_windows: 0
        time_remove_window: 0
        time_remove_window: 1.414e-06
        timing_PlanIn:
            total_PlanIn:0.000364959
            num_until_goal_expanded:39
            timing_expansions:
                total_S3Exp: 0.000357488
                time_top_o: 5.899e-06
                time_check_in_c: 6.774e-06
                time_add_parent: 1.0838e-05
                num_neighbors: 593
                time_add_neighbors_to_o: 0.000260794
    num_windows_should_quit: 0
    time_should_quit: 5.627e-06
    time_remove_window: 0
Complete!
