Total time: 0.057885
is_optimal: true
optimality_bound: 1
successive_bounds: [1.00306, 1.00306, 1.00306, 1.00306, 1.00306, 1.00306, 1.00306, 1.00306, 1.00306, 1.00306, 1.00306, 1.00306, 1.00306, 1.00306, 1.00306, 1.00306, 1.00306, 1.00306, 1.00306, 1.00306, 1.00306, 1.00306, 1.00306, 1.00306, 1.00306, 1.00306, 1, 1]
successive_runtimes: [0.00189875, 0.00229794, 0.00265203, 0.00300796, 0.00335582, 0.00373551, 0.00408716, 0.00443978, 0.0047909, 0.00514343, 0.00552319, 0.00599154, 0.00652275, 0.00712981, 0.00774228, 0.00842767, 0.00921459, 0.0100873, 0.0110311, 0.0120171, 0.0130394, 0.0141387, 0.0203216, 0.0292806, 0.0385743, 0.0478283, 0.0578849]
num_agents: 10
time_individual_plan: 0.00111536
time_first_plan: 0.000265521
num_max_agents_in_window_first_iteration: 2
num_recWAMPF: 27
timing_recWAMPF:
    total_RecWAMPF: 0.0562485
    num_windows: 53
    num_max_agents_in_window: 2
    timing_gari:
        total_GARI: 0.0554072
        time_path_btw_starts: 0.000103207
        Stage1:
            total_Stage1:0.0413997
            time_add_x_to_o: 0.0124404
            time_clear_x: 0.00219132
            timing_AStarSearchUntil:
                total_astar_search_until:0.0267645
                num_values_f_less_fmax:5761
                ASU Exp:
                    total_ASUExp:0.0267632
                    time_top_o:0.00180408
                    time_check_in_c:0.00120027
                    time_add_parent:0.0010367
                    num_neighbors:52030
                    time_add_neighbors_to_o:0.0193887
        Stage2:
            total_Stage2:0.00576269
            num_len_path:55
            time_expanding_s:2.1123e-05
            timing_AStarSearchUntil:
                total_astar_search_until:0.00572574
                num_values_f_less_fmax:402
                ASU Exp:
                    total_ASUExp:0.00572457
                    time_top_o:0.000109735
                    time_check_in_c:8.0862e-05
                    time_add_parent:0.000107257
                    num_neighbors:11958
                    time_add_neighbors_to_o:0.00504895
        Stage3:
            total_Stage3:0.00813284
            num_until_goal_expanded:981
            timing_S3Exp:
                total_S3Exp: 0.00441868
                time_top_o: 0.000226916
                time_check_in_c: 0.000142176
                time_add_parent: 0.000300701
                num_neighbors: 7423
                time_add_neighbors_to_o: 0.00272821
    timing_PIOW_overlapping:
        total_PIOW: 6.43e-07
        num_windows: 26
        time_check_overlap: 0
        num_overlapping_windows: 0
        time_merge_windows: 0
        time_remove_window: 0
        time_remove_window: 0
        timing_PlanIn:
            total_PlanIn:0
            num_until_goal_expanded:0
            timing_expansions:
                total_S3Exp: 0
                time_top_o: 0
                time_check_in_c: 0
                time_add_parent: 0
                num_neighbors: 0
                time_add_neighbors_to_o: 0
    num_new_collisions: 1
    timing_PIOW_new_collisions:
        total_PIOW: 0.000228867
        num_windows: 0
        time_check_overlap: 0
        num_overlapping_windows: 0
        time_merge_windows: 0
        time_remove_window: 0
        time_remove_window: 3.09e-07
        timing_PlanIn:
            total_PlanIn:0.000227379
            num_until_goal_expanded:40
            timing_expansions:
                total_S3Exp: 0.000224157
                time_top_o: 4.96e-06
                time_check_in_c: 7.738e-06
                time_add_parent: 1.0551e-05
                num_neighbors: 304
                time_add_neighbors_to_o: 0.000137115
    num_windows_should_quit: 0
    time_should_quit: 1.591e-06
    time_remove_window: 0
Complete!
