Total time: 0.00628374
is_optimal: true
optimality_bound: 1
successive_bounds: [1.00161, 1.00161, 1.00161, 1.00161, 1.00161, 1.00161, 1.00161, 1.00161, 1, 1]
successive_runtimes: [0.00315224, 0.00343411, 0.00372762, 0.00409368, 0.00443534, 0.0047834, 0.00530374, 0.00585507, 0.00628372]
num_agents: 20
time_individual_plan: 0.00238272
time_first_plan: 0.00025157
num_max_agents_in_window_first_iteration: 2
num_recWAMPF: 9
timing_recWAMPF:
    total_RecWAMPF: 0.00338141
    num_windows: 17
    num_max_agents_in_window: 2
    timing_gari:
        total_GARI: 0.00243671
        time_path_btw_starts: 3.4016e-05
        Stage1:
            total_Stage1:0.00109983
            time_add_x_to_o: 0.000577676
            time_clear_x: 8.5988e-05
            timing_AStarSearchUntil:
                total_astar_search_until:0.000435207
                num_values_f_less_fmax:228
                ASU Exp:
                    total_ASUExp:0.000434768
                    time_top_o:4.8849e-05
                    time_check_in_c:2.9595e-05
                    time_add_parent:9.611e-06
                    num_neighbors:839
                    time_add_neighbors_to_o:0.000275877
        Stage2:
            total_Stage2:0.000309498
            num_len_path:16
            time_expanding_s:5.43e-06
            timing_AStarSearchUntil:
                total_astar_search_until:0.000299579
                num_values_f_less_fmax:24
                ASU Exp:
                    total_ASUExp:0.000299198
                    time_top_o:5.181e-06
                    time_check_in_c:2.0438e-05
                    time_add_parent:5.604e-06
                    num_neighbors:705
                    time_add_neighbors_to_o:0.000243467
        Stage3:
            total_Stage3:0.00099083
            num_until_goal_expanded:157
            timing_S3Exp:
                total_S3Exp: 0.000808478
                time_top_o: 3.1886e-05
                time_check_in_c: 2.1445e-05
                time_add_parent: 4.212e-05
                num_neighbors: 1483
                time_add_neighbors_to_o: 0.000555079
    timing_PIOW_overlapping:
        total_PIOW: 2.15e-07
        num_windows: 8
        time_check_overlap: 0
        num_overlapping_windows: 0
        time_merge_windows: 0
        time_remove_window: 0
        time_remove_window: 0
        timing_PlanIn:
            total_PlanIn:0
            num_until_goal_expanded:0
            timing_expansions:
                total_S3Exp: 0
                time_top_o: 0
                time_check_in_c: 0
                time_add_parent: 0
                num_neighbors: 0
                time_add_neighbors_to_o: 0
    num_new_collisions: 1
    timing_PIOW_new_collisions:
        total_PIOW: 0.000128818
        num_windows: 0
        time_check_overlap: 0
        num_overlapping_windows: 0
        time_merge_windows: 0
        time_remove_window: 0
        time_remove_window: 3.41e-07
        timing_PlanIn:
            total_PlanIn:0.000127307
            num_until_goal_expanded:19
            timing_expansions:
                total_S3Exp: 0.000123162
                time_top_o: 2.606e-06
                time_check_in_c: 3.811e-06
                time_add_parent: 5.7e-06
                num_neighbors: 162
                time_add_neighbors_to_o: 7.2972e-05
    num_windows_should_quit: 0
    time_should_quit: 4.73e-07
    time_remove_window: 0
Complete!
