Total time: 0.150706
is_optimal: false
optimality_bound: 1.00335
successive_bounds: [1.00484, 1.00484, 1.0041, 1.00335, 1.00335, 1.00335, 1.00335, 1.00335, 1.0041, 1.00335, 1.00335]
successive_runtimes: [0.009945, 0.0137395, 0.0180939, 0.0244347, 0.0337632, 0.0456898, 0.0572145, 0.081128, 0.104306, 0.128647, 0.150706]
num_agents: 40
time_individual_plan: 0.0053292
time_first_plan: 0.00403127
num_max_agents_in_window_first_iteration: 3
num_recWAMPF: 11
timing_recWAMPF:
    total_RecWAMPF: 0.144789
    num_windows: 189
    num_max_agents_in_window: 3
    timing_gari:
        total_GARI: 0.129528
        time_path_btw_starts: 0.000654507
        Stage1:
            total_Stage1:0.0671132
            time_add_x_to_o: 0.0283076
            time_clear_x: 0.00396743
            timing_AStarSearchUntil:
                total_astar_search_until:0.0348269
                num_values_f_less_fmax:8624
                ASU Exp:
                    total_ASUExp:0.0348224
                    time_top_o:0.00239177
                    time_check_in_c:0.00169382
                    time_add_parent:0.00187393
                    num_neighbors:68484
                    time_add_neighbors_to_o:0.0259354
        Stage2:
            total_Stage2:0.00675142
            num_len_path:176
            time_expanding_s:9.6794e-05
            timing_AStarSearchUntil:
                total_astar_search_until:0.00659888
                num_values_f_less_fmax:292
                ASU Exp:
                    total_ASUExp:0.00659516
                    time_top_o:7.9851e-05
                    time_check_in_c:7.3273e-05
                    time_add_parent:8.8895e-05
                    num_neighbors:15320
                    time_add_neighbors_to_o:0.00599788
        Stage3:
            total_Stage3:0.0549735
            num_until_goal_expanded:4759
            timing_S3Exp:
                total_S3Exp: 0.043236
                time_top_o: 0.00127147
                time_check_in_c: 0.000714547
                time_add_parent: 0.00144472
                num_neighbors: 86978
                time_add_neighbors_to_o: 0.0350749
    timing_PIOW_overlapping:
        total_PIOW: 4.4921e-05
        num_windows: 810
        time_check_overlap: 2.6618e-05
        num_overlapping_windows: 0
        time_merge_windows: 0
        time_remove_window: 0
        time_remove_window: 0
        timing_PlanIn:
            total_PlanIn:0
            num_until_goal_expanded:0
            timing_expansions:
                total_S3Exp: 0
                time_top_o: 0
                time_check_in_c: 0
                time_add_parent: 0
                num_neighbors: 0
                time_add_neighbors_to_o: 0
    num_new_collisions: 12
    timing_PIOW_new_collisions:
        total_PIOW: 0.00848674
        num_windows: 142
        time_check_overlap: 4.575e-06
        num_overlapping_windows: 3
        time_merge_windows: 0
        time_remove_window: 0.212173
        time_remove_window: 4.29e-06
        timing_PlanIn:
            total_PlanIn:0.00846153
            num_until_goal_expanded:430
            timing_expansions:
                total_S3Exp: 0.00843828
                time_top_o: 7.686e-05
                time_check_in_c: 8.1227e-05
                time_add_parent: 0.000115124
                num_neighbors: 14381
                time_add_neighbors_to_o: 0.00720763
    num_windows_should_quit: 0
    time_should_quit: 8.534e-06
    time_remove_window: 0
Complete!
