Total time: 0.0132923
is_optimal: true
optimality_bound: 1
successive_bounds: [1.00148, 1.00148, 1.00148, 1.00148, 1.00148, 1.00148, 1, 1]
successive_runtimes: [0.0036233, 0.00471634, 0.00588731, 0.00742802, 0.0094901, 0.0114939, 0.0132923]
num_agents: 20
time_individual_plan: 0.0025251
time_first_plan: 0.000465866
num_max_agents_in_window_first_iteration: 2
num_recWAMPF: 7
timing_recWAMPF:
    total_RecWAMPF: 0.0101329
    num_windows: 13
    num_max_agents_in_window: 2
    timing_gari:
        total_GARI: 0.00903552
        time_path_btw_starts: 3.446e-05
        Stage1:
            total_Stage1:0.00456638
            time_add_x_to_o: 0.00169803
            time_clear_x: 0.000248251
            timing_AStarSearchUntil:
                total_astar_search_until:0.00261924
                num_values_f_less_fmax:1875
                ASU Exp:
                    total_ASUExp:0.00261887
                    time_top_o:0.000482769
                    time_check_in_c:0.00031415
                    time_add_parent:0.000109395
                    num_neighbors:2412
                    time_add_neighbors_to_o:0.00097089
        Stage2:
            total_Stage2:0.00028856
            num_len_path:12
            time_expanding_s:5.083e-06
            timing_AStarSearchUntil:
                total_astar_search_until:0.000278782
                num_values_f_less_fmax:18
                ASU Exp:
                    total_ASUExp:0.000278489
                    time_top_o:4.616e-06
                    time_check_in_c:3.857e-06
                    time_add_parent:4.964e-06
                    num_neighbors:540
                    time_add_neighbors_to_o:0.000244802
        Stage3:
            total_Stage3:0.00414352
            num_until_goal_expanded:747
            timing_S3Exp:
                total_S3Exp: 0.00346473
                time_top_o: 0.000214924
                time_check_in_c: 0.000121288
                time_add_parent: 0.000264424
                num_neighbors: 4504
                time_add_neighbors_to_o: 0.00218191
    timing_PIOW_overlapping:
        total_PIOW: 6.89e-07
        num_windows: 6
        time_check_overlap: 0
        num_overlapping_windows: 0
        time_merge_windows: 0
        time_remove_window: 0
        time_remove_window: 0
        timing_PlanIn:
            total_PlanIn:0
            num_until_goal_expanded:0
            timing_expansions:
                total_S3Exp: 0
                time_top_o: 0
                time_check_in_c: 0
                time_add_parent: 0
                num_neighbors: 0
                time_add_neighbors_to_o: 0
    num_new_collisions: 1
    timing_PIOW_new_collisions:
        total_PIOW: 0.00031412
        num_windows: 0
        time_check_overlap: 0
        num_overlapping_windows: 0
        time_merge_windows: 0
        time_remove_window: 0
        time_remove_window: 3.53e-07
        timing_PlanIn:
            total_PlanIn:0.000312107
            num_until_goal_expanded:51
            timing_expansions:
                total_S3Exp: 0.000308919
                time_top_o: 7.674e-06
                time_check_in_c: 1.0609e-05
                time_add_parent: 1.5801e-05
                num_neighbors: 373
                time_add_neighbors_to_o: 0.000192969
    num_windows_should_quit: 0
    time_should_quit: 4.64e-07
    time_remove_window: 0
Complete!
