Total time: 2.5431
is_optimal: false
optimality_bound: 1.00278
successive_bounds: [1.00473, 1.00473, 1.00473, 1.00473, 1.00473, 1.00389, 1.00389, 1.00334, 1.00334, 1.00334, 1.00278]
successive_runtimes: [0.0187013, 0.0253753, 0.033063, 0.043124, 0.0508643, 0.101719, 0.346029, 0.748511, 1.23002, 1.79827, 2.5431]
num_agents: 50
time_individual_plan: 0.0103212
time_first_plan: 0.00751398
num_max_agents_in_window_first_iteration: 2
num_recWAMPF: 11
timing_recWAMPF:
    total_RecWAMPF: 2.53191
    num_windows: 199
    num_max_agents_in_window: 4
    timing_gari:
        total_GARI: 2.47005
        time_path_btw_starts: 0.000763185
        Stage1:
            total_Stage1:1.9805
            time_add_x_to_o: 0.51178
            time_clear_x: 0.231931
            timing_AStarSearchUntil:
                total_astar_search_until:1.23678
                num_values_f_less_fmax:8120
                ASU Exp:
                    total_ASUExp:1.23677
                    time_top_o:0.0109071
                    time_check_in_c:0.0251453
                    time_add_parent:0.00302543
                    num_neighbors:2526727
                    time_add_neighbors_to_o:1.17758
        Stage2:
            total_Stage2:0.0143688
            num_len_path:189
            time_expanding_s:0.000126318
            timing_AStarSearchUntil:
                total_astar_search_until:0.0141515
                num_values_f_less_fmax:412
                ASU Exp:
                    total_ASUExp:0.0141399
                    time_top_o:0.000127957
                    time_check_in_c:9.4977e-05
                    time_add_parent:0.000145735
                    num_neighbors:27655
                    time_add_neighbors_to_o:0.0132055
        Stage3:
            total_Stage3:0.474049
            num_until_goal_expanded:1965
            timing_S3Exp:
                total_S3Exp: 0.107456
                time_top_o: 0.000820112
                time_check_in_c: 0.0003391
                time_add_parent: 0.000682509
                num_neighbors: 182976
                time_add_neighbors_to_o: 0.102711
    timing_PIOW_overlapping:
        total_PIOW: 0.0409531
        num_windows: 914
        time_check_overlap: 3.3556e-05
        num_overlapping_windows: 1
        time_merge_windows: 1.309e-06
        time_remove_window: 5.9e-07
        time_remove_window: 1.257e-06
        timing_PlanIn:
            total_PlanIn:0.0408897
            num_until_goal_expanded:192
            timing_expansions:
                total_S3Exp: 0.0408873
                time_top_o: 7.865e-05
                time_check_in_c: 4.4027e-05
                time_add_parent: 6.4848e-05
                num_neighbors: 77915
                time_add_neighbors_to_o: 0.0383737
    num_new_collisions: 12
    timing_PIOW_new_collisions:
        total_PIOW: 0.00638441
        num_windows: 128
        time_check_overlap: 6.373e-06
        num_overlapping_windows: 2
        time_merge_windows: 0
        time_remove_window: 0.12141
        time_remove_window: 7.061e-06
        timing_PlanIn:
            total_PlanIn:0.00634871
            num_until_goal_expanded:203
            timing_expansions:
                total_S3Exp: 0.00631241
                time_top_o: 4.9714e-05
                time_check_in_c: 5.3799e-05
                time_add_parent: 8.9768e-05
                num_neighbors: 7808
                time_add_neighbors_to_o: 0.00542554
    num_windows_should_quit: 0
    time_should_quit: 1.3617e-05
    time_remove_window: 0
Complete!
