Total time: 0.0238831
is_optimal: true
optimality_bound: 1
successive_bounds: [1.00291, 1.00146, 1.00146, 1.00146, 1.00146, 1.00146, 1.00146, 1.00146, 1.00146, 1, 1]
successive_runtimes: [0.00407294, 0.00600935, 0.00740611, 0.00895762, 0.0107993, 0.012745, 0.0150367, 0.0177295, 0.0209189, 0.0238831]
num_agents: 20
time_individual_plan: 0.00272963
time_first_plan: 0.000602922
num_max_agents_in_window_first_iteration: 2
num_recWAMPF: 10
timing_recWAMPF:
    total_RecWAMPF: 0.0204105
    num_windows: 38
    num_max_agents_in_window: 2
    timing_gari:
        total_GARI: 0.0189873
        time_path_btw_starts: 0.000113127
        Stage1:
            total_Stage1:0.00889209
            time_add_x_to_o: 0.00327953
            time_clear_x: 0.000509532
            timing_AStarSearchUntil:
                total_astar_search_until:0.00510068
                num_values_f_less_fmax:3590
                ASU Exp:
                    total_ASUExp:0.0050997
                    time_top_o:0.000962163
                    time_check_in_c:0.000508482
                    time_add_parent:0.000498086
                    num_neighbors:4275
                    time_add_neighbors_to_o:0.0018478
        Stage2:
            total_Stage2:0.00155095
            num_len_path:38
            time_expanding_s:1.732e-05
            timing_AStarSearchUntil:
                total_astar_search_until:0.00152143
                num_values_f_less_fmax:113
                ASU Exp:
                    total_ASUExp:0.00152053
                    time_top_o:3.1085e-05
                    time_check_in_c:2.4131e-05
                    time_add_parent:3.3175e-05
                    num_neighbors:2991
                    time_add_neighbors_to_o:0.00129836
        Stage3:
            total_Stage3:0.00842037
            num_until_goal_expanded:1533
            timing_S3Exp:
                total_S3Exp: 0.00678289
                time_top_o: 0.000435218
                time_check_in_c: 0.000247828
                time_add_parent: 0.000511517
                num_neighbors: 9264
                time_add_neighbors_to_o: 0.00411501
    timing_PIOW_overlapping:
        total_PIOW: 2.96e-06
        num_windows: 36
        time_check_overlap: 1.324e-06
        num_overlapping_windows: 0
        time_merge_windows: 0
        time_remove_window: 0
        time_remove_window: 0
        timing_PlanIn:
            total_PlanIn:0
            num_until_goal_expanded:0
            timing_expansions:
                total_S3Exp: 0
                time_top_o: 0
                time_check_in_c: 0
                time_add_parent: 0
                num_neighbors: 0
                time_add_neighbors_to_o: 0
    num_new_collisions: 2
    timing_PIOW_new_collisions:
        total_PIOW: 0.000423042
        num_windows: 2
        time_check_overlap: 1.52e-07
        num_overlapping_windows: 0
        time_merge_windows: 0
        time_remove_window: 0
        time_remove_window: 6.69e-07
        timing_PlanIn:
            total_PlanIn:0.000419122
            num_until_goal_expanded:61
            timing_expansions:
                total_S3Exp: 0.000413961
                time_top_o: 9.232e-06
                time_check_in_c: 1.211e-05
                time_add_parent: 1.8056e-05
                num_neighbors: 526
                time_add_neighbors_to_o: 0.000269884
    num_windows_should_quit: 0
    time_should_quit: 1.218e-06
    time_remove_window: 0
Complete!
