Total time: 17.7804
is_optimal: true
optimality_bound: 1
successive_bounds: [1.00462, 1.00413, 1.0034, 1.00219, 1.0017, 1.0017, 1.00122, 1.00122, 1.00073, 1.00073, 1.00073, 1.00049, 1, 1]
successive_runtimes: [0.0336698, 0.0834586, 0.260106, 0.49492, 2.24785, 3.553, 4.63814, 5.67563, 7.21196, 8.58969, 10.3355, 13.3934, 17.7804]
num_agents: 60
time_individual_plan: 0.0177737
time_first_plan: 0.0151165
num_max_agents_in_window_first_iteration: 3
num_recWAMPF: 13
timing_recWAMPF:
    total_RecWAMPF: 17.7618
    num_windows: 263
    num_max_agents_in_window: 5
    timing_gari:
        total_GARI: 16.7624
        time_path_btw_starts: 0.0163154
        Stage1:
            total_Stage1:12.3561
            time_add_x_to_o: 2.14938
            time_clear_x: 0.963112
            timing_AStarSearchUntil:
                total_astar_search_until:9.24354
                num_values_f_less_fmax:63103
                ASU Exp:
                    total_ASUExp:9.24353
                    time_top_o:0.102674
                    time_check_in_c:0.138209
                    time_add_parent:0.101002
                    num_neighbors:14167319
                    time_add_neighbors_to_o:8.75568
        Stage2:
            total_Stage2:0.313849
            num_len_path:267
            time_expanding_s:0.000504906
            timing_AStarSearchUntil:
                total_astar_search_until:0.241664
                num_values_f_less_fmax:8340
                ASU Exp:
                    total_ASUExp:0.241642
                    time_top_o:0.00682069
                    time_check_in_c:0.00202036
                    time_add_parent:0.00400222
                    num_neighbors:482689
                    time_add_neighbors_to_o:0.287941
        Stage3:
            total_Stage3:4.07604
            num_until_goal_expanded:21429
            timing_S3Exp:
                total_S3Exp: 1.43407
                time_top_o: 0.0259657
                time_check_in_c: 0.00795052
                time_add_parent: 0.0162635
                num_neighbors: 1967376
                time_add_neighbors_to_o: 1.34433
    timing_PIOW_overlapping:
        total_PIOW: 0.186672
        num_windows: 1375
        time_check_overlap: 8.7168e-05
        num_overlapping_windows: 3
        time_merge_windows: 6.122e-06
        time_remove_window: 1.487e-06
        time_remove_window: 5.911e-06
        timing_PlanIn:
            total_PlanIn:0.186521
            num_until_goal_expanded:1799
            timing_expansions:
                total_S3Exp: 0.186508
                time_top_o: 0.00162499
                time_check_in_c: 0.000463037
                time_add_parent: 0.000811552
                num_neighbors: 289316
                time_add_neighbors_to_o: 0.170693
    num_new_collisions: 17
    timing_PIOW_new_collisions:
        total_PIOW: 0.790979
        num_windows: 269
        time_check_overlap: 1.2962e-05
        num_overlapping_windows: 5
        time_merge_windows: 0
        time_remove_window: 51.1443
        time_remove_window: 8.586e-06
        timing_PlanIn:
            total_PlanIn:0.790889
            num_until_goal_expanded:997
            timing_expansions:
                total_S3Exp: 0.79081
                time_top_o: 0.000653532
                time_check_in_c: 0.000274799
                time_add_parent: 0.000496054
                num_neighbors: 954538
                time_add_neighbors_to_o: 0.755625
    num_windows_should_quit: 0
    time_should_quit: 2.5381e-05
    time_remove_window: 0
Complete!
