Total time: 90.2991
is_optimal: false
optimality_bound: 1.00117
successive_bounds: [1.00408, 1.00292, 1.00292, 1.00292, 1.00175, 1.00175, 1.00175, 1.00175, 1.00117, 1.00117, 1.00117, 1.00117, 1.00117]
successive_runtimes: [0.0104371, 0.0128773, 0.0151414, 0.0175076, 0.0198825, 0.0225371, 0.0251234, 0.0276531, 23.4921, 30.9223, 41.4478, 60.0439, 90.2991]
num_agents: 30
time_individual_plan: 0.00395098
time_first_plan: 0.00597436
num_max_agents_in_window_first_iteration: 3
num_recWAMPF: 13
timing_recWAMPF:
    total_RecWAMPF: 90.2946
    num_windows: 140
    num_max_agents_in_window: 4
    timing_gari:
        total_GARI: 66.8241
        time_path_btw_starts: 0.000382567
        Stage1:
            total_Stage1:46.8824
            time_add_x_to_o: 6.45668
            time_clear_x: 3.2739
            timing_AStarSearchUntil:
                total_astar_search_until:37.1518
                num_values_f_less_fmax:167357
                ASU Exp:
                    total_ASUExp:37.1518
                    time_top_o:0.338352
                    time_check_in_c:0.115063
                    time_add_parent:0.0711774
                    num_neighbors:64537634
                    time_add_neighbors_to_o:36.218
        Stage2:
            total_Stage2:0.56977
            num_len_path:136
            time_expanding_s:0.000102061
            timing_AStarSearchUntil:
                total_astar_search_until:0.569618
                num_values_f_less_fmax:1765
                ASU Exp:
                    total_ASUExp:0.569615
                    time_top_o:0.00227233
                    time_check_in_c:0.000679372
                    time_add_parent:0.000857041
                    num_neighbors:1063176
                    time_add_neighbors_to_o:0.562499
        Stage3:
            total_Stage3:19.3715
            num_until_goal_expanded:1615
            timing_S3Exp:
                total_S3Exp: 0.0117729
                time_top_o: 0.000419394
                time_check_in_c: 0.000199234
                time_add_parent: 0.000375639
                num_neighbors: 15729
                time_add_neighbors_to_o: 0.00911728
    timing_PIOW_overlapping:
        total_PIOW: 23.4619
        num_windows: 386
        time_check_overlap: 1.371e-05
        num_overlapping_windows: 1
        time_merge_windows: 1.655e-06
        time_remove_window: 4.81e-07
        time_remove_window: 1.604e-06
        timing_PlanIn:
            total_PlanIn:23.4619
            num_until_goal_expanded:56969
            timing_expansions:
                total_S3Exp: 23.4619
                time_top_o: 0.0559457
                time_check_in_c: 0.0219384
                time_add_parent: 0.0384759
                num_neighbors: 31254852
                time_add_neighbors_to_o: 22.4558
    num_new_collisions: 7
    timing_PIOW_new_collisions:
        total_PIOW: 0.00513596
        num_windows: 40
        time_check_overlap: 1.4537e-05
        num_overlapping_windows: 1
        time_merge_windows: 0
        time_remove_window: 0.00509304
        time_remove_window: 2.661e-06
        timing_PlanIn:
            total_PlanIn:0.00511053
            num_until_goal_expanded:191
            timing_expansions:
                total_S3Exp: 0.00509436
                time_top_o: 3.5952e-05
                time_check_in_c: 3.2313e-05
                time_add_parent: 4.987e-05
                num_neighbors: 8707
                time_add_neighbors_to_o: 0.00450549
    num_windows_should_quit: 0
    time_should_quit: 6.82e-06
    time_remove_window: 0
Complete!
