Total time: 0.405375
is_optimal: true
optimality_bound: 1
successive_bounds: [1.0125, 1.00441, 1.00257, 1.00257, 1.00257, 1.00257, 1.00257, 1.00257, 1.00257, 1.00257, 1.00221, 1.00221, 1.00221, 1.00221, 1.00221, 1.00221, 1.00221, 1.00221, 1.00221, 1.00221, 1.00221, 1.00221, 1.00221, 1.00221, 1.00221, 1.00221, 1.00221, 1.00221, 1.00221, 1.00221, 1.00221, 1.00221, 1.00221, 1]
successive_runtimes: [0.0201172, 0.0397989, 0.0590883, 0.075425, 0.10705, 0.121715, 0.134104, 0.146284, 0.160824, 0.175705, 0.200623, 0.211609, 0.222784, 0.232075, 0.242093, 0.251348, 0.260474, 0.269565, 0.278712, 0.287783, 0.296874, 0.305999, 0.31513, 0.324178, 0.333167, 0.342191, 0.351173, 0.360218, 0.369217, 0.378313, 0.387337, 0.396341, 0.405375]
num_agents: 40
time_individual_plan: 0.0126015
time_first_plan: 0.00664587
num_max_agents_in_window_first_iteration: 2
num_recWAMPF: 33
timing_recWAMPF:
    total_RecWAMPF: 0.391896
    num_windows: 107
    num_max_agents_in_window: 3
    timing_gari:
        total_GARI: 0.332736
        time_path_btw_starts: 0.000766447
        Stage1:
            total_Stage1:0.0938982
            time_add_x_to_o: 0.0362715
            time_clear_x: 0.00485332
            timing_AStarSearchUntil:
                total_astar_search_until:0.0527646
                num_values_f_less_fmax:4044
                ASU Exp:
                    total_ASUExp:0.0527615
                    time_top_o:0.00148546
                    time_check_in_c:0.00165227
                    time_add_parent:0.00069238
                    num_neighbors:117649
                    time_add_neighbors_to_o:0.045051
        Stage2:
            total_Stage2:0.00501664
            num_len_path:76
            time_expanding_s:5.9691e-05
            timing_AStarSearchUntil:
                total_astar_search_until:0.00491085
                num_values_f_less_fmax:171
                ASU Exp:
                    total_ASUExp:0.00490864
                    time_top_o:5.4862e-05
                    time_check_in_c:0.000101377
                    time_add_parent:6.6372e-05
                    num_neighbors:9079
                    time_add_neighbors_to_o:0.00437478
        Stage3:
            total_Stage3:0.232931
            num_until_goal_expanded:956
            timing_S3Exp:
                total_S3Exp: 0.0245712
                time_top_o: 0.000324085
                time_check_in_c: 0.000155805
                time_add_parent: 0.000319253
                num_neighbors: 41001
                time_add_neighbors_to_o: 0.021843
    timing_PIOW_overlapping:
        total_PIOW: 0.0365524
        num_windows: 207
        time_check_overlap: 5.293e-06
        num_overlapping_windows: 7
        time_merge_windows: 8.49e-06
        time_remove_window: 1.709e-06
        time_remove_window: 8.048e-06
        timing_PlanIn:
            total_PlanIn:0.0365224
            num_until_goal_expanded:793
            timing_expansions:
                total_S3Exp: 0.036507
                time_top_o: 0.000203096
                time_check_in_c: 0.000146075
                time_add_parent: 0.000221853
                num_neighbors: 68860
                time_add_neighbors_to_o: 0.0329594
    num_new_collisions: 8
    timing_PIOW_new_collisions:
        total_PIOW: 0.00426887
        num_windows: 54
        time_check_overlap: 2.867e-06
        num_overlapping_windows: 0
        time_merge_windows: 0
        time_remove_window: 0
        time_remove_window: 6.356e-06
        timing_PlanIn:
            total_PlanIn:0.00424755
            num_until_goal_expanded:268
            timing_expansions:
                total_S3Exp: 0.00422485
                time_top_o: 6.0785e-05
                time_check_in_c: 8.2623e-05
                time_add_parent: 0.00011254
                num_neighbors: 4525
                time_add_neighbors_to_o: 0.00333594
    num_windows_should_quit: 1
    time_should_quit: 7.043e-06
    time_remove_window: 2.19e-07
Complete!
