Total time: 1.12505
is_optimal: true
optimality_bound: 1
successive_bounds: [1.00391, 1.00391, 1.00391, 1.00391, 1.00391, 1.00391, 1.00391, 1.00391, 1.00391, 1.00391, 1.00391, 1.00391, 1.00391, 1.00391, 1.00196, 1.00196, 1.00196, 1.00196, 1.00196, 1.00196, 1.00196, 1.00196, 1.00196, 1.00196, 1.00196, 1, 1]
successive_runtimes: [0.012059, 0.0132464, 0.0144062, 0.0157636, 0.0170042, 0.0183947, 0.0201048, 0.0219655, 0.0301108, 0.0352306, 0.0396244, 0.0443126, 0.0560037, 0.0711404, 0.0832916, 0.0929183, 0.101101, 0.110518, 0.119852, 0.130308, 0.13811, 0.14659, 0.154382, 0.161895, 0.169019, 1.12505]
num_agents: 20
time_individual_plan: 0.00918126
time_first_plan: 0.00130637
num_max_agents_in_window_first_iteration: 2
num_recWAMPF: 26
timing_recWAMPF:
    total_RecWAMPF: 1.11429
    num_windows: 135
    num_max_agents_in_window: 3
    timing_gari:
        total_GARI: 1.10216
        time_path_btw_starts: 0.000879752
        Stage1:
            total_Stage1:0.00881359
            time_add_x_to_o: 0.0014627
            time_clear_x: 0.000239901
            timing_AStarSearchUntil:
                total_astar_search_until:0.00406848
                num_values_f_less_fmax:488
                ASU Exp:
                    total_ASUExp:0.00406097
                    time_top_o:0.000313335
                    time_check_in_c:0.000106308
                    time_add_parent:0
                    num_neighbors:0
                    time_add_neighbors_to_o:0
        Stage2:
            total_Stage2:0.9581
            num_len_path:141
            time_expanding_s:0.0001948
            timing_AStarSearchUntil:
                total_astar_search_until:0.955831
                num_values_f_less_fmax:4670
                ASU Exp:
                    total_ASUExp:0.955825
                    time_top_o:0.00571118
                    time_check_in_c:0.00168358
                    time_add_parent:0.0040363
                    num_neighbors:85625
                    time_add_neighbors_to_o:0.0540501
        Stage3:
            total_Stage3:0.132187
            num_until_goal_expanded:5256
            timing_S3Exp:
                total_S3Exp: 0.103801
                time_top_o: 0.00279945
                time_check_in_c: 0.00170984
                time_add_parent: 0.00432328
                num_neighbors: 85396
                time_add_neighbors_to_o: 0.078054
    timing_PIOW_overlapping:
        total_PIOW: 3.3966e-05
        num_windows: 180
        time_check_overlap: 1.9224e-05
        num_overlapping_windows: 0
        time_merge_windows: 0
        time_remove_window: 0
        time_remove_window: 0
        timing_PlanIn:
            total_PlanIn:0
            num_until_goal_expanded:0
            timing_expansions:
                total_S3Exp: 0
                time_top_o: 0
                time_check_in_c: 0
                time_add_parent: 0
                num_neighbors: 0
                time_add_neighbors_to_o: 0
    num_new_collisions: 4
    timing_PIOW_new_collisions:
        total_PIOW: 0.0066053
        num_windows: 7
        time_check_overlap: 2.757e-06
        num_overlapping_windows: 1
        time_merge_windows: 2.946e-06
        time_remove_window: 1.62e-07
        time_remove_window: 2.144e-06
        timing_PlanIn:
            total_PlanIn:0.00654833
            num_until_goal_expanded:294
            timing_expansions:
                total_S3Exp: 0.00651471
                time_top_o: 0.00020246
                time_check_in_c: 0.000151652
                time_add_parent: 0.000396483
                num_neighbors: 3165
                time_add_neighbors_to_o: 0.00419907
    num_windows_should_quit: 1
    time_should_quit: 3.907e-06
    time_remove_window: 1.423e-06
Complete!
