Total time: 0.0804727
is_optimal: true
optimality_bound: 1
successive_bounds: [1.00306, 1.00306, 1.00306, 1.00306, 1.00306, 1.00306, 1.00306, 1.00306, 1.00306, 1.00306, 1.00306, 1.00306, 1.00306, 1.00306, 1.00306, 1.00306, 1.00306, 1.00306, 1.00306, 1.00306, 1.00306, 1.00306, 1.00306, 1.00306, 1.00306, 1.00306, 1, 1]
successive_runtimes: [0.00245627, 0.00293506, 0.00335874, 0.00380005, 0.00439039, 0.00490009, 0.00532261, 0.0057497, 0.00617122, 0.00659455, 0.00705344, 0.00762046, 0.00824198, 0.00884597, 0.00967651, 0.0111937, 0.0126575, 0.0140405, 0.0151056, 0.0163625, 0.0177956, 0.0191433, 0.0270138, 0.0386913, 0.051891, 0.065219, 0.0804727]
num_agents: 10
time_individual_plan: 0.00146776
time_first_plan: 0.000320861
num_max_agents_in_window_first_iteration: 2
num_recWAMPF: 27
timing_recWAMPF:
    total_RecWAMPF: 0.0783308
    num_windows: 53
    num_max_agents_in_window: 2
    timing_gari:
        total_GARI: 0.0774725
        time_path_btw_starts: 0.000156224
        Stage1:
            total_Stage1:0.0577666
            time_add_x_to_o: 0.0176174
            time_clear_x: 0.00384991
            timing_AStarSearchUntil:
                total_astar_search_until:0.0362944
                num_values_f_less_fmax:5761
                ASU Exp:
                    total_ASUExp:0.0362926
                    time_top_o:0.00323816
                    time_check_in_c:0.00170617
                    time_add_parent:0.0015458
                    num_neighbors:52030
                    time_add_neighbors_to_o:0.025317
        Stage2:
            total_Stage2:0.00753418
            num_len_path:55
            time_expanding_s:2.6492e-05
            timing_AStarSearchUntil:
                total_astar_search_until:0.00748446
                num_values_f_less_fmax:402
                ASU Exp:
                    total_ASUExp:0.00748305
                    time_top_o:0.000139335
                    time_check_in_c:0.000117926
                    time_add_parent:0.000169392
                    num_neighbors:11958
                    time_add_neighbors_to_o:0.00656095
        Stage3:
            total_Stage3:0.0120017
            num_until_goal_expanded:981
            timing_S3Exp:
                total_S3Exp: 0.0055408
                time_top_o: 0.000299265
                time_check_in_c: 0.00017542
                time_add_parent: 0.000367323
                num_neighbors: 7423
                time_add_neighbors_to_o: 0.00345946
    timing_PIOW_overlapping:
        total_PIOW: 1.934e-06
        num_windows: 26
        time_check_overlap: 0
        num_overlapping_windows: 0
        time_merge_windows: 0
        time_remove_window: 0
        time_remove_window: 0
        timing_PlanIn:
            total_PlanIn:0
            num_until_goal_expanded:0
            timing_expansions:
                total_S3Exp: 0
                time_top_o: 0
                time_check_in_c: 0
                time_add_parent: 0
                num_neighbors: 0
                time_add_neighbors_to_o: 0
    num_new_collisions: 1
    timing_PIOW_new_collisions:
        total_PIOW: 0.000283869
        num_windows: 0
        time_check_overlap: 0
        num_overlapping_windows: 0
        time_merge_windows: 0
        time_remove_window: 0
        time_remove_window: 2.7e-07
        timing_PlanIn:
            total_PlanIn:0.000281961
            num_until_goal_expanded:40
            timing_expansions:
                total_S3Exp: 0.000278505
                time_top_o: 6.631e-06
                time_check_in_c: 9.771e-06
                time_add_parent: 1.3778e-05
                num_neighbors: 304
                time_add_neighbors_to_o: 0.000166419
    num_windows_should_quit: 0
    time_should_quit: 2.713e-06
    time_remove_window: 0
Complete!
