Total time: 0.244376
is_optimal: true
optimality_bound: 1
successive_bounds: [1.00421, 1.00365, 1.00365, 1.00308, 1.00308, 1.00308, 1.00252, 1.00252, 1.00252, 1.00196, 1.00196, 1.00196, 1.00196, 1.00196, 1.00196, 1.00196, 1.00196, 1.00196, 1.0014, 1.00028, 1.00028, 1, 1]
successive_runtimes: [0.013548, 0.0171576, 0.0208051, 0.026033, 0.0315081, 0.0366772, 0.0484026, 0.0594887, 0.0703885, 0.0839126, 0.10522, 0.119642, 0.134454, 0.148065, 0.162103, 0.176014, 0.189944, 0.205459, 0.224901, 0.235223, 0.240055, 0.244376]
num_agents: 60
time_individual_plan: 0.00845106
time_first_plan: 0.00425786
num_max_agents_in_window_first_iteration: 2
num_recWAMPF: 22
timing_recWAMPF:
    total_RecWAMPF: 0.235076
    num_windows: 375
    num_max_agents_in_window: 3
    timing_gari:
        total_GARI: 0.206229
        time_path_btw_starts: 0.00138976
        Stage1:
            total_Stage1:0.0932791
            time_add_x_to_o: 0.0414595
            time_clear_x: 0.00771365
            timing_AStarSearchUntil:
                total_astar_search_until:0.0440556
                num_values_f_less_fmax:18554
                ASU Exp:
                    total_ASUExp:0.0440446
                    time_top_o:0.00833986
                    time_check_in_c:0.00459075
                    time_add_parent:0.00220851
                    num_neighbors:45595
                    time_add_neighbors_to_o:0.0219935
        Stage2:
            total_Stage2:0.0165071
            num_len_path:349
            time_expanding_s:0.000256418
            timing_AStarSearchUntil:
                total_astar_search_until:0.0160407
                num_values_f_less_fmax:861
                ASU Exp:
                    total_ASUExp:0.0160316
                    time_top_o:0.000503172
                    time_check_in_c:0.000274641
                    time_add_parent:0.000413048
                    num_neighbors:23201
                    time_add_neighbors_to_o:0.0135673
        Stage3:
            total_Stage3:0.0949573
            num_until_goal_expanded:9124
            timing_S3Exp:
                total_S3Exp: 0.0575326
                time_top_o: 0.00386507
                time_check_in_c: 0.00219464
                time_add_parent: 0.00427919
                num_neighbors: 55187
                time_add_neighbors_to_o: 0.0321259
    timing_PIOW_overlapping:
        total_PIOW: 0.00752878
        num_windows: 1623
        time_check_overlap: 0.000100187
        num_overlapping_windows: 2
        time_merge_windows: 4.098e-06
        time_remove_window: 5.37e-07
        time_remove_window: 3.878e-06
        timing_PlanIn:
            total_PlanIn:0.0073454
            num_until_goal_expanded:245
            timing_expansions:
                total_S3Exp: 0.00734028
                time_top_o: 8.1957e-05
                time_check_in_c: 5.0927e-05
                time_add_parent: 7.8748e-05
                num_neighbors: 7737
                time_add_neighbors_to_o: 0.00644647
    num_new_collisions: 9
    timing_PIOW_new_collisions:
        total_PIOW: 0.00174294
        num_windows: 72
        time_check_overlap: 3.114e-06
        num_overlapping_windows: 0
        time_merge_windows: 0
        time_remove_window: 0
        time_remove_window: 2.064e-05
        timing_PlanIn:
            total_PlanIn:0.00170459
            num_until_goal_expanded:174
            timing_expansions:
                total_S3Exp: 0.00168539
                time_top_o: 2.7333e-05
                time_check_in_c: 4.0567e-05
                time_add_parent: 5.3621e-05
                num_neighbors: 1854
                time_add_neighbors_to_o: 0.00122015
    num_windows_should_quit: 0
    time_should_quit: 3.3981e-05
    time_remove_window: 0
Complete!
