Total time: 2.94446
is_optimal: false
optimality_bound: 1.00475
successive_bounds: [1.01827, 1.00776, 1.00626, 1.00626, 1.00626, 1.00576, 1.00475]
successive_runtimes: [0.0919977, 0.942505, 0.960366, 0.972398, 0.982524, 1.10597, 2.94446]
num_agents: 60
time_individual_plan: 0.00656192
time_first_plan: 0.0849084
num_max_agents_in_window_first_iteration: 3
num_recWAMPF: 7
timing_recWAMPF:
    total_RecWAMPF: 2.93737
    num_windows: 203
    num_max_agents_in_window: 5
    timing_gari:
        total_GARI: 2.60437
        time_path_btw_starts: 0.000459052
        Stage1:
            total_Stage1:1.0049
            time_add_x_to_o: 0.120357
            time_clear_x: 0.0251226
            timing_AStarSearchUntil:
                total_astar_search_until:0.172563
                num_values_f_less_fmax:21988
                ASU Exp:
                    total_ASUExp:0.172559
                    time_top_o:0.0192171
                    time_check_in_c:0.00800269
                    time_add_parent:0.00744534
                    num_neighbors:1788149
                    time_add_neighbors_to_o:0.773008
        Stage2:
            total_Stage2:0.00666265
            num_len_path:172
            time_expanding_s:8.5619e-05
            timing_AStarSearchUntil:
                total_astar_search_until:0.00651449
                num_values_f_less_fmax:249
                ASU Exp:
                    total_ASUExp:0.00651066
                    time_top_o:6.4876e-05
                    time_check_in_c:4.9512e-05
                    time_add_parent:8.0168e-05
                    num_neighbors:13832
                    time_add_neighbors_to_o:0.00602759
        Stage3:
            total_Stage3:1.5922
            num_until_goal_expanded:1835
            timing_S3Exp:
                total_S3Exp: 1.5485
                time_top_o: 0.00133434
                time_check_in_c: 0.000340502
                time_add_parent: 0.000720031
                num_neighbors: 2464927
                time_add_neighbors_to_o: 1.54062
    timing_PIOW_overlapping:
        total_PIOW: 0.00824626
        num_windows: 1543
        time_check_overlap: 4.2254e-05
        num_overlapping_windows: 5
        time_merge_windows: 6.157e-06
        time_remove_window: 1.102e-06
        time_remove_window: 5.915e-06
        timing_PlanIn:
            total_PlanIn:0.00815991
            num_until_goal_expanded:409
            timing_expansions:
                total_S3Exp: 0.00814794
                time_top_o: 6.8886e-05
                time_check_in_c: 6.9167e-05
                time_add_parent: 0.00011067
                num_neighbors: 16749
                time_add_neighbors_to_o: 0.00698182
    num_new_collisions: 23
    timing_PIOW_new_collisions:
        total_PIOW: 0.189258
        num_windows: 479
        time_check_overlap: 1.3599e-05
        num_overlapping_windows: 3
        time_merge_windows: 0
        time_remove_window: 2.00198
        time_remove_window: 1.1085e-05
        timing_PlanIn:
            total_PlanIn:0.189197
            num_until_goal_expanded:2060
            timing_expansions:
                total_S3Exp: 0.189158
                time_top_o: 0.000457629
                time_check_in_c: 0.000450015
                time_add_parent: 0.000639929
                num_neighbors: 385056
                time_add_neighbors_to_o: 0.175223
    num_windows_should_quit: 0
    time_should_quit: 1.6837e-05
    time_remove_window: 0
Complete!
