Total time: 0.121055
is_optimal: false
optimality_bound: 1.00166
successive_bounds: [1.00526, 1.00526, 1.0047, 1.00415, 1.0036, 1.0036, 1.00249, 1.00249, 1.00221, 1.00194, 1.00194, 1.00166, 1.00166, 1.00166, 1.00166, 1.00166, 1.00166, 1.00166, 1.00166, 1.00166, 1.00166, 1.00166, 1.00166, 1.00166, 1.00166]
successive_runtimes: [0.0115737, 0.0145198, 0.0176328, 0.0232229, 0.0283682, 0.0333886, 0.0467125, 0.052102, 0.057049, 0.0595544, 0.0616303, 0.0667378, 0.0721476, 0.0764611, 0.0803767, 0.0843415, 0.0884075, 0.0921212, 0.0958619, 0.0997231, 0.103524, 0.107194, 0.111015, 0.115812, 0.121055]
num_agents: 50
time_individual_plan: 0.00703736
time_first_plan: 0.00388602
num_max_agents_in_window_first_iteration: 2
num_recWAMPF: 25
timing_recWAMPF:
    total_RecWAMPF: 0.11336
    num_windows: 392
    num_max_agents_in_window: 3
    timing_gari:
        total_GARI: 0.0815667
        time_path_btw_starts: 0.00123663
        Stage1:
            total_Stage1:0.0201712
            time_add_x_to_o: 0.0146638
            time_clear_x: 0.00191472
            timing_AStarSearchUntil:
                total_astar_search_until:0.00356735
                num_values_f_less_fmax:1732
                ASU Exp:
                    total_ASUExp:0.00355695
                    time_top_o:0.000469537
                    time_check_in_c:0.000262815
                    time_add_parent:0.000209921
                    num_neighbors:5050
                    time_add_neighbors_to_o:0.002069
        Stage2:
            total_Stage2:0.0161737
            num_len_path:363
            time_expanding_s:0.000412738
            timing_AStarSearchUntil:
                total_astar_search_until:0.0156138
                num_values_f_less_fmax:770
                ASU Exp:
                    total_ASUExp:0.0156044
                    time_top_o:0.000263656
                    time_check_in_c:0.000473245
                    time_add_parent:0.000302799
                    num_neighbors:28251
                    time_add_neighbors_to_o:0.013488
        Stage3:
            total_Stage3:0.0435256
            num_until_goal_expanded:1931
            timing_S3Exp:
                total_S3Exp: 0.017397
                time_top_o: 0.000515853
                time_check_in_c: 0.000322935
                time_add_parent: 0.000559778
                num_neighbors: 22533
                time_add_neighbors_to_o: 0.012586
    timing_PIOW_overlapping:
        total_PIOW: 0.014911
        num_windows: 1646
        time_check_overlap: 8.5082e-05
        num_overlapping_windows: 5
        time_merge_windows: 6.808e-06
        time_remove_window: 1.223e-06
        time_remove_window: 6.443e-06
        timing_PlanIn:
            total_PlanIn:0.0147574
            num_until_goal_expanded:324
            timing_expansions:
                total_S3Exp: 0.0147453
                time_top_o: 8.0651e-05
                time_check_in_c: 6.628e-05
                time_add_parent: 0.000102016
                num_neighbors: 22370
                time_add_neighbors_to_o: 0.0132692
    num_new_collisions: 12
    timing_PIOW_new_collisions:
        total_PIOW: 0.00170957
        num_windows: 124
        time_check_overlap: 4.71e-06
        num_overlapping_windows: 0
        time_merge_windows: 0
        time_remove_window: 0
        time_remove_window: 6.891e-06
        timing_PlanIn:
            total_PlanIn:0.00168058
            num_until_goal_expanded:178
            timing_expansions:
                total_S3Exp: 0.00165694
                time_top_o: 2.7198e-05
                time_check_in_c: 3.5649e-05
                time_add_parent: 5.3805e-05
                num_neighbors: 2146
                time_add_neighbors_to_o: 0.00123933
    num_windows_should_quit: 0
    time_should_quit: 2.1161e-05
    time_remove_window: 0
Complete!
