Total time: 0.0740854
is_optimal: false
optimality_bound: 1.00145
successive_bounds: [1.00241, 1.00241, 1.00241, 1.00145, 1.00145, 1.00145, 1.00145, 1.00145, 1.00145, 1.00145]
successive_runtimes: [0.0400086, 0.0441351, 0.0483077, 0.0524262, 0.0565875, 0.0603111, 0.0639643, 0.0673364, 0.0706524, 0.0740853]
num_agents: 30
time_individual_plan: 0.0142606
time_first_plan: 0.0240655
num_max_agents_in_window_first_iteration: 2
num_recWAMPF: 10
timing_recWAMPF:
    total_RecWAMPF: 0.0581357
    num_windows: 57
    num_max_agents_in_window: 2
    timing_gari:
        total_GARI: 0.0301913
        time_path_btw_starts: 0.000312485
        Stage1:
            total_Stage1:0.00546557
            time_add_x_to_o: 0.0034932
            time_clear_x: 0.000527038
            timing_AStarSearchUntil:
                total_astar_search_until:0.001438
                num_values_f_less_fmax:514
                ASU Exp:
                    total_ASUExp:0.00143521
                    time_top_o:0.000299397
                    time_check_in_c:0.000143788
                    time_add_parent:5.0256e-05
                    num_neighbors:491
                    time_add_neighbors_to_o:0.000667092
        Stage2:
            total_Stage2:0.00224596
            num_len_path:44
            time_expanding_s:5.3414e-05
            timing_AStarSearchUntil:
                total_astar_search_until:0.00215379
                num_values_f_less_fmax:55
                ASU Exp:
                    total_ASUExp:0.00215138
                    time_top_o:3.7666e-05
                    time_check_in_c:3.7681e-05
                    time_add_parent:7.2363e-05
                    num_neighbors:1382
                    time_add_neighbors_to_o:0.00178665
        Stage3:
            total_Stage3:0.0207531
            num_until_goal_expanded:796
            timing_S3Exp:
                total_S3Exp: 0.010467
                time_top_o: 0.000463641
                time_check_in_c: 0.000353084
                time_add_parent: 0.000761444
                num_neighbors: 4803
                time_add_neighbors_to_o: 0.00608566
    timing_PIOW_overlapping:
        total_PIOW: 1.6485e-05
        num_windows: 81
        time_check_overlap: 8.97e-06
        num_overlapping_windows: 0
        time_merge_windows: 0
        time_remove_window: 0
        time_remove_window: 0
        timing_PlanIn:
            total_PlanIn:0
            num_until_goal_expanded:0
            timing_expansions:
                total_S3Exp: 0
                time_top_o: 0
                time_check_in_c: 0
                time_add_parent: 0
                num_neighbors: 0
                time_add_neighbors_to_o: 0
    num_new_collisions: 3
    timing_PIOW_new_collisions:
        total_PIOW: 0.0231256
        num_windows: 6
        time_check_overlap: 1.183e-06
        num_overlapping_windows: 0
        time_merge_windows: 0
        time_remove_window: 0
        time_remove_window: 3.46e-06
        timing_PlanIn:
            total_PlanIn:0.0231096
            num_until_goal_expanded:521
            timing_expansions:
                total_S3Exp: 0.023052
                time_top_o: 0.000399908
                time_check_in_c: 0.00037256
                time_add_parent: 0.000748096
                num_neighbors: 10891
                time_add_neighbors_to_o: 0.0184903
    num_windows_should_quit: 0
    time_should_quit: 5.906e-06
    time_remove_window: 0
Complete!
