Total time: 0.0276577
is_optimal: false
optimality_bound: 1.00175
successive_bounds: [1.00408, 1.00292, 1.00292, 1.00292, 1.00175, 1.00175, 1.00175, 1.00175]
successive_runtimes: [0.0103897, 0.0129122, 0.0151378, 0.0174912, 0.0199209, 0.0225307, 0.0251129, 0.0276577]
num_agents: 30
time_individual_plan: 0.00382141
time_first_plan: 0.00597656
num_max_agents_in_window_first_iteration: 3
num_recWAMPF: 8
timing_recWAMPF:
    total_RecWAMPF: 0.0232429
    num_windows: 90
    num_max_agents_in_window: 3
    timing_gari:
        total_GARI: 0.0156257
        time_path_btw_starts: 0.000211292
        Stage1:
            total_Stage1:0.00514029
            time_add_x_to_o: 0.00275223
            time_clear_x: 0.000367209
            timing_AStarSearchUntil:
                total_astar_search_until:0.00201624
                num_values_f_less_fmax:175
                ASU Exp:
                    total_ASUExp:0.0020142
                    time_top_o:4.4119e-05
                    time_check_in_c:3.5093e-05
                    time_add_parent:2.3956e-05
                    num_neighbors:4505
                    time_add_neighbors_to_o:0.00177207
        Stage2:
            total_Stage2:0.00217585
            num_len_path:90
            time_expanding_s:5.3452e-05
            timing_AStarSearchUntil:
                total_astar_search_until:0.00209925
                num_values_f_less_fmax:119
                ASU Exp:
                    total_ASUExp:0.00209751
                    time_top_o:2.8128e-05
                    time_check_in_c:2.3698e-05
                    time_add_parent:3.4916e-05
                    num_neighbors:5004
                    time_add_neighbors_to_o:0.00186027
        Stage3:
            total_Stage3:0.00808598
            num_until_goal_expanded:848
            timing_S3Exp:
                total_S3Exp: 0.00422381
                time_top_o: 0.000189143
                time_check_in_c: 9.6392e-05
                time_add_parent: 0.0001774
                num_neighbors: 7237
                time_add_neighbors_to_o: 0.00300179
    timing_PIOW_overlapping:
        total_PIOW: 1.3727e-05
        num_windows: 252
        time_check_overlap: 7.633e-06
        num_overlapping_windows: 0
        time_merge_windows: 0
        time_remove_window: 0
        time_remove_window: 0
        timing_PlanIn:
            total_PlanIn:0
            num_until_goal_expanded:0
            timing_expansions:
                total_S3Exp: 0
                time_top_o: 0
                time_check_in_c: 0
                time_add_parent: 0
                num_neighbors: 0
                time_add_neighbors_to_o: 0
    num_new_collisions: 7
    timing_PIOW_new_collisions:
        total_PIOW: 0.00517043
        num_windows: 40
        time_check_overlap: 1.508e-06
        num_overlapping_windows: 1
        time_merge_windows: 0
        time_remove_window: 0.00504856
        time_remove_window: 2.885e-06
        timing_PlanIn:
            total_PlanIn:0.00515792
            num_until_goal_expanded:191
            timing_expansions:
                total_S3Exp: 0.00514171
                time_top_o: 4.8997e-05
                time_check_in_c: 3.2073e-05
                time_add_parent: 5.0108e-05
                num_neighbors: 8707
                time_add_neighbors_to_o: 0.00453312
    num_windows_should_quit: 0
    time_should_quit: 2.862e-06
    time_remove_window: 0
Complete!
