Total time: 5.65048
is_optimal: false
optimality_bound: 1.00594
successive_bounds: [1.00775, 1.00723, 1.00671, 1.0062, 1.0062, 1.00594]
successive_runtimes: [0.023072, 0.0371611, 0.159512, 0.469344, 1.18585, 5.65048]
num_agents: 60
time_individual_plan: 0.00862268
time_first_plan: 0.0139165
num_max_agents_in_window_first_iteration: 3
num_recWAMPF: 6
timing_recWAMPF:
    total_RecWAMPF: 5.64132
    num_windows: 155
    num_max_agents_in_window: 6
    timing_gari:
        total_GARI: 1.05781
        time_path_btw_starts: 0.000481533
        Stage1:
            total_Stage1:0.862159
            time_add_x_to_o: 0.147232
            time_clear_x: 0.0299341
            timing_AStarSearchUntil:
                total_astar_search_until:0.684984
                num_values_f_less_fmax:6263
                ASU Exp:
                    total_ASUExp:0.68498
                    time_top_o:0.00720432
                    time_check_in_c:0.0198175
                    time_add_parent:0.00232069
                    num_neighbors:1327427
                    time_add_neighbors_to_o:0.6409
        Stage2:
            total_Stage2:0.0118166
            num_len_path:142
            time_expanding_s:9.0511e-05
            timing_AStarSearchUntil:
                total_astar_search_until:0.0116742
                num_values_f_less_fmax:342
                ASU Exp:
                    total_ASUExp:0.0116711
                    time_top_o:9.3618e-05
                    time_check_in_c:6.7489e-05
                    time_add_parent:0.000104125
                    num_neighbors:24835
                    time_add_neighbors_to_o:0.0109854
        Stage3:
            total_Stage3:0.183325
            num_until_goal_expanded:1864
            timing_S3Exp:
                total_S3Exp: 0.13402
                time_top_o: 0.000739328
                time_check_in_c: 0.000320276
                time_add_parent: 0.000592716
                num_neighbors: 232355
                time_add_neighbors_to_o: 0.129896
    timing_PIOW_overlapping:
        total_PIOW: 0.524467
        num_windows: 1194
        time_check_overlap: 3.8296e-05
        num_overlapping_windows: 9
        time_merge_windows: 1.3016e-05
        time_remove_window: 2.497e-06
        time_remove_window: 1.2544e-05
        timing_PlanIn:
            total_PlanIn:0.524373
            num_until_goal_expanded:1191
            timing_expansions:
                total_S3Exp: 0.52435
                time_top_o: 0.000546482
                time_check_in_c: 0.000273671
                time_add_parent: 0.00045379
                num_neighbors: 1002966
                time_add_neighbors_to_o: 0.495811
    num_new_collisions: 26
    timing_PIOW_new_collisions:
        total_PIOW: 4.04483
        num_windows: 538
        time_check_overlap: 1.6562e-05
        num_overlapping_windows: 6
        time_merge_windows: 0
        time_remove_window: 12.4019
        time_remove_window: 1.5071e-05
        timing_PlanIn:
            total_PlanIn:4.04476
            num_until_goal_expanded:1247
            timing_expansions:
                total_S3Exp: 4.04471
                time_top_o: 0.000964444
                time_check_in_c: 0.000333218
                time_add_parent: 0.000544037
                num_neighbors: 6625401
                time_add_neighbors_to_o: 3.87519
    num_windows_should_quit: 0
    time_should_quit: 1.1219e-05
    time_remove_window: 0
Complete!
