Total time: 0.0103784
is_optimal: true
optimality_bound: 1
successive_bounds: [1.00071, 1.00071, 1.00071, 1.00071, 1.00071, 1.00071, 1.00071, 1.00071, 1.00071, 1.00071, 1.00071, 1.00071, 1, 1]
successive_runtimes: [0.00301506, 0.00317904, 0.00333038, 0.00348323, 0.00364092, 0.00380043, 0.00397578, 0.0041429, 0.00430711, 0.00447288, 0.00464062, 0.00481574, 0.0103783]
num_agents: 20
time_individual_plan: 0.00231612
time_first_plan: 0.000177253
num_max_agents_in_window_first_iteration: 2
num_recWAMPF: 13
timing_recWAMPF:
    total_RecWAMPF: 0.0075387
    num_windows: 25
    num_max_agents_in_window: 2
    timing_gari:
        total_GARI: 0.00628887
        time_path_btw_starts: 6.3877e-05
        Stage1:
            total_Stage1:0.000110065
            time_add_x_to_o: 9.7378e-05
            time_clear_x: 1.0167e-05
            timing_AStarSearchUntil:
                total_astar_search_until:1.128e-06
                num_values_f_less_fmax:0
                ASU Exp:
                    total_ASUExp:5.86e-07
                    time_top_o:0
                    time_check_in_c:0
                    time_add_parent:0
                    num_neighbors:0
                    time_add_neighbors_to_o:0
        Stage2:
            total_Stage2:0.00547472
            num_len_path:37
            time_expanding_s:1.3791e-05
            timing_AStarSearchUntil:
                total_astar_search_until:0.0054543
                num_values_f_less_fmax:372
                ASU Exp:
                    total_ASUExp:0.00545379
                    time_top_o:8.4912e-05
                    time_check_in_c:8.2372e-05
                    time_add_parent:0.000100421
                    num_neighbors:9665
                    time_add_neighbors_to_o:0.00482167
        Stage3:
            total_Stage3:0.000636767
            num_until_goal_expanded:23
            timing_S3Exp:
                total_S3Exp: 0.000261621
                time_top_o: 2.83e-06
                time_check_in_c: 1.99e-06
                time_add_parent: 3.43e-06
                num_neighbors: 330
                time_add_neighbors_to_o: 0.000189085
    timing_PIOW_overlapping:
        total_PIOW: 2.81e-07
        num_windows: 12
        time_check_overlap: 0
        num_overlapping_windows: 0
        time_merge_windows: 0
        time_remove_window: 0
        time_remove_window: 0
        timing_PlanIn:
            total_PlanIn:0
            num_until_goal_expanded:0
            timing_expansions:
                total_S3Exp: 0
                time_top_o: 0
                time_check_in_c: 0
                time_add_parent: 0
                num_neighbors: 0
                time_add_neighbors_to_o: 0
    num_new_collisions: 1
    timing_PIOW_new_collisions:
        total_PIOW: 5.9765e-05
        num_windows: 0
        time_check_overlap: 0
        num_overlapping_windows: 0
        time_merge_windows: 0
        time_remove_window: 0
        time_remove_window: 3.08e-07
        timing_PlanIn:
            total_PlanIn:5.7859e-05
            num_until_goal_expanded:4
            timing_expansions:
                total_S3Exp: 5.4776e-05
                time_top_o: 8.63e-07
                time_check_in_c: 1.036e-06
                time_add_parent: 1.642e-06
                num_neighbors: 80
                time_add_neighbors_to_o: 4.2064e-05
    num_windows_should_quit: 0
    time_should_quit: 6.03e-07
    time_remove_window: 0
Complete!
