Total time: 0.041759
is_optimal: true
optimality_bound: 1
successive_bounds: [1.00155, 1.00155, 1.00155, 1.00155, 1.00155, 1.00155, 1.00155, 1.00155, 1.00155, 1.00155, 1.00155, 1.00155, 1.00155, 1.00155, 1.00155, 1.00155, 1.00155, 1.00155, 1.00155, 1, 1]
successive_runtimes: [0.00571807, 0.00594834, 0.00618747, 0.00641002, 0.00665797, 0.00689562, 0.00715338, 0.00782943, 0.0082177, 0.0102749, 0.0109876, 0.0116977, 0.0124741, 0.0134472, 0.014671, 0.0158665, 0.0169969, 0.0181876, 0.0388269, 0.041759]
num_agents: 20
time_individual_plan: 0.00477215
time_first_plan: 0.000276288
num_max_agents_in_window_first_iteration: 2
num_recWAMPF: 20
timing_recWAMPF:
    total_RecWAMPF: 0.036313
    num_windows: 39
    num_max_agents_in_window: 2
    timing_gari:
        total_GARI: 0.0345789
        time_path_btw_starts: 0.000106901
        Stage1:
            total_Stage1:0.00607722
            time_add_x_to_o: 0.00188989
            time_clear_x: 0.000213951
            timing_AStarSearchUntil:
                total_astar_search_until:0.00397059
                num_values_f_less_fmax:474
                ASU Exp:
                    total_ASUExp:0.00396943
                    time_top_o:0.000177416
                    time_check_in_c:0.000114038
                    time_add_parent:0.000141384
                    num_neighbors:7246
                    time_add_neighbors_to_o:0.00308848
        Stage2:
            total_Stage2:0.00196779
            num_len_path:40
            time_expanding_s:1.7025e-05
            timing_AStarSearchUntil:
                total_astar_search_until:0.0019366
                num_values_f_less_fmax:139
                ASU Exp:
                    total_ASUExp:0.00193563
                    time_top_o:4.0786e-05
                    time_check_in_c:2.8055e-05
                    time_add_parent:4.1296e-05
                    num_neighbors:3343
                    time_add_neighbors_to_o:0.00164488
        Stage3:
            total_Stage3:0.0264186
            num_until_goal_expanded:1743
            timing_S3Exp:
                total_S3Exp: 0.0223487
                time_top_o: 0.000870315
                time_check_in_c: 0.000398847
                time_add_parent: 0.000611943
                num_neighbors: 35630
                time_add_neighbors_to_o: 0.018254
    timing_PIOW_overlapping:
        total_PIOW: 9.51e-07
        num_windows: 19
        time_check_overlap: 0
        num_overlapping_windows: 0
        time_merge_windows: 0
        time_remove_window: 0
        time_remove_window: 0
        timing_PlanIn:
            total_PlanIn:0
            num_until_goal_expanded:0
            timing_expansions:
                total_S3Exp: 0
                time_top_o: 0
                time_check_in_c: 0
                time_add_parent: 0
                num_neighbors: 0
                time_add_neighbors_to_o: 0
    num_new_collisions: 1
    timing_PIOW_new_collisions:
        total_PIOW: 0.000180641
        num_windows: 0
        time_check_overlap: 0
        num_overlapping_windows: 0
        time_merge_windows: 0
        time_remove_window: 0
        time_remove_window: 4.42e-07
        timing_PlanIn:
            total_PlanIn:0.000178028
            num_until_goal_expanded:12
            timing_expansions:
                total_S3Exp: 0.000167379
                time_top_o: 2.787e-06
                time_check_in_c: 2.9e-06
                time_add_parent: 5.012e-06
                num_neighbors: 217
                time_add_neighbors_to_o: 0.000130206
    num_windows_should_quit: 0
    time_should_quit: 1.243e-06
    time_remove_window: 0
Complete!
