Total time: 8.62167
is_optimal: false
optimality_bound: 1.0028
successive_bounds: [1.00529, 1.00404, 1.00342, 1.0028, 1.0028, 1.0028, 1.0028, 1.0028, 1.0028, 1.0028, 1.0028, 1.0028, 1.0028, 1.0028, 1.0028, 1.0028, 1.0028, 1.0028, 1.0028, 1.0028, 1.0028, 1.0028]
successive_runtimes: [0.019158, 0.0363732, 0.0699983, 0.0959744, 0.116612, 0.136834, 0.175642, 0.222458, 0.838698, 1.58159, 2.10408, 2.7572, 3.49115, 4.21255, 4.83916, 5.47282, 6.02515, 6.44849, 6.83183, 7.20792, 7.93875, 8.62167]
num_agents: 50
time_individual_plan: 0.0103122
time_first_plan: 0.00828732
num_max_agents_in_window_first_iteration: 3
num_recWAMPF: 22
timing_recWAMPF:
    total_RecWAMPF: 8.61079
    num_windows: 152
    num_max_agents_in_window: 4
    timing_gari:
        total_GARI: 8.02678
        time_path_btw_starts: 0.00194021
        Stage1:
            total_Stage1:2.36854
            time_add_x_to_o: 0.578674
            time_clear_x: 0.198957
            timing_AStarSearchUntil:
                total_astar_search_until:1.5909
                num_values_f_less_fmax:13856
                ASU Exp:
                    total_ASUExp:1.59089
                    time_top_o:0.0152145
                    time_check_in_c:0.00509243
                    time_add_parent:0.00482196
                    num_neighbors:3164744
                    time_add_neighbors_to_o:1.53359
        Stage2:
            total_Stage2:0.00589884
            num_len_path:102
            time_expanding_s:7.3589e-05
            timing_AStarSearchUntil:
                total_astar_search_until:0.00575058
                num_values_f_less_fmax:184
                ASU Exp:
                    total_ASUExp:0.00574729
                    time_top_o:6.905e-05
                    time_check_in_c:3.4984e-05
                    time_add_parent:6.6371e-05
                    num_neighbors:11173
                    time_add_neighbors_to_o:0.00523425
        Stage3:
            total_Stage3:5.65036
            num_until_goal_expanded:25380
            timing_S3Exp:
                total_S3Exp: 2.15951
                time_top_o: 0.0208844
                time_check_in_c: 0.00475975
                time_add_parent: 0.00893234
                num_neighbors: 3630318
                time_add_neighbors_to_o: 2.08799
    timing_PIOW_overlapping:
        total_PIOW: 0.0246518
        num_windows: 671
        time_check_overlap: 2.0279e-05
        num_overlapping_windows: 13
        time_merge_windows: 1.0094e-05
        time_remove_window: 2.521e-06
        time_remove_window: 9.542e-06
        timing_PlanIn:
            total_PlanIn:0.0245929
            num_until_goal_expanded:1596
            timing_expansions:
                total_S3Exp: 0.0245712
                time_top_o: 0.000420908
                time_check_in_c: 0.000267026
                time_add_parent: 0.000431959
                num_neighbors: 45085
                time_add_neighbors_to_o: 0.0200045
    num_new_collisions: 17
    timing_PIOW_new_collisions:
        total_PIOW: 0.53604
        num_windows: 250
        time_check_overlap: 7.081e-06
        num_overlapping_windows: 2
        time_merge_windows: 0
        time_remove_window: 0.321996
        time_remove_window: 6.305e-06
        timing_PlanIn:
            total_PlanIn:0.536004
            num_until_goal_expanded:3414
            timing_expansions:
                total_S3Exp: 0.535972
                time_top_o: 0.00326576
                time_check_in_c: 0.000788425
                time_add_parent: 0.00135427
                num_neighbors: 974687
                time_add_neighbors_to_o: 0.500054
    num_windows_should_quit: 0
    time_should_quit: 9.212e-06
    time_remove_window: 0
Complete!
