Total time: 0.941673
is_optimal: true
optimality_bound: 1
successive_bounds: [1.00344, 1.00344, 1.00344, 1.00344, 1.00268, 1.00268, 1.0023, 1.00191, 1.00115, 1.00115, 1.00115, 1.00115, 1.00115, 1.00115, 1, 1]
successive_runtimes: [0.0110342, 0.0121139, 0.0136744, 0.0152147, 0.0166923, 0.0186971, 0.0396179, 0.0810392, 0.143185, 0.211597, 0.282285, 0.420958, 0.562963, 0.726863, 0.941673]
num_agents: 40
time_individual_plan: 0.00888756
time_first_plan: 0.00161284
num_max_agents_in_window_first_iteration: 2
num_recWAMPF: 15
timing_recWAMPF:
    total_RecWAMPF: 0.932247
    num_windows: 144
    num_max_agents_in_window: 3
    timing_gari:
        total_GARI: 0.881408
        time_path_btw_starts: 0.000433343
        Stage1:
            total_Stage1:0.554011
            time_add_x_to_o: 0.187957
            time_clear_x: 0.0401426
            timing_AStarSearchUntil:
                total_astar_search_until:0.325899
                num_values_f_less_fmax:11572
                ASU Exp:
                    total_ASUExp:0.325893
                    time_top_o:0.00856284
                    time_check_in_c:0.0036815
                    time_add_parent:0.00841997
                    num_neighbors:665637
                    time_add_neighbors_to_o:0.292347
        Stage2:
            total_Stage2:0.0582712
            num_len_path:159
            time_expanding_s:0.000133558
            timing_AStarSearchUntil:
                total_astar_search_until:0.0580789
                num_values_f_less_fmax:3483
                ASU Exp:
                    total_ASUExp:0.0580756
                    time_top_o:0.00120352
                    time_check_in_c:0.000685892
                    time_add_parent:0.00102831
                    num_neighbors:114629
                    time_add_neighbors_to_o:0.0516111
        Stage3:
            total_Stage3:0.268659
            num_until_goal_expanded:2897
            timing_S3Exp:
                total_S3Exp: 0.0630468
                time_top_o: 0.00116966
                time_check_in_c: 0.000458699
                time_add_parent: 0.000972598
                num_neighbors: 119467
                time_add_neighbors_to_o: 0.0563399
    timing_PIOW_overlapping:
        total_PIOW: 0.0168637
        num_windows: 366
        time_check_overlap: 1.7942e-05
        num_overlapping_windows: 2
        time_merge_windows: 3.184e-06
        time_remove_window: 7e-07
        time_remove_window: 3.085e-06
        timing_PlanIn:
            total_PlanIn:0.0168289
            num_until_goal_expanded:401
            timing_expansions:
                total_S3Exp: 0.0168244
                time_top_o: 0.000130109
                time_check_in_c: 6.4728e-05
                time_add_parent: 0.000107606
                num_neighbors: 33038
                time_add_neighbors_to_o: 0.0150848
    num_new_collisions: 8
    timing_PIOW_new_collisions:
        total_PIOW: 0.0267833
        num_windows: 49
        time_check_overlap: 2.139e-06
        num_overlapping_windows: 2
        time_merge_windows: 0
        time_remove_window: 0.955416
        time_remove_window: 2.037e-06
        timing_PlanIn:
            total_PlanIn:0.026768
            num_until_goal_expanded:829
            timing_expansions:
                total_S3Exp: 0.0267526
                time_top_o: 0.000205573
                time_check_in_c: 0.000135563
                time_add_parent: 0.000220095
                num_neighbors: 49069
                time_add_neighbors_to_o: 0.0237944
    num_windows_should_quit: 0
    time_should_quit: 8.976e-06
    time_remove_window: 0
Complete!
