Total time: 0.0349181
is_optimal: false
optimality_bound: 1.00316
successive_bounds: [1.00316, 1.00316, 1.00316, 1.00316, 1.00474, 1.00316, 1.00316, 1.00316]
successive_runtimes: [0.00504237, 0.00742203, 0.0109066, 0.0144849, 0.0186159, 0.0231163, 0.0282264, 0.034918]
num_agents: 20
time_individual_plan: 0.00329202
time_first_plan: 0.00104096
num_max_agents_in_window_first_iteration: 2
num_recWAMPF: 8
timing_recWAMPF:
    total_RecWAMPF: 0.0309147
    num_windows: 30
    num_max_agents_in_window: 2
    timing_gari:
        total_GARI: 0.0288152
        time_path_btw_starts: 7.8089e-05
        Stage1:
            total_Stage1:0.0152229
            time_add_x_to_o: 0.005665
            time_clear_x: 0.00102646
            timing_AStarSearchUntil:
                total_astar_search_until:0.00852926
                num_values_f_less_fmax:5141
                ASU Exp:
                    total_ASUExp:0.00852842
                    time_top_o:0.00154231
                    time_check_in_c:0.000695324
                    time_add_parent:0.000304419
                    num_neighbors:10138
                    time_add_neighbors_to_o:0.00430017
        Stage2:
            total_Stage2:0.00298116
            num_len_path:33
            time_expanding_s:1.3581e-05
            timing_AStarSearchUntil:
                total_astar_search_until:0.00295782
                num_values_f_less_fmax:212
                ASU Exp:
                    total_ASUExp:0.0029571
                    time_top_o:6.1584e-05
                    time_check_in_c:4.6486e-05
                    time_add_parent:6.3042e-05
                    num_neighbors:5751
                    time_add_neighbors_to_o:0.00255596
        Stage3:
            total_Stage3:0.0105264
            num_until_goal_expanded:2006
            timing_S3Exp:
                total_S3Exp: 0.00888536
                time_top_o: 0.000593444
                time_check_in_c: 0.000361402
                time_add_parent: 0.000715991
                num_neighbors: 11379
                time_add_neighbors_to_o: 0.005407
    timing_PIOW_overlapping:
        total_PIOW: 2.477e-06
        num_windows: 28
        time_check_overlap: 1.135e-06
        num_overlapping_windows: 0
        time_merge_windows: 0
        time_remove_window: 0
        time_remove_window: 0
        timing_PlanIn:
            total_PlanIn:0
            num_until_goal_expanded:0
            timing_expansions:
                total_S3Exp: 0
                time_top_o: 0
                time_check_in_c: 0
                time_add_parent: 0
                num_neighbors: 0
                time_add_neighbors_to_o: 0
    num_new_collisions: 3
    timing_PIOW_new_collisions:
        total_PIOW: 0.00132069
        num_windows: 5
        time_check_overlap: 3.99e-07
        num_overlapping_windows: 1
        time_merge_windows: 0
        time_remove_window: 0.0105165
        time_remove_window: 9.5e-07
        timing_PlanIn:
            total_PlanIn:0.00131377
            num_until_goal_expanded:140
            timing_expansions:
                total_S3Exp: 0.00130627
                time_top_o: 2.6279e-05
                time_check_in_c: 3.0375e-05
                time_add_parent: 4.3817e-05
                num_neighbors: 1686
                time_add_neighbors_to_o: 0.000941382
    num_windows_should_quit: 0
    time_should_quit: 9.75e-07
    time_remove_window: 0
Complete!
