Total time: 9.35338
is_optimal: false
optimality_bound: 1.00072
successive_bounds: [1.00323, 1.00323, 1.00323, 1.00287, 1.00287, 1.00287, 1.00287, 1.00215, 1.00215, 1.00215, 1.00215, 1.00215, 1.00215, 1.00215, 1.00215, 1.00144, 1.00144, 1.00144, 1.00072, 1.00072, 1.00072]
successive_runtimes: [0.00852339, 0.00971809, 0.0109875, 0.0122633, 0.014097, 0.0155585, 0.016925, 0.0889723, 0.387196, 0.851435, 1.31726, 1.75158, 2.15083, 2.56002, 3.08213, 3.68176, 4.96536, 5.86673, 7.84486, 8.53947, 9.35338]
num_agents: 40
time_individual_plan: 0.00647248
time_first_plan: 0.00149741
num_max_agents_in_window_first_iteration: 2
num_recWAMPF: 21
timing_recWAMPF:
    total_RecWAMPF: 9.34635
    num_windows: 152
    num_max_agents_in_window: 3
    timing_gari:
        total_GARI: 8.49419
        time_path_btw_starts: 0.0920708
        Stage1:
            total_Stage1:5.87671
            time_add_x_to_o: 1.37875
            time_clear_x: 0.634644
            timing_AStarSearchUntil:
                total_astar_search_until:2.89466
                num_values_f_less_fmax:128208
                ASU Exp:
                    total_ASUExp:2.89465
                    time_top_o:0.134566
                    time_check_in_c:0.0606913
                    time_add_parent:0.0327566
                    num_neighbors:6851933
                    time_add_neighbors_to_o:3.49745
        Stage2:
            total_Stage2:0.15949
            num_len_path:136
            time_expanding_s:9.811e-05
            timing_AStarSearchUntil:
                total_astar_search_until:0.159307
                num_values_f_less_fmax:2422
                ASU Exp:
                    total_ASUExp:0.159303
                    time_top_o:0.00141154
                    time_check_in_c:0.000909446
                    time_add_parent:0.0012758
                    num_neighbors:310589
                    time_add_neighbors_to_o:0.152113
        Stage3:
            total_Stage3:2.36588
            num_until_goal_expanded:19502
            timing_S3Exp:
                total_S3Exp: 0.981965
                time_top_o: 0.0250837
                time_check_in_c: 0.00783962
                time_add_parent: 0.0101005
                num_neighbors: 1922216
                time_add_neighbors_to_o: 0.910201
    timing_PIOW_overlapping:
        total_PIOW: 0.188134
        num_windows: 300
        time_check_overlap: 1.8156e-05
        num_overlapping_windows: 2
        time_merge_windows: 3.482e-06
        time_remove_window: 6.91e-07
        time_remove_window: 3.375e-06
        timing_PlanIn:
            total_PlanIn:0.188098
            num_until_goal_expanded:3112
            timing_expansions:
                total_S3Exp: 0.188094
                time_top_o: 0.00145875
                time_check_in_c: 0.00059875
                time_add_parent: 0.000974381
                num_neighbors: 396406
                time_add_neighbors_to_o: 0.170616
    num_new_collisions: 5
    timing_PIOW_new_collisions:
        total_PIOW: 0.00057078
        num_windows: 20
        time_check_overlap: 7.59e-07
        num_overlapping_windows: 0
        time_merge_windows: 0
        time_remove_window: 0
        time_remove_window: 3.146e-06
        timing_PlanIn:
            total_PlanIn:0.000561841
            num_until_goal_expanded:48
            timing_expansions:
                total_S3Exp: 0.000552633
                time_top_o: 7.378e-06
                time_check_in_c: 9.489e-06
                time_add_parent: 1.3275e-05
                num_neighbors: 857
                time_add_neighbors_to_o: 0.000440197
    num_windows_should_quit: 0
    time_should_quit: 7.037e-06
    time_remove_window: 0
Complete!
