Total time: 0.100726
is_optimal: true
optimality_bound: 1
successive_bounds: [1.00269, 1.00269, 1.00269, 1.00269, 1.00269, 1.00269, 1.00269, 1.00269, 1.00269, 1.00269, 1.00269, 1.00269, 1.00269, 1.00269, 1.00161, 1.00161, 1.00108, 1, 1]
successive_runtimes: [0.00478205, 0.00658821, 0.00987414, 0.013279, 0.0160529, 0.0183316, 0.0208881, 0.0232388, 0.0277712, 0.0342598, 0.0414818, 0.048539, 0.0563824, 0.0648803, 0.0732338, 0.0775057, 0.0886577, 0.100726]
num_agents: 30
time_individual_plan: 0.00293663
time_first_plan: 0.00129973
num_max_agents_in_window_first_iteration: 3
num_recWAMPF: 18
timing_recWAMPF:
    total_RecWAMPF: 0.0972401
    num_windows: 140
    num_max_agents_in_window: 4
    timing_gari:
        total_GARI: 0.0832955
        time_path_btw_starts: 0.000470432
        Stage1:
            total_Stage1:0.0504071
            time_add_x_to_o: 0.0219305
            time_clear_x: 0.00339633
            timing_AStarSearchUntil:
                total_astar_search_until:0.0250722
                num_values_f_less_fmax:4827
                ASU Exp:
                    total_ASUExp:0.0250685
                    time_top_o:0.00151234
                    time_check_in_c:0.00137157
                    time_add_parent:0.000754685
                    num_neighbors:49410
                    time_add_neighbors_to_o:0.0184177
        Stage2:
            total_Stage2:0.00934932
            num_len_path:117
            time_expanding_s:0.000243194
            timing_AStarSearchUntil:
                total_astar_search_until:0.00906161
                num_values_f_less_fmax:380
                ASU Exp:
                    total_ASUExp:0.00905866
                    time_top_o:0.000105373
                    time_check_in_c:0.000138342
                    time_add_parent:0.000153958
                    num_neighbors:18838
                    time_add_neighbors_to_o:0.00820118
        Stage3:
            total_Stage3:0.023047
            num_until_goal_expanded:894
            timing_S3Exp:
                total_S3Exp: 0.00994047
                time_top_o: 0.000222613
                time_check_in_c: 0.000126053
                time_add_parent: 0.000256521
                num_neighbors: 18356
                time_add_neighbors_to_o: 0.00695034
    timing_PIOW_overlapping:
        total_PIOW: 1.758e-05
        num_windows: 272
        time_check_overlap: 9.888e-06
        num_overlapping_windows: 0
        time_merge_windows: 0
        time_remove_window: 0
        time_remove_window: 0
        timing_PlanIn:
            total_PlanIn:0
            num_until_goal_expanded:0
            timing_expansions:
                total_S3Exp: 0
                time_top_o: 0
                time_check_in_c: 0
                time_add_parent: 0
                num_neighbors: 0
                time_add_neighbors_to_o: 0
    num_new_collisions: 6
    timing_PIOW_new_collisions:
        total_PIOW: 0.00944704
        num_windows: 28
        time_check_overlap: 1.247e-06
        num_overlapping_windows: 2
        time_merge_windows: 0
        time_remove_window: 0.0850906
        time_remove_window: 2.921e-06
        timing_PlanIn:
            total_PlanIn:0.00943378
            num_until_goal_expanded:147
            timing_expansions:
                total_S3Exp: 0.009422
                time_top_o: 2.7723e-05
                time_check_in_c: 2.7841e-05
                time_add_parent: 3.9381e-05
                num_neighbors: 15563
                time_add_neighbors_to_o: 0.00870062
    num_windows_should_quit: 0
    time_should_quit: 4.78e-06
    time_remove_window: 0
Complete!
