Total time: 0.362623
is_optimal: false
optimality_bound: 1.00676
successive_bounds: [1.00892, 1.00892, 1.00892, 1.00892, 1.00892, 1.00892, 1.00892, 1.00811, 1.00757, 1.0073, 1.0073, 1.0073, 1.0073, 1.0073, 1.00676, 1.00676, 1.00676, 1.00676]
successive_runtimes: [0.0218251, 0.033368, 0.0383026, 0.042679, 0.0469501, 0.0520736, 0.0579045, 0.0641603, 0.0714201, 0.109952, 0.155257, 0.190803, 0.221778, 0.248248, 0.276651, 0.30296, 0.333711, 0.362623]
num_agents: 50
time_individual_plan: 0.00806774
time_first_plan: 0.0132418
num_max_agents_in_window_first_iteration: 3
num_recWAMPF: 18
timing_recWAMPF:
    total_RecWAMPF: 0.354036
    num_windows: 136
    num_max_agents_in_window: 4
    timing_gari:
        total_GARI: 0.284103
        time_path_btw_starts: 0.000600839
        Stage1:
            total_Stage1:0.0613356
            time_add_x_to_o: 0.0412012
            time_clear_x: 0.00786143
            timing_AStarSearchUntil:
                total_astar_search_until:0.012264
                num_values_f_less_fmax:511
                ASU Exp:
                    total_ASUExp:0.0122606
                    time_top_o:0.000197214
                    time_check_in_c:0.000112355
                    time_add_parent:0.000419692
                    num_neighbors:28379
                    time_add_neighbors_to_o:0.0109192
        Stage2:
            total_Stage2:0.00891603
            num_len_path:111
            time_expanding_s:0.000565936
            timing_AStarSearchUntil:
                total_astar_search_until:0.00829795
                num_values_f_less_fmax:231
                ASU Exp:
                    total_ASUExp:0.00829542
                    time_top_o:7.3761e-05
                    time_check_in_c:5.4374e-05
                    time_add_parent:0.000306195
                    num_neighbors:18357
                    time_add_neighbors_to_o:0.00742049
        Stage3:
            total_Stage3:0.212747
            num_until_goal_expanded:2290
            timing_S3Exp:
                total_S3Exp: 0.119307
                time_top_o: 0.000858952
                time_check_in_c: 0.000403615
                time_add_parent: 0.000625685
                num_neighbors: 200885
                time_add_neighbors_to_o: 0.113551
    timing_PIOW_overlapping:
        total_PIOW: 0.0134471
        num_windows: 412
        time_check_overlap: 1.3261e-05
        num_overlapping_windows: 14
        time_merge_windows: 1.069e-05
        time_remove_window: 2.174e-06
        time_remove_window: 1.0115e-05
        timing_PlanIn:
            total_PlanIn:0.0133994
            num_until_goal_expanded:735
            timing_expansions:
                total_S3Exp: 0.0133767
                time_top_o: 0.000114886
                time_check_in_c: 0.000126592
                time_add_parent: 0.000186897
                num_neighbors: 23673
                time_add_neighbors_to_o: 0.0113559
    num_new_collisions: 19
    timing_PIOW_new_collisions:
        total_PIOW: 0.0372847
        num_windows: 307
        time_check_overlap: 7.74e-06
        num_overlapping_windows: 2
        time_merge_windows: 0
        time_remove_window: 0.0917055
        time_remove_window: 1.1099e-05
        timing_PlanIn:
            total_PlanIn:0.0372358
            num_until_goal_expanded:891
            timing_expansions:
                total_S3Exp: 0.0372037
                time_top_o: 0.000176515
                time_check_in_c: 0.00016591
                time_add_parent: 0.000239097
                num_neighbors: 63785
                time_add_neighbors_to_o: 0.0336184
    num_windows_should_quit: 0
    time_should_quit: 7.126e-06
    time_remove_window: 0
Complete!
