Total time: 0.167814
is_optimal: true
optimality_bound: 1
successive_bounds: [1.00355, 1.00284, 1.00213, 1.00213, 1.00213, 1.00213, 1.00142, 1.00071, 1.00071, 1.00071, 1.00071, 1.00071, 1.00071, 1.00071, 1.00071, 1.00071, 1.00071, 1.00071, 1.00071, 1.00071, 1.00071, 1, 1]
successive_runtimes: [0.0198163, 0.0246455, 0.0286531, 0.0334999, 0.0399548, 0.0470533, 0.0538607, 0.0631505, 0.0655631, 0.0673782, 0.0692236, 0.0716488, 0.116562, 0.13741, 0.141016, 0.145655, 0.149259, 0.152862, 0.156632, 0.160283, 0.164063, 0.167814]
num_agents: 40
time_individual_plan: 0.0131079
time_first_plan: 0.00551079
num_max_agents_in_window_first_iteration: 2
num_recWAMPF: 22
timing_recWAMPF:
    total_RecWAMPF: 0.153503
    num_windows: 199
    num_max_agents_in_window: 3
    timing_gari:
        total_GARI: 0.0915852
        time_path_btw_starts: 0.000642856
        Stage1:
            total_Stage1:0.0382928
            time_add_x_to_o: 0.0226858
            time_clear_x: 0.00326752
            timing_AStarSearchUntil:
                total_astar_search_until:0.0123264
                num_values_f_less_fmax:1867
                ASU Exp:
                    total_ASUExp:0.0123209
                    time_top_o:0.000624154
                    time_check_in_c:0.000344484
                    time_add_parent:0.000490169
                    num_neighbors:19988
                    time_add_neighbors_to_o:0.00904185
        Stage2:
            total_Stage2:0.0127592
            num_len_path:192
            time_expanding_s:0.000172496
            timing_AStarSearchUntil:
                total_astar_search_until:0.012514
                num_values_f_less_fmax:855
                ASU Exp:
                    total_ASUExp:0.0125094
                    time_top_o:0.000250093
                    time_check_in_c:0.000172626
                    time_add_parent:0.000281619
                    num_neighbors:24741
                    time_add_neighbors_to_o:0.0104456
        Stage3:
            total_Stage3:0.039551
            num_until_goal_expanded:883
            timing_S3Exp:
                total_S3Exp: 0.0106187
                time_top_o: 0.000254142
                time_check_in_c: 0.000153803
                time_add_parent: 0.000301646
                num_neighbors: 11734
                time_add_neighbors_to_o: 0.00576177
    timing_PIOW_overlapping:
        total_PIOW: 0.0436718
        num_windows: 513
        time_check_overlap: 2.2228e-05
        num_overlapping_windows: 3
        time_merge_windows: 6.182e-06
        time_remove_window: 8.03e-07
        time_remove_window: 6.005e-06
        timing_PlanIn:
            total_PlanIn:0.0436224
            num_until_goal_expanded:746
            timing_expansions:
                total_S3Exp: 0.0436146
                time_top_o: 0.000197438
                time_check_in_c: 0.000124898
                time_add_parent: 0.000209257
                num_neighbors: 80111
                time_add_neighbors_to_o: 0.0400212
    num_new_collisions: 7
    timing_PIOW_new_collisions:
        total_PIOW: 0.003985
        num_windows: 46
        time_check_overlap: 2.575e-06
        num_overlapping_windows: 1
        time_merge_windows: 0
        time_remove_window: 0.0316296
        time_remove_window: 1.1076e-05
        timing_PlanIn:
            total_PlanIn:0.00395434
            num_until_goal_expanded:213
            timing_expansions:
                total_S3Exp: 0.00392594
                time_top_o: 5.6957e-05
                time_check_in_c: 7.9288e-05
                time_add_parent: 0.000111776
                num_neighbors: 3455
                time_add_neighbors_to_o: 0.00296877
    num_windows_should_quit: 0
    time_should_quit: 8.652e-06
    time_remove_window: 0
Complete!
