Total time: 27.0259
is_optimal: false
optimality_bound: 1.00484
successive_bounds: [1.00548, 1.00548, 1.00548, 1.00548, 1.00548, 1.00548, 1.00516, 1.00516, 1.00516, 1.00516, 1.00484, 1.00484, 1.00484]
successive_runtimes: [0.0356379, 0.0552361, 2.8262, 4.01456, 4.98651, 5.94128, 6.79503, 7.68234, 8.62702, 9.57779, 10.695, 11.7344, 27.0259]
num_agents: 50
time_individual_plan: 0.00527944
time_first_plan: 0.0298415
num_max_agents_in_window_first_iteration: 3
num_recWAMPF: 13
timing_recWAMPF:
    total_RecWAMPF: 27.0201
    num_windows: 184
    num_max_agents_in_window: 5
    timing_gari:
        total_GARI: 9.89958
        time_path_btw_starts: 0.00623488
        Stage1:
            total_Stage1:4.22108
            time_add_x_to_o: 1.51959
            time_clear_x: 0.640502
            timing_AStarSearchUntil:
                total_astar_search_until:2.06097
                num_values_f_less_fmax:15887
                ASU Exp:
                    total_ASUExp:2.06096
                    time_top_o:0.0212813
                    time_check_in_c:0.0229992
                    time_add_parent:0.00520982
                    num_neighbors:2991723
                    time_add_neighbors_to_o:1.99116
        Stage2:
            total_Stage2:0.0906399
            num_len_path:157
            time_expanding_s:0.000428762
            timing_AStarSearchUntil:
                total_astar_search_until:0.0901174
                num_values_f_less_fmax:1103
                ASU Exp:
                    total_ASUExp:0.0901136
                    time_top_o:0.000598454
                    time_check_in_c:0.000226881
                    time_add_parent:0.000375915
                    num_neighbors:179830
                    time_add_neighbors_to_o:0.0849746
        Stage3:
            total_Stage3:5.5813
            num_until_goal_expanded:3408
            timing_S3Exp:
                total_S3Exp: 0.598183
                time_top_o: 0.00320537
                time_check_in_c: 0.000735138
                time_add_parent: 0.00221403
                num_neighbors: 874010
                time_add_neighbors_to_o: 0.569386
    timing_PIOW_overlapping:
        total_PIOW: 2.77608
        num_windows: 704
        time_check_overlap: 3.4002e-05
        num_overlapping_windows: 5
        time_merge_windows: 1.0968e-05
        time_remove_window: 1.673e-06
        time_remove_window: 1.072e-05
        timing_PlanIn:
            total_PlanIn:2.776
            num_until_goal_expanded:6945
            timing_expansions:
                total_S3Exp: 2.77599
                time_top_o: 0.00946175
                time_check_in_c: 0.00212672
                time_add_parent: 0.00402719
                num_neighbors: 4491977
                time_add_neighbors_to_o: 2.63456
    num_new_collisions: 15
    timing_PIOW_new_collisions:
        total_PIOW: 14.3338
        num_windows: 175
        time_check_overlap: 6.786e-06
        num_overlapping_windows: 4
        time_merge_windows: 0
        time_remove_window: 12.858
        time_remove_window: 4.846e-06
        timing_PlanIn:
            total_PlanIn:14.3338
            num_until_goal_expanded:9078
            timing_expansions:
                total_S3Exp: 14.3337
                time_top_o: 0.0192093
                time_check_in_c: 0.00264862
                time_add_parent: 0.0051874
                num_neighbors: 20776338
                time_add_neighbors_to_o: 13.7673
    num_windows_should_quit: 0
    time_should_quit: 1.5639e-05
    time_remove_window: 0
Complete!
