Total time: 1.02635
is_optimal: false
optimality_bound: 1.00673
successive_bounds: [1.00969, 1.00861, 1.00834, 1.0078, 1.0078, 1.007, 1.007, 1.007, 1.00673, 1.00673, 1.00673, 1.00673, 1.00673, 1.00673, 1.00673, 1.00673]
successive_runtimes: [0.0220147, 0.0354034, 0.0451432, 0.0521128, 0.0553006, 0.0581636, 0.0601103, 0.0614647, 0.081634, 0.100424, 0.11008, 0.131641, 0.169837, 0.313635, 0.643179, 1.02635]
num_agents: 50
time_individual_plan: 0.0125762
time_first_plan: 0.00890699
num_max_agents_in_window_first_iteration: 2
num_recWAMPF: 16
timing_recWAMPF:
    total_RecWAMPF: 1.01323
    num_windows: 106
    num_max_agents_in_window: 4
    timing_gari:
        total_GARI: 0.955675
        time_path_btw_starts: 0.000215668
        Stage1:
            total_Stage1:0.801795
            time_add_x_to_o: 0.162967
            time_clear_x: 0.0429116
            timing_AStarSearchUntil:
                total_astar_search_until:0.59591
                num_values_f_less_fmax:4285
                ASU Exp:
                    total_ASUExp:0.595906
                    time_top_o:0.00427317
                    time_check_in_c:0.00140802
                    time_add_parent:0.00143679
                    num_neighbors:1327752
                    time_add_neighbors_to_o:0.577849
        Stage2:
            total_Stage2:0.00314014
            num_len_path:79
            time_expanding_s:3.9467e-05
            timing_AStarSearchUntil:
                total_astar_search_until:0.00307217
                num_values_f_less_fmax:148
                ASU Exp:
                    total_ASUExp:0.00307022
                    time_top_o:3.4632e-05
                    time_check_in_c:2.5007e-05
                    time_add_parent:5.4548e-05
                    num_neighbors:6298
                    time_add_neighbors_to_o:0.00276399
        Stage3:
            total_Stage3:0.150495
            num_until_goal_expanded:1028
            timing_S3Exp:
                total_S3Exp: 0.0444484
                time_top_o: 0.000350887
                time_check_in_c: 0.000181673
                time_add_parent: 0.000310407
                num_neighbors: 79673
                time_add_neighbors_to_o: 0.0421936
    timing_PIOW_overlapping:
        total_PIOW: 0.0328023
        num_windows: 729
        time_check_overlap: 1.5304e-05
        num_overlapping_windows: 20
        time_merge_windows: 1.4031e-05
        time_remove_window: 3.506e-06
        time_remove_window: 1.3185e-05
        timing_PlanIn:
            total_PlanIn:0.0327365
            num_until_goal_expanded:752
            timing_expansions:
                total_S3Exp: 0.0327043
                time_top_o: 0.000129403
                time_check_in_c: 0.000134582
                time_add_parent: 0.000195548
                num_neighbors: 57088
                time_add_neighbors_to_o: 0.0297766
    num_new_collisions: 22
    timing_PIOW_new_collisions:
        total_PIOW: 0.00744892
        num_windows: 407
        time_check_overlap: 1.0057e-05
        num_overlapping_windows: 1
        time_merge_windows: 0
        time_remove_window: 0.0304835
        time_remove_window: 7.223e-06
        timing_PlanIn:
            total_PlanIn:0.00740364
            num_until_goal_expanded:584
            timing_expansions:
                total_S3Exp: 0.00736786
                time_top_o: 7.8842e-05
                time_check_in_c: 0.000100422
                time_add_parent: 0.000144728
                num_neighbors: 13670
                time_add_neighbors_to_o: 0.00599383
    num_windows_should_quit: 0
    time_should_quit: 4.822e-06
    time_remove_window: 0
Complete!
