Total time: 88.0152
is_optimal: true
optimality_bound: 1
successive_bounds: [1.00273, 1.00227, 1.00227, 1.00227, 1.00182, 1.00182, 1.00182, 1.00182, 1.00182, 1.00091, 1, 1]
successive_runtimes: [0.00684983, 0.00767232, 0.00838791, 0.00914348, 0.0101012, 0.0108548, 0.0116745, 0.013126, 0.0140091, 0.028346, 88.0152]
num_agents: 40
time_individual_plan: 0.00520929
time_first_plan: 0.00112519
num_max_agents_in_window_first_iteration: 2
num_recWAMPF: 11
timing_recWAMPF:
    total_RecWAMPF: 88.0095
    num_windows: 101
    num_max_agents_in_window: 4
    timing_gari:
        total_GARI: 0.018241
        time_path_btw_starts: 0.000286442
        Stage1:
            total_Stage1:0.00188169
            time_add_x_to_o: 0.00171191
            time_clear_x: 0.000161374
            timing_AStarSearchUntil:
                total_astar_search_until:3.723e-06
                num_values_f_less_fmax:0
                ASU Exp:
                    total_ASUExp:1.558e-06
                    time_top_o:0
                    time_check_in_c:0
                    time_add_parent:0
                    num_neighbors:0
                    time_add_neighbors_to_o:0
        Stage2:
            total_Stage2:0.0125323
            num_len_path:107
            time_expanding_s:6.2316e-05
            timing_AStarSearchUntil:
                total_astar_search_until:0.0124476
                num_values_f_less_fmax:1072
                ASU Exp:
                    total_ASUExp:0.0124456
                    time_top_o:0.000311632
                    time_check_in_c:0.000208607
                    time_add_parent:0.000316923
                    num_neighbors:25721
                    time_add_neighbors_to_o:0.0105108
        Stage3:
            total_Stage3:0.00352837
            num_until_goal_expanded:186
            timing_S3Exp:
                total_S3Exp: 0.00184543
                time_top_o: 3.338e-05
                time_check_in_c: 2.3346e-05
                time_add_parent: 4.1335e-05
                num_neighbors: 2706
                time_add_neighbors_to_o: 0.00143484
    timing_PIOW_overlapping:
        total_PIOW: 0.00229526
        num_windows: 238
        time_check_overlap: 7.302e-06
        num_overlapping_windows: 1
        time_merge_windows: 1.056e-06
        time_remove_window: 1.19e-07
        time_remove_window: 1.004e-06
        timing_PlanIn:
            total_PlanIn:0.00227964
            num_until_goal_expanded:51
            timing_expansions:
                total_S3Exp: 0.00227768
                time_top_o: 1.1729e-05
                time_check_in_c: 8.823e-06
                time_add_parent: 1.4011e-05
                num_neighbors: 3196
                time_add_neighbors_to_o: 0.00205427
    num_new_collisions: 7
    timing_PIOW_new_collisions:
        total_PIOW: 87.9842
        num_windows: 37
        time_check_overlap: 2.12e-06
        num_overlapping_windows: 2
        time_merge_windows: 0
        time_remove_window: 1.04597
        time_remove_window: 2.476e-06
        timing_PlanIn:
            total_PlanIn:87.9841
            num_until_goal_expanded:285410
            timing_expansions:
                total_S3Exp: 87.9841
                time_top_o: 0.545318
                time_check_in_c: 0.126364
                time_add_parent: 0.191331
                num_neighbors: 141646488
                time_add_neighbors_to_o: 83.0662
    num_windows_should_quit: 0
    time_should_quit: 2.946e-06
    time_remove_window: 0
Complete!
