Total time: 133.628
is_optimal: false
optimality_bound: 1.00214
successive_bounds: [1.00498, 1.00356, 1.00285, 1.00285, 1.00214, 1.00214, 1.00214, 1.00214, 1.00214, 1.00214, 1.00214]
successive_runtimes: [0.0455478, 0.0591895, 0.0735804, 0.0870941, 0.101493, 3.90179, 6.3754, 8.56249, 10.0376, 11.2113, 133.628]
num_agents: 40
time_individual_plan: 0.0341319
time_first_plan: 0.00988118
num_max_agents_in_window_first_iteration: 3
num_recWAMPF: 11
timing_recWAMPF:
    total_RecWAMPF: 133.592
    num_windows: 116
    num_max_agents_in_window: 5
    timing_gari:
        total_GARI: 8.3894
        time_path_btw_starts: 0.00353263
        Stage1:
            total_Stage1:2.5858
            time_add_x_to_o: 1.11711
            time_clear_x: 0.380734
            timing_AStarSearchUntil:
                total_astar_search_until:1.08794
                num_values_f_less_fmax:7207
                ASU Exp:
                    total_ASUExp:1.08793
                    time_top_o:0.0166818
                    time_check_in_c:0.00486319
                    time_add_parent:0.00451903
                    num_neighbors:1165881
                    time_add_neighbors_to_o:1.02117
        Stage2:
            total_Stage2:0.0179928
            num_len_path:101
            time_expanding_s:0.00205208
            timing_AStarSearchUntil:
                total_astar_search_until:0.0158554
                num_values_f_less_fmax:222
                ASU Exp:
                    total_ASUExp:0.0158502
                    time_top_o:0.000134193
                    time_check_in_c:0.00013765
                    time_add_parent:0.000940771
                    num_neighbors:11237
                    time_add_neighbors_to_o:0.013401
        Stage3:
            total_Stage3:5.78201
            num_until_goal_expanded:11453
            timing_S3Exp:
                total_S3Exp: 3.23401
                time_top_o: 0.0218373
                time_check_in_c: 0.00467155
                time_add_parent: 0.0120316
                num_neighbors: 3241961
                time_add_neighbors_to_o: 3.03024
    timing_PIOW_overlapping:
        total_PIOW: 3.79638
        num_windows: 505
        time_check_overlap: 3.8261e-05
        num_overlapping_windows: 9
        time_merge_windows: 2.1892e-05
        time_remove_window: 3.335e-06
        time_remove_window: 2.1253e-05
        timing_PlanIn:
            total_PlanIn:3.79627
            num_until_goal_expanded:9590
            timing_expansions:
                total_S3Exp: 3.79623
                time_top_o: 0.0157007
                time_check_in_c: 0.00471683
                time_add_parent: 0.00990845
                num_neighbors: 4175686
                time_add_neighbors_to_o: 3.57126
    num_new_collisions: 13
    timing_PIOW_new_collisions:
        total_PIOW: 121.396
        num_windows: 124
        time_check_overlap: 1.069e-05
        num_overlapping_windows: 2
        time_merge_windows: 0
        time_remove_window: 12.2845
        time_remove_window: 1.3186e-05
        timing_PlanIn:
            total_PlanIn:121.395
            num_until_goal_expanded:43926
            timing_expansions:
                total_S3Exp: 121.395
                time_top_o: 0.151464
                time_check_in_c: 0.0234559
                time_add_parent: 0.05229
                num_neighbors: 117296756
                time_add_neighbors_to_o: 116.685
    num_windows_should_quit: 0
    time_should_quit: 1.1718e-05
    time_remove_window: 0
Complete!
