Total time: 8.03715
is_optimal: true
optimality_bound: 1
successive_bounds: [1.00394, 1.00394, 1.00246, 1.00148, 1.00148, 1.00148, 1.00148, 1.00148, 1.00148, 1.00148, 1.00148, 1.00148, 1.00148, 1.00148, 1.00148, 1.00148, 1.00148, 1.00148, 1.00148, 1.00148, 1.00148, 1.00148, 1.00148, 1.00148, 1.00148, 1.00098, 1, 1]
successive_runtimes: [0.00949223, 0.0106533, 0.0124085, 0.0182686, 0.0199674, 0.0225464, 0.0255379, 0.0285332, 0.0316111, 0.0347886, 0.0382345, 0.0424241, 0.0467319, 0.0508621, 0.0555593, 0.0609436, 0.0662595, 0.0712516, 0.0779084, 0.0841645, 0.148395, 0.20685, 0.274165, 0.364632, 0.417702, 0.477642, 8.03715]
num_agents: 30
time_individual_plan: 0.00758205
time_first_plan: 0.00118599
num_max_agents_in_window_first_iteration: 2
num_recWAMPF: 27
timing_recWAMPF:
    total_RecWAMPF: 8.02884
    num_windows: 259
    num_max_agents_in_window: 4
    timing_gari:
        total_GARI: 0.490007
        time_path_btw_starts: 0.000858517
        Stage1:
            total_Stage1:0.343114
            time_add_x_to_o: 0.12254
            time_clear_x: 0.0280164
            timing_AStarSearchUntil:
                total_astar_search_until:0.192533
                num_values_f_less_fmax:9681
                ASU Exp:
                    total_ASUExp:0.192524
                    time_top_o:0.00787901
                    time_check_in_c:0.00820958
                    time_add_parent:0.00479828
                    num_neighbors:251417
                    time_add_neighbors_to_o:0.158669
        Stage2:
            total_Stage2:0.0204142
            num_len_path:265
            time_expanding_s:0.00023704
            timing_AStarSearchUntil:
                total_astar_search_until:0.0200451
                num_values_f_less_fmax:1131
                ASU Exp:
                    total_ASUExp:0.0200376
                    time_top_o:0.000482078
                    time_check_in_c:0.00032939
                    time_add_parent:0.000543723
                    num_neighbors:25833
                    time_add_neighbors_to_o:0.0168055
        Stage3:
            total_Stage3:0.125541
            num_until_goal_expanded:2123
            timing_S3Exp:
                total_S3Exp: 0.0184776
                time_top_o: 0.000715502
                time_check_in_c: 0.00045096
                time_add_parent: 0.000839472
                num_neighbors: 17804
                time_add_neighbors_to_o: 0.0101977
    timing_PIOW_overlapping:
        total_PIOW: 0.0736192
        num_windows: 632
        time_check_overlap: 5.2016e-05
        num_overlapping_windows: 2
        time_merge_windows: 5.522e-06
        time_remove_window: 6.93e-07
        time_remove_window: 5.346e-06
        timing_PlanIn:
            total_PlanIn:0.0735268
            num_until_goal_expanded:1205
            timing_expansions:
                total_S3Exp: 0.0735199
                time_top_o: 0.000558293
                time_check_in_c: 0.000303532
                time_add_parent: 0.000507905
                num_neighbors: 95311
                time_add_neighbors_to_o: 0.0664531
    num_new_collisions: 7
    timing_PIOW_new_collisions:
        total_PIOW: 7.45914
        num_windows: 38
        time_check_overlap: 3.118e-06
        num_overlapping_windows: 1
        time_merge_windows: 0
        time_remove_window: 0.580714
        time_remove_window: 2.463e-06
        timing_PlanIn:
            total_PlanIn:7.45912
            num_until_goal_expanded:20841
            timing_expansions:
                total_S3Exp: 7.45911
                time_top_o: 0.0262217
                time_check_in_c: 0.00718367
                time_add_parent: 0.0153345
                num_neighbors: 8308633
                time_add_neighbors_to_o: 7.0889
    num_windows_should_quit: 0
    time_should_quit: 1.8958e-05
    time_remove_window: 0
Complete!
