Total time: 0.0772588
is_optimal: false
optimality_bound: 1.00179
successive_bounds: [1.00357, 1.00268, 1.00268, 1.00268, 1.00268, 1.00179, 1.00179, 1.00179, 1.00179, 1.00179, 1.00179, 1.00179, 1.00179, 1.00179, 1.00179, 1.00179, 1.00179, 1.00179, 1.00179, 1.00179, 1.00179, 1.00179, 1.00179, 1.00179]
successive_runtimes: [0.00504948, 0.00568411, 0.00655641, 0.00730309, 0.00868603, 0.0111996, 0.012219, 0.0148704, 0.0262957, 0.0295004, 0.0312622, 0.0330546, 0.0348868, 0.0372219, 0.0393154, 0.0438806, 0.0471035, 0.0498468, 0.0547454, 0.0607259, 0.0650669, 0.0695135, 0.0737203, 0.0772588]
num_agents: 20
time_individual_plan: 0.00390172
time_first_plan: 0.000465158
num_max_agents_in_window_first_iteration: 2
num_recWAMPF: 24
timing_recWAMPF:
    total_RecWAMPF: 0.0726683
    num_windows: 154
    num_max_agents_in_window: 3
    timing_gari:
        total_GARI: 0.0602377
        time_path_btw_starts: 0.000481057
        Stage1:
            total_Stage1:0.0102881
            time_add_x_to_o: 0.00604005
            time_clear_x: 0.000636881
            timing_AStarSearchUntil:
                total_astar_search_until:0.00360107
                num_values_f_less_fmax:290
                ASU Exp:
                    total_ASUExp:0.00359676
                    time_top_o:9.7009e-05
                    time_check_in_c:9.1807e-05
                    time_add_parent:9.2553e-05
                    num_neighbors:5534
                    time_add_neighbors_to_o:0.00295121
        Stage2:
            total_Stage2:0.00706235
            num_len_path:138
            time_expanding_s:0.00013292
            timing_AStarSearchUntil:
                total_astar_search_until:0.00687141
                num_values_f_less_fmax:365
                ASU Exp:
                    total_ASUExp:0.00686778
                    time_top_o:0.000143532
                    time_check_in_c:9.2021e-05
                    time_add_parent:0.000147533
                    num_neighbors:12707
                    time_add_neighbors_to_o:0.00593832
        Stage3:
            total_Stage3:0.0414039
            num_until_goal_expanded:1165
            timing_S3Exp:
                total_S3Exp: 0.0159084
                time_top_o: 0.000397078
                time_check_in_c: 0.000237966
                time_add_parent: 0.000372136
                num_neighbors: 22750
                time_add_neighbors_to_o: 0.0127812
    timing_PIOW_overlapping:
        total_PIOW: 0.0102608
        num_windows: 255
        time_check_overlap: 1.303e-05
        num_overlapping_windows: 1
        time_merge_windows: 1.224e-06
        time_remove_window: 2.73e-07
        time_remove_window: 1.16e-06
        timing_PlanIn:
            total_PlanIn:0.0102339
            num_until_goal_expanded:553
            timing_expansions:
                total_S3Exp: 0.0102314
                time_top_o: 0.000164937
                time_check_in_c: 0.000105256
                time_add_parent: 0.000267585
                num_neighbors: 13755
                time_add_neighbors_to_o: 0.0081995
    num_new_collisions: 4
    timing_PIOW_new_collisions:
        total_PIOW: 0.000398647
        num_windows: 12
        time_check_overlap: 7.95e-07
        num_overlapping_windows: 0
        time_merge_windows: 0
        time_remove_window: 0
        time_remove_window: 1.554e-06
        timing_PlanIn:
            total_PlanIn:0.000391436
            num_until_goal_expanded:36
            timing_expansions:
                total_S3Exp: 0.000382321
                time_top_o: 6.359e-06
                time_check_in_c: 7.148e-06
                time_add_parent: 1.278e-05
                num_neighbors: 423
                time_add_neighbors_to_o: 0.000270739
    num_windows_should_quit: 0
    time_should_quit: 9.33e-06
    time_remove_window: 0
Complete!
