Total time: 0.305799
is_optimal: true
optimality_bound: 1
successive_bounds: [1.0021, 1.0021, 1.0021, 1.0021, 1.0021, 1.00105, 1.00105, 1.00105, 1.00105, 1.00105, 1.00105, 1.00105, 1.00105, 1.00105, 1.00105, 1.00105, 1.00105, 1.00105, 1.00105, 1.00105, 1.00105, 1.00105, 1.00105, 1.00105, 1.00105, 1.00105, 1.00105, 1.00105, 1.00105, 1.00105, 1.00105, 1]
successive_runtimes: [0.00987208, 0.0110963, 0.0124388, 0.0139684, 0.0156574, 0.0207761, 0.0232029, 0.0258058, 0.0283867, 0.0319492, 0.127792, 0.239571, 0.260236, 0.279291, 0.296982, 0.297646, 0.298149, 0.29868, 0.299226, 0.299741, 0.300316, 0.300884, 0.301407, 0.301962, 0.302552, 0.303082, 0.303622, 0.304136, 0.304741, 0.305287, 0.305799]
num_agents: 50
time_individual_plan: 0.00859384
time_first_plan: 0.000646312
num_max_agents_in_window_first_iteration: 2
num_recWAMPF: 31
timing_recWAMPF:
    total_RecWAMPF: 0.296565
    num_windows: 90
    num_max_agents_in_window: 3
    timing_gari:
        total_GARI: 0.286963
        time_path_btw_starts: 0.000238461
        Stage1:
            total_Stage1:0.0169382
            time_add_x_to_o: 0.00677618
            time_clear_x: 0.000711659
            timing_AStarSearchUntil:
                total_astar_search_until:0.00942625
                num_values_f_less_fmax:266
                ASU Exp:
                    total_ASUExp:0.00942366
                    time_top_o:0.000132541
                    time_check_in_c:5.8942e-05
                    time_add_parent:0.000125759
                    num_neighbors:19111
                    time_add_neighbors_to_o:0.00859638
        Stage2:
            total_Stage2:0.0112754
            num_len_path:69
            time_expanding_s:8.0485e-05
            timing_AStarSearchUntil:
                total_astar_search_until:0.0111549
                num_values_f_less_fmax:414
                ASU Exp:
                    total_ASUExp:0.0111527
                    time_top_o:0.000196393
                    time_check_in_c:8.6972e-05
                    time_add_parent:0.000164077
                    num_neighbors:21088
                    time_add_neighbors_to_o:0.0100244
        Stage3:
            total_Stage3:0.258493
            num_until_goal_expanded:3561
            timing_S3Exp:
                total_S3Exp: 0.193463
                time_top_o: 0.00413289
                time_check_in_c: 0.000900756
                time_add_parent: 0.00206624
                num_neighbors: 340045
                time_add_neighbors_to_o: 0.17933
    timing_PIOW_overlapping:
        total_PIOW: 6.369e-06
        num_windows: 72
        time_check_overlap: 2.681e-06
        num_overlapping_windows: 0
        time_merge_windows: 0
        time_remove_window: 0
        time_remove_window: 0
        timing_PlanIn:
            total_PlanIn:0
            num_until_goal_expanded:0
            timing_expansions:
                total_S3Exp: 0
                time_top_o: 0
                time_check_in_c: 0
                time_add_parent: 0
                num_neighbors: 0
                time_add_neighbors_to_o: 0
    num_new_collisions: 3
    timing_PIOW_new_collisions:
        total_PIOW: 0.000882002
        num_windows: 6
        time_check_overlap: 4.07e-07
        num_overlapping_windows: 1
        time_merge_windows: 0
        time_remove_window: 0.0104001
        time_remove_window: 1.028e-06
        timing_PlanIn:
            total_PlanIn:0.000875111
            num_until_goal_expanded:29
            timing_expansions:
                total_S3Exp: 0.000867189
                time_top_o: 6.763e-06
                time_check_in_c: 7.033e-06
                time_add_parent: 1.1404e-05
                num_neighbors: 1415
                time_add_neighbors_to_o: 0.000743878
    num_windows_should_quit: 2
    time_should_quit: 5.006e-06
    time_remove_window: 6.38e-07
Complete!
