Total time: 3.54658
is_optimal: false
optimality_bound: 1.00271
successive_bounds: [1.00519, 1.00496, 1.00496, 1.00451, 1.00293, 1.00316, 1.00316, 1.00316, 1.00316, 1.00316, 1.00316, 1.00316, 1.00316, 1.00316, 1.00316, 1.00293, 1.00293, 1.00293, 1.00271]
successive_runtimes: [0.0164475, 0.0216526, 0.028758, 0.0361538, 0.0485389, 0.0552121, 0.0594968, 0.0629297, 0.125948, 0.162152, 0.187424, 0.211009, 0.231135, 0.249953, 0.268713, 0.290918, 0.579247, 0.723696, 3.54658]
num_agents: 60
time_individual_plan: 0.00792483
time_first_plan: 0.00799707
num_max_agents_in_window_first_iteration: 2
num_recWAMPF: 19
timing_recWAMPF:
    total_RecWAMPF: 3.53812
    num_windows: 257
    num_max_agents_in_window: 4
    timing_gari:
        total_GARI: 0.773394
        time_path_btw_starts: 0.00239202
        Stage1:
            total_Stage1:0.211461
            time_add_x_to_o: 0.0888476
            time_clear_x: 0.0186046
            timing_AStarSearchUntil:
                total_astar_search_until:0.10399
                num_values_f_less_fmax:4279
                ASU Exp:
                    total_ASUExp:0.103983
                    time_top_o:0.0027228
                    time_check_in_c:0.000900198
                    time_add_parent:0.00129374
                    num_neighbors:194083
                    time_add_neighbors_to_o:0.0943752
        Stage2:
            total_Stage2:0.0361373
            num_len_path:229
            time_expanding_s:0.000129623
            timing_AStarSearchUntil:
                total_astar_search_until:0.0359045
                num_values_f_less_fmax:886
                ASU Exp:
                    total_ASUExp:0.0358993
                    time_top_o:0.000297508
                    time_check_in_c:0.000177216
                    time_add_parent:0.000291735
                    num_neighbors:76508
                    time_add_neighbors_to_o:0.0336641
        Stage3:
            total_Stage3:0.522992
            num_until_goal_expanded:5612
            timing_S3Exp:
                total_S3Exp: 0.28967
                time_top_o: 0.00301741
                time_check_in_c: 0.000996993
                time_add_parent: 0.00233377
                num_neighbors: 514455
                time_add_neighbors_to_o: 0.272762
    timing_PIOW_overlapping:
        total_PIOW: 0.0697679
        num_windows: 1130
        time_check_overlap: 4.1953e-05
        num_overlapping_windows: 12
        time_merge_windows: 1.2717e-05
        time_remove_window: 2.273e-06
        time_remove_window: 1.2108e-05
        timing_PlanIn:
            total_PlanIn:0.0696673
            num_until_goal_expanded:1046
            timing_expansions:
                total_S3Exp: 0.0696415
                time_top_o: 0.000266321
                time_check_in_c: 0.000217128
                time_add_parent: 0.000279453
                num_neighbors: 119401
                time_add_neighbors_to_o: 0.0640849
    num_new_collisions: 19
    timing_PIOW_new_collisions:
        total_PIOW: 2.66911
        num_windows: 275
        time_check_overlap: 8.55e-06
        num_overlapping_windows: 2
        time_merge_windows: 0
        time_remove_window: 0.915124
        time_remove_window: 9.886e-06
        timing_PlanIn:
            total_PlanIn:2.66906
            num_until_goal_expanded:5972
            timing_expansions:
                total_S3Exp: 2.66903
                time_top_o: 0.00473616
                time_check_in_c: 0.00161488
                time_add_parent: 0.00318569
                num_neighbors: 4079932
                time_add_neighbors_to_o: 2.54603
    num_windows_should_quit: 0
    time_should_quit: 1.5608e-05
    time_remove_window: 0
Complete!
