Total time: 0.17287
is_optimal: true
optimality_bound: 1
successive_bounds: [1.03599, 1.03599, 1.00192, 1.00192, 1.00192, 1.00192, 1.00192, 1.00096, 1.00096, 1.00096, 1.00096, 1.00096, 1.00096, 1.00096, 1, 1]
successive_runtimes: [0.0157935, 0.0492001, 0.106884, 0.110002, 0.11333, 0.117311, 0.122022, 0.126823, 0.131151, 0.13528, 0.139663, 0.144743, 0.151667, 0.164332, 0.17287]
num_agents: 30
time_individual_plan: 0.00771289
time_first_plan: 0.00741042
num_max_agents_in_window_first_iteration: 2
num_recWAMPF: 15
timing_recWAMPF:
    total_RecWAMPF: 0.164482
    num_windows: 58
    num_max_agents_in_window: 2
    timing_gari:
        total_GARI: 0.143362
        time_path_btw_starts: 0.000188764
        Stage1:
            total_Stage1:0.106859
            time_add_x_to_o: 0.0299999
            time_clear_x: 0.00469832
            timing_AStarSearchUntil:
                total_astar_search_until:0.0456746
                num_values_f_less_fmax:20041
                ASU Exp:
                    total_ASUExp:0.045673
                    time_top_o:0.00852422
                    time_check_in_c:0.0043239
                    time_add_parent:0.00193737
                    num_neighbors:96055
                    time_add_neighbors_to_o:0.045836
        Stage2:
            total_Stage2:0.00630344
            num_len_path:62
            time_expanding_s:3.0978e-05
            timing_AStarSearchUntil:
                total_astar_search_until:0.00624985
                num_values_f_less_fmax:406
                ASU Exp:
                    total_ASUExp:0.00624847
                    time_top_o:0.000153223
                    time_check_in_c:0.00010495
                    time_add_parent:0.000164541
                    num_neighbors:9597
                    time_add_neighbors_to_o:0.00526275
        Stage3:
            total_Stage3:0.0299969
            num_until_goal_expanded:4869
            timing_S3Exp:
                total_S3Exp: 0.0226559
                time_top_o: 0.00169608
                time_check_in_c: 0.000865953
                time_add_parent: 0.0017209
                num_neighbors: 27199
                time_add_neighbors_to_o: 0.0126699
    timing_PIOW_overlapping:
        total_PIOW: 5.001e-06
        num_windows: 56
        time_check_overlap: 2.168e-06
        num_overlapping_windows: 0
        time_merge_windows: 0
        time_remove_window: 0
        time_remove_window: 0
        timing_PlanIn:
            total_PlanIn:0
            num_until_goal_expanded:0
            timing_expansions:
                total_S3Exp: 0
                time_top_o: 0
                time_check_in_c: 0
                time_add_parent: 0
                num_neighbors: 0
                time_add_neighbors_to_o: 0
    num_new_collisions: 2
    timing_PIOW_new_collisions:
        total_PIOW: 0.00693819
        num_windows: 2
        time_check_overlap: 1.8e-07
        num_overlapping_windows: 0
        time_merge_windows: 0
        time_remove_window: 0
        time_remove_window: 1.304e-06
        timing_PlanIn:
            total_PlanIn:0.00693193
            num_until_goal_expanded:446
            timing_expansions:
                total_S3Exp: 0.00692661
                time_top_o: 9.3869e-05
                time_check_in_c: 0.000195141
                time_add_parent: 0.000195717
                num_neighbors: 8522
                time_add_neighbors_to_o: 0.00555969
    num_windows_should_quit: 0
    time_should_quit: 3.07e-06
    time_remove_window: 0
Complete!
