Total time: 0.107105
is_optimal: true
optimality_bound: 1
successive_bounds: [1.00184, 1.00147, 1.00147, 1.00147, 1.00147, 1.00147, 1.00147, 1.00147, 1.00147, 1.00147, 1.00147, 1.00147, 1.00147, 1.00147, 1.00147, 1.00147, 1.00074, 1.00074, 1, 1]
successive_runtimes: [0.00859746, 0.0104541, 0.0123543, 0.0147124, 0.019039, 0.0227528, 0.0265825, 0.0309848, 0.0364284, 0.04243, 0.0483247, 0.0545369, 0.0609082, 0.067641, 0.0754375, 0.083171, 0.0917542, 0.0959764, 0.107105]
num_agents: 40
time_individual_plan: 0.00566986
time_first_plan: 0.00233791
num_max_agents_in_window_first_iteration: 2
num_recWAMPF: 19
timing_recWAMPF:
    total_RecWAMPF: 0.100842
    num_windows: 222
    num_max_agents_in_window: 3
    timing_gari:
        total_GARI: 0.0839005
        time_path_btw_starts: 0.000547777
        Stage1:
            total_Stage1:0.0422242
            time_add_x_to_o: 0.016537
            time_clear_x: 0.0023255
            timing_AStarSearchUntil:
                total_astar_search_until:0.023349
                num_values_f_less_fmax:10815
                ASU Exp:
                    total_ASUExp:0.0233435
                    time_top_o:0.00284747
                    time_check_in_c:0.00162869
                    time_add_parent:0.00114061
                    num_neighbors:38437
                    time_add_neighbors_to_o:0.0140303
        Stage2:
            total_Stage2:0.00906225
            num_len_path:235
            time_expanding_s:0.000116084
            timing_AStarSearchUntil:
                total_astar_search_until:0.0088838
                num_values_f_less_fmax:644
                ASU Exp:
                    total_ASUExp:0.00886657
                    time_top_o:0.000184252
                    time_check_in_c:0.000127966
                    time_add_parent:0.000255637
                    num_neighbors:19180
                    time_add_neighbors_to_o:0.00759535
        Stage3:
            total_Stage3:0.0320284
            num_until_goal_expanded:4014
            timing_S3Exp:
                total_S3Exp: 0.0196222
                time_top_o: 0.00101487
                time_check_in_c: 0.00061686
                time_add_parent: 0.00116207
                num_neighbors: 28993
                time_add_neighbors_to_o: 0.0123711
    timing_PIOW_overlapping:
        total_PIOW: 3.9135e-05
        num_windows: 648
        time_check_overlap: 2.3424e-05
        num_overlapping_windows: 0
        time_merge_windows: 0
        time_remove_window: 0
        time_remove_window: 0
        timing_PlanIn:
            total_PlanIn:0
            num_until_goal_expanded:0
            timing_expansions:
                total_S3Exp: 0
                time_top_o: 0
                time_check_in_c: 0
                time_add_parent: 0
                num_neighbors: 0
                time_add_neighbors_to_o: 0
    num_new_collisions: 8
    timing_PIOW_new_collisions:
        total_PIOW: 0.00700526
        num_windows: 57
        time_check_overlap: 2.054e-06
        num_overlapping_windows: 2
        time_merge_windows: 0
        time_remove_window: 0.120158
        time_remove_window: 2.008e-06
        timing_PlanIn:
            total_PlanIn:0.00699107
            num_until_goal_expanded:304
            timing_expansions:
                total_S3Exp: 0.00697564
                time_top_o: 5.8269e-05
                time_check_in_c: 5.3403e-05
                time_add_parent: 8.382e-05
                num_neighbors: 11554
                time_add_neighbors_to_o: 0.00604487
    num_windows_should_quit: 0
    time_should_quit: 7.363e-06
    time_remove_window: 0
Complete!
