Total time: 772.896
is_optimal: false
optimality_bound: 1.00046
successive_bounds: [1.00184, 1.00184, 1.00138, 1.00092, 1.00092, 1.00092, 1.00092, 1.00092, 1.00092, 1.00046, 1.00046, 1.00046, 1.00046, 1.00046, 1.00046, 1.00046, 1.00046, 1.00046, 1.00046, 1.00046, 1.00046, 1.00046, 1.00046, 1.00046, 1.00046, 1.00046]
successive_runtimes: [0.045648, 0.0490058, 0.0524934, 0.0557165, 0.0580866, 0.0614631, 0.0640765, 0.0665564, 0.10411, 0.212153, 0.31226, 0.417149, 0.518855, 4.78362, 13.4294, 35.0801, 70.7797, 115.259, 163.699, 220.217, 276.581, 366.454, 460.087, 657.062, 698.67, 772.896]
num_agents: 40
time_individual_plan: 0.0402835
time_first_plan: 0.00405473
num_max_agents_in_window_first_iteration: 2
num_recWAMPF: 26
timing_recWAMPF:
    total_RecWAMPF: 772.854
    num_windows: 179
    num_max_agents_in_window: 4
    timing_gari:
        total_GARI: 671.246
        time_path_btw_starts: 0.00105847
        Stage1:
            total_Stage1:585.581
            time_add_x_to_o: 53.6494
            time_clear_x: 27.5502
            timing_AStarSearchUntil:
                total_astar_search_until:420.968
                num_values_f_less_fmax:2019817
                ASU Exp:
                    total_ASUExp:420.968
                    time_top_o:4.78804
                    time_check_in_c:1.78285
                    time_add_parent:3.19108
                    num_neighbors:632441232
                    time_add_neighbors_to_o:485.921
        Stage2:
            total_Stage2:11.4312
            num_len_path:185
            time_expanding_s:0.000260609
            timing_AStarSearchUntil:
                total_astar_search_until:11.4308
                num_values_f_less_fmax:27260
                ASU Exp:
                    total_ASUExp:11.4308
                    time_top_o:0.0705408
                    time_check_in_c:0.0118876
                    time_add_parent:0.0284065
                    num_neighbors:12609311
                    time_add_neighbors_to_o:11.2154
        Stage3:
            total_Stage3:74.2329
            num_until_goal_expanded:4777
            timing_S3Exp:
                total_S3Exp: 1.14521
                time_top_o: 0.0101643
                time_check_in_c: 0.00193465
                time_add_parent: 0.00461018
                num_neighbors: 1194552
                time_add_neighbors_to_o: 1.10614
    timing_PIOW_overlapping:
        total_PIOW: 4.15125
        num_windows: 319
        time_check_overlap: 2.6589e-05
        num_overlapping_windows: 1
        time_merge_windows: 4.996e-06
        time_remove_window: 5.78e-07
        time_remove_window: 4.91e-06
        timing_PlanIn:
            total_PlanIn:4.1512
            num_until_goal_expanded:10068
            timing_expansions:
                total_S3Exp: 4.15119
                time_top_o: 0.0207582
                time_check_in_c: 0.00454577
                time_add_parent: 0.0108651
                num_neighbors: 4717660
                time_add_neighbors_to_o: 3.90711
    num_new_collisions: 5
    timing_PIOW_new_collisions:
        total_PIOW: 0.0333771
        num_windows: 21
        time_check_overlap: 2.257e-06
        num_overlapping_windows: 1
        time_merge_windows: 0
        time_remove_window: 0.0719121
        time_remove_window: 4.078e-06
        timing_PlanIn:
            total_PlanIn:0.0333521
            num_until_goal_expanded:347
            timing_expansions:
                total_S3Exp: 0.0333277
                time_top_o: 0.000220368
                time_check_in_c: 0.000153899
                time_add_parent: 0.000337269
                num_neighbors: 28715
                time_add_neighbors_to_o: 0.0297512
    num_windows_should_quit: 0
    time_should_quit: 1.6511e-05
    time_remove_window: 0
Complete!
