Total time: 0.332928
is_optimal: false
optimality_bound: 1.00354
successive_bounds: [1.00591, 1.00512, 1.00472, 1.00394, 1.00394, 1.00394, 1.00394, 1.00394, 1.00394, 1.00354, 1.00354, 1.00354, 1.00354, 1.00354, 1.00354, 1.00354, 1.00354, 1.00354, 1.00354, 1.00354, 1.00354, 1.00354, 1.00354, 1.00354, 1.00354, 1.00354, 1.00354, 1.00354, 1.00354, 1.00354, 1.00354, 1.00354, 1.00354]
successive_runtimes: [0.0160603, 0.0763881, 0.0796938, 0.084854, 0.0862819, 0.0909515, 0.0967484, 0.117658, 0.135565, 0.153488, 0.165426, 0.173208, 0.180501, 0.187768, 0.19892, 0.208205, 0.216085, 0.223905, 0.230948, 0.237985, 0.245184, 0.25233, 0.25951, 0.2667, 0.273932, 0.281182, 0.288431, 0.29574, 0.303015, 0.310476, 0.31787, 0.325398, 0.332928]
num_agents: 40
time_individual_plan: 0.00441031
time_first_plan: 0.0111309
num_max_agents_in_window_first_iteration: 3
num_recWAMPF: 33
timing_recWAMPF:
    total_RecWAMPF: 0.327991
    num_windows: 273
    num_max_agents_in_window: 3
    timing_gari:
        total_GARI: 0.303349
        time_path_btw_starts: 0.00093505
        Stage1:
            total_Stage1:0.0898877
            time_add_x_to_o: 0.026823
            time_clear_x: 0.00333439
            timing_AStarSearchUntil:
                total_astar_search_until:0.0597123
                num_values_f_less_fmax:2043
                ASU Exp:
                    total_ASUExp:0.0597058
                    time_top_o:0.000902961
                    time_check_in_c:0.000352966
                    time_add_parent:0.000578101
                    num_neighbors:143352
                    time_add_neighbors_to_o:0.0553356
        Stage2:
            total_Stage2:0.0200805
            num_len_path:235
            time_expanding_s:0.000267923
            timing_AStarSearchUntil:
                total_astar_search_until:0.0196886
                num_values_f_less_fmax:850
                ASU Exp:
                    total_ASUExp:0.019683
                    time_top_o:0.000283946
                    time_check_in_c:0.000182507
                    time_add_parent:0.000271439
                    num_neighbors:41666
                    time_add_neighbors_to_o:0.0177895
        Stage3:
            total_Stage3:0.192387
            num_until_goal_expanded:1221
            timing_S3Exp:
                total_S3Exp: 0.0318492
                time_top_o: 0.000343325
                time_check_in_c: 0.000207033
                time_add_parent: 0.000367
                num_neighbors: 60526
                time_add_neighbors_to_o: 0.0279819
    timing_PIOW_overlapping:
        total_PIOW: 0.00236594
        num_windows: 606
        time_check_overlap: 3.0357e-05
        num_overlapping_windows: 4
        time_merge_windows: 3.934e-06
        time_remove_window: 6.28e-07
        time_remove_window: 3.777e-06
        timing_PlanIn:
            total_PlanIn:0.00231072
            num_until_goal_expanded:104
            timing_expansions:
                total_S3Exp: 0.00230352
                time_top_o: 1.5033e-05
                time_check_in_c: 1.8573e-05
                time_add_parent: 2.7411e-05
                num_neighbors: 3739
                time_add_neighbors_to_o: 0.00201589
    num_new_collisions: 9
    timing_PIOW_new_collisions:
        total_PIOW: 0.00962543
        num_windows: 72
        time_check_overlap: 2.223e-06
        num_overlapping_windows: 1
        time_merge_windows: 0
        time_remove_window: 0.00635537
        time_remove_window: 4.67e-06
        timing_PlanIn:
            total_PlanIn:0.009609
            num_until_goal_expanded:340
            timing_expansions:
                total_S3Exp: 0.00959118
                time_top_o: 6.5031e-05
                time_check_in_c: 6.0859e-05
                time_add_parent: 9.2337e-05
                num_neighbors: 19786
                time_add_neighbors_to_o: 0.00844995
    num_windows_should_quit: 1
    time_should_quit: 1.7973e-05
    time_remove_window: 2.48e-07
Complete!
