Total time: 4.72796
is_optimal: false
optimality_bound: 1.00184
successive_bounds: [1.00415, 1.00415, 1.00415, 1.00323, 1.00323, 1.00323, 1.00323, 1.00323, 1.00323, 1.00323, 1.0023, 1.0023, 1.00184]
successive_runtimes: [0.0156726, 0.0178675, 0.0201978, 0.0225951, 0.0259448, 0.0301028, 0.0338824, 0.0381288, 0.0430757, 0.0558782, 0.0679998, 0.10912, 4.72796]
num_agents: 30
time_individual_plan: 0.0119594
time_first_plan: 0.00266508
num_max_agents_in_window_first_iteration: 2
num_recWAMPF: 13
timing_recWAMPF:
    total_RecWAMPF: 4.71495
    num_windows: 166
    num_max_agents_in_window: 4
    timing_gari:
        total_GARI: 0.109946
        time_path_btw_starts: 0.000879025
        Stage1:
            total_Stage1:0.0134047
            time_add_x_to_o: 0.00132562
            time_clear_x: 0.000291924
            timing_AStarSearchUntil:
                total_astar_search_until:0.00984984
                num_values_f_less_fmax:479
                ASU Exp:
                    total_ASUExp:0.00984297
                    time_top_o:0.000272306
                    time_check_in_c:8.0078e-05
                    time_add_parent:0
                    num_neighbors:0
                    time_add_neighbors_to_o:0
        Stage2:
            total_Stage2:0.0605847
            num_len_path:174
            time_expanding_s:0.000173228
            timing_AStarSearchUntil:
                total_astar_search_until:0.0591784
                num_values_f_less_fmax:1202
                ASU Exp:
                    total_ASUExp:0.0591724
                    time_top_o:0.000765928
                    time_check_in_c:0.000375086
                    time_add_parent:0.000955324
                    num_neighbors:24833
                    time_add_neighbors_to_o:0.0198572
        Stage3:
            total_Stage3:0.0324454
            num_until_goal_expanded:1635
            timing_S3Exp:
                total_S3Exp: 0.0239411
                time_top_o: 0.000710439
                time_check_in_c: 0.000482514
                time_add_parent: 0.0010585
                num_neighbors: 20945
                time_add_neighbors_to_o: 0.0173915
    timing_PIOW_overlapping:
        total_PIOW: 4.59735
        num_windows: 546
        time_check_overlap: 3.1974e-05
        num_overlapping_windows: 2
        time_merge_windows: 3.951e-06
        time_remove_window: 4.62e-07
        time_remove_window: 3.802e-06
        timing_PlanIn:
            total_PlanIn:4.54192
            num_until_goal_expanded:18062
            timing_expansions:
                total_S3Exp: 4.54191
                time_top_o: 0.0259842
                time_check_in_c: 0.00661466
                time_add_parent: 0.0179969
                num_neighbors: 5883207
                time_add_neighbors_to_o: 4.21856
    num_new_collisions: 8
    timing_PIOW_new_collisions:
        total_PIOW: 0.00117439
        num_windows: 26
        time_check_overlap: 1.96e-06
        num_overlapping_windows: 0
        time_merge_windows: 0
        time_remove_window: 0
        time_remove_window: 2.05e-06
        timing_PlanIn:
            total_PlanIn:0.00115419
            num_until_goal_expanded:89
            timing_expansions:
                total_S3Exp: 0.00112266
                time_top_o: 3.3085e-05
                time_check_in_c: 3.5973e-05
                time_add_parent: 7.6657e-05
                num_neighbors: 686
                time_add_neighbors_to_o: 0.000702266
    num_windows_should_quit: 0
    time_should_quit: 3.103e-06
    time_remove_window: 0
Complete!
