Total time: 76.5927
is_optimal: true
optimality_bound: 1
successive_bounds: [1.00346, 1.00297, 1.00247, 1.00247, 1.00247, 1.00198, 1.00198, 1.00198, 1.00198, 1.00198, 1.00198, 1.00198, 1.00198, 1.00198, 1.00198, 1.00198, 1.00198, 1.00198, 1.00198, 1.00198, 1.00198, 1]
successive_runtimes: [0.0236917, 0.0278633, 0.0330943, 0.0385533, 0.0442292, 0.24368, 0.52193, 0.916929, 1.15262, 1.3232, 3.03996, 4.51494, 5.74524, 6.48239, 14.7723, 18.3768, 22.6297, 37.9834, 65.646, 75.8506, 76.5927]
num_agents: 30
time_individual_plan: 0.0169185
time_first_plan: 0.0053608
num_max_agents_in_window_first_iteration: 3
num_recWAMPF: 21
timing_recWAMPF:
    total_RecWAMPF: 76.5744
    num_windows: 75
    num_max_agents_in_window: 3
    timing_gari:
        total_GARI: 76.5586
        time_path_btw_starts: 0.000473621
        Stage1:
            total_Stage1:24.1155
            time_add_x_to_o: 0.0290151
            time_clear_x: 0.00727794
            timing_AStarSearchUntil:
                total_astar_search_until:23.8445
                num_values_f_less_fmax:6515
                ASU Exp:
                    total_ASUExp:23.8445
                    time_top_o:0.0125736
                    time_check_in_c:0.00307871
                    time_add_parent:0
                    num_neighbors:0
                    time_add_neighbors_to_o:0
        Stage2:
            total_Stage2:51.3776
            num_len_path:77
            time_expanding_s:0.00298509
            timing_AStarSearchUntil:
                total_astar_search_until:51.2388
                num_values_f_less_fmax:14735
                ASU Exp:
                    total_ASUExp:51.2387
                    time_top_o:0.0333148
                    time_check_in_c:0.0101476
                    time_add_parent:0.0175748
                    num_neighbors:1417639
                    time_add_neighbors_to_o:1.0231
        Stage3:
            total_Stage3:1.00943
            num_until_goal_expanded:4920
            timing_S3Exp:
                total_S3Exp: 0.224015
                time_top_o: 0.00442472
                time_check_in_c: 0.0014332
                time_add_parent: 0.0037453
                num_neighbors: 365428
                time_add_neighbors_to_o: 0.193623
    timing_PIOW_overlapping:
        total_PIOW: 0.00166662
        num_windows: 104
        time_check_overlap: 5.815e-06
        num_overlapping_windows: 2
        time_merge_windows: 3.566e-06
        time_remove_window: 1.77e-07
        time_remove_window: 3.438e-06
        timing_PlanIn:
            total_PlanIn:0.00163165
            num_until_goal_expanded:80
            timing_expansions:
                total_S3Exp: 0.00162472
                time_top_o: 2.4323e-05
                time_check_in_c: 1.8377e-05
                time_add_parent: 4.9174e-05
                num_neighbors: 1286
                time_add_neighbors_to_o: 0.00125535
    num_new_collisions: 6
    timing_PIOW_new_collisions:
        total_PIOW: 0.00510142
        num_windows: 13
        time_check_overlap: 1.676e-06
        num_overlapping_windows: 2
        time_merge_windows: 4.165e-06
        time_remove_window: 2.63e-07
        time_remove_window: 2.216e-06
        timing_PlanIn:
            total_PlanIn:0.00506189
            num_until_goal_expanded:371
            timing_expansions:
                total_S3Exp: 0.0050197
                time_top_o: 0.000149753
                time_check_in_c: 0.000141281
                time_add_parent: 0.000350522
                num_neighbors: 2714
                time_add_neighbors_to_o: 0.00303637
    num_windows_should_quit: 2
    time_should_quit: 1.942e-06
    time_remove_window: 2e-07
Complete!
