Total time: 0.120565
is_optimal: true
optimality_bound: 1
successive_bounds: [1.00269, 1.00269, 1.00269, 1.00269, 1.00269, 1.00269, 1.00269, 1.00269, 1.00269, 1.00269, 1.00269, 1.00269, 1.00269, 1.00269, 1.00161, 1.00161, 1.00108, 1, 1]
successive_runtimes: [0.00540409, 0.0073508, 0.0103763, 0.0141098, 0.0170928, 0.0196202, 0.022312, 0.0248602, 0.0300074, 0.0375056, 0.0459717, 0.0546934, 0.0643629, 0.0748157, 0.0854084, 0.0911244, 0.104649, 0.120565]
num_agents: 30
time_individual_plan: 0.00340341
time_first_plan: 0.00137041
num_max_agents_in_window_first_iteration: 3
num_recWAMPF: 18
timing_recWAMPF:
    total_RecWAMPF: 0.116526
    num_windows: 140
    num_max_agents_in_window: 4
    timing_gari:
        total_GARI: 0.101807
        time_path_btw_starts: 0.000563301
        Stage1:
            total_Stage1:0.0611233
            time_add_x_to_o: 0.0271396
            time_clear_x: 0.00468688
            timing_AStarSearchUntil:
                total_astar_search_until:0.0292859
                num_values_f_less_fmax:4827
                ASU Exp:
                    total_ASUExp:0.0292816
                    time_top_o:0.00194174
                    time_check_in_c:0.00168057
                    time_add_parent:0.000905011
                    num_neighbors:49410
                    time_add_neighbors_to_o:0.0212973
        Stage2:
            total_Stage2:0.010281
            num_len_path:117
            time_expanding_s:0.000402852
            timing_AStarSearchUntil:
                total_astar_search_until:0.00979608
                num_values_f_less_fmax:380
                ASU Exp:
                    total_ASUExp:0.00979276
                    time_top_o:0.000130647
                    time_check_in_c:0.000155769
                    time_add_parent:0.000181326
                    num_neighbors:18838
                    time_add_neighbors_to_o:0.00879988
        Stage3:
            total_Stage3:0.0298109
            num_until_goal_expanded:894
            timing_S3Exp:
                total_S3Exp: 0.0121359
                time_top_o: 0.000269158
                time_check_in_c: 0.00016339
                time_add_parent: 0.000310322
                num_neighbors: 18356
                time_add_neighbors_to_o: 0.00809093
    timing_PIOW_overlapping:
        total_PIOW: 2.6517e-05
        num_windows: 272
        time_check_overlap: 1.4422e-05
        num_overlapping_windows: 0
        time_merge_windows: 0
        time_remove_window: 0
        time_remove_window: 0
        timing_PlanIn:
            total_PlanIn:0
            num_until_goal_expanded:0
            timing_expansions:
                total_S3Exp: 0
                time_top_o: 0
                time_check_in_c: 0
                time_add_parent: 0
                num_neighbors: 0
                time_add_neighbors_to_o: 0
    num_new_collisions: 6
    timing_PIOW_new_collisions:
        total_PIOW: 0.0110742
        num_windows: 28
        time_check_overlap: 1.87e-06
        num_overlapping_windows: 2
        time_merge_windows: 0
        time_remove_window: 0.100785
        time_remove_window: 2.812e-06
        timing_PlanIn:
            total_PlanIn:0.0110576
            num_until_goal_expanded:147
            timing_expansions:
                total_S3Exp: 0.0110433
                time_top_o: 3.4132e-05
                time_check_in_c: 3.2786e-05
                time_add_parent: 4.6723e-05
                num_neighbors: 15563
                time_add_neighbors_to_o: 0.0101859
    num_windows_should_quit: 0
    time_should_quit: 7.87e-06
    time_remove_window: 0
Complete!
