Total time: 41.9378
is_optimal: false
optimality_bound: 1.00154
successive_bounds: [1.00386, 1.00386, 1.00386, 1.00386, 1.00386, 1.00386, 1.00309, 1.00309, 1.00232, 1.00232, 1.00154, 1.00154]
successive_runtimes: [0.0150265, 0.0173708, 0.0213667, 0.0243577, 0.02738, 0.0304792, 0.0341204, 0.038822, 0.154655, 0.374785, 16.2532, 41.9378]
num_agents: 40
time_individual_plan: 0.0119405
time_first_plan: 0.0023557
num_max_agents_in_window_first_iteration: 2
num_recWAMPF: 12
timing_recWAMPF:
    total_RecWAMPF: 41.9252
    num_windows: 123
    num_max_agents_in_window: 4
    timing_gari:
        total_GARI: 26.2175
        time_path_btw_starts: 0.000633634
        Stage1:
            total_Stage1:24.5052
            time_add_x_to_o: 1.94638
            time_clear_x: 0.394238
            timing_AStarSearchUntil:
                total_astar_search_until:22.1646
                num_values_f_less_fmax:44513
                ASU Exp:
                    total_ASUExp:22.1646
                    time_top_o:0.204474
                    time_check_in_c:0.0823728
                    time_add_parent:0.063835
                    num_neighbors:18621514
                    time_add_neighbors_to_o:21.597
        Stage2:
            total_Stage2:0.00920128
            num_len_path:122
            time_expanding_s:0.000128531
            timing_AStarSearchUntil:
                total_astar_search_until:0.00899039
                num_values_f_less_fmax:395
                ASU Exp:
                    total_ASUExp:0.00898602
                    time_top_o:0.000189149
                    time_check_in_c:0.000116365
                    time_add_parent:0.000221361
                    num_neighbors:11681
                    time_add_neighbors_to_o:0.00776231
        Stage3:
            total_Stage3:1.70116
            num_until_goal_expanded:6301
            timing_S3Exp:
                total_S3Exp: 0.271942
                time_top_o: 0.00888172
                time_check_in_c: 0.00189603
                time_add_parent: 0.00426707
                num_neighbors: 236057
                time_add_neighbors_to_o: 0.236305
    timing_PIOW_overlapping:
        total_PIOW: 0.543163
        num_windows: 346
        time_check_overlap: 2.5704e-05
        num_overlapping_windows: 3
        time_merge_windows: 1.0241e-05
        time_remove_window: 2.241e-06
        time_remove_window: 1.0012e-05
        timing_PlanIn:
            total_PlanIn:0.54309
            num_until_goal_expanded:6194
            timing_expansions:
                total_S3Exp: 0.543075
                time_top_o: 0.0101552
                time_check_in_c: 0.00253898
                time_add_parent: 0.00497196
                num_neighbors: 544174
                time_add_neighbors_to_o: 0.485437
    num_new_collisions: 7
    timing_PIOW_new_collisions:
        total_PIOW: 15.1581
        num_windows: 37
        time_check_overlap: 3.31e-06
        num_overlapping_windows: 1
        time_merge_windows: 0
        time_remove_window: 1.09674
        time_remove_window: 4.101e-06
        timing_PlanIn:
            total_PlanIn:15.1581
            num_until_goal_expanded:22287
            timing_expansions:
                total_S3Exp: 15.158
                time_top_o: 0.0953986
                time_check_in_c: 0.0230365
                time_add_parent: 0.032586
                num_neighbors: 12095487
                time_add_neighbors_to_o: 14.365
    num_windows_should_quit: 0
    time_should_quit: 1.2784e-05
    time_remove_window: 0
Complete!
