Total time: 10.6933
is_optimal: false
optimality_bound: 1.00385
successive_bounds: [1.01428, 1.00634, 1.00567, 1.00544, 1.00544, 1.00499, 1.00476, 1.00476, 1.00476, 1.00431, 1.00431, 1.00385, 1.00385, 1.00385, 1.00385]
successive_runtimes: [0.391469, 0.656798, 0.897496, 0.954789, 0.994146, 1.04196, 1.17983, 1.55948, 2.47524, 4.12018, 5.46031, 6.78478, 8.22051, 9.59664, 10.6933]
num_agents: 70
time_individual_plan: 0.0321622
time_first_plan: 0.357822
num_max_agents_in_window_first_iteration: 6
num_recWAMPF: 15
timing_recWAMPF:
    total_RecWAMPF: 10.6596
    num_windows: 360
    num_max_agents_in_window: 6
    timing_gari:
        total_GARI: 10.039
        time_path_btw_starts: 0.00210245
        Stage1:
            total_Stage1:6.46998
            time_add_x_to_o: 0.0774074
            time_clear_x: 0.0438144
            timing_AStarSearchUntil:
                total_astar_search_until:6.2397
                num_values_f_less_fmax:6212
                ASU Exp:
                    total_ASUExp:6.23968
                    time_top_o:0.00987949
                    time_check_in_c:0.00398667
                    time_add_parent:0
                    num_neighbors:0
                    time_add_neighbors_to_o:0
        Stage2:
            total_Stage2:0.388979
            num_len_path:333
            time_expanding_s:0.00478158
            timing_AStarSearchUntil:
                total_astar_search_until:0.342953
                num_values_f_less_fmax:2948
                ASU Exp:
                    total_ASUExp:0.342942
                    time_top_o:0.00157914
                    time_check_in_c:0.00120159
                    time_add_parent:0.00292664
                    num_neighbors:41042
                    time_add_neighbors_to_o:0.0235983
        Stage3:
            total_Stage3:3.15761
            num_until_goal_expanded:16054
            timing_S3Exp:
                total_S3Exp: 2.36238
                time_top_o: 0.0164845
                time_check_in_c: 0.0333922
                time_add_parent: 0.0147409
                num_neighbors: 3029110
                time_add_neighbors_to_o: 2.16802
    timing_PIOW_overlapping:
        total_PIOW: 0.203567
        num_windows: 2457
        time_check_overlap: 0.000127069
        num_overlapping_windows: 11
        time_merge_windows: 1.2392e-05
        time_remove_window: 1.176e-06
        time_remove_window: 1.1804e-05
        timing_PlanIn:
            total_PlanIn:0.199308
            num_until_goal_expanded:1291
            timing_expansions:
                total_S3Exp: 0.19927
                time_top_o: 0.000779704
                time_check_in_c: 0.000430653
                time_add_parent: 0.00111544
                num_neighbors: 212857
                time_add_neighbors_to_o: 0.183473
    num_new_collisions: 32
    timing_PIOW_new_collisions:
        total_PIOW: 0.357771
        num_windows: 466
        time_check_overlap: 2.8507e-05
        num_overlapping_windows: 9
        time_merge_windows: 1.6725e-05
        time_remove_window: 1.701e-06
        time_remove_window: 9.059e-06
        timing_PlanIn:
            total_PlanIn:0.353258
            num_until_goal_expanded:7934
            timing_expansions:
                total_S3Exp: 0.353037
                time_top_o: 0.00517458
                time_check_in_c: 0.00305993
                time_add_parent: 0.00749528
                num_neighbors: 350768
                time_add_neighbors_to_o: 0.290674
    num_windows_should_quit: 3
    time_should_quit: 1.2539e-05
    time_remove_window: 8.43e-07
Complete!
