Total time: 43.3329
is_optimal: true
optimality_bound: 1
successive_bounds: [1.02174, 1.01874, 1.00525, 1.00525, 1.00525, 1.00525, 1.003, 1.003, 1.003, 1.0015, 1.0015, 1.0015, 1.0015, 1.0015, 1.0015, 1.0015, 1.0015, 1.0015, 1.0015, 1.0015, 1.0015, 1.0015, 1.0015, 1.0015, 1.0015, 1.0015, 1.0015, 1.0015, 1.0015, 1.0015, 1.0015, 1.0015, 1.0015, 1.0015, 1.0015, 1, 1]
successive_runtimes: [0.0247285, 0.516621, 1.64852, 1.70807, 1.85113, 2.69229, 12.1436, 16.0837, 19.5023, 28.3509, 29.4336, 30.1656, 30.7658, 31.336, 31.9573, 32.5451, 33.1202, 33.7657, 34.3487, 34.9005, 35.4591, 36.0351, 36.5292, 37.0074, 37.4881, 38.0271, 38.5285, 39.2825, 39.9829, 40.4725, 41.0336, 41.6071, 42.1496, 42.5219, 42.9246, 43.3329]
num_agents: 20
time_individual_plan: 0.0039361
time_first_plan: 0.0200684
num_max_agents_in_window_first_iteration: 3
num_recWAMPF: 36
timing_recWAMPF:
    total_RecWAMPF: 43.3282
    num_windows: 156
    num_max_agents_in_window: 5
    timing_gari:
        total_GARI: 39.3734
        time_path_btw_starts: 0.0062728
        Stage1:
            total_Stage1:21.6144
            time_add_x_to_o: 2.7947
            time_clear_x: 1.38483
            timing_AStarSearchUntil:
                total_astar_search_until:16.7007
                num_values_f_less_fmax:145521
                ASU Exp:
                    total_ASUExp:16.7007
                    time_top_o:0.236018
                    time_check_in_c:0.0907876
                    time_add_parent:0.111573
                    num_neighbors:27879909
                    time_add_neighbors_to_o:16.7178
        Stage2:
            total_Stage2:0.264494
            num_len_path:148
            time_expanding_s:0.0061795
            timing_AStarSearchUntil:
                total_astar_search_until:0.258139
                num_values_f_less_fmax:2092
                ASU Exp:
                    total_ASUExp:0.258134
                    time_top_o:0.00143627
                    time_check_in_c:0.000602891
                    time_add_parent:0.00103843
                    num_neighbors:331036
                    time_add_neighbors_to_o:0.243879
        Stage3:
            total_Stage3:17.485
            num_until_goal_expanded:22802
            timing_S3Exp:
                total_S3Exp: 1.96922
                time_top_o: 0.0237239
                time_check_in_c: 0.00714092
                time_add_parent: 0.0164732
                num_neighbors: 2533179
                time_add_neighbors_to_o: 1.75637
    timing_PIOW_overlapping:
        total_PIOW: 0.44493
        num_windows: 184
        time_check_overlap: 1.2746e-05
        num_overlapping_windows: 2
        time_merge_windows: 4.748e-06
        time_remove_window: 7.61e-07
        time_remove_window: 4.615e-06
        timing_PlanIn:
            total_PlanIn:0.444893
            num_until_goal_expanded:3852
            timing_expansions:
                total_S3Exp: 0.444885
                time_top_o: 0.00417389
                time_check_in_c: 0.00140935
                time_add_parent: 0.00206154
                num_neighbors: 713329
                time_add_neighbors_to_o: 0.405165
    num_new_collisions: 6
    timing_PIOW_new_collisions:
        total_PIOW: 3.26612
        num_windows: 25
        time_check_overlap: 1.934e-06
        num_overlapping_windows: 2
        time_merge_windows: 0
        time_remove_window: 25.1171
        time_remove_window: 1.827e-06
        timing_PlanIn:
            total_PlanIn:3.26611
            num_until_goal_expanded:8555
            timing_expansions:
                total_S3Exp: 3.26533
                time_top_o: 0.0087628
                time_check_in_c: 0.0026405
                time_add_parent: 0.00627862
                num_neighbors: 3551781
                time_add_neighbors_to_o: 3.10878
    num_windows_should_quit: 0
    time_should_quit: 1.1956e-05
    time_remove_window: 0
Complete!
