Total time: 0.117422
is_optimal: true
optimality_bound: 1
successive_bounds: [1.00269, 1.00269, 1.00269, 1.00269, 1.00269, 1.00269, 1.00269, 1.00269, 1.00269, 1.00269, 1.00269, 1.00269, 1.00269, 1.00269, 1.00161, 1.00161, 1.00108, 1, 1]
successive_runtimes: [0.00571589, 0.00776087, 0.0109406, 0.0148848, 0.0178875, 0.0203261, 0.0229578, 0.0254514, 0.0304077, 0.0374735, 0.0454639, 0.0534823, 0.0625642, 0.0725503, 0.0827598, 0.0884607, 0.101662, 0.117422]
num_agents: 30
time_individual_plan: 0.00355886
time_first_plan: 0.00144148
num_max_agents_in_window_first_iteration: 3
num_recWAMPF: 18
timing_recWAMPF:
    total_RecWAMPF: 0.113142
    num_windows: 140
    num_max_agents_in_window: 4
    timing_gari:
        total_GARI: 0.0988447
        time_path_btw_starts: 0.000582432
        Stage1:
            total_Stage1:0.0589438
            time_add_x_to_o: 0.0262986
            time_clear_x: 0.00456752
            timing_AStarSearchUntil:
                total_astar_search_until:0.0280679
                num_values_f_less_fmax:4827
                ASU Exp:
                    total_ASUExp:0.0280639
                    time_top_o:0.00182213
                    time_check_in_c:0.00157127
                    time_add_parent:0.000875508
                    num_neighbors:49410
                    time_add_neighbors_to_o:0.0204742
        Stage2:
            total_Stage2:0.00990582
            num_len_path:117
            time_expanding_s:0.000312856
            timing_AStarSearchUntil:
                total_astar_search_until:0.00953924
                num_values_f_less_fmax:380
                ASU Exp:
                    total_ASUExp:0.00953576
                    time_top_o:0.000124097
                    time_check_in_c:0.000151805
                    time_add_parent:0.000175325
                    num_neighbors:18838
                    time_add_neighbors_to_o:0.00859043
        Stage3:
            total_Stage3:0.0293835
            num_until_goal_expanded:894
            timing_S3Exp:
                total_S3Exp: 0.0120054
                time_top_o: 0.000259191
                time_check_in_c: 0.000146852
                time_add_parent: 0.000307616
                num_neighbors: 18356
                time_add_neighbors_to_o: 0.00795015
    timing_PIOW_overlapping:
        total_PIOW: 2.5884e-05
        num_windows: 272
        time_check_overlap: 1.3877e-05
        num_overlapping_windows: 0
        time_merge_windows: 0
        time_remove_window: 0
        time_remove_window: 0
        timing_PlanIn:
            total_PlanIn:0
            num_until_goal_expanded:0
            timing_expansions:
                total_S3Exp: 0
                time_top_o: 0
                time_check_in_c: 0
                time_add_parent: 0
                num_neighbors: 0
                time_add_neighbors_to_o: 0
    num_new_collisions: 6
    timing_PIOW_new_collisions:
        total_PIOW: 0.0107353
        num_windows: 28
        time_check_overlap: 1.854e-06
        num_overlapping_windows: 2
        time_merge_windows: 0
        time_remove_window: 0.0983069
        time_remove_window: 2.876e-06
        timing_PlanIn:
            total_PlanIn:0.0107189
            num_until_goal_expanded:147
            timing_expansions:
                total_S3Exp: 0.0106975
                time_top_o: 3.4023e-05
                time_check_in_c: 3.2069e-05
                time_add_parent: 4.7177e-05
                num_neighbors: 15563
                time_add_neighbors_to_o: 0.00985477
    num_windows_should_quit: 0
    time_should_quit: 6.726e-06
    time_remove_window: 0
Complete!
