Total time: 49.9611
is_optimal: false
optimality_bound: 1.00206
successive_bounds: [1.0175, 1.00643, 1.00643, 1.00437, 1.00386, 1.0036, 1.00309, 1.00309, 1.00283, 1.00283, 1.00283, 1.00283, 1.00283, 1.00206, 1.00206, 1.00206]
successive_runtimes: [0.028086, 0.0623189, 0.0842362, 0.095245, 0.105739, 0.230583, 0.594071, 1.38491, 3.05373, 5.46721, 8.64987, 12.8902, 19.7709, 27.6929, 38.3895, 49.9611]
num_agents: 50
time_individual_plan: 0.0167842
time_first_plan: 0.0105478
num_max_agents_in_window_first_iteration: 2
num_recWAMPF: 16
timing_recWAMPF:
    total_RecWAMPF: 49.9435
    num_windows: 296
    num_max_agents_in_window: 4
    timing_gari:
        total_GARI: 49.2314
        time_path_btw_starts: 0.00517242
        Stage1:
            total_Stage1:34.7815
            time_add_x_to_o: 7.02148
            time_clear_x: 3.2655
            timing_AStarSearchUntil:
                total_astar_search_until:24.4945
                num_values_f_less_fmax:128549
                ASU Exp:
                    total_ASUExp:24.4945
                    time_top_o:0.268708
                    time_check_in_c:0.129432
                    time_add_parent:0.148843
                    num_neighbors:33722999
                    time_add_neighbors_to_o:23.715
        Stage2:
            total_Stage2:0.0773326
            num_len_path:315
            time_expanding_s:0.00118332
            timing_AStarSearchUntil:
                total_astar_search_until:0.0759294
                num_values_f_less_fmax:1147
                ASU Exp:
                    total_ASUExp:0.0759217
                    time_top_o:0.000620947
                    time_check_in_c:0.000330762
                    time_add_parent:0.000677022
                    num_neighbors:121272
                    time_add_neighbors_to_o:0.0716597
        Stage3:
            total_Stage3:14.3668
            num_until_goal_expanded:16962
            timing_S3Exp:
                total_S3Exp: 5.36492
                time_top_o: 0.045186
                time_check_in_c: 0.00721109
                time_add_parent: 0.00970408
                num_neighbors: 7282601
                time_add_neighbors_to_o: 5.25295
    timing_PIOW_overlapping:
        total_PIOW: 0.0299131
        num_windows: 1736
        time_check_overlap: 0.000114291
        num_overlapping_windows: 9
        time_merge_windows: 1.7136e-05
        time_remove_window: 2.553e-06
        time_remove_window: 1.643e-05
        timing_PlanIn:
            total_PlanIn:0.0296982
            num_until_goal_expanded:697
            timing_expansions:
                total_S3Exp: 0.0296711
                time_top_o: 0.000250215
                time_check_in_c: 0.000181569
                time_add_parent: 0.000250468
                num_neighbors: 41942
                time_add_neighbors_to_o: 0.026177
    num_new_collisions: 21
    timing_PIOW_new_collisions:
        total_PIOW: 0.666936
        num_windows: 331
        time_check_overlap: 2.017e-05
        num_overlapping_windows: 6
        time_merge_windows: 0
        time_remove_window: 60.2355
        time_remove_window: 1.3938e-05
        timing_PlanIn:
            total_PlanIn:0.666833
            num_until_goal_expanded:2252
            timing_expansions:
                total_S3Exp: 0.666731
                time_top_o: 0.00178921
                time_check_in_c: 0.000662996
                time_add_parent: 0.00122015
                num_neighbors: 787598
                time_add_neighbors_to_o: 0.631636
    num_windows_should_quit: 0
    time_should_quit: 2.6929e-05
    time_remove_window: 0
Complete!
