Total time: 2.0683
is_optimal: false
optimality_bound: 1.0027
successive_bounds: [1.0036, 1.0036, 1.0036, 1.0036, 1.0036, 1.0027, 1.0027, 1.0027, 1.0027, 1.0027, 1.0027, 1.0027, 1.0027, 1.0027, 1.0027, 1.0027, 1.0027, 1.0027, 1.0027, 1.0027]
successive_runtimes: [0.00282129, 0.00319873, 0.00364399, 0.00408306, 0.00450582, 0.0897534, 0.157641, 0.228127, 0.29991, 0.388586, 0.491308, 0.613999, 0.745933, 0.901402, 1.06067, 1.23321, 1.41545, 1.61186, 1.85556, 2.0683]
num_agents: 20
time_individual_plan: 0.00182679
time_first_plan: 0.000462455
num_max_agents_in_window_first_iteration: 2
num_recWAMPF: 20
timing_recWAMPF:
    total_RecWAMPF: 2.06594
    num_windows: 88
    num_max_agents_in_window: 3
    timing_gari:
        total_GARI: 1.97035
        time_path_btw_starts: 0.00255511
        Stage1:
            total_Stage1:0.88934
            time_add_x_to_o: 0.366221
            time_clear_x: 0.105251
            timing_AStarSearchUntil:
                total_astar_search_until:0.417856
                num_values_f_less_fmax:14525
                ASU Exp:
                    total_ASUExp:0.41785
                    time_top_o:0.0123683
                    time_check_in_c:0.00418037
                    time_add_parent:0.0115612
                    num_neighbors:769892
                    time_add_neighbors_to_o:0.368827
        Stage2:
            total_Stage2:0.0215004
            num_len_path:78
            time_expanding_s:5.2648e-05
            timing_AStarSearchUntil:
                total_astar_search_until:0.021395
                num_values_f_less_fmax:325
                ASU Exp:
                    total_ASUExp:0.0213927
                    time_top_o:0.000148258
                    time_check_in_c:0.0018581
                    time_add_parent:0.000349473
                    num_neighbors:41340
                    time_add_neighbors_to_o:0.0185775
        Stage3:
            total_Stage3:1.05692
            num_until_goal_expanded:4031
            timing_S3Exp:
                total_S3Exp: 0.260994
                time_top_o: 0.00364929
                time_check_in_c: 0.000991396
                time_add_parent: 0.00205148
                num_neighbors: 442033
                time_add_neighbors_to_o: 0.247396
    timing_PIOW_overlapping:
        total_PIOW: 0.084833
        num_windows: 103
        time_check_overlap: 6.712e-06
        num_overlapping_windows: 1
        time_merge_windows: 9.71e-07
        time_remove_window: 2.73e-07
        time_remove_window: 9.2e-07
        timing_PlanIn:
            total_PlanIn:0.0848165
            num_until_goal_expanded:1220
            timing_expansions:
                total_S3Exp: 0.0848146
                time_top_o: 0.0006319
                time_check_in_c: 0.000224141
                time_add_parent: 0.000395651
                num_neighbors: 160521
                time_add_neighbors_to_o: 0.0777088
    num_new_collisions: 4
    timing_PIOW_new_collisions:
        total_PIOW: 0.00898742
        num_windows: 9
        time_check_overlap: 6.8e-07
        num_overlapping_windows: 1
        time_merge_windows: 0
        time_remove_window: 0.149195
        time_remove_window: 1.159e-06
        timing_PlanIn:
            total_PlanIn:0.00897836
            num_until_goal_expanded:134
            timing_expansions:
                total_S3Exp: 0.00896804
                time_top_o: 3.6665e-05
                time_check_in_c: 2.436e-05
                time_add_parent: 4.4902e-05
                num_neighbors: 15505
                time_add_neighbors_to_o: 0.00826273
    num_windows_should_quit: 0
    time_should_quit: 5.691e-06
    time_remove_window: 0
Complete!
