Total time: 0.0113112
is_optimal: true
optimality_bound: 1
successive_bounds: [1.00173, 1.00173, 1.00173, 1.00173, 1.00173, 1.00173, 1.00173, 1.00173, 1.00173, 1.00173, 1.00173, 1, 1]
successive_runtimes: [0.00500555, 0.00538932, 0.00566604, 0.00601328, 0.00630083, 0.00665826, 0.00707736, 0.00756359, 0.00826734, 0.00917385, 0.0100581, 0.0113112]
num_agents: 20
time_individual_plan: 0.00395436
time_first_plan: 0.000501415
num_max_agents_in_window_first_iteration: 2
num_recWAMPF: 12
timing_recWAMPF:
    total_RecWAMPF: 0.00680504
    num_windows: 69
    num_max_agents_in_window: 2
    timing_gari:
        total_GARI: 0.00539512
        time_path_btw_starts: 0.000131048
        Stage1:
            total_Stage1:0.00250741
            time_add_x_to_o: 0.00116646
            time_clear_x: 0.000141939
            timing_AStarSearchUntil:
                total_astar_search_until:0.00119569
                num_values_f_less_fmax:308
                ASU Exp:
                    total_ASUExp:0.00119419
                    time_top_o:7.6314e-05
                    time_check_in_c:7.6611e-05
                    time_add_parent:4.6522e-05
                    num_neighbors:2438
                    time_add_neighbors_to_o:0.000857464
        Stage2:
            total_Stage2:0.00151719
            num_len_path:69
            time_expanding_s:2.7347e-05
            timing_AStarSearchUntil:
                total_astar_search_until:0.00147401
                num_values_f_less_fmax:120
                ASU Exp:
                    total_ASUExp:0.00147265
                    time_top_o:2.7433e-05
                    time_check_in_c:2.5271e-05
                    time_add_parent:3.1886e-05
                    num_neighbors:3129
                    time_add_neighbors_to_o:0.00125238
        Stage3:
            total_Stage3:0.00123076
            num_until_goal_expanded:101
            timing_S3Exp:
                total_S3Exp: 0.000702763
                time_top_o: 1.5307e-05
                time_check_in_c: 1.1554e-05
                time_add_parent: 2.089e-05
                num_neighbors: 946
                time_add_neighbors_to_o: 0.000473997
    timing_PIOW_overlapping:
        total_PIOW: 5.293e-06
        num_windows: 99
        time_check_overlap: 2.521e-06
        num_overlapping_windows: 0
        time_merge_windows: 0
        time_remove_window: 0
        time_remove_window: 0
        timing_PlanIn:
            total_PlanIn:0
            num_until_goal_expanded:0
            timing_expansions:
                total_S3Exp: 0
                time_top_o: 0
                time_check_in_c: 0
                time_add_parent: 0
                num_neighbors: 0
                time_add_neighbors_to_o: 0
    num_new_collisions: 3
    timing_PIOW_new_collisions:
        total_PIOW: 0.000318364
        num_windows: 6
        time_check_overlap: 3.09e-07
        num_overlapping_windows: 0
        time_merge_windows: 0
        time_remove_window: 0
        time_remove_window: 7.64e-07
        timing_PlanIn:
            total_PlanIn:0.000314529
            num_until_goal_expanded:31
            timing_expansions:
                total_S3Exp: 0.00030819
                time_top_o: 4.728e-06
                time_check_in_c: 5.666e-06
                time_add_parent: 8.948e-06
                num_neighbors: 416
                time_add_neighbors_to_o: 0.00023889
    num_windows_should_quit: 0
    time_should_quit: 1.796e-06
    time_remove_window: 0
Complete!
