Total time: 9.00199
is_optimal: false
optimality_bound: 1.002
successive_bounds: [1.01451, 1.00551, 1.0035, 1.003, 1.003, 1.003, 1.003, 1.002, 1.002, 1.002]
successive_runtimes: [0.0097174, 0.019676, 0.202417, 0.240323, 0.264416, 0.283694, 2.09713, 5.21422, 7.25646, 9.00199]
num_agents: 30
time_individual_plan: 0.00643441
time_first_plan: 0.00275446
num_max_agents_in_window_first_iteration: 2
num_recWAMPF: 10
timing_recWAMPF:
    total_RecWAMPF: 8.99502
    num_windows: 84
    num_max_agents_in_window: 4
    timing_gari:
        total_GARI: 7.39785
        time_path_btw_starts: 0.000330617
        Stage1:
            total_Stage1:5.66424
            time_add_x_to_o: 1.15666
            time_clear_x: 0.575036
            timing_AStarSearchUntil:
                total_astar_search_until:3.9325
                num_values_f_less_fmax:36792
                ASU Exp:
                    total_ASUExp:3.9325
                    time_top_o:0.0554543
                    time_check_in_c:0.0586753
                    time_add_parent:0.0180729
                    num_neighbors:7433847
                    time_add_neighbors_to_o:3.69917
        Stage2:
            total_Stage2:0.013759
            num_len_path:92
            time_expanding_s:5.9707e-05
            timing_AStarSearchUntil:
                total_astar_search_until:0.0136595
                num_values_f_less_fmax:324
                ASU Exp:
                    total_ASUExp:0.0136577
                    time_top_o:0.000100287
                    time_check_in_c:6.3671e-05
                    time_add_parent:9.199e-05
                    num_neighbors:29877
                    time_add_neighbors_to_o:0.0130153
        Stage3:
            total_Stage3:1.7195
            num_until_goal_expanded:16957
            timing_S3Exp:
                total_S3Exp: 0.989312
                time_top_o: 0.0144908
                time_check_in_c: 0.00543034
                time_add_parent: 0.00850386
                num_neighbors: 2042343
                time_add_neighbors_to_o: 0.937187
    timing_PIOW_overlapping:
        total_PIOW: 0.180488
        num_windows: 193
        time_check_overlap: 8.774e-06
        num_overlapping_windows: 2
        time_merge_windows: 2.694e-06
        time_remove_window: 5.45e-07
        time_remove_window: 2.592e-06
        timing_PlanIn:
            total_PlanIn:0.180465
            num_until_goal_expanded:1550
            timing_expansions:
                total_S3Exp: 0.18046
                time_top_o: 0.000735556
                time_check_in_c: 0.000353684
                time_add_parent: 0.000493065
                num_neighbors: 365917
                time_add_neighbors_to_o: 0.167125
    num_new_collisions: 8
    timing_PIOW_new_collisions:
        total_PIOW: 1.41373
        num_windows: 55
        time_check_overlap: 2.146e-06
        num_overlapping_windows: 2
        time_merge_windows: 0
        time_remove_window: 0.707467
        time_remove_window: 4.14e-06
        timing_PlanIn:
            total_PlanIn:1.41371
            num_until_goal_expanded:7515
            timing_expansions:
                total_S3Exp: 1.41369
                time_top_o: 0.0077281
                time_check_in_c: 0.00268627
                time_add_parent: 0.00391553
                num_neighbors: 2678577
                time_add_neighbors_to_o: 1.31865
    num_windows_should_quit: 0
    time_should_quit: 5.153e-06
    time_remove_window: 0
Complete!
