Total time: 43.5212
is_optimal: false
optimality_bound: 1.00964
successive_bounds: [1.01099, 1.01009, 1.01009, 1.01009, 1.01009, 1.01009, 1.00964]
successive_runtimes: [0.0431987, 0.0693423, 0.0741237, 0.0788958, 5.79498, 21.1877, 43.5212]
num_agents: 60
time_individual_plan: 0.0170934
time_first_plan: 0.0253977
num_max_agents_in_window_first_iteration: 3
num_recWAMPF: 7
timing_recWAMPF:
    total_RecWAMPF: 43.5034
    num_windows: 121
    num_max_agents_in_window: 5
    timing_gari:
        total_GARI: 37.7357
        time_path_btw_starts: 0.000522001
        Stage1:
            total_Stage1:34.9713
            time_add_x_to_o: 5.10392
            time_clear_x: 2.92304
            timing_AStarSearchUntil:
                total_astar_search_until:26.9443
                num_values_f_less_fmax:19445
                ASU Exp:
                    total_ASUExp:26.9443
                    time_top_o:0.0831573
                    time_check_in_c:0.138839
                    time_add_parent:0.0182596
                    num_neighbors:33316322
                    time_add_neighbors_to_o:26.6032
        Stage2:
            total_Stage2:0.104641
            num_len_path:105
            time_expanding_s:0.000117997
            timing_AStarSearchUntil:
                total_astar_search_until:0.104453
                num_values_f_less_fmax:263
                ASU Exp:
                    total_ASUExp:0.10445
                    time_top_o:0.000200296
                    time_check_in_c:8.2193e-05
                    time_add_parent:0.000158805
                    num_neighbors:143097
                    time_add_neighbors_to_o:0.103357
        Stage3:
            total_Stage3:2.6592
            num_until_goal_expanded:610
            timing_S3Exp:
                total_S3Exp: 0.437408
                time_top_o: 0.0011127
                time_check_in_c: 0.00026314
                time_add_parent: 0.000406726
                num_neighbors: 396384
                time_add_neighbors_to_o: 0.432401
    timing_PIOW_overlapping:
        total_PIOW: 0.0855995
        num_windows: 684
        time_check_overlap: 3.1244e-05
        num_overlapping_windows: 12
        time_merge_windows: 1.5905e-05
        time_remove_window: 2.923e-06
        time_remove_window: 1.4754e-05
        timing_PlanIn:
            total_PlanIn:0.0855077
            num_until_goal_expanded:921
            timing_expansions:
                total_S3Exp: 0.0854795
                time_top_o: 0.000471183
                time_check_in_c: 0.000305757
                time_add_parent: 0.000466577
                num_neighbors: 106878
                time_add_neighbors_to_o: 0.0785096
    num_new_collisions: 22
    timing_PIOW_new_collisions:
        total_PIOW: 5.66935
        num_windows: 430
        time_check_overlap: 1.759e-05
        num_overlapping_windows: 2
        time_merge_windows: 0
        time_remove_window: 0.169545
        time_remove_window: 1.5959e-05
        timing_PlanIn:
            total_PlanIn:5.66927
            num_until_goal_expanded:3119
            timing_expansions:
                total_S3Exp: 5.66921
                time_top_o: 0.00811205
                time_check_in_c: 0.00217745
                time_add_parent: 0.00298488
                num_neighbors: 6798572
                time_add_neighbors_to_o: 5.40558
    num_windows_should_quit: 0
    time_should_quit: 1.9277e-05
    time_remove_window: 0
Complete!
