Total time: 7.79521
is_optimal: false
optimality_bound: 1.00039
successive_bounds: [1.00548, 1.00117, 1.00117, 1.00117, 1.00117, 1.00117, 1.00117, 1.00039, 1.00039, 1.00039, 1.00039]
successive_runtimes: [0.00911425, 0.0130601, 0.015062, 0.0161441, 0.017165, 0.0182285, 0.0194399, 1.09767, 2.80526, 4.78267, 7.79521]
num_agents: 40
time_individual_plan: 0.00676003
time_first_plan: 0.00182703
num_max_agents_in_window_first_iteration: 2
num_recWAMPF: 11
timing_recWAMPF:
    total_RecWAMPF: 7.78792
    num_windows: 98
    num_max_agents_in_window: 4
    timing_gari:
        total_GARI: 6.7053
        time_path_btw_starts: 0.000189103
        Stage1:
            total_Stage1:4.54653
            time_add_x_to_o: 1.09226
            time_clear_x: 0.547666
            timing_AStarSearchUntil:
                total_astar_search_until:2.9066
                num_values_f_less_fmax:18338
                ASU Exp:
                    total_ASUExp:2.90659
                    time_top_o:0.0280501
                    time_check_in_c:0.0217327
                    time_add_parent:0.00644599
                    num_neighbors:5318428
                    time_add_neighbors_to_o:2.81162
        Stage2:
            total_Stage2:0.0801438
            num_len_path:85
            time_expanding_s:4.846e-05
            timing_AStarSearchUntil:
                total_astar_search_until:0.0800629
                num_values_f_less_fmax:355
                ASU Exp:
                    total_ASUExp:0.0800607
                    time_top_o:0.000231126
                    time_check_in_c:9.455e-05
                    time_add_parent:0.000152219
                    num_neighbors:149027
                    time_add_neighbors_to_o:0.0789634
        Stage3:
            total_Stage3:2.07842
            num_until_goal_expanded:5998
            timing_S3Exp:
                total_S3Exp: 1.07003
                time_top_o: 0.00840383
                time_check_in_c: 0.00220686
                time_add_parent: 0.00340884
                num_neighbors: 1670472
                time_add_neighbors_to_o: 1.04271
    timing_PIOW_overlapping:
        total_PIOW: 0.208259
        num_windows: 227
        time_check_overlap: 9.625e-06
        num_overlapping_windows: 1
        time_merge_windows: 1.082e-06
        time_remove_window: 4.06e-07
        time_remove_window: 1.027e-06
        timing_PlanIn:
            total_PlanIn:0.208239
            num_until_goal_expanded:3966
            timing_expansions:
                total_S3Exp: 0.208237
                time_top_o: 0.00323578
                time_check_in_c: 0.000778202
                time_add_parent: 0.00151775
                num_neighbors: 419505
                time_add_neighbors_to_o: 0.186585
    num_new_collisions: 6
    timing_PIOW_new_collisions:
        total_PIOW: 0.869604
        num_windows: 30
        time_check_overlap: 1.531e-06
        num_overlapping_windows: 1
        time_merge_windows: 0
        time_remove_window: 0.229211
        time_remove_window: 1.972e-06
        timing_PlanIn:
            total_PlanIn:0.86959
            num_until_goal_expanded:3369
            timing_expansions:
                total_S3Exp: 0.869577
                time_top_o: 0.00220648
                time_check_in_c: 0.000908784
                time_add_parent: 0.00188691
                num_neighbors: 1498792
                time_add_neighbors_to_o: 0.821286
    num_windows_should_quit: 0
    time_should_quit: 4.171e-06
    time_remove_window: 0
Complete!
