Total time: 16.2859
is_optimal: true
optimality_bound: 1
successive_bounds: [1.00107, 1.00107, 1.00107, 1.00107, 1.00107, 1.00107, 1.00107, 1.00107, 1.00107, 1.00107, 1.00107, 1.00107, 1.00107, 1.00107, 1.00107, 1.00107, 1.00107, 1.00107, 1.00107, 1.00107, 1.00107, 1.00107, 1.00107, 1.00107, 1.00107, 1.00107, 1.00107, 1.00107, 1.00107, 1.00107, 1, 1]
successive_runtimes: [0.0171865, 0.0195917, 0.0216329, 0.0234555, 0.0252509, 0.028306, 0.0329562, 0.0462583, 0.0633962, 0.081138, 0.0903167, 0.0983106, 0.107897, 0.118498, 0.127905, 0.137588, 0.147956, 0.164572, 0.173521, 0.179865, 0.185708, 0.190638, 0.195816, 0.200961, 0.207147, 0.211714, 0.216074, 0.220198, 0.224341, 0.23014, 16.2859]
num_agents: 30
time_individual_plan: 0.0112932
time_first_plan: 0.0043974
num_max_agents_in_window_first_iteration: 2
num_recWAMPF: 31
timing_recWAMPF:
    total_RecWAMPF: 16.2731
    num_windows: 159
    num_max_agents_in_window: 4
    timing_gari:
        total_GARI: 0.2446
        time_path_btw_starts: 0.00074829
        Stage1:
            total_Stage1:0.140815
            time_add_x_to_o: 0.0355483
            time_clear_x: 0.00644537
            timing_AStarSearchUntil:
                total_astar_search_until:0.0988018
                num_values_f_less_fmax:8595
                ASU Exp:
                    total_ASUExp:0.0987951
                    time_top_o:0.00527537
                    time_check_in_c:0.0035632
                    time_add_parent:0.00425503
                    num_neighbors:101554
                    time_add_neighbors_to_o:0.0757131
        Stage2:
            total_Stage2:0.0387474
            num_len_path:162
            time_expanding_s:0.000169276
            timing_AStarSearchUntil:
                total_astar_search_until:0.0384814
                num_values_f_less_fmax:1100
                ASU Exp:
                    total_ASUExp:0.0384762
                    time_top_o:0.00067486
                    time_check_in_c:0.00062982
                    time_add_parent:0.00115069
                    num_neighbors:29358
                    time_add_neighbors_to_o:0.0325181
        Stage3:
            total_Stage3:0.0641973
            num_until_goal_expanded:917
            timing_S3Exp:
                total_S3Exp: 0.0179164
                time_top_o: 0.000513367
                time_check_in_c: 0.000349313
                time_add_parent: 0.000687446
                num_neighbors: 11159
                time_add_neighbors_to_o: 0.0116364
    timing_PIOW_overlapping:
        total_PIOW: 3.537e-05
        num_windows: 210
        time_check_overlap: 1.948e-05
        num_overlapping_windows: 0
        time_merge_windows: 0
        time_remove_window: 0
        time_remove_window: 0
        timing_PlanIn:
            total_PlanIn:0
            num_until_goal_expanded:0
            timing_expansions:
                total_S3Exp: 0
                time_top_o: 0
                time_check_in_c: 0
                time_add_parent: 0
                num_neighbors: 0
                time_add_neighbors_to_o: 0
    num_new_collisions: 5
    timing_PIOW_new_collisions:
        total_PIOW: 16.0184
        num_windows: 14
        time_check_overlap: 2.786e-06
        num_overlapping_windows: 2
        time_merge_windows: 0
        time_remove_window: 0.814385
        time_remove_window: 4.83e-06
        timing_PlanIn:
            total_PlanIn:16.0184
            num_until_goal_expanded:35246
            timing_expansions:
                total_S3Exp: 16.0184
                time_top_o: 0.0798195
                time_check_in_c: 0.0184179
                time_add_parent: 0.0451908
                num_neighbors: 17550073
                time_add_neighbors_to_o: 15.1528
    num_windows_should_quit: 1
    time_should_quit: 1.1704e-05
    time_remove_window: 4.6e-07
Complete!
