Total time: 33.3904
is_optimal: false
optimality_bound: 1.00059
successive_bounds: [1.00446, 1.00357, 1.00238, 1.00149, 1.00119, 1.00119, 1.00059, 1.00059, 1.00059, 1.00059, 1.00059, 1.00059, 1.00059, 1.00059]
successive_runtimes: [0.0144138, 0.0168917, 0.0231337, 0.0302583, 0.0382688, 0.0419249, 0.0482777, 0.0696717, 0.0779164, 0.0851459, 0.091345, 18.8445, 30.7618, 33.3904]
num_agents: 50
time_individual_plan: 0.0103445
time_first_plan: 0.00328743
num_max_agents_in_window_first_iteration: 2
num_recWAMPF: 14
timing_recWAMPF:
    total_RecWAMPF: 33.3793
    num_windows: 140
    num_max_agents_in_window: 5
    timing_gari:
        total_GARI: 14.5884
        time_path_btw_starts: 0.022674
        Stage1:
            total_Stage1:6.97858
            time_add_x_to_o: 5.79181
            time_clear_x: 1.18654
            timing_AStarSearchUntil:
                total_astar_search_until:0.000213004
                num_values_f_less_fmax:96
                ASU Exp:
                    total_ASUExp:0.000209234
                    time_top_o:2.5099e-05
                    time_check_in_c:1.5243e-05
                    time_add_parent:7.205e-06
                    num_neighbors:261
                    time_add_neighbors_to_o:0.00011859
        Stage2:
            total_Stage2:0.0156857
            num_len_path:114
            time_expanding_s:0.000801583
            timing_AStarSearchUntil:
                total_astar_search_until:0.0148251
                num_values_f_less_fmax:203
                ASU Exp:
                    total_ASUExp:0.014822
                    time_top_o:7.4188e-05
                    time_check_in_c:5.1676e-05
                    time_add_parent:8.7701e-05
                    num_neighbors:13622
                    time_add_neighbors_to_o:0.0087094
        Stage3:
            total_Stage3:7.57035
            num_until_goal_expanded:2495
            timing_S3Exp:
                total_S3Exp: 2.61309
                time_top_o: 0.00221871
                time_check_in_c: 0.000492094
                time_add_parent: 0.0012894
                num_neighbors: 306317
                time_add_neighbors_to_o: 0.79426
    timing_PIOW_overlapping:
        total_PIOW: 0.0331777
        num_windows: 488
        time_check_overlap: 2.2093e-05
        num_overlapping_windows: 7
        time_merge_windows: 9.609e-06
        time_remove_window: 1.803e-06
        time_remove_window: 9.114e-06
        timing_PlanIn:
            total_PlanIn:0.0331134
            num_until_goal_expanded:299
            timing_expansions:
                total_S3Exp: 0.0330957
                time_top_o: 9.1721e-05
                time_check_in_c: 6.4683e-05
                time_add_parent: 9.967e-05
                num_neighbors: 43964
                time_add_neighbors_to_o: 0.0308362
    num_new_collisions: 11
    timing_PIOW_new_collisions:
        total_PIOW: 18.7482
        num_windows: 97
        time_check_overlap: 5.291e-06
        num_overlapping_windows: 1
        time_merge_windows: 0
        time_remove_window: 0.0984967
        time_remove_window: 8.031e-06
        timing_PlanIn:
            total_PlanIn:18.7482
            num_until_goal_expanded:8287
            timing_expansions:
                total_S3Exp: 18.7482
                time_top_o: 0.0135644
                time_check_in_c: 0.00350506
                time_add_parent: 0.00592873
                num_neighbors: 21976523
                time_add_neighbors_to_o: 18.0242
    num_windows_should_quit: 0
    time_should_quit: 8.353e-06
    time_remove_window: 0
Complete!
