Total time: 0.0756768
is_optimal: true
optimality_bound: 1
successive_bounds: [1.00301, 1.002, 1.001, 1.001, 1.001, 1.001, 1.001, 1.001, 1.001, 1.001, 1.001, 1.001, 1.001, 1.001, 1.001, 1.001, 1.001, 1.001, 1.001, 1.001, 1.001, 1.001, 1.001, 1.001, 1.001, 1.001, 1, 1]
successive_runtimes: [0.00761238, 0.00899247, 0.0102959, 0.0115365, 0.0128148, 0.0142694, 0.0158406, 0.0174125, 0.0188936, 0.0203615, 0.023372, 0.0247861, 0.0260268, 0.0271477, 0.0282346, 0.0293604, 0.0304524, 0.0314983, 0.0324841, 0.0376184, 0.0451934, 0.0535876, 0.0589063, 0.0658805, 0.0707141, 0.0735486, 0.0756768]
num_agents: 30
time_individual_plan: 0.00587714
time_first_plan: 0.000982519
num_max_agents_in_window_first_iteration: 2
num_recWAMPF: 27
timing_recWAMPF:
    total_RecWAMPF: 0.0690397
    num_windows: 159
    num_max_agents_in_window: 2
    timing_gari:
        total_GARI: 0.0624811
        time_path_btw_starts: 0.000466923
        Stage1:
            total_Stage1:0.0276628
            time_add_x_to_o: 0.011239
            time_clear_x: 0.00164671
            timing_AStarSearchUntil:
                total_astar_search_until:0.0147641
                num_values_f_less_fmax:3308
                ASU Exp:
                    total_ASUExp:0.0147593
                    time_top_o:0.00119423
                    time_check_in_c:0.000719843
                    time_add_parent:0.000409179
                    num_neighbors:25022
                    time_add_neighbors_to_o:0.010749
        Stage2:
            total_Stage2:0.00815609
            num_len_path:149
            time_expanding_s:7.6971e-05
            timing_AStarSearchUntil:
                total_astar_search_until:0.00801807
                num_values_f_less_fmax:526
                ASU Exp:
                    total_ASUExp:0.00801387
                    time_top_o:0.000173342
                    time_check_in_c:0.000139991
                    time_add_parent:0.000168948
                    num_neighbors:14210
                    time_add_neighbors_to_o:0.00681767
        Stage3:
            total_Stage3:0.026163
            num_until_goal_expanded:1724
            timing_S3Exp:
                total_S3Exp: 0.0144239
                time_top_o: 0.000573571
                time_check_in_c: 0.000349984
                time_add_parent: 0.000656399
                num_neighbors: 21576
                time_add_neighbors_to_o: 0.00970473
    timing_PIOW_overlapping:
        total_PIOW: 2.344e-05
        num_windows: 234
        time_check_overlap: 1.2028e-05
        num_overlapping_windows: 0
        time_merge_windows: 0
        time_remove_window: 0
        time_remove_window: 0
        timing_PlanIn:
            total_PlanIn:0
            num_until_goal_expanded:0
            timing_expansions:
                total_S3Exp: 0
                time_top_o: 0
                time_check_in_c: 0
                time_add_parent: 0
                num_neighbors: 0
                time_add_neighbors_to_o: 0
    num_new_collisions: 3
    timing_PIOW_new_collisions:
        total_PIOW: 0.00055824
        num_windows: 6
        time_check_overlap: 4.86e-07
        num_overlapping_windows: 0
        time_merge_windows: 0
        time_remove_window: 0
        time_remove_window: 1.386e-06
        timing_PlanIn:
            total_PlanIn:0.00055165
            num_until_goal_expanded:60
            timing_expansions:
                total_S3Exp: 0.000543724
                time_top_o: 1.2017e-05
                time_check_in_c: 1.569e-05
                time_add_parent: 2.3019e-05
                num_neighbors: 582
                time_add_neighbors_to_o: 0.000359678
    num_windows_should_quit: 0
    time_should_quit: 7.183e-06
    time_remove_window: 0
Complete!
