Total time: 31.8346
is_optimal: false
optimality_bound: 1.00251
successive_bounds: [1.02232, 1.00391, 1.00335, 1.00279, 1.00251]
successive_runtimes: [0.075729, 0.164346, 0.208378, 0.227882, 31.8346]
num_agents: 60
time_individual_plan: 0.0374691
time_first_plan: 0.0368007
num_max_agents_in_window_first_iteration: 3
num_recWAMPF: 5
timing_recWAMPF:
    total_RecWAMPF: 31.7956
    num_windows: 106
    num_max_agents_in_window: 6
    timing_gari:
        total_GARI: 0.15915
        time_path_btw_starts: 0.000503579
        Stage1:
            total_Stage1:0.117733
            time_add_x_to_o: 0.0402318
            time_clear_x: 0.00640159
            timing_AStarSearchUntil:
                total_astar_search_until:0.0710908
                num_values_f_less_fmax:5254
                ASU Exp:
                    total_ASUExp:0.0710862
                    time_top_o:0.00291078
                    time_check_in_c:0.00240239
                    time_add_parent:0.00206986
                    num_neighbors:59660
                    time_add_neighbors_to_o:0.0554648
        Stage2:
            total_Stage2:0.00576725
            num_len_path:98
            time_expanding_s:0.000112643
            timing_AStarSearchUntil:
                total_astar_search_until:0.00559631
                num_values_f_less_fmax:213
                ASU Exp:
                    total_ASUExp:0.00559314
                    time_top_o:8.7387e-05
                    time_check_in_c:8.6481e-05
                    time_add_parent:0.000195128
                    num_neighbors:5600
                    time_add_neighbors_to_o:0.0046943
        Stage3:
            total_Stage3:0.0347261
            num_until_goal_expanded:1143
            timing_S3Exp:
                total_S3Exp: 0.0188374
                time_top_o: 0.000513108
                time_check_in_c: 0.000374104
                time_add_parent: 0.000691729
                num_neighbors: 12478
                time_add_neighbors_to_o: 0.0118136
    timing_PIOW_overlapping:
        total_PIOW: 1.27973
        num_windows: 587
        time_check_overlap: 2.6227e-05
        num_overlapping_windows: 1
        time_merge_windows: 4.115e-06
        time_remove_window: 6.82e-07
        time_remove_window: 4.041e-06
        timing_PlanIn:
            total_PlanIn:1.27967
            num_until_goal_expanded:5656
            timing_expansions:
                total_S3Exp: 1.27967
                time_top_o: 0.007506
                time_check_in_c: 0.00299538
                time_add_parent: 0.00565637
                num_neighbors: 1349255
                time_add_neighbors_to_o: 1.188
    num_new_collisions: 18
    timing_PIOW_new_collisions:
        total_PIOW: 30.3438
        num_windows: 260
        time_check_overlap: 1.7108e-05
        num_overlapping_windows: 7
        time_merge_windows: 2.713e-06
        time_remove_window: 16.7973
        time_remove_window: 2.164e-05
        timing_PlanIn:
            total_PlanIn:30.3436
            num_until_goal_expanded:18570
            timing_expansions:
                total_S3Exp: 30.3436
                time_top_o: 0.0374068
                time_check_in_c: 0.0121705
                time_add_parent: 0.021996
                num_neighbors: 32906918
                time_add_neighbors_to_o: 28.9695
    num_windows_should_quit: 0
    time_should_quit: 1.2402e-05
    time_remove_window: 0
Complete!
