Total time: 1.71786
is_optimal: true
optimality_bound: 1
successive_bounds: [1.00344, 1.00344, 1.00344, 1.00344, 1.00268, 1.00268, 1.0023, 1.00191, 1.00115, 1.00115, 1.00115, 1.00115, 1.00115, 1.00115, 1, 1]
successive_runtimes: [0.0178761, 0.0192511, 0.0209352, 0.0229541, 0.0253418, 0.0294948, 0.0648708, 0.153867, 0.293136, 0.439411, 0.57204, 0.820712, 1.06699, 1.34149, 1.71786]
num_agents: 40
time_individual_plan: 0.0155131
time_first_plan: 0.00163889
num_max_agents_in_window_first_iteration: 2
num_recWAMPF: 15
timing_recWAMPF:
    total_RecWAMPF: 1.70162
    num_windows: 144
    num_max_agents_in_window: 3
    timing_gari:
        total_GARI: 1.61283
        time_path_btw_starts: 0.000894509
        Stage1:
            total_Stage1:1.03208
            time_add_x_to_o: 0.294393
            time_clear_x: 0.0892568
            timing_AStarSearchUntil:
                total_astar_search_until:0.648404
                num_values_f_less_fmax:11572
                ASU Exp:
                    total_ASUExp:0.648396
                    time_top_o:0.0192902
                    time_check_in_c:0.0122147
                    time_add_parent:0.0264604
                    num_neighbors:665637
                    time_add_neighbors_to_o:0.560769
        Stage2:
            total_Stage2:0.105814
            num_len_path:159
            time_expanding_s:0.000254366
            timing_AStarSearchUntil:
                total_astar_search_until:0.105446
                num_values_f_less_fmax:3483
                ASU Exp:
                    total_ASUExp:0.105442
                    time_top_o:0.00305155
                    time_check_in_c:0.00122861
                    time_add_parent:0.00225659
                    num_neighbors:114629
                    time_add_neighbors_to_o:0.0927246
        Stage3:
            total_Stage3:0.473983
            num_until_goal_expanded:2897
            timing_S3Exp:
                total_S3Exp: 0.114014
                time_top_o: 0.00279979
                time_check_in_c: 0.000840844
                time_add_parent: 0.00179425
                num_neighbors: 119467
                time_add_neighbors_to_o: 0.100706
    timing_PIOW_overlapping:
        total_PIOW: 0.0348556
        num_windows: 366
        time_check_overlap: 3.0402e-05
        num_overlapping_windows: 2
        time_merge_windows: 6.781e-06
        time_remove_window: 1.44e-06
        time_remove_window: 6.541e-06
        timing_PlanIn:
            total_PlanIn:0.0347847
            num_until_goal_expanded:401
            timing_expansions:
                total_S3Exp: 0.0347762
                time_top_o: 0.000334973
                time_check_in_c: 0.000159637
                time_add_parent: 0.000291788
                num_neighbors: 33038
                time_add_neighbors_to_o: 0.031074
    num_new_collisions: 8
    timing_PIOW_new_collisions:
        total_PIOW: 0.0468279
        num_windows: 49
        time_check_overlap: 3.726e-06
        num_overlapping_windows: 2
        time_merge_windows: 0
        time_remove_window: 1.73796
        time_remove_window: 2.67e-06
        timing_PlanIn:
            total_PlanIn:0.0468029
            num_until_goal_expanded:829
            timing_expansions:
                total_S3Exp: 0.0467824
                time_top_o: 0.000556582
                time_check_in_c: 0.000259064
                time_add_parent: 0.000519542
                num_neighbors: 49069
                time_add_neighbors_to_o: 0.0413099
    num_windows_should_quit: 0
    time_should_quit: 1.9408e-05
    time_remove_window: 0
Complete!
