Total time: 0.153117
is_optimal: true
optimality_bound: 1
successive_bounds: [1.03599, 1.03599, 1.00192, 1.00192, 1.00192, 1.00192, 1.00192, 1.00096, 1.00096, 1.00096, 1.00096, 1.00096, 1.00096, 1.00096, 1, 1]
successive_runtimes: [0.012711, 0.0422342, 0.0938034, 0.0969099, 0.100258, 0.104248, 0.10888, 0.113586, 0.11784, 0.121927, 0.126457, 0.131489, 0.13692, 0.144919, 0.153117]
num_agents: 30
time_individual_plan: 0.0064172
time_first_plan: 0.00564845
num_max_agents_in_window_first_iteration: 2
num_recWAMPF: 15
timing_recWAMPF:
    total_RecWAMPF: 0.146051
    num_windows: 58
    num_max_agents_in_window: 2
    timing_gari:
        total_GARI: 0.126902
        time_path_btw_starts: 0.000178409
        Stage1:
            total_Stage1:0.0953664
            time_add_x_to_o: 0.0238182
            time_clear_x: 0.00450605
            timing_AStarSearchUntil:
                total_astar_search_until:0.0413048
                num_values_f_less_fmax:20041
                ASU Exp:
                    total_ASUExp:0.0413032
                    time_top_o:0.00785812
                    time_check_in_c:0.00408074
                    time_add_parent:0.0018402
                    num_neighbors:96055
                    time_add_neighbors_to_o:0.0423334
        Stage2:
            total_Stage2:0.00501565
            num_len_path:62
            time_expanding_s:2.6532e-05
            timing_AStarSearchUntil:
                total_astar_search_until:0.00496888
                num_values_f_less_fmax:406
                ASU Exp:
                    total_ASUExp:0.0049675
                    time_top_o:0.000128265
                    time_check_in_c:0.000116545
                    time_add_parent:0.00011527
                    num_neighbors:9597
                    time_add_neighbors_to_o:0.00416519
        Stage3:
            total_Stage3:0.0263281
            num_until_goal_expanded:4869
            timing_S3Exp:
                total_S3Exp: 0.0203569
                time_top_o: 0.00143255
                time_check_in_c: 0.000729627
                time_add_parent: 0.00157093
                num_neighbors: 27199
                time_add_neighbors_to_o: 0.0113849
    timing_PIOW_overlapping:
        total_PIOW: 4.499e-06
        num_windows: 56
        time_check_overlap: 1.954e-06
        num_overlapping_windows: 0
        time_merge_windows: 0
        time_remove_window: 0
        time_remove_window: 0
        timing_PlanIn:
            total_PlanIn:0
            num_until_goal_expanded:0
            timing_expansions:
                total_S3Exp: 0
                time_top_o: 0
                time_check_in_c: 0
                time_add_parent: 0
                num_neighbors: 0
                time_add_neighbors_to_o: 0
    num_new_collisions: 2
    timing_PIOW_new_collisions:
        total_PIOW: 0.00525136
        num_windows: 2
        time_check_overlap: 1.65e-07
        num_overlapping_windows: 0
        time_merge_windows: 0
        time_remove_window: 0
        time_remove_window: 9e-07
        timing_PlanIn:
            total_PlanIn:0.00524694
            num_until_goal_expanded:446
            timing_expansions:
                total_S3Exp: 0.00524146
                time_top_o: 7.0155e-05
                time_check_in_c: 9.9314e-05
                time_add_parent: 0.000124413
                num_neighbors: 8522
                time_add_neighbors_to_o: 0.00420719
    num_windows_should_quit: 0
    time_should_quit: 2.636e-06
    time_remove_window: 0
Complete!
