Total time: 0.0460862
is_optimal: true
optimality_bound: 1
successive_bounds: [1.00456, 1.00456, 1.00456, 1.00456, 1.00304, 1.00304, 1.00304, 1, 1]
successive_runtimes: [0.00405771, 0.00500007, 0.0058428, 0.00673736, 0.00768953, 0.00825002, 0.00875497, 0.0460861]
num_agents: 20
time_individual_plan: 0.00266069
time_first_plan: 0.000642558
num_max_agents_in_window_first_iteration: 2
num_recWAMPF: 8
timing_recWAMPF:
    total_RecWAMPF: 0.0426684
    num_windows: 43
    num_max_agents_in_window: 3
    timing_gari:
        total_GARI: 0.00454418
        time_path_btw_starts: 0.000142769
        Stage1:
            total_Stage1:0.0015195
            time_add_x_to_o: 0.000850921
            time_clear_x: 0.000120977
            timing_AStarSearchUntil:
                total_astar_search_until:0.000544811
                num_values_f_less_fmax:375
                ASU Exp:
                    total_ASUExp:0.000543558
                    time_top_o:8.911e-05
                    time_check_in_c:4.8415e-05
                    time_add_parent:4.5776e-05
                    num_neighbors:580
                    time_add_neighbors_to_o:0.000248
        Stage2:
            total_Stage2:0.00116512
            num_len_path:41
            time_expanding_s:2.112e-05
            timing_AStarSearchUntil:
                total_astar_search_until:0.00113118
                num_values_f_less_fmax:71
                ASU Exp:
                    total_ASUExp:0.00113005
                    time_top_o:2.0325e-05
                    time_check_in_c:1.5669e-05
                    time_add_parent:2.481e-05
                    num_neighbors:1865
                    time_add_neighbors_to_o:0.000959673
        Stage3:
            total_Stage3:0.00170914
            num_until_goal_expanded:194
            timing_S3Exp:
                total_S3Exp: 0.00115906
                time_top_o: 4.2922e-05
                time_check_in_c: 2.7498e-05
                time_add_parent: 5.5835e-05
                num_neighbors: 1543
                time_add_neighbors_to_o: 0.000774413
    timing_PIOW_overlapping:
        total_PIOW: 0.0368678
        num_windows: 66
        time_check_overlap: 3.393e-06
        num_overlapping_windows: 2
        time_merge_windows: 4.286e-06
        time_remove_window: 9.09e-07
        time_remove_window: 4.115e-06
        timing_PlanIn:
            total_PlanIn:0.0368444
            num_until_goal_expanded:396
            timing_expansions:
                total_S3Exp: 0.0368268
                time_top_o: 0.000134521
                time_check_in_c: 0.000100202
                time_add_parent: 0.000163012
                num_neighbors: 45516
                time_add_neighbors_to_o: 0.0340793
    num_new_collisions: 3
    timing_PIOW_new_collisions:
        total_PIOW: 0.000452565
        num_windows: 6
        time_check_overlap: 3.59e-07
        num_overlapping_windows: 0
        time_merge_windows: 0
        time_remove_window: 0
        time_remove_window: 8.84e-07
        timing_PlanIn:
            total_PlanIn:0.0004472
            num_until_goal_expanded:48
            timing_expansions:
                total_S3Exp: 0.000440496
                time_top_o: 7.723e-06
                time_check_in_c: 1.1933e-05
                time_add_parent: 1.5625e-05
                num_neighbors: 559
                time_add_neighbors_to_o: 0.000312147
    num_windows_should_quit: 0
    time_should_quit: 1.521e-06
    time_remove_window: 0
Complete!
