Total time: 0.065579
is_optimal: true
optimality_bound: 1
successive_bounds: [1.00422, 1.00422, 1.00281, 1.00281, 1.00281, 1.00141, 1.00141, 1.00141, 1.00141, 1.00141, 1.00141, 1.00141, 1.00141, 1.00141, 1.00141, 1.00141, 1.00141, 1.00141, 1.00141, 1.00141, 1.00141, 1, 1]
successive_runtimes: [0.00521681, 0.0061984, 0.00720132, 0.00806052, 0.00894646, 0.0107099, 0.0154802, 0.0190512, 0.0212731, 0.023812, 0.026441, 0.0290426, 0.0317681, 0.0345938, 0.0374899, 0.0405857, 0.0438035, 0.0471334, 0.0507964, 0.0550098, 0.0593958, 0.065579]
num_agents: 20
time_individual_plan: 0.00378456
time_first_plan: 0.000909854
num_max_agents_in_window_first_iteration: 2
num_recWAMPF: 22
timing_recWAMPF:
    total_RecWAMPF: 0.0612685
    num_windows: 184
    num_max_agents_in_window: 3
    timing_gari:
        total_GARI: 0.0544726
        time_path_btw_starts: 0.000531081
        Stage1:
            total_Stage1:0.0255493
            time_add_x_to_o: 0.0110502
            time_clear_x: 0.00181976
            timing_AStarSearchUntil:
                total_astar_search_until:0.0126694
                num_values_f_less_fmax:2869
                ASU Exp:
                    total_ASUExp:0.0126652
                    time_top_o:0.000805192
                    time_check_in_c:0.000529687
                    time_add_parent:0.000406614
                    num_neighbors:24605
                    time_add_neighbors_to_o:0.00932989
        Stage2:
            total_Stage2:0.00654681
            num_len_path:203
            time_expanding_s:0.000252456
            timing_AStarSearchUntil:
                total_astar_search_until:0.0062429
                num_values_f_less_fmax:396
                ASU Exp:
                    total_ASUExp:0.00623916
                    time_top_o:0.000103642
                    time_check_in_c:7.7146e-05
                    time_add_parent:0.000142181
                    num_neighbors:14102
                    time_add_neighbors_to_o:0.00544204
        Stage3:
            total_Stage3:0.021621
            num_until_goal_expanded:2122
            timing_S3Exp:
                total_S3Exp: 0.0126944
                time_top_o: 0.000548925
                time_check_in_c: 0.000262131
                time_add_parent: 0.000507419
                num_neighbors: 26585
                time_add_neighbors_to_o: 0.00911432
    timing_PIOW_overlapping:
        total_PIOW: 0.00368079
        num_windows: 394
        time_check_overlap: 1.4532e-05
        num_overlapping_windows: 1
        time_merge_windows: 1.021e-06
        time_remove_window: 1.21e-07
        time_remove_window: 9.7e-07
        timing_PlanIn:
            total_PlanIn:0.00365344
            num_until_goal_expanded:118
            timing_expansions:
                total_S3Exp: 0.00365133
                time_top_o: 2.3576e-05
                time_check_in_c: 1.9979e-05
                time_add_parent: 3.2338e-05
                num_neighbors: 6468
                time_add_neighbors_to_o: 0.00322956
    num_new_collisions: 5
    timing_PIOW_new_collisions:
        total_PIOW: 0.000569604
        num_windows: 20
        time_check_overlap: 7.39e-07
        num_overlapping_windows: 0
        time_merge_windows: 0
        time_remove_window: 0
        time_remove_window: 1.428e-06
        timing_PlanIn:
            total_PlanIn:0.000562678
            num_until_goal_expanded:73
            timing_expansions:
                total_S3Exp: 0.000553275
                time_top_o: 9.605e-06
                time_check_in_c: 1.3003e-05
                time_add_parent: 1.9605e-05
                num_neighbors: 829
                time_add_neighbors_to_o: 0.000403838
    num_windows_should_quit: 0
    time_should_quit: 6.404e-06
    time_remove_window: 0
Complete!
