Total time: 0.306462
is_optimal: true
optimality_bound: 1
successive_bounds: [1.02798, 1.00271, 1.00181, 1.00181, 1.00181, 1.00181, 1.00181, 1.00181, 1.00181, 1.00181, 1.00181, 1.00181, 1.00181, 1.00181, 1.00181, 1.00181, 1.00181, 1.00181, 1.00181, 1.00181, 1.00181, 1.00181, 1]
successive_runtimes: [0.136488, 0.272611, 0.284514, 0.290803, 0.291981, 0.293056, 0.294078, 0.295013, 0.296065, 0.297092, 0.297892, 0.298728, 0.299489, 0.300273, 0.301035, 0.301793, 0.302592, 0.303427, 0.304194, 0.304958, 0.305722, 0.306462]
num_agents: 20
time_individual_plan: 0.00343991
time_first_plan: 0.132344
num_max_agents_in_window_first_iteration: 2
num_recWAMPF: 22
timing_recWAMPF:
    total_RecWAMPF: 0.302313
    num_windows: 46
    num_max_agents_in_window: 3
    timing_gari:
        total_GARI: 0.0852727
        time_path_btw_starts: 0.000106568
        Stage1:
            total_Stage1:0.0697387
            time_add_x_to_o: 0.0212854
            time_clear_x: 0.00437158
            timing_AStarSearchUntil:
                total_astar_search_until:0.0079857
                num_values_f_less_fmax:5241
                ASU Exp:
                    total_ASUExp:0.00798439
                    time_top_o:0.00326066
                    time_check_in_c:0.00155306
                    time_add_parent:0.000981702
                    num_neighbors:66863
                    time_add_neighbors_to_o:0.0315214
        Stage2:
            total_Stage2:0.00168573
            num_len_path:22
            time_expanding_s:1.3434e-05
            timing_AStarSearchUntil:
                total_astar_search_until:0.00165258
                num_values_f_less_fmax:22
                ASU Exp:
                    total_ASUExp:0.00165151
                    time_top_o:9.897e-06
                    time_check_in_c:8.29e-06
                    time_add_parent:1.4507e-05
                    num_neighbors:3325
                    time_add_neighbors_to_o:0.00143348
        Stage3:
            total_Stage3:0.0137322
            num_until_goal_expanded:154
            timing_S3Exp:
                total_S3Exp: 0.000940638
                time_top_o: 5.5218e-05
                time_check_in_c: 2.1707e-05
                time_add_parent: 5.409e-05
                num_neighbors: 679
                time_add_neighbors_to_o: 0.000302971
    timing_PIOW_overlapping:
        total_PIOW: 0.00891607
        num_windows: 29
        time_check_overlap: 5.13e-07
        num_overlapping_windows: 2
        time_merge_windows: 3.891e-06
        time_remove_window: 4.04e-07
        time_remove_window: 3.764e-06
        timing_PlanIn:
            total_PlanIn:0.00890653
            num_until_goal_expanded:212
            timing_expansions:
                total_S3Exp: 0.00890027
                time_top_o: 6.1874e-05
                time_check_in_c: 9.8311e-05
                time_add_parent: 8.6041e-05
                num_neighbors: 13746
                time_add_neighbors_to_o: 0.00761584
    num_new_collisions: 3
    timing_PIOW_new_collisions:
        total_PIOW: 0.132149
        num_windows: 6
        time_check_overlap: 3.77e-07
        num_overlapping_windows: 0
        time_merge_windows: 0
        time_remove_window: 0
        time_remove_window: 1.317e-06
        timing_PlanIn:
            total_PlanIn:0.132138
            num_until_goal_expanded:8842
            timing_expansions:
                total_S3Exp: 0.128408
                time_top_o: 0.00241751
                time_check_in_c: 0.00184749
                time_add_parent: 0.00233819
                num_neighbors: 222783
                time_add_neighbors_to_o: 0.105814
    num_windows_should_quit: 1
    time_should_quit: 2.093e-06
    time_remove_window: 2.5e-07
Complete!
