Total time: 0.0201721
is_optimal: true
optimality_bound: 1
successive_bounds: [1.00082, 1.00082, 1.00082, 1.00082, 1.00082, 1.00082, 1.00082, 1.00082, 1.00082, 1.00082, 1.00082, 1.00082, 1.00082, 1.00082, 1.00082, 1.00082, 1.00082, 1.00082, 1.00082, 1.00082, 1.00082, 1.00082, 1, 1]
successive_runtimes: [0.00711507, 0.0075885, 0.00803111, 0.00847497, 0.00891183, 0.00934177, 0.00978424, 0.010247, 0.0106884, 0.0111804, 0.0116267, 0.0120713, 0.0125028, 0.0129246, 0.0133696, 0.0138908, 0.0144237, 0.0150312, 0.0155759, 0.016156, 0.0167764, 0.0185005, 0.0201721]
num_agents: 30
time_individual_plan: 0.00601
time_first_plan: 0.000577601
num_max_agents_in_window_first_iteration: 2
num_recWAMPF: 23
timing_recWAMPF:
    total_RecWAMPF: 0.0136314
    num_windows: 45
    num_max_agents_in_window: 2
    timing_gari:
        total_GARI: 0.00739711
        time_path_btw_starts: 0.00010294
        Stage1:
            total_Stage1:0.00425839
            time_add_x_to_o: 0.00121925
            time_clear_x: 0.000167987
            timing_AStarSearchUntil:
                total_astar_search_until:0.00286845
                num_values_f_less_fmax:665
                ASU Exp:
                    total_ASUExp:0.00286736
                    time_top_o:0.000152258
                    time_check_in_c:0.00010707
                    time_add_parent:8.8172e-05
                    num_neighbors:5195
                    time_add_neighbors_to_o:0.00216205
        Stage2:
            total_Stage2:0.000803485
            num_len_path:44
            time_expanding_s:1.5768e-05
            timing_AStarSearchUntil:
                total_astar_search_until:0.000775841
                num_values_f_less_fmax:66
                ASU Exp:
                    total_ASUExp:0.0007749
                    time_top_o:1.4751e-05
                    time_check_in_c:1.4491e-05
                    time_add_parent:1.639e-05
                    num_neighbors:1703
                    time_add_neighbors_to_o:0.000663361
        Stage3:
            total_Stage3:0.00222589
            num_until_goal_expanded:368
            timing_S3Exp:
                total_S3Exp: 0.00141351
                time_top_o: 7.292e-05
                time_check_in_c: 4.7346e-05
                time_add_parent: 9.8702e-05
                num_neighbors: 2685
                time_add_neighbors_to_o: 0.000820932
    timing_PIOW_overlapping:
        total_PIOW: 4.94e-07
        num_windows: 22
        time_check_overlap: 0
        num_overlapping_windows: 0
        time_merge_windows: 0
        time_remove_window: 0
        time_remove_window: 0
        timing_PlanIn:
            total_PlanIn:0
            num_until_goal_expanded:0
            timing_expansions:
                total_S3Exp: 0
                time_top_o: 0
                time_check_in_c: 0
                time_add_parent: 0
                num_neighbors: 0
                time_add_neighbors_to_o: 0
    num_new_collisions: 1
    timing_PIOW_new_collisions:
        total_PIOW: 0.000154168
        num_windows: 0
        time_check_overlap: 0
        num_overlapping_windows: 0
        time_merge_windows: 0
        time_remove_window: 0
        time_remove_window: 3.71e-07
        timing_PlanIn:
            total_PlanIn:0.000152303
            num_until_goal_expanded:21
            timing_expansions:
                total_S3Exp: 0.000149032
                time_top_o: 2.912e-06
                time_check_in_c: 4.284e-06
                time_add_parent: 5.789e-06
                num_neighbors: 181
                time_add_neighbors_to_o: 8.3826e-05
    num_windows_should_quit: 0
    time_should_quit: 1.284e-06
    time_remove_window: 0
Complete!
