Total time: 100.015
is_optimal: false
optimality_bound: 1.00405
successive_bounds: [1.00698, 1.00698, 1.00698, 1.00563, 1.00518, 1.0045, 1.0045, 1.0045, 1.00405, 1.00405, 1.00405, 1.00405, 1.00405]
successive_runtimes: [0.0349466, 0.0569088, 0.138047, 0.280712, 0.402988, 8.30029, 21.6248, 26.7398, 39.1665, 48.0786, 70.7464, 82.2838, 100.015]
num_agents: 60
time_individual_plan: 0.010338
time_first_plan: 0.0240287
num_max_agents_in_window_first_iteration: 3
num_recWAMPF: 13
timing_recWAMPF:
    total_RecWAMPF: 100.004
    num_windows: 226
    num_max_agents_in_window: 4
    timing_gari:
        total_GARI: 92.0911
        time_path_btw_starts: 0.00673598
        Stage1:
            total_Stage1:34.7532
            time_add_x_to_o: 6.53049
            time_clear_x: 1.80668
            timing_AStarSearchUntil:
                total_astar_search_until:26.4161
                num_values_f_less_fmax:112306
                ASU Exp:
                    total_ASUExp:26.416
                    time_top_o:0.178834
                    time_check_in_c:0.0583556
                    time_add_parent:0.0704826
                    num_neighbors:38664562
                    time_add_neighbors_to_o:25.9081
        Stage2:
            total_Stage2:9.92332
            num_len_path:202
            time_expanding_s:0.000193315
            timing_AStarSearchUntil:
                total_astar_search_until:9.92301
                num_values_f_less_fmax:28210
                ASU Exp:
                    total_ASUExp:9.92301
                    time_top_o:0.0280175
                    time_check_in_c:0.00833603
                    time_add_parent:0.0166545
                    num_neighbors:14591984
                    time_add_neighbors_to_o:9.81112
        Stage3:
            total_Stage3:47.3945
            num_until_goal_expanded:39351
            timing_S3Exp:
                total_S3Exp: 13.0734
                time_top_o: 0.0973206
                time_check_in_c: 0.0290834
                time_add_parent: 0.0351762
                num_neighbors: 18529480
                time_add_neighbors_to_o: 12.732
    timing_PIOW_overlapping:
        total_PIOW: 7.87554
        num_windows: 1614
        time_check_overlap: 5.0698e-05
        num_overlapping_windows: 15
        time_merge_windows: 1.986e-05
        time_remove_window: 3.426e-06
        time_remove_window: 1.9165e-05
        timing_PlanIn:
            total_PlanIn:7.87541
            num_until_goal_expanded:26275
            timing_expansions:
                total_S3Exp: 7.87537
                time_top_o: 0.0382887
                time_check_in_c: 0.00667889
                time_add_parent: 0.0139754
                num_neighbors: 13030551
                time_add_neighbors_to_o: 7.44282
    num_new_collisions: 21
    timing_PIOW_new_collisions:
        total_PIOW: 0.0162738
        num_windows: 432
        time_check_overlap: 1.0999e-05
        num_overlapping_windows: 2
        time_merge_windows: 0
        time_remove_window: 0.157676
        time_remove_window: 8.536e-06
        timing_PlanIn:
            total_PlanIn:0.0162241
            num_until_goal_expanded:938
            timing_expansions:
                total_S3Exp: 0.0161806
                time_top_o: 0.000177195
                time_check_in_c: 0.000165428
                time_add_parent: 0.000246079
                num_neighbors: 30241
                time_add_neighbors_to_o: 0.0135627
    num_windows_should_quit: 0
    time_should_quit: 1.8023e-05
    time_remove_window: 0
Complete!
