Total time: 57.9825
is_optimal: false
optimality_bound: 1.00144
successive_bounds: [1.00432, 1.00432, 1.00432, 1.00432, 1.00432, 1.00432, 1.0036, 1.0036, 1.0036, 1.0036, 1.0036, 1.00288, 1.00288, 1.00288, 1.00288, 1.00288, 1.00288, 1.00288, 1.00216, 1.00144, 1.00144]
successive_runtimes: [0.0100094, 0.0123887, 0.0147492, 0.0178708, 0.0210344, 0.0238383, 0.0264777, 0.0290972, 0.0904732, 0.195911, 0.312154, 0.822801, 2.64452, 6.3561, 11.7883, 17.7461, 23.8905, 31.448, 41.0584, 49.1411, 57.9825]
num_agents: 40
time_individual_plan: 0.00692443
time_first_plan: 0.00234442
num_max_agents_in_window_first_iteration: 2
num_recWAMPF: 21
timing_recWAMPF:
    total_RecWAMPF: 57.9748
    num_windows: 181
    num_max_agents_in_window: 4
    timing_gari:
        total_GARI: 57.4993
        time_path_btw_starts: 0.0283944
        Stage1:
            total_Stage1:37.0881
            time_add_x_to_o: 10.3477
            time_clear_x: 5.18775
            timing_AStarSearchUntil:
                total_astar_search_until:21.5526
                num_values_f_less_fmax:139738
                ASU Exp:
                    total_ASUExp:21.5525
                    time_top_o:0.282895
                    time_check_in_c:0.326862
                    time_add_parent:0.0558153
                    num_neighbors:34407142
                    time_add_neighbors_to_o:20.7099
        Stage2:
            total_Stage2:0.0144709
            num_len_path:159
            time_expanding_s:0.00012486
            timing_AStarSearchUntil:
                total_astar_search_until:0.0142326
                num_values_f_less_fmax:470
                ASU Exp:
                    total_ASUExp:0.0142277
                    time_top_o:0.0001763
                    time_check_in_c:0.000132379
                    time_add_parent:0.000224992
                    num_neighbors:22320
                    time_add_neighbors_to_o:0.0130361
        Stage3:
            total_Stage3:20.3683
            num_until_goal_expanded:21982
            timing_S3Exp:
                total_S3Exp: 7.77377
                time_top_o: 0.0582949
                time_check_in_c: 0.0229584
                time_add_parent: 0.0167404
                num_neighbors: 11538082
                time_add_neighbors_to_o: 7.57469
    timing_PIOW_overlapping:
        total_PIOW: 0.465118
        num_windows: 442
        time_check_overlap: 2.6178e-05
        num_overlapping_windows: 3
        time_merge_windows: 6.768e-06
        time_remove_window: 1.373e-06
        time_remove_window: 6.578e-06
        timing_PlanIn:
            total_PlanIn:0.465052
            num_until_goal_expanded:2053
            timing_expansions:
                total_S3Exp: 0.465043
                time_top_o: 0.00145966
                time_check_in_c: 0.000579018
                time_add_parent: 0.000925166
                num_neighbors: 742248
                time_add_neighbors_to_o: 0.434981
    num_new_collisions: 6
    timing_PIOW_new_collisions:
        total_PIOW: 0.00119361
        num_windows: 30
        time_check_overlap: 1.532e-06
        num_overlapping_windows: 0
        time_merge_windows: 0
        time_remove_window: 0
        time_remove_window: 2.51e-06
        timing_PlanIn:
            total_PlanIn:0.00117842
            num_until_goal_expanded:104
            timing_expansions:
                total_S3Exp: 0.00116422
                time_top_o: 2.0051e-05
                time_check_in_c: 2.875e-05
                time_add_parent: 3.7335e-05
                num_neighbors: 1259
                time_add_neighbors_to_o: 0.000859707
    num_windows_should_quit: 0
    time_should_quit: 1.1493e-05
    time_remove_window: 0
Complete!
