Total time: 47.9056
is_optimal: false
optimality_bound: 1.00039
successive_bounds: [1.01374, 1.01295, 1.01217, 1.01177, 1.01099, 1.00942, 1.00942, 1.00235, 1.00235, 1.00235, 1.00078, 1.00078, 1.00078, 1.00039]
successive_runtimes: [0.0684394, 0.201893, 0.364444, 0.579577, 0.898081, 3.77487, 4.13504, 8.48416, 10.048, 12.8915, 18.6406, 27.0227, 37.2486, 47.9056]
num_agents: 40
time_individual_plan: 0.00952223
time_first_plan: 0.0580584
num_max_agents_in_window_first_iteration: 2
num_recWAMPF: 14
timing_recWAMPF:
    total_RecWAMPF: 47.8952
    num_windows: 204
    num_max_agents_in_window: 4
    timing_gari:
        total_GARI: 39.8159
        time_path_btw_starts: 0.00843967
        Stage1:
            total_Stage1:22.8927
            time_add_x_to_o: 5.291
            time_clear_x: 2.58146
            timing_AStarSearchUntil:
                total_astar_search_until:14.5666
                num_values_f_less_fmax:113939
                ASU Exp:
                    total_ASUExp:14.5665
                    time_top_o:0.304237
                    time_check_in_c:0.113761
                    time_add_parent:0.0771527
                    num_neighbors:14627895
                    time_add_neighbors_to_o:14.203
        Stage2:
            total_Stage2:0.0269228
            num_len_path:190
            time_expanding_s:0.00042178
            timing_AStarSearchUntil:
                total_astar_search_until:0.026306
                num_values_f_less_fmax:583
                ASU Exp:
                    total_ASUExp:0.0262993
                    time_top_o:0.000393912
                    time_check_in_c:0.000295018
                    time_add_parent:0.000481374
                    num_neighbors:23667
                    time_add_neighbors_to_o:0.0215521
        Stage3:
            total_Stage3:16.8877
            num_until_goal_expanded:109696
            timing_S3Exp:
                total_S3Exp: 13.1922
                time_top_o: 0.219482
                time_check_in_c: 0.0834405
                time_add_parent: 0.154237
                num_neighbors: 12754833
                time_add_neighbors_to_o: 12.3444
    timing_PIOW_overlapping:
        total_PIOW: 2.8536
        num_windows: 846
        time_check_overlap: 7.5184e-05
        num_overlapping_windows: 5
        time_merge_windows: 1.654e-05
        time_remove_window: 3.183e-06
        time_remove_window: 1.6121e-05
        timing_PlanIn:
            total_PlanIn:2.85344
            num_until_goal_expanded:18894
            timing_expansions:
                total_S3Exp: 2.85251
                time_top_o: 0.0276866
                time_check_in_c: 0.014663
                time_add_parent: 0.0227376
                num_neighbors: 2092860
                time_add_neighbors_to_o: 2.59651
    num_new_collisions: 12
    timing_PIOW_new_collisions:
        total_PIOW: 1.63218
        num_windows: 133
        time_check_overlap: 1.3208e-05
        num_overlapping_windows: 2
        time_merge_windows: 0
        time_remove_window: 7.27592
        time_remove_window: 1.9389e-05
        timing_PlanIn:
            total_PlanIn:1.6321
            num_until_goal_expanded:13000
            timing_expansions:
                total_S3Exp: 1.63091
                time_top_o: 0.0170905
                time_check_in_c: 0.0080942
                time_add_parent: 0.0114127
                num_neighbors: 1256265
                time_add_neighbors_to_o: 1.48464
    num_windows_should_quit: 0
    time_should_quit: 2.7979e-05
    time_remove_window: 0
Complete!
