Total time: 0.00807349
is_optimal: true
optimality_bound: 1
successive_bounds: [1.00143, 1.00143, 1.00143, 1.00143, 1.00143, 1.00143, 1.00143, 1.00143, 1.00143, 1.00143, 1.00143, 1.00143, 1.00143, 1.00143, 1.00143, 1, 1]
successive_runtimes: [0.004074, 0.00433071, 0.00457577, 0.00481614, 0.00511312, 0.00535576, 0.00559849, 0.00584471, 0.00607999, 0.00632144, 0.00656065, 0.00682863, 0.00713172, 0.00745106, 0.00776294, 0.00807347]
num_agents: 20
time_individual_plan: 0.00331507
time_first_plan: 0.000227059
num_max_agents_in_window_first_iteration: 2
num_recWAMPF: 16
timing_recWAMPF:
    total_RecWAMPF: 0.00422422
    num_windows: 31
    num_max_agents_in_window: 2
    timing_gari:
        total_GARI: 0.00257682
        time_path_btw_starts: 5.2865e-05
        Stage1:
            total_Stage1:0.000964487
            time_add_x_to_o: 0.000560773
            time_clear_x: 7.9943e-05
            timing_AStarSearchUntil:
                total_astar_search_until:0.000321991
                num_values_f_less_fmax:167
                ASU Exp:
                    total_ASUExp:0.000321247
                    time_top_o:3.6959e-05
                    time_check_in_c:1.9806e-05
                    time_add_parent:8.784e-06
                    num_neighbors:606
                    time_add_neighbors_to_o:0.000201688
        Stage2:
            total_Stage2:0.00051015
            num_len_path:30
            time_expanding_s:1.0391e-05
            timing_AStarSearchUntil:
                total_astar_search_until:0.00049161
                num_values_f_less_fmax:45
                ASU Exp:
                    total_ASUExp:0.000490975
                    time_top_o:9.3e-06
                    time_check_in_c:1.0938e-05
                    time_add_parent:1.429e-05
                    num_neighbors:1190
                    time_add_neighbors_to_o:0.000411107
        Stage3:
            total_Stage3:0.00104508
            num_until_goal_expanded:158
            timing_S3Exp:
                total_S3Exp: 0.000712007
                time_top_o: 2.9841e-05
                time_check_in_c: 2.0359e-05
                time_add_parent: 4.3878e-05
                num_neighbors: 1409
                time_add_neighbors_to_o: 0.000433117
    timing_PIOW_overlapping:
        total_PIOW: 3.83e-07
        num_windows: 15
        time_check_overlap: 0
        num_overlapping_windows: 0
        time_merge_windows: 0
        time_remove_window: 0
        time_remove_window: 0
        timing_PlanIn:
            total_PlanIn:0
            num_until_goal_expanded:0
            timing_expansions:
                total_S3Exp: 0
                time_top_o: 0
                time_check_in_c: 0
                time_add_parent: 0
                num_neighbors: 0
                time_add_neighbors_to_o: 0
    num_new_collisions: 1
    timing_PIOW_new_collisions:
        total_PIOW: 0.00011729
        num_windows: 0
        time_check_overlap: 0
        num_overlapping_windows: 0
        time_merge_windows: 0
        time_remove_window: 0
        time_remove_window: 2.83e-07
        timing_PlanIn:
            total_PlanIn:0.000115816
            num_until_goal_expanded:13
            timing_expansions:
                total_S3Exp: 0.000113055
                time_top_o: 2.198e-06
                time_check_in_c: 2.845e-06
                time_add_parent: 3.988e-06
                num_neighbors: 143
                time_add_neighbors_to_o: 6.7133e-05
    num_windows_should_quit: 0
    time_should_quit: 8.96e-07
    time_remove_window: 0
Complete!
