Total time: 0.0846552
is_optimal: true
optimality_bound: 1
successive_bounds: [1.00123, 1.00123, 1.00123, 1.00123, 1.00123, 1, 1]
successive_runtimes: [0.00607277, 0.00635317, 0.00662581, 0.0198511, 0.0416742, 0.0846552]
num_agents: 20
time_individual_plan: 0.00510653
time_first_plan: 0.000429053
num_max_agents_in_window_first_iteration: 2
num_recWAMPF: 6
timing_recWAMPF:
    total_RecWAMPF: 0.0790102
    num_windows: 17
    num_max_agents_in_window: 3
    timing_gari:
        total_GARI: 0.0651127
        time_path_btw_starts: 4.6264e-05
        Stage1:
            total_Stage1:0.0494182
            time_add_x_to_o: 0.0108965
            time_clear_x: 0.00248915
            timing_AStarSearchUntil:
                total_astar_search_until:0.0360314
                num_values_f_less_fmax:1439
                ASU Exp:
                    total_ASUExp:0.0360309
                    time_top_o:0.000737763
                    time_check_in_c:0.000285058
                    time_add_parent:0.000369651
                    num_neighbors:78515
                    time_add_neighbors_to_o:0.0328786
        Stage2:
            total_Stage2:0.00123658
            num_len_path:17
            time_expanding_s:7.993e-06
            timing_AStarSearchUntil:
                total_astar_search_until:0.00122348
                num_values_f_less_fmax:32
                ASU Exp:
                    total_ASUExp:0.00122314
                    time_top_o:9.243e-06
                    time_check_in_c:5.785e-06
                    time_add_parent:9.641e-06
                    num_neighbors:2765
                    time_add_neighbors_to_o:0.00115432
        Stage3:
            total_Stage3:0.0144088
            num_until_goal_expanded:533
            timing_S3Exp:
                total_S3Exp: 0.0085945
                time_top_o: 0.000177252
                time_check_in_c: 7.6329e-05
                time_add_parent: 0.000136302
                num_neighbors: 16795
                time_add_neighbors_to_o: 0.00758552
    timing_PIOW_overlapping:
        total_PIOW: 0.0129336
        num_windows: 15
        time_check_overlap: 5.42e-07
        num_overlapping_windows: 1
        time_merge_windows: 9.37e-07
        time_remove_window: 1.42e-07
        time_remove_window: 8.86e-07
        timing_PlanIn:
            total_PlanIn:0.01293
            num_until_goal_expanded:448
            timing_expansions:
                total_S3Exp: 0.0129278
                time_top_o: 0.000125568
                time_check_in_c: 7.4103e-05
                time_add_parent: 0.00012366
                num_neighbors: 24636
                time_add_neighbors_to_o: 0.0113397
    num_new_collisions: 2
    timing_PIOW_new_collisions:
        total_PIOW: 0.000175005
        num_windows: 2
        time_check_overlap: 2.02e-07
        num_overlapping_windows: 0
        time_merge_windows: 0
        time_remove_window: 0
        time_remove_window: 7.46e-07
        timing_PlanIn:
            total_PlanIn:0.000172009
            num_until_goal_expanded:12
            timing_expansions:
                total_S3Exp: 0.000167028
                time_top_o: 2.657e-06
                time_check_in_c: 2.73e-06
                time_add_parent: 4.344e-06
                num_neighbors: 224
                time_add_neighbors_to_o: 0.000134509
    num_windows_should_quit: 0
    time_should_quit: 5.54e-07
    time_remove_window: 0
Complete!
