Total time: 3.40344
is_optimal: false
optimality_bound: 1.00367
successive_bounds: [1.00581, 1.0052, 1.00459, 1.00459, 1.00459, 1.00459, 1.00367, 1.00367, 1.00367, 1.00367]
successive_runtimes: [0.0140561, 0.0237847, 0.0331703, 0.0436951, 0.0618005, 0.0900864, 0.124993, 0.173137, 0.257343, 3.40344]
num_agents: 50
time_individual_plan: 0.00540898
time_first_plan: 0.00812025
num_max_agents_in_window_first_iteration: 3
num_recWAMPF: 10
timing_recWAMPF:
    total_RecWAMPF: 3.3975
    num_windows: 213
    num_max_agents_in_window: 5
    timing_gari:
        total_GARI: 0.388792
        time_path_btw_starts: 0.0013885
        Stage1:
            total_Stage1:0.247941
            time_add_x_to_o: 0.0663851
            time_clear_x: 0.014516
            timing_AStarSearchUntil:
                total_astar_search_until:0.167027
                num_values_f_less_fmax:12049
                ASU Exp:
                    total_ASUExp:0.167022
                    time_top_o:0.00640431
                    time_check_in_c:0.00317344
                    time_add_parent:0.00307528
                    num_neighbors:356210
                    time_add_neighbors_to_o:0.142961
        Stage2:
            total_Stage2:0.0268223
            num_len_path:215
            time_expanding_s:0.000106217
            timing_AStarSearchUntil:
                total_astar_search_until:0.0266413
                num_values_f_less_fmax:691
                ASU Exp:
                    total_ASUExp:0.026637
                    time_top_o:0.000211943
                    time_check_in_c:0.000137211
                    time_add_parent:0.000203244
                    num_neighbors:61270
                    time_add_neighbors_to_o:0.025191
        Stage3:
            total_Stage3:0.108159
            num_until_goal_expanded:5459
            timing_S3Exp:
                total_S3Exp: 0.0821665
                time_top_o: 0.00169768
                time_check_in_c: 0.000825488
                time_add_parent: 0.00177959
                num_neighbors: 176737
                time_add_neighbors_to_o: 0.0706529
    timing_PIOW_overlapping:
        total_PIOW: 0.00149177
        num_windows: 1153
        time_check_overlap: 3.6479e-05
        num_overlapping_windows: 1
        time_merge_windows: 1.272e-06
        time_remove_window: 1.87e-07
        time_remove_window: 1.224e-06
        timing_PlanIn:
            total_PlanIn:0.00142763
            num_until_goal_expanded:59
            timing_expansions:
                total_S3Exp: 0.00142547
                time_top_o: 9.167e-06
                time_check_in_c: 9.435e-06
                time_add_parent: 1.5935e-05
                num_neighbors: 2672
                time_add_neighbors_to_o: 0.0012348
    num_new_collisions: 15
    timing_PIOW_new_collisions:
        total_PIOW: 2.9965
        num_windows: 221
        time_check_overlap: 6.805e-06
        num_overlapping_windows: 4
        time_merge_windows: 0
        time_remove_window: 0.843842
        time_remove_window: 7.34e-06
        timing_PlanIn:
            total_PlanIn:2.99646
            num_until_goal_expanded:5131
            timing_expansions:
                total_S3Exp: 2.99643
                time_top_o: 0.00662384
                time_check_in_c: 0.00156113
                time_add_parent: 0.00250982
                num_neighbors: 4877199
                time_add_neighbors_to_o: 2.84849
    num_windows_should_quit: 0
    time_should_quit: 1.2118e-05
    time_remove_window: 0
Complete!
