Total time: 0.0150915
is_optimal: true
optimality_bound: 1
successive_bounds: [1.00116, 1.00116, 1.00116, 1.00116, 1.00116, 1.00116, 1.00116, 1.00116, 1.00116, 1.00116, 1.00116, 1.00116, 1.00116, 1.00116, 1.00116, 1.00116, 1.00116, 1.00116, 1, 1]
successive_runtimes: [0.00405886, 0.0046013, 0.00510872, 0.00562801, 0.00614207, 0.0066685, 0.00725473, 0.00778089, 0.00830667, 0.00882917, 0.00938302, 0.00997707, 0.0106043, 0.01132, 0.0120246, 0.0126995, 0.013369, 0.0140438, 0.0150915]
num_agents: 30
time_individual_plan: 0.00289093
time_first_plan: 0.000595722
num_max_agents_in_window_first_iteration: 2
num_recWAMPF: 19
timing_recWAMPF:
    total_RecWAMPF: 0.0116257
    num_windows: 74
    num_max_agents_in_window: 2
    timing_gari:
        total_GARI: 0.00732781
        time_path_btw_starts: 0.000167943
        Stage1:
            total_Stage1:0.00286377
            time_add_x_to_o: 0.0013844
            time_clear_x: 0.000207388
            timing_AStarSearchUntil:
                total_astar_search_until:0.00126825
                num_values_f_less_fmax:599
                ASU Exp:
                    total_ASUExp:0.00126639
                    time_top_o:0.000169791
                    time_check_in_c:0.000107936
                    time_add_parent:3.8457e-05
                    num_neighbors:1935
                    time_add_neighbors_to_o:0.000742103
        Stage2:
            total_Stage2:0.00116367
            num_len_path:72
            time_expanding_s:3.1195e-05
            timing_AStarSearchUntil:
                total_astar_search_until:0.00111418
                num_values_f_less_fmax:90
                ASU Exp:
                    total_ASUExp:0.0011124
                    time_top_o:2.1273e-05
                    time_check_in_c:2.2974e-05
                    time_add_parent:3.3403e-05
                    num_neighbors:2490
                    time_add_neighbors_to_o:0.000937881
        Stage3:
            total_Stage3:0.00312241
            num_until_goal_expanded:411
            timing_S3Exp:
                total_S3Exp: 0.00201129
                time_top_o: 8.2864e-05
                time_check_in_c: 8.0821e-05
                time_add_parent: 0.000110473
                num_neighbors: 3248
                time_add_neighbors_to_o: 0.00125446
    timing_PIOW_overlapping:
        total_PIOW: 4.882e-06
        num_windows: 72
        time_check_overlap: 2.229e-06
        num_overlapping_windows: 0
        time_merge_windows: 0
        time_remove_window: 0
        time_remove_window: 0
        timing_PlanIn:
            total_PlanIn:0
            num_until_goal_expanded:0
            timing_expansions:
                total_S3Exp: 0
                time_top_o: 0
                time_check_in_c: 0
                time_add_parent: 0
                num_neighbors: 0
                time_add_neighbors_to_o: 0
    num_new_collisions: 2
    timing_PIOW_new_collisions:
        total_PIOW: 0.000233879
        num_windows: 2
        time_check_overlap: 8.7e-08
        num_overlapping_windows: 0
        time_merge_windows: 0
        time_remove_window: 0
        time_remove_window: 7.41e-07
        timing_PlanIn:
            total_PlanIn:0.00023065
            num_until_goal_expanded:30
            timing_expansions:
                total_S3Exp: 0.00022566
                time_top_o: 4.156e-06
                time_check_in_c: 5.663e-06
                time_add_parent: 8.645e-06
                num_neighbors: 318
                time_add_neighbors_to_o: 0.000156923
    num_windows_should_quit: 0
    time_should_quit: 1.558e-06
    time_remove_window: 0
Complete!
