Total time: 0.831203
is_optimal: true
optimality_bound: 1
successive_bounds: [1.00291, 1.00116, 1.00116, 1.00116, 1.00116, 1.00116, 1.00116, 1.00116, 1, 1]
successive_runtimes: [0.102577, 0.113597, 0.120742, 0.126574, 0.132098, 0.137616, 0.143088, 0.148458, 0.831203]
num_agents: 30
time_individual_plan: 0.017336
time_first_plan: 0.0836919
num_max_agents_in_window_first_iteration: 2
num_recWAMPF: 9
timing_recWAMPF:
    total_RecWAMPF: 0.812314
    num_windows: 67
    num_max_agents_in_window: 4
    timing_gari:
        total_GARI: 0.0481056
        time_path_btw_starts: 0.000313349
        Stage1:
            total_Stage1:0.00901253
            time_add_x_to_o: 0.00529606
            time_clear_x: 0.000720366
            timing_AStarSearchUntil:
                total_astar_search_until:0.00299062
                num_values_f_less_fmax:288
                ASU Exp:
                    total_ASUExp:0.00298787
                    time_top_o:0.000188979
                    time_check_in_c:0.00016051
                    time_add_parent:9.6976e-05
                    num_neighbors:2418
                    time_add_neighbors_to_o:0.00220816
        Stage2:
            total_Stage2:0.00336268
            num_len_path:65
            time_expanding_s:9.2637e-05
            timing_AStarSearchUntil:
                total_astar_search_until:0.00323647
                num_values_f_less_fmax:106
                ASU Exp:
                    total_ASUExp:0.00323408
                    time_top_o:5.304e-05
                    time_check_in_c:4.9688e-05
                    time_add_parent:9.19e-05
                    num_neighbors:2684
                    time_add_neighbors_to_o:0.00257664
        Stage3:
            total_Stage3:0.0353947
            num_until_goal_expanded:163
            timing_S3Exp:
                total_S3Exp: 0.00249821
                time_top_o: 5.8869e-05
                time_check_in_c: 4.8534e-05
                time_add_parent: 8.9463e-05
                num_neighbors: 1784
                time_add_neighbors_to_o: 0.00149774
    timing_PIOW_overlapping:
        total_PIOW: 1.5076e-05
        num_windows: 128
        time_check_overlap: 9.259e-06
        num_overlapping_windows: 0
        time_merge_windows: 0
        time_remove_window: 0
        time_remove_window: 0
        timing_PlanIn:
            total_PlanIn:0
            num_until_goal_expanded:0
            timing_expansions:
                total_S3Exp: 0
                time_top_o: 0
                time_check_in_c: 0
                time_add_parent: 0
                num_neighbors: 0
                time_add_neighbors_to_o: 0
    num_new_collisions: 5
    timing_PIOW_new_collisions:
        total_PIOW: 0.760459
        num_windows: 22
        time_check_overlap: 2.961e-06
        num_overlapping_windows: 2
        time_merge_windows: 0
        time_remove_window: 0.308036
        time_remove_window: 4.664e-06
        timing_PlanIn:
            total_PlanIn:0.76043
            num_until_goal_expanded:7695
            timing_expansions:
                total_S3Exp: 0.760379
                time_top_o: 0.00525309
                time_check_in_c: 0.00339721
                time_add_parent: 0.00836657
                num_neighbors: 647355
                time_add_neighbors_to_o: 0.687314
    num_windows_should_quit: 0
    time_should_quit: 4.093e-06
    time_remove_window: 0
Complete!
