Total time: 37.8111
is_optimal: false
optimality_bound: 1.02343
successive_bounds: [1.03995, 1.02984, 1.02417, 1.02417, 1.02417, 1.02417, 1.02417, 1.02367, 1.02343, 1.02343]
successive_runtimes: [1.35148, 3.27904, 3.84383, 3.99924, 4.14207, 4.24678, 5.04617, 7.39684, 33.5014, 37.8111]
num_agents: 60
time_individual_plan: 0.0143935
time_first_plan: 1.33641
num_max_agents_in_window_first_iteration: 4
num_recWAMPF: 10
timing_recWAMPF:
    total_RecWAMPF: 37.796
    num_windows: 208
    num_max_agents_in_window: 5
    timing_gari:
        total_GARI: 29.9993
        time_path_btw_starts: 0.00314922
        Stage1:
            total_Stage1:9.74345
            time_add_x_to_o: 0.618515
            time_clear_x: 0.116711
            timing_AStarSearchUntil:
                total_astar_search_until:8.33489
                num_values_f_less_fmax:43051
                ASU Exp:
                    total_ASUExp:8.33489
                    time_top_o:0.0532296
                    time_check_in_c:0.01799
                    time_add_parent:0.0245471
                    num_neighbors:11781712
                    time_add_neighbors_to_o:8.78166
        Stage2:
            total_Stage2:0.0207457
            num_len_path:168
            time_expanding_s:0.000740872
            timing_AStarSearchUntil:
                total_astar_search_until:0.0198958
                num_values_f_less_fmax:231
                ASU Exp:
                    total_ASUExp:0.019891
                    time_top_o:0.0001048
                    time_check_in_c:6.1324e-05
                    time_add_parent:0.000108723
                    num_neighbors:22552
                    time_add_neighbors_to_o:0.0133552
        Stage3:
            total_Stage3:20.231
            num_until_goal_expanded:40953
            timing_S3Exp:
                total_S3Exp: 15.8091
                time_top_o: 0.0862535
                time_check_in_c: 0.0166636
                time_add_parent: 0.0291181
                num_neighbors: 20981918
                time_add_neighbors_to_o: 15.5848
    timing_PIOW_overlapping:
        total_PIOW: 3.84334
        num_windows: 1243
        time_check_overlap: 5.7579e-05
        num_overlapping_windows: 11
        time_merge_windows: 1.8218e-05
        time_remove_window: 3.962e-06
        time_remove_window: 1.7527e-05
        timing_PlanIn:
            total_PlanIn:3.8432
            num_until_goal_expanded:11514
            timing_expansions:
                total_S3Exp: 3.84316
                time_top_o: 0.0106706
                time_check_in_c: 0.00363192
                time_add_parent: 0.0063568
                num_neighbors: 5796688
                time_add_neighbors_to_o: 3.62474
    num_new_collisions: 29
    timing_PIOW_new_collisions:
        total_PIOW: 3.83531
        num_windows: 613
        time_check_overlap: 2.6857e-05
        num_overlapping_windows: 9
        time_merge_windows: 0
        time_remove_window: 111.021
        time_remove_window: 2.4282e-05
        timing_PlanIn:
            total_PlanIn:3.83439
            num_until_goal_expanded:10626
            timing_expansions:
                total_S3Exp: 3.83392
                time_top_o: 0.00657754
                time_check_in_c: 0.00307976
                time_add_parent: 0.00459006
                num_neighbors: 5878887
                time_add_neighbors_to_o: 3.62198
    num_windows_should_quit: 0
    time_should_quit: 2.2018e-05
    time_remove_window: 0
Complete!
