Total time: 0.09864
is_optimal: true
optimality_bound: 1
successive_bounds: [1.00269, 1.00269, 1.00269, 1.00269, 1.00269, 1.00269, 1.00269, 1.00269, 1.00269, 1.00269, 1.00269, 1.00269, 1.00269, 1.00269, 1.00161, 1.00161, 1.00108, 1, 1]
successive_runtimes: [0.00477938, 0.0065029, 0.00925592, 0.012632, 0.0153803, 0.0175477, 0.0199966, 0.0222503, 0.0267539, 0.0330186, 0.0404786, 0.0475503, 0.0553972, 0.0636562, 0.0718186, 0.0758547, 0.0867258, 0.0986399]
num_agents: 30
time_individual_plan: 0.0028742
time_first_plan: 0.00129887
num_max_agents_in_window_first_iteration: 3
num_recWAMPF: 18
timing_recWAMPF:
    total_RecWAMPF: 0.0951559
    num_windows: 140
    num_max_agents_in_window: 4
    timing_gari:
        total_GARI: 0.081496
        time_path_btw_starts: 0.000514156
        Stage1:
            total_Stage1:0.0501325
            time_add_x_to_o: 0.0215366
            time_clear_x: 0.00336151
            timing_AStarSearchUntil:
                total_astar_search_until:0.0252262
                num_values_f_less_fmax:4827
                ASU Exp:
                    total_ASUExp:0.0252228
                    time_top_o:0.00155205
                    time_check_in_c:0.00135119
                    time_add_parent:0.000808151
                    num_neighbors:49410
                    time_add_neighbors_to_o:0.0184589
        Stage2:
            total_Stage2:0.00858611
            num_len_path:117
            time_expanding_s:0.000230456
            timing_AStarSearchUntil:
                total_astar_search_until:0.00831257
                num_values_f_less_fmax:380
                ASU Exp:
                    total_ASUExp:0.00830966
                    time_top_o:0.000102457
                    time_check_in_c:0.000129272
                    time_add_parent:0.000150084
                    num_neighbors:18838
                    time_add_neighbors_to_o:0.00749726
        Stage3:
            total_Stage3:0.0222412
            num_until_goal_expanded:894
            timing_S3Exp:
                total_S3Exp: 0.00974187
                time_top_o: 0.000218293
                time_check_in_c: 0.000123269
                time_add_parent: 0.000253831
                num_neighbors: 18356
                time_add_neighbors_to_o: 0.00680485
    timing_PIOW_overlapping:
        total_PIOW: 1.6258e-05
        num_windows: 272
        time_check_overlap: 9.286e-06
        num_overlapping_windows: 0
        time_merge_windows: 0
        time_remove_window: 0
        time_remove_window: 0
        timing_PlanIn:
            total_PlanIn:0
            num_until_goal_expanded:0
            timing_expansions:
                total_S3Exp: 0
                time_top_o: 0
                time_check_in_c: 0
                time_add_parent: 0
                num_neighbors: 0
                time_add_neighbors_to_o: 0
    num_new_collisions: 6
    timing_PIOW_new_collisions:
        total_PIOW: 0.00929059
        num_windows: 28
        time_check_overlap: 1.263e-06
        num_overlapping_windows: 2
        time_merge_windows: 0
        time_remove_window: 0.0832327
        time_remove_window: 2.521e-06
        timing_PlanIn:
            total_PlanIn:0.00927808
            num_until_goal_expanded:147
            timing_expansions:
                total_S3Exp: 0.00926635
                time_top_o: 2.6972e-05
                time_check_in_c: 2.8209e-05
                time_add_parent: 3.9005e-05
                num_neighbors: 15563
                time_add_neighbors_to_o: 0.00855782
    num_windows_should_quit: 0
    time_should_quit: 5.907e-06
    time_remove_window: 0
Complete!
