Total time: 0.015604
is_optimal: true
optimality_bound: 1
successive_bounds: [1.00325, 1.00325, 1.00325, 1.00325, 1.00163, 1.00163, 1.00163, 1.00163, 1.00163, 1.00163, 1, 1]
successive_runtimes: [0.00307838, 0.00339418, 0.00370798, 0.00402318, 0.00444377, 0.00476383, 0.00508149, 0.00540359, 0.00573192, 0.00609357, 0.015604]
num_agents: 20
time_individual_plan: 0.00214282
time_first_plan: 0.000414596
num_max_agents_in_window_first_iteration: 2
num_recWAMPF: 11
timing_recWAMPF:
    total_RecWAMPF: 0.0129384
    num_windows: 42
    num_max_agents_in_window: 2
    timing_gari:
        total_GARI: 0.0115675
        time_path_btw_starts: 9.5653e-05
        Stage1:
            total_Stage1:0.000287502
            time_add_x_to_o: 0.000257716
            time_clear_x: 2.592e-05
            timing_AStarSearchUntil:
                total_astar_search_until:1.715e-06
                num_values_f_less_fmax:0
                ASU Exp:
                    total_ASUExp:6.98e-07
                    time_top_o:0
                    time_check_in_c:0
                    time_add_parent:0
                    num_neighbors:0
                    time_add_neighbors_to_o:0
        Stage2:
            total_Stage2:0.00974184
            num_len_path:51
            time_expanding_s:1.9673e-05
            timing_AStarSearchUntil:
                total_astar_search_until:0.00971183
                num_values_f_less_fmax:740
                ASU Exp:
                    total_ASUExp:0.00971099
                    time_top_o:0.000218269
                    time_check_in_c:0.000142916
                    time_add_parent:0.000204223
                    num_neighbors:18949
                    time_add_neighbors_to_o:0.00842661
        Stage3:
            total_Stage3:0.00143695
            num_until_goal_expanded:84
            timing_S3Exp:
                total_S3Exp: 0.000676773
                time_top_o: 1.4729e-05
                time_check_in_c: 9.705e-06
                time_add_parent: 1.6878e-05
                num_neighbors: 895
                time_add_neighbors_to_o: 0.000500207
    timing_PIOW_overlapping:
        total_PIOW: 2.469e-06
        num_windows: 40
        time_check_overlap: 1.242e-06
        num_overlapping_windows: 0
        time_merge_windows: 0
        time_remove_window: 0
        time_remove_window: 0
        timing_PlanIn:
            total_PlanIn:0
            num_until_goal_expanded:0
            timing_expansions:
                total_S3Exp: 0
                time_top_o: 0
                time_check_in_c: 0
                time_add_parent: 0
                num_neighbors: 0
                time_add_neighbors_to_o: 0
    num_new_collisions: 2
    timing_PIOW_new_collisions:
        total_PIOW: 0.000205134
        num_windows: 2
        time_check_overlap: 1.2e-07
        num_overlapping_windows: 0
        time_merge_windows: 0
        time_remove_window: 0
        time_remove_window: 6.46e-07
        timing_PlanIn:
            total_PlanIn:0.000202356
            num_until_goal_expanded:16
            timing_expansions:
                total_S3Exp: 0.000197689
                time_top_o: 3.065e-06
                time_check_in_c: 3.198e-06
                time_add_parent: 5.877e-06
                num_neighbors: 320
                time_add_neighbors_to_o: 0.000157557
    num_windows_should_quit: 0
    time_should_quit: 1.072e-06
    time_remove_window: 0
Complete!
