Total time: 0.307916
is_optimal: true
optimality_bound: 1
successive_bounds: [1.00551, 1.00477, 1.00477, 1.00477, 1.0033, 1.0033, 1.00257, 1.00257, 1.00257, 1.00257, 1.00257, 1.00257, 1.00257, 1.00184, 1.00184, 1.0011, 1.0011, 1.00037, 1.00037, 1.00037, 1.00037, 1.00037, 1.00037, 1.00037, 1.00037, 1.00037, 1, 1]
successive_runtimes: [0.0190611, 0.0246392, 0.030508, 0.03702, 0.0433792, 0.0497173, 0.056429, 0.0635302, 0.0707569, 0.0783392, 0.08631, 0.0949834, 0.104199, 0.112694, 0.116768, 0.137732, 0.14444, 0.150791, 0.156216, 0.161455, 0.166667, 0.171729, 0.198716, 0.227692, 0.253093, 0.278823, 0.307916]
num_agents: 40
time_individual_plan: 0.0126414
time_first_plan: 0.0054248
num_max_agents_in_window_first_iteration: 2
num_recWAMPF: 27
timing_recWAMPF:
    total_RecWAMPF: 0.294274
    num_windows: 378
    num_max_agents_in_window: 4
    timing_gari:
        total_GARI: 0.252788
        time_path_btw_starts: 0.00146047
        Stage1:
            total_Stage1:0.0476288
            time_add_x_to_o: 0.0258602
            time_clear_x: 0.00366861
            timing_AStarSearchUntil:
                total_astar_search_until:0.0180754
                num_values_f_less_fmax:14317
                ASU Exp:
                    total_ASUExp:0.0180652
                    time_top_o:0.00387689
                    time_check_in_c:0.00252252
                    time_add_parent:0.000589578
                    num_neighbors:18864
                    time_add_neighbors_to_o:0.00742338
        Stage2:
            total_Stage2:0.0270493
            num_len_path:387
            time_expanding_s:0.00024077
            timing_AStarSearchUntil:
                total_astar_search_until:0.0266676
                num_values_f_less_fmax:2112
                ASU Exp:
                    total_ASUExp:0.0266589
                    time_top_o:0.00069641
                    time_check_in_c:0.000466036
                    time_add_parent:0.000673547
                    num_neighbors:52264
                    time_add_neighbors_to_o:0.0224306
        Stage3:
            total_Stage3:0.176569
            num_until_goal_expanded:9346
            timing_S3Exp:
                total_S3Exp: 0.0983178
                time_top_o: 0.00267231
                time_check_in_c: 0.00157148
                time_add_parent: 0.00291411
                num_neighbors: 149798
                time_add_neighbors_to_o: 0.079782
    timing_PIOW_overlapping:
        total_PIOW: 0.00122725
        num_windows: 1327
        time_check_overlap: 5.3601e-05
        num_overlapping_windows: 1
        time_merge_windows: 1.446e-06
        time_remove_window: 2.28e-07
        time_remove_window: 1.375e-06
        timing_PlanIn:
            total_PlanIn:0.00113623
            num_until_goal_expanded:36
            timing_expansions:
                total_S3Exp: 0.00113358
                time_top_o: 8.983e-06
                time_check_in_c: 7.968e-06
                time_add_parent: 1.2935e-05
                num_neighbors: 1396
                time_add_neighbors_to_o: 0.000987917
    num_new_collisions: 9
    timing_PIOW_new_collisions:
        total_PIOW: 0.0239291
        num_windows: 69
        time_check_overlap: 4.301e-06
        num_overlapping_windows: 1
        time_merge_windows: 0
        time_remove_window: 0.17794
        time_remove_window: 6.106e-06
        timing_PlanIn:
            total_PlanIn:0.023899
            num_until_goal_expanded:355
            timing_expansions:
                total_S3Exp: 0.0238712
                time_top_o: 0.000107253
                time_check_in_c: 0.000103262
                time_add_parent: 0.000136274
                num_neighbors: 34128
                time_add_neighbors_to_o: 0.0218974
    num_windows_should_quit: 0
    time_should_quit: 1.7031e-05
    time_remove_window: 0
Complete!
