Total time: 5.32544
is_optimal: false
optimality_bound: 1.00372
successive_bounds: [1.00769, 1.0062, 1.00571, 1.00546, 1.00447, 1.00447, 1.00422, 1.00422, 1.00372]
successive_runtimes: [0.0188999, 0.0593236, 0.100006, 0.27624, 0.523196, 0.718826, 0.853992, 1.05784, 5.32544]
num_agents: 60
time_individual_plan: 0.00703756
time_first_plan: 0.0113289
num_max_agents_in_window_first_iteration: 3
num_recWAMPF: 9
timing_recWAMPF:
    total_RecWAMPF: 5.31786
    num_windows: 227
    num_max_agents_in_window: 5
    timing_gari:
        total_GARI: 0.964482
        time_path_btw_starts: 0.013584
        Stage1:
            total_Stage1:0.534026
            time_add_x_to_o: 0.259716
            time_clear_x: 0.0627045
            timing_AStarSearchUntil:
                total_astar_search_until:0.211589
                num_values_f_less_fmax:11238
                ASU Exp:
                    total_ASUExp:0.211582
                    time_top_o:0.00599753
                    time_check_in_c:0.0198731
                    time_add_parent:0.00224669
                    num_neighbors:387786
                    time_add_neighbors_to_o:0.170914
        Stage2:
            total_Stage2:0.113388
            num_len_path:201
            time_expanding_s:0.00011849
            timing_AStarSearchUntil:
                total_astar_search_until:0.113165
                num_values_f_less_fmax:841
                ASU Exp:
                    total_ASUExp:0.113161
                    time_top_o:0.000401707
                    time_check_in_c:0.00025048
                    time_add_parent:0.000380697
                    num_neighbors:226007
                    time_add_neighbors_to_o:0.110466
        Stage3:
            total_Stage3:0.303317
            num_until_goal_expanded:3517
            timing_S3Exp:
                total_S3Exp: 0.0430733
                time_top_o: 0.000963341
                time_check_in_c: 0.000529351
                time_add_parent: 0.00115689
                num_neighbors: 81137
                time_add_neighbors_to_o: 0.0362419
    timing_PIOW_overlapping:
        total_PIOW: 4.33393
        num_windows: 1546
        time_check_overlap: 5.4631e-05
        num_overlapping_windows: 7
        time_merge_windows: 1.3871e-05
        time_remove_window: 2.413e-06
        time_remove_window: 1.3461e-05
        timing_PlanIn:
            total_PlanIn:4.33381
            num_until_goal_expanded:3490
            timing_expansions:
                total_S3Exp: 4.33379
                time_top_o: 0.00410679
                time_check_in_c: 0.00101569
                time_add_parent: 0.0015699
                num_neighbors: 7453054
                time_add_neighbors_to_o: 4.13318
    num_new_collisions: 19
    timing_PIOW_new_collisions:
        total_PIOW: 0.00599259
        num_windows: 326
        time_check_overlap: 8.265e-06
        num_overlapping_windows: 1
        time_merge_windows: 0
        time_remove_window: 0.00975861
        time_remove_window: 1.1991e-05
        timing_PlanIn:
            total_PlanIn:0.00594926
            num_until_goal_expanded:398
            timing_expansions:
                total_S3Exp: 0.00591927
                time_top_o: 5.6629e-05
                time_check_in_c: 6.977e-05
                time_add_parent: 0.000102147
                num_neighbors: 10745
                time_add_neighbors_to_o: 0.00490422
    num_windows_should_quit: 0
    time_should_quit: 2.0024e-05
    time_remove_window: 0
Complete!
