Total time: 44.5701
is_optimal: false
optimality_bound: 1.00277
successive_bounds: [1.0083, 1.00807, 1.00645, 1.00553, 1.00392, 1.00392, 1.00392, 1.00369, 1.00369, 1.00323, 1.00277, 1.00277]
successive_runtimes: [0.0857734, 0.127415, 0.152096, 0.191713, 0.92103, 2.1164, 4.69436, 8.07341, 15.9457, 23.8648, 40.4592, 44.5701]
num_agents: 70
time_individual_plan: 0.0308282
time_first_plan: 0.0536944
num_max_agents_in_window_first_iteration: 3
num_recWAMPF: 12
timing_recWAMPF:
    total_RecWAMPF: 44.538
    num_windows: 268
    num_max_agents_in_window: 4
    timing_gari:
        total_GARI: 43.7385
        time_path_btw_starts: 0.00461419
        Stage1:
            total_Stage1:24.008
            time_add_x_to_o: 4.00465
            time_clear_x: 1.67926
            timing_AStarSearchUntil:
                total_astar_search_until:18.3241
                num_values_f_less_fmax:68776
                ASU Exp:
                    total_ASUExp:18.3241
                    time_top_o:0.156954
                    time_check_in_c:0.0511301
                    time_add_parent:0.0821066
                    num_neighbors:21383460
                    time_add_neighbors_to_o:17.6318
        Stage2:
            total_Stage2:1.55597
            num_len_path:249
            time_expanding_s:0.0015563
            timing_AStarSearchUntil:
                total_astar_search_until:1.55426
                num_values_f_less_fmax:8003
                ASU Exp:
                    total_ASUExp:1.55425
                    time_top_o:0.012104
                    time_check_in_c:0.00291149
                    time_add_parent:0.0107596
                    num_neighbors:1858835
                    time_add_neighbors_to_o:1.48847
        Stage3:
            total_Stage3:18.1644
            num_until_goal_expanded:52053
            timing_S3Exp:
                total_S3Exp: 9.63636
                time_top_o: 0.0942777
                time_check_in_c: 0.0273207
                time_add_parent: 0.0508949
                num_neighbors: 9595464
                time_add_neighbors_to_o: 8.92056
    timing_PIOW_overlapping:
        total_PIOW: 0.726567
        num_windows: 2039
        time_check_overlap: 9.125e-05
        num_overlapping_windows: 14
        time_merge_windows: 3.5674e-05
        time_remove_window: 4.801e-06
        time_remove_window: 3.4802e-05
        timing_PlanIn:
            total_PlanIn:0.726338
            num_until_goal_expanded:5783
            timing_expansions:
                total_S3Exp: 0.726285
                time_top_o: 0.00488375
                time_check_in_c: 0.00235587
                time_add_parent: 0.00494589
                num_neighbors: 785188
                time_add_neighbors_to_o: 0.663479
    num_new_collisions: 24
    timing_PIOW_new_collisions:
        total_PIOW: 0.0336936
        num_windows: 539
        time_check_overlap: 2.7716e-05
        num_overlapping_windows: 2
        time_merge_windows: 0
        time_remove_window: 0.0884926
        time_remove_window: 2.7146e-05
        timing_PlanIn:
            total_PlanIn:0.033557
            num_until_goal_expanded:1111
            timing_expansions:
                total_S3Exp: 0.0334504
                time_top_o: 0.000574695
                time_check_in_c: 0.000523125
                time_add_parent: 0.00108652
                num_neighbors: 23560
                time_add_neighbors_to_o: 0.0265445
    num_windows_should_quit: 0
    time_should_quit: 3.0047e-05
    time_remove_window: 0
Complete!
