Total time: 2.64113
is_optimal: false
optimality_bound: 1.00114
successive_bounds: [1.00455, 1.00455, 1.00455, 1.00228, 1.00171, 1.00171, 1.00171, 1.00171, 1.00171, 1.00171, 1.00171, 1.00114, 1.00114]
successive_runtimes: [0.0103274, 0.0120182, 0.0141699, 0.016895, 0.0187968, 0.020466, 0.0221422, 0.0240157, 0.0273453, 0.0308315, 0.0491229, 0.734272, 2.64113]
num_agents: 30
time_individual_plan: 0.00863302
time_first_plan: 0.00106686
num_max_agents_in_window_first_iteration: 2
num_recWAMPF: 13
timing_recWAMPF:
    total_RecWAMPF: 2.63187
    num_windows: 146
    num_max_agents_in_window: 3
    timing_gari:
        total_GARI: 1.07736
        time_path_btw_starts: 0.000420439
        Stage1:
            total_Stage1:1.0415
            time_add_x_to_o: 0.152364
            time_clear_x: 0.03316
            timing_AStarSearchUntil:
                total_astar_search_until:0.00432502
                num_values_f_less_fmax:21087
                ASU Exp:
                    total_ASUExp:0.00432114
                    time_top_o:0.0326097
                    time_check_in_c:0.0334963
                    time_add_parent:0.00827877
                    num_neighbors:1202460
                    time_add_neighbors_to_o:0.754601
        Stage2:
            total_Stage2:0.00724515
            num_len_path:151
            time_expanding_s:8.8878e-05
            timing_AStarSearchUntil:
                total_astar_search_until:0.00709516
                num_values_f_less_fmax:510
                ASU Exp:
                    total_ASUExp:0.00709173
                    time_top_o:0.000161183
                    time_check_in_c:0.000129551
                    time_add_parent:0.000238254
                    num_neighbors:12065
                    time_add_neighbors_to_o:0.00592967
        Stage3:
            total_Stage3:0.0281634
            num_until_goal_expanded:1951
            timing_S3Exp:
                total_S3Exp: 0.0229601
                time_top_o: 0.00093909
                time_check_in_c: 0.000456952
                time_add_parent: 0.00069354
                num_neighbors: 34512
                time_add_neighbors_to_o: 0.0181427
    timing_PIOW_overlapping:
        total_PIOW: 0.681058
        num_windows: 416
        time_check_overlap: 2.1918e-05
        num_overlapping_windows: 1
        time_merge_windows: 2.425e-06
        time_remove_window: 4.53e-07
        time_remove_window: 2.359e-06
        timing_PlanIn:
            total_PlanIn:0.681015
            num_until_goal_expanded:9256
            timing_expansions:
                total_S3Exp: 0.681012
                time_top_o: 0.00904702
                time_check_in_c: 0.00319703
                time_add_parent: 0.00506952
                num_neighbors: 1060690
                time_add_neighbors_to_o: 0.612962
    num_new_collisions: 6
    timing_PIOW_new_collisions:
        total_PIOW: 0.000636418
        num_windows: 30
        time_check_overlap: 1.502e-06
        num_overlapping_windows: 0
        time_merge_windows: 0
        time_remove_window: 0
        time_remove_window: 1.702e-06
        timing_PlanIn:
            total_PlanIn:0.000626292
            num_until_goal_expanded:77
            timing_expansions:
                total_S3Exp: 0.000615124
                time_top_o: 1.1685e-05
                time_check_in_c: 1.5293e-05
                time_add_parent: 2.3716e-05
                num_neighbors: 864
                time_add_neighbors_to_o: 0.000437336
    num_windows_should_quit: 0
    time_should_quit: 7.438e-06
    time_remove_window: 0
Complete!
