Total time: 0.0176654
is_optimal: true
optimality_bound: 1
successive_bounds: [1.00151, 1.00151, 1.00151, 1.00151, 1.00151, 1.00151, 1.00151, 1.00151, 1, 1]
successive_runtimes: [0.00744697, 0.00815222, 0.00885809, 0.00958304, 0.0103406, 0.0111085, 0.011912, 0.0127468, 0.0176654]
num_agents: 20
time_individual_plan: 0.00563214
time_first_plan: 0.000847776
num_max_agents_in_window_first_iteration: 2
num_recWAMPF: 9
timing_recWAMPF:
    total_RecWAMPF: 0.0110612
    num_windows: 51
    num_max_agents_in_window: 2
    timing_gari:
        total_GARI: 0.0088636
        time_path_btw_starts: 0.000277058
        Stage1:
            total_Stage1:0.000435221
            time_add_x_to_o: 0.000194323
            time_clear_x: 4.2015e-05
            timing_AStarSearchUntil:
                total_astar_search_until:5.1039e-05
                num_values_f_less_fmax:24
                ASU Exp:
                    total_ASUExp:4.8909e-05
                    time_top_o:1.028e-05
                    time_check_in_c:3.596e-06
                    time_add_parent:0
                    num_neighbors:0
                    time_add_neighbors_to_o:0
        Stage2:
            total_Stage2:0.00559303
            num_len_path:52
            time_expanding_s:4.1556e-05
            timing_AStarSearchUntil:
                total_astar_search_until:0.0054721
                num_values_f_less_fmax:194
                ASU Exp:
                    total_ASUExp:0.00547043
                    time_top_o:0.000110787
                    time_check_in_c:5.8524e-05
                    time_add_parent:0.000162598
                    num_neighbors:4379
                    time_add_neighbors_to_o:0.00354009
        Stage3:
            total_Stage3:0.00216012
            num_until_goal_expanded:101
            timing_S3Exp:
                total_S3Exp: 0.0014715
                time_top_o: 3.9099e-05
                time_check_in_c: 3.0634e-05
                time_add_parent: 3.5093e-05
                num_neighbors: 1114
                time_add_neighbors_to_o: 0.0010641
    timing_PIOW_overlapping:
        total_PIOW: 8.33e-06
        num_windows: 72
        time_check_overlap: 4.247e-06
        num_overlapping_windows: 0
        time_merge_windows: 0
        time_remove_window: 0
        time_remove_window: 0
        timing_PlanIn:
            total_PlanIn:0
            num_until_goal_expanded:0
            timing_expansions:
                total_S3Exp: 0
                time_top_o: 0
                time_check_in_c: 0
                time_add_parent: 0
                num_neighbors: 0
                time_add_neighbors_to_o: 0
    num_new_collisions: 3
    timing_PIOW_new_collisions:
        total_PIOW: 0.00044292
        num_windows: 3
        time_check_overlap: 5.47e-07
        num_overlapping_windows: 0
        time_merge_windows: 0
        time_remove_window: 0
        time_remove_window: 1.009e-06
        timing_PlanIn:
            total_PlanIn:0.000433725
            num_until_goal_expanded:16
            timing_expansions:
                total_S3Exp: 0.000420227
                time_top_o: 5.199e-06
                time_check_in_c: 5.498e-06
                time_add_parent: 1.2751e-05
                num_neighbors: 280
                time_add_neighbors_to_o: 0.000323652
    num_windows_should_quit: 0
    time_should_quit: 1.086e-06
    time_remove_window: 0
Complete!
