Total time: 58.0108
is_optimal: false
optimality_bound: 1.0056
successive_bounds: [1.01221, 1.0117, 1.00814, 1.00789, 1.00738, 1.00662, 1.00611, 1.0056]
successive_runtimes: [0.0337701, 0.0639977, 0.110932, 0.409169, 0.706584, 8.08975, 26.3131, 58.0108]
num_agents: 60
time_individual_plan: 0.0102895
time_first_plan: 0.0228483
num_max_agents_in_window_first_iteration: 3
num_recWAMPF: 8
timing_recWAMPF:
    total_RecWAMPF: 57.9999
    num_windows: 183
    num_max_agents_in_window: 5
    timing_gari:
        total_GARI: 50.71
        time_path_btw_starts: 0.000770004
        Stage1:
            total_Stage1:32.9867
            time_add_x_to_o: 5.15706
            time_clear_x: 3.08276
            timing_AStarSearchUntil:
                total_astar_search_until:24.7469
                num_values_f_less_fmax:25712
                ASU Exp:
                    total_ASUExp:24.7469
                    time_top_o:0.0913293
                    time_check_in_c:0.0341965
                    time_add_parent:0.0195893
                    num_neighbors:31599965
                    time_add_neighbors_to_o:24.5055
        Stage2:
            total_Stage2:0.079156
            num_len_path:160
            time_expanding_s:0.000187975
            timing_AStarSearchUntil:
                total_astar_search_until:0.0788855
                num_values_f_less_fmax:540
                ASU Exp:
                    total_ASUExp:0.0788815
                    time_top_o:0.000296872
                    time_check_in_c:0.000141576
                    time_add_parent:0.000249587
                    num_neighbors:127049
                    time_add_neighbors_to_o:0.0772182
        Stage3:
            total_Stage3:17.6427
            num_until_goal_expanded:11400
            timing_S3Exp:
                total_S3Exp: 12.8484
                time_top_o: 0.0356366
                time_check_in_c: 0.0051892
                time_add_parent: 0.00928378
                num_neighbors: 14396569
                time_add_neighbors_to_o: 12.7459
    timing_PIOW_overlapping:
        total_PIOW: 7.26025
        num_windows: 1375
        time_check_overlap: 5.6968e-05
        num_overlapping_windows: 17
        time_merge_windows: 2.8625e-05
        time_remove_window: 5.71e-06
        time_remove_window: 2.7183e-05
        timing_PlanIn:
            total_PlanIn:7.26008
            num_until_goal_expanded:8255
            timing_expansions:
                total_S3Exp: 7.26002
                time_top_o: 0.0147196
                time_check_in_c: 0.00394419
                time_add_parent: 0.00624777
                num_neighbors: 10210636
                time_add_neighbors_to_o: 6.88679
    num_new_collisions: 28
    timing_PIOW_new_collisions:
        total_PIOW: 0.0168689
        num_windows: 645
        time_check_overlap: 2.4703e-05
        num_overlapping_windows: 3
        time_merge_windows: 0
        time_remove_window: 0.0600132
        time_remove_window: 1.8975e-05
        timing_PlanIn:
            total_PlanIn:0.0167492
            num_until_goal_expanded:522
            timing_expansions:
                total_S3Exp: 0.0166941
                time_top_o: 0.000101764
                time_check_in_c: 0.000124359
                time_add_parent: 0.000168213
                num_neighbors: 27901
                time_add_neighbors_to_o: 0.0146162
    num_windows_should_quit: 0
    time_should_quit: 1.7967e-05
    time_remove_window: 0
Complete!
