Total time: 0.0412515
is_optimal: true
optimality_bound: 1
successive_bounds: [1.00163, 1.00163, 1.00163, 1.00163, 1.00054, 1.00054, 1.00054, 1.00054, 1.00054, 1.00054, 1, 1]
successive_runtimes: [0.0185301, 0.0197836, 0.0211142, 0.0222773, 0.0243162, 0.026127, 0.0276147, 0.0294316, 0.031424, 0.0331416, 0.0412515]
num_agents: 30
time_individual_plan: 0.0156271
time_first_plan: 0.00135626
num_max_agents_in_window_first_iteration: 2
num_recWAMPF: 11
timing_recWAMPF:
    total_RecWAMPF: 0.0240701
    num_windows: 42
    num_max_agents_in_window: 2
    timing_gari:
        total_GARI: 0.017498
        time_path_btw_starts: 0.000332502
        Stage1:
            total_Stage1:0.0014244
            time_add_x_to_o: 0.00118677
            time_clear_x: 0.000128141
            timing_AStarSearchUntil:
                total_astar_search_until:0.000103735
                num_values_f_less_fmax:6
                ASU Exp:
                    total_ASUExp:0.000100802
                    time_top_o:4.411e-06
                    time_check_in_c:4.495e-06
                    time_add_parent:2.707e-06
                    num_neighbors:45
                    time_add_neighbors_to_o:6.9334e-05
        Stage2:
            total_Stage2:0.0109743
            num_len_path:50
            time_expanding_s:6.8613e-05
            timing_AStarSearchUntil:
                total_astar_search_until:0.0108745
                num_values_f_less_fmax:249
                ASU Exp:
                    total_ASUExp:0.0108719
                    time_top_o:0.000161899
                    time_check_in_c:0.000173572
                    time_add_parent:0.000348647
                    num_neighbors:5698
                    time_add_neighbors_to_o:0.00908098
        Stage3:
            total_Stage3:0.00473644
            num_until_goal_expanded:81
            timing_S3Exp:
                total_S3Exp: 0.00299651
                time_top_o: 4.1086e-05
                time_check_in_c: 4.2195e-05
                time_add_parent: 8.4882e-05
                num_neighbors: 1232
                time_add_neighbors_to_o: 0.00226222
    timing_PIOW_overlapping:
        total_PIOW: 7.429e-06
        num_windows: 40
        time_check_overlap: 3.95e-06
        num_overlapping_windows: 0
        time_merge_windows: 0
        time_remove_window: 0
        time_remove_window: 0
        timing_PlanIn:
            total_PlanIn:0
            num_until_goal_expanded:0
            timing_expansions:
                total_S3Exp: 0
                time_top_o: 0
                time_check_in_c: 0
                time_add_parent: 0
                num_neighbors: 0
                time_add_neighbors_to_o: 0
    num_new_collisions: 2
    timing_PIOW_new_collisions:
        total_PIOW: 0.000609539
        num_windows: 2
        time_check_overlap: 6.38e-07
        num_overlapping_windows: 0
        time_merge_windows: 0
        time_remove_window: 0
        time_remove_window: 1.949e-06
        timing_PlanIn:
            total_PlanIn:0.000600999
            num_until_goal_expanded:13
            timing_expansions:
                total_S3Exp: 0.000587525
                time_top_o: 6.773e-06
                time_check_in_c: 1.0033e-05
                time_add_parent: 2.0111e-05
                num_neighbors: 244
                time_add_neighbors_to_o: 0.000462666
    num_windows_should_quit: 0
    time_should_quit: 2.601e-06
    time_remove_window: 0
Complete!
