Total time: 662.196
is_optimal: false
optimality_bound: 1.00386
successive_bounds: [1.0053, 1.00434, 1.00386, 1.0041, 1.00386, 1.00386, 1.00386]
successive_runtimes: [0.663247, 3.97045, 6.01365, 6.54551, 59.1016, 232.52, 662.196]
num_agents: 60
time_individual_plan: 0.0393067
time_first_plan: 0.622454
num_max_agents_in_window_first_iteration: 4
num_recWAMPF: 7
timing_recWAMPF:
    total_RecWAMPF: 662.155
    num_windows: 106
    num_max_agents_in_window: 6
    timing_gari:
        total_GARI: 608.581
        time_path_btw_starts: 0.000508204
        Stage1:
            total_Stage1:582
            time_add_x_to_o: 32.7506
            time_clear_x: 7.47731
            timing_AStarSearchUntil:
                total_astar_search_until:541.772
                num_values_f_less_fmax:105027
                ASU Exp:
                    total_ASUExp:541.772
                    time_top_o:0.329911
                    time_check_in_c:4.18005
                    time_add_parent:0.109612
                    num_neighbors:560915597
                    time_add_neighbors_to_o:528.326
        Stage2:
            total_Stage2:0.66718
            num_len_path:98
            time_expanding_s:0.000124993
            timing_AStarSearchUntil:
                total_astar_search_until:0.666989
                num_values_f_less_fmax:538
                ASU Exp:
                    total_ASUExp:0.666986
                    time_top_o:0.000396325
                    time_check_in_c:0.000181933
                    time_add_parent:0.000411878
                    num_neighbors:762629
                    time_add_neighbors_to_o:0.663674
        Stage3:
            total_Stage3:25.9127
            num_until_goal_expanded:24017
            timing_S3Exp:
                total_S3Exp: 5.4879
                time_top_o: 0.0198364
                time_check_in_c: 0.00700815
                time_add_parent: 0.0176461
                num_neighbors: 5140570
                time_add_neighbors_to_o: 5.27862
    timing_PIOW_overlapping:
        total_PIOW: 0.583858
        num_windows: 618
        time_check_overlap: 2.6627e-05
        num_overlapping_windows: 12
        time_merge_windows: 2.5228e-05
        time_remove_window: 3.802e-06
        time_remove_window: 2.4527e-05
        timing_PlanIn:
            total_PlanIn:0.583758
            num_until_goal_expanded:9575
            timing_expansions:
                total_S3Exp: 0.583719
                time_top_o: 0.00864743
                time_check_in_c: 0.00402851
                time_add_parent: 0.00841898
                num_neighbors: 658633
                time_add_neighbors_to_o: 0.507305
    num_new_collisions: 22
    timing_PIOW_new_collisions:
        total_PIOW: 52.9699
        num_windows: 338
        time_check_overlap: 2.1066e-05
        num_overlapping_windows: 6
        time_merge_windows: 0
        time_remove_window: 15.5205
        time_remove_window: 1.954e-05
        timing_PlanIn:
            total_PlanIn:52.9698
            num_until_goal_expanded:18722
            timing_expansions:
                total_S3Exp: 52.9696
                time_top_o: 0.0242067
                time_check_in_c: 0.00787937
                time_add_parent: 0.0160072
                num_neighbors: 52063898
                time_add_neighbors_to_o: 50.8622
    num_windows_should_quit: 0
    time_should_quit: 1.3183e-05
    time_remove_window: 0
Complete!
