Total time: 0.0877846
is_optimal: true
optimality_bound: 1
successive_bounds: [1.00422, 1.00422, 1.00281, 1.00281, 1.00281, 1.00141, 1.00141, 1.00141, 1.00141, 1.00141, 1.00141, 1.00141, 1.00141, 1.00141, 1.00141, 1.00141, 1.00141, 1.00141, 1.00141, 1.00141, 1.00141, 1, 1]
successive_runtimes: [0.00662634, 0.00775489, 0.00903428, 0.0101115, 0.0112488, 0.0153808, 0.0215085, 0.0258791, 0.0303845, 0.0341036, 0.0373329, 0.0405309, 0.0439651, 0.0476447, 0.0513406, 0.0552726, 0.0593887, 0.0636782, 0.0684059, 0.0738409, 0.0796313, 0.0877845]
num_agents: 20
time_individual_plan: 0.00487919
time_first_plan: 0.00104355
num_max_agents_in_window_first_iteration: 2
num_recWAMPF: 22
timing_recWAMPF:
    total_RecWAMPF: 0.0821948
    num_windows: 184
    num_max_agents_in_window: 3
    timing_gari:
        total_GARI: 0.0745076
        time_path_btw_starts: 0.000737865
        Stage1:
            total_Stage1:0.0338064
            time_add_x_to_o: 0.0153464
            time_clear_x: 0.00253517
            timing_AStarSearchUntil:
                total_astar_search_until:0.0159097
                num_values_f_less_fmax:2869
                ASU Exp:
                    total_ASUExp:0.0159039
                    time_top_o:0.00109315
                    time_check_in_c:0.000700171
                    time_add_parent:0.000539497
                    num_neighbors:24605
                    time_add_neighbors_to_o:0.0115149
        Stage2:
            total_Stage2:0.00911234
            num_len_path:203
            time_expanding_s:0.00035694
            timing_AStarSearchUntil:
                total_astar_search_until:0.00867133
                num_values_f_less_fmax:396
                ASU Exp:
                    total_ASUExp:0.0086664
                    time_top_o:0.000160758
                    time_check_in_c:0.000127798
                    time_add_parent:0.000213152
                    num_neighbors:14102
                    time_add_neighbors_to_o:0.0074779
        Stage3:
            total_Stage3:0.0305448
            num_until_goal_expanded:2122
            timing_S3Exp:
                total_S3Exp: 0.0168764
                time_top_o: 0.000834618
                time_check_in_c: 0.00037153
                time_add_parent: 0.00070423
                num_neighbors: 26585
                time_add_neighbors_to_o: 0.0117799
    timing_PIOW_overlapping:
        total_PIOW: 0.00462922
        num_windows: 394
        time_check_overlap: 2.7028e-05
        num_overlapping_windows: 1
        time_merge_windows: 2.212e-06
        time_remove_window: 2.45e-07
        time_remove_window: 2.146e-06
        timing_PlanIn:
            total_PlanIn:0.00457724
            num_until_goal_expanded:118
            timing_expansions:
                total_S3Exp: 0.00457431
                time_top_o: 3.1766e-05
                time_check_in_c: 2.5611e-05
                time_add_parent: 4.1166e-05
                num_neighbors: 6468
                time_add_neighbors_to_o: 0.00402226
    num_new_collisions: 5
    timing_PIOW_new_collisions:
        total_PIOW: 0.000733648
        num_windows: 20
        time_check_overlap: 9.96e-07
        num_overlapping_windows: 0
        time_merge_windows: 0
        time_remove_window: 0
        time_remove_window: 1.562e-06
        timing_PlanIn:
            total_PlanIn:0.000724139
            num_until_goal_expanded:73
            timing_expansions:
                total_S3Exp: 0.000712919
                time_top_o: 1.2833e-05
                time_check_in_c: 1.6309e-05
                time_add_parent: 2.5306e-05
                num_neighbors: 829
                time_add_neighbors_to_o: 0.000522524
    num_windows_should_quit: 0
    time_should_quit: 1.1325e-05
    time_remove_window: 0
Complete!
