Total time: 0.0131336
is_optimal: true
optimality_bound: 1
successive_bounds: [1.00368, 1.00368, 1.00368, 1.00368, 1.00368, 1.00368, 1.00368, 1.00368, 1.00368, 1.00368, 1.00368, 1.00368, 1.00368, 1.00368, 1.00368, 1.00368, 1, 1]
successive_runtimes: [0.00164399, 0.00199082, 0.00229115, 0.00261157, 0.00298175, 0.00336564, 0.00381236, 0.00443604, 0.00504918, 0.00575931, 0.0065411, 0.00739939, 0.00835906, 0.00933081, 0.0104384, 0.0116921, 0.0131335]
num_agents: 10
time_individual_plan: 0.000886312
time_first_plan: 0.000237806
num_max_agents_in_window_first_iteration: 2
num_recWAMPF: 17
timing_recWAMPF:
    total_RecWAMPF: 0.0117249
    num_windows: 33
    num_max_agents_in_window: 2
    timing_gari:
        total_GARI: 0.0111641
        time_path_btw_starts: 8.1471e-05
        Stage1:
            total_Stage1:0.00627771
            time_add_x_to_o: 0.00243363
            time_clear_x: 0.000379376
            timing_AStarSearchUntil:
                total_astar_search_until:0.00346276
                num_values_f_less_fmax:1459
                ASU Exp:
                    total_ASUExp:0.00346197
                    time_top_o:0.000346764
                    time_check_in_c:0.000249317
                    time_add_parent:0.000161673
                    num_neighbors:5805
                    time_add_neighbors_to_o:0.0020994
        Stage2:
            total_Stage2:0.000625418
            num_len_path:32
            time_expanding_s:1.1411e-05
            timing_AStarSearchUntil:
                total_astar_search_until:0.000604828
                num_values_f_less_fmax:48
                ASU Exp:
                    total_ASUExp:0.000604147
                    time_top_o:1.1229e-05
                    time_check_in_c:1.0336e-05
                    time_add_parent:1.1718e-05
                    num_neighbors:1422
                    time_add_neighbors_to_o:0.000523682
        Stage3:
            total_Stage3:0.00417447
            num_until_goal_expanded:625
            timing_S3Exp:
                total_S3Exp: 0.00305301
                time_top_o: 0.000152267
                time_check_in_c: 8.6665e-05
                time_add_parent: 0.000172345
                num_neighbors: 5451
                time_add_neighbors_to_o: 0.00201406
    timing_PIOW_overlapping:
        total_PIOW: 4.01e-07
        num_windows: 16
        time_check_overlap: 0
        num_overlapping_windows: 0
        time_merge_windows: 0
        time_remove_window: 0
        time_remove_window: 0
        timing_PlanIn:
            total_PlanIn:0
            num_until_goal_expanded:0
            timing_expansions:
                total_S3Exp: 0
                time_top_o: 0
                time_check_in_c: 0
                time_add_parent: 0
                num_neighbors: 0
                time_add_neighbors_to_o: 0
    num_new_collisions: 1
    timing_PIOW_new_collisions:
        total_PIOW: 0.000200972
        num_windows: 0
        time_check_overlap: 0
        num_overlapping_windows: 0
        time_merge_windows: 0
        time_remove_window: 0
        time_remove_window: 2.5e-07
        timing_PlanIn:
            total_PlanIn:0.000199478
            num_until_goal_expanded:34
            timing_expansions:
                total_S3Exp: 0.000194686
                time_top_o: 4.248e-06
                time_check_in_c: 6.534e-06
                time_add_parent: 8.835e-06
                num_neighbors: 260
                time_add_neighbors_to_o: 0.00011903
    num_windows_should_quit: 0
    time_should_quit: 8.14e-07
    time_remove_window: 0
Complete!
