Total time: 0.226951
is_optimal: true
optimality_bound: 1
successive_bounds: [1.02381, 1.00476, 1.00437, 1.00278, 1.00278, 1.00278, 1.00278, 1.00278, 1.00278, 1.00198, 1.00079, 1.00079, 1.00079, 1.00079, 1.00079, 1.00079, 1.00079, 1.00079, 1.00079, 1.00079, 1.00079, 1.00079, 1.00079, 1.00079, 1.00079, 1.00079, 1.00079, 1.00079, 1, 1]
successive_runtimes: [0.0157114, 0.0478981, 0.0684699, 0.0748103, 0.0809291, 0.0857302, 0.0906417, 0.097055, 0.103244, 0.112252, 0.117937, 0.122627, 0.128154, 0.133469, 0.138691, 0.145166, 0.152337, 0.158786, 0.166109, 0.171635, 0.177838, 0.183605, 0.188925, 0.195484, 0.200939, 0.207024, 0.213463, 0.218947, 0.226951]
num_agents: 40
time_individual_plan: 0.00815575
time_first_plan: 0.00688405
num_max_agents_in_window_first_iteration: 2
num_recWAMPF: 29
timing_recWAMPF:
    total_RecWAMPF: 0.218112
    num_windows: 338
    num_max_agents_in_window: 2
    timing_gari:
        total_GARI: 0.20084
        time_path_btw_starts: 0.0017961
        Stage1:
            total_Stage1:0.0840772
            time_add_x_to_o: 0.0350907
            time_clear_x: 0.00489455
            timing_AStarSearchUntil:
                total_astar_search_until:0.0440666
                num_values_f_less_fmax:10360
                ASU Exp:
                    total_ASUExp:0.0440564
                    time_top_o:0.00412038
                    time_check_in_c:0.00275427
                    time_add_parent:0.00136656
                    num_neighbors:60710
                    time_add_neighbors_to_o:0.0302918
        Stage2:
            total_Stage2:0.00824028
            num_len_path:322
            time_expanding_s:0.000259444
            timing_AStarSearchUntil:
                total_astar_search_until:0.00777488
                num_values_f_less_fmax:486
                ASU Exp:
                    total_ASUExp:0.00776604
                    time_top_o:0.000233625
                    time_check_in_c:0.000144994
                    time_add_parent:0.00024276
                    num_neighbors:12529
                    time_add_neighbors_to_o:0.0062812
        Stage3:
            total_Stage3:0.106632
            num_until_goal_expanded:5103
            timing_S3Exp:
                total_S3Exp: 0.0312412
                time_top_o: 0.00195737
                time_check_in_c: 0.00113442
                time_add_parent: 0.00258287
                num_neighbors: 34058
                time_add_neighbors_to_o: 0.0174084
    timing_PIOW_overlapping:
        total_PIOW: 9.2146e-05
        num_windows: 986
        time_check_overlap: 5.4661e-05
        num_overlapping_windows: 0
        time_merge_windows: 0
        time_remove_window: 0
        time_remove_window: 0
        timing_PlanIn:
            total_PlanIn:0
            num_until_goal_expanded:0
            timing_expansions:
                total_S3Exp: 0
                time_top_o: 0
                time_check_in_c: 0
                time_add_parent: 0
                num_neighbors: 0
                time_add_neighbors_to_o: 0
    num_new_collisions: 6
    timing_PIOW_new_collisions:
        total_PIOW: 0.00583578
        num_windows: 30
        time_check_overlap: 1.32e-06
        num_overlapping_windows: 0
        time_merge_windows: 0
        time_remove_window: 0
        time_remove_window: 2.12e-06
        timing_PlanIn:
            total_PlanIn:0.00582385
            num_until_goal_expanded:385
            timing_expansions:
                total_S3Exp: 0.00581173
                time_top_o: 7.3509e-05
                time_check_in_c: 0.000107678
                time_add_parent: 0.000142816
                num_neighbors: 7992
                time_add_neighbors_to_o: 0.00471724
    num_windows_should_quit: 1
    time_should_quit: 2.6288e-05
    time_remove_window: 3.15e-07
Complete!
