Total time: 0.0313637
is_optimal: true
optimality_bound: 1
successive_bounds: [1.00252, 1.00252, 1.00252, 1.00252, 1.00252, 1.00252, 1.00168, 1.00168, 1.00168, 1.00168, 1.00168, 1.00168, 1.00168, 1.00168, 1.00168, 1.00168, 1.00168, 1.00168, 1, 1]
successive_runtimes: [0.004565, 0.00506016, 0.00553908, 0.00601921, 0.00660851, 0.00710163, 0.00922654, 0.0109475, 0.0131179, 0.0143789, 0.0155801, 0.0170727, 0.0199864, 0.021568, 0.0230593, 0.0247031, 0.0266097, 0.028571, 0.0313637]
num_agents: 20
time_individual_plan: 0.00347299
time_first_plan: 0.000440073
num_max_agents_in_window_first_iteration: 2
num_recWAMPF: 19
timing_recWAMPF:
    total_RecWAMPF: 0.0272337
    num_windows: 74
    num_max_agents_in_window: 2
    timing_gari:
        total_GARI: 0.0254997
        time_path_btw_starts: 0.000230024
        Stage1:
            total_Stage1:0.0116527
            time_add_x_to_o: 0.00462833
            time_clear_x: 0.000783653
            timing_AStarSearchUntil:
                total_astar_search_until:0.0062344
                num_values_f_less_fmax:1374
                ASU Exp:
                    total_ASUExp:0.00623214
                    time_top_o:0.000584407
                    time_check_in_c:0.000344297
                    time_add_parent:0.000221363
                    num_neighbors:8392
                    time_add_neighbors_to_o:0.00424596
        Stage2:
            total_Stage2:0.00373402
            num_len_path:71
            time_expanding_s:4.1063e-05
            timing_AStarSearchUntil:
                total_astar_search_until:0.00366189
                num_values_f_less_fmax:217
                ASU Exp:
                    total_ASUExp:0.00365997
                    time_top_o:7.0108e-05
                    time_check_in_c:6.8491e-05
                    time_add_parent:9.7669e-05
                    num_neighbors:5678
                    time_add_neighbors_to_o:0.00310131
        Stage3:
            total_Stage3:0.00986627
            num_until_goal_expanded:821
            timing_S3Exp:
                total_S3Exp: 0.00532734
                time_top_o: 0.000279664
                time_check_in_c: 0.000176194
                time_add_parent: 0.000336515
                num_neighbors: 6490
                time_add_neighbors_to_o: 0.003334
    timing_PIOW_overlapping:
        total_PIOW: 7.714e-06
        num_windows: 72
        time_check_overlap: 3.486e-06
        num_overlapping_windows: 0
        time_merge_windows: 0
        time_remove_window: 0
        time_remove_window: 0
        timing_PlanIn:
            total_PlanIn:0
            num_until_goal_expanded:0
            timing_expansions:
                total_S3Exp: 0
                time_top_o: 0
                time_check_in_c: 0
                time_add_parent: 0
                num_neighbors: 0
                time_add_neighbors_to_o: 0
    num_new_collisions: 2
    timing_PIOW_new_collisions:
        total_PIOW: 0.000329908
        num_windows: 2
        time_check_overlap: 1.54e-07
        num_overlapping_windows: 0
        time_merge_windows: 0
        time_remove_window: 0
        time_remove_window: 7.61e-07
        timing_PlanIn:
            total_PlanIn:0.000326282
            num_until_goal_expanded:34
            timing_expansions:
                total_S3Exp: 0.000321547
                time_top_o: 5.716e-06
                time_check_in_c: 7.336e-06
                time_add_parent: 1.1046e-05
                num_neighbors: 393
                time_add_neighbors_to_o: 0.000238624
    num_windows_should_quit: 0
    time_should_quit: 3.185e-06
    time_remove_window: 0
Complete!
