Total time: 8.71678
is_optimal: false
optimality_bound: 1.00403
successive_bounds: [1.00604, 1.00604, 1.00604, 1.00604, 1.00504, 1.00453, 1.00403, 1.00403, 1.00403, 1.00403, 1.00403, 1.00403, 1.00403, 1.00403]
successive_runtimes: [0.00638661, 0.00849881, 0.0106294, 0.0132104, 0.335297, 1.1887, 2.75662, 3.84088, 4.8353, 5.73868, 6.59684, 7.37481, 8.13414, 8.71678]
num_agents: 30
time_individual_plan: 0.00406899
time_first_plan: 0.00159437
num_max_agents_in_window_first_iteration: 2
num_recWAMPF: 14
timing_recWAMPF:
    total_RecWAMPF: 8.71199
    num_windows: 112
    num_max_agents_in_window: 4
    timing_gari:
        total_GARI: 8.38289
        time_path_btw_starts: 0.0200731
        Stage1:
            total_Stage1:4.5409
            time_add_x_to_o: 1.5344
            time_clear_x: 0.618051
            timing_AStarSearchUntil:
                total_astar_search_until:2.38843
                num_values_f_less_fmax:14434
                ASU Exp:
                    total_ASUExp:2.38843
                    time_top_o:0.0233902
                    time_check_in_c:0.0367791
                    time_add_parent:0.0274143
                    num_neighbors:3489389
                    time_add_neighbors_to_o:2.28089
        Stage2:
            total_Stage2:0.0198041
            num_len_path:104
            time_expanding_s:7.3795e-05
            timing_AStarSearchUntil:
                total_astar_search_until:0.0196619
                num_values_f_less_fmax:542
                ASU Exp:
                    total_ASUExp:0.0196592
                    time_top_o:0.000259406
                    time_check_in_c:0.000164628
                    time_add_parent:0.000241807
                    num_neighbors:26640
                    time_add_neighbors_to_o:0.0182083
        Stage3:
            total_Stage3:3.80082
            num_until_goal_expanded:5243
            timing_S3Exp:
                total_S3Exp: 1.17572
                time_top_o: 0.00746015
                time_check_in_c: 0.00203909
                time_add_parent: 0.00297074
                num_neighbors: 1501251
                time_add_neighbors_to_o: 1.10109
    timing_PIOW_overlapping:
        total_PIOW: 0.325081
        num_windows: 278
        time_check_overlap: 1.7407e-05
        num_overlapping_windows: 4
        time_merge_windows: 8.391e-06
        time_remove_window: 1.985e-06
        time_remove_window: 8.113e-06
        timing_PlanIn:
            total_PlanIn:0.325028
            num_until_goal_expanded:1438
            timing_expansions:
                total_S3Exp: 0.325014
                time_top_o: 0.00106868
                time_check_in_c: 0.000409963
                time_add_parent: 0.000610664
                num_neighbors: 486645
                time_add_neighbors_to_o: 0.304222
    num_new_collisions: 7
    timing_PIOW_new_collisions:
        total_PIOW: 0.00103492
        num_windows: 42
        time_check_overlap: 1.664e-06
        num_overlapping_windows: 0
        time_merge_windows: 0
        time_remove_window: 0
        time_remove_window: 2.177e-06
        timing_PlanIn:
            total_PlanIn:0.00100936
            num_until_goal_expanded:117
            timing_expansions:
                total_S3Exp: 0.000996731
                time_top_o: 1.947e-05
                time_check_in_c: 2.9311e-05
                time_add_parent: 3.7688e-05
                num_neighbors: 1202
                time_add_neighbors_to_o: 0.000709339
    num_windows_should_quit: 0
    time_should_quit: 7.591e-06
    time_remove_window: 0
Complete!
