Total time: 0.0153241
is_optimal: true
optimality_bound: 1
successive_bounds: [1.00272, 1.00272, 1.00272, 1.00272, 1.00272, 1.00272, 1.00272, 1.00272, 1.00272, 1.00272, 1.00272, 1.00272, 1.00272, 1.00272, 1.00272, 1.00272, 1, 1]
successive_runtimes: [0.00618185, 0.00659984, 0.00699303, 0.00740851, 0.00784808, 0.00831101, 0.00880704, 0.00930889, 0.00981943, 0.0103731, 0.0109526, 0.0115388, 0.012101, 0.0127323, 0.0134486, 0.0142365, 0.0153241]
num_agents: 10
time_individual_plan: 0.00435302
time_first_plan: 0.000417003
num_max_agents_in_window_first_iteration: 2
num_recWAMPF: 17
timing_recWAMPF:
    total_RecWAMPF: 0.00955009
    num_windows: 33
    num_max_agents_in_window: 2
    timing_gari:
        total_GARI: 0.00820624
        time_path_btw_starts: 0.00024612
        Stage1:
            total_Stage1:0.00106107
            time_add_x_to_o: 0.00033112
            time_clear_x: 7.4306e-05
            timing_AStarSearchUntil:
                total_astar_search_until:0.000344224
                num_values_f_less_fmax:57
                ASU Exp:
                    total_ASUExp:0.0003423
                    time_top_o:4.0684e-05
                    time_check_in_c:1.1099e-05
                    time_add_parent:0
                    num_neighbors:0
                    time_add_neighbors_to_o:0
        Stage2:
            total_Stage2:0.00325859
            num_len_path:33
            time_expanding_s:4.4262e-05
            timing_AStarSearchUntil:
                total_astar_search_until:0.00300873
                num_values_f_less_fmax:74
                ASU Exp:
                    total_ASUExp:0.00300699
                    time_top_o:4.9515e-05
                    time_check_in_c:4.1518e-05
                    time_add_parent:9.1143e-05
                    num_neighbors:1734
                    time_add_neighbors_to_o:0.00214848
        Stage3:
            total_Stage3:0.00334852
            num_until_goal_expanded:94
            timing_S3Exp:
                total_S3Exp: 0.00205899
                time_top_o: 6.5995e-05
                time_check_in_c: 4.5267e-05
                time_add_parent: 7.6761e-05
                num_neighbors: 988
                time_add_neighbors_to_o: 0.00139432
    timing_PIOW_overlapping:
        total_PIOW: 1.341e-06
        num_windows: 16
        time_check_overlap: 0
        num_overlapping_windows: 0
        time_merge_windows: 0
        time_remove_window: 0
        time_remove_window: 0
        timing_PlanIn:
            total_PlanIn:0
            num_until_goal_expanded:0
            timing_expansions:
                total_S3Exp: 0
                time_top_o: 0
                time_check_in_c: 0
                time_add_parent: 0
                num_neighbors: 0
                time_add_neighbors_to_o: 0
    num_new_collisions: 1
    timing_PIOW_new_collisions:
        total_PIOW: 0.000340344
        num_windows: 0
        time_check_overlap: 0
        num_overlapping_windows: 0
        time_merge_windows: 0
        time_remove_window: 0
        time_remove_window: 4.83e-07
        timing_PlanIn:
            total_PlanIn:0.000335646
            num_until_goal_expanded:7
            timing_expansions:
                total_S3Exp: 0.00032537
                time_top_o: 4.284e-06
                time_check_in_c: 4.341e-06
                time_add_parent: 9.76e-06
                num_neighbors: 135
                time_add_neighbors_to_o: 0.00024731
    num_windows_should_quit: 0
    time_should_quit: 1.058e-06
    time_remove_window: 0
Complete!
