Total time: 0.0438358
is_optimal: true
optimality_bound: 1
successive_bounds: [1.00455, 1.00455, 1.00455, 1.00455, 1.00455, 1.00455, 1.00455, 1, 1]
successive_runtimes: [0.00374933, 0.00462028, 0.00540341, 0.00626621, 0.00721534, 0.00828237, 0.00926093, 0.0438358]
num_agents: 20
time_individual_plan: 0.00261161
time_first_plan: 0.000624155
num_max_agents_in_window_first_iteration: 2
num_recWAMPF: 8
timing_recWAMPF:
    total_RecWAMPF: 0.040709
    num_windows: 43
    num_max_agents_in_window: 3
    timing_gari:
        total_GARI: 0.00578387
        time_path_btw_starts: 0.000111969
        Stage1:
            total_Stage1:0.00214248
            time_add_x_to_o: 0.00110218
            time_clear_x: 0.000140345
            timing_AStarSearchUntil:
                total_astar_search_until:0.000897574
                num_values_f_less_fmax:676
                ASU Exp:
                    total_ASUExp:0.000896584
                    time_top_o:0.00013742
                    time_check_in_c:0.00010521
                    time_add_parent:4.235e-05
                    num_neighbors:1169
                    time_add_neighbors_to_o:0.000413592
        Stage2:
            total_Stage2:0.00112839
            num_len_path:41
            time_expanding_s:1.5871e-05
            timing_AStarSearchUntil:
                total_astar_search_until:0.00110139
                num_values_f_less_fmax:74
                ASU Exp:
                    total_ASUExp:0.00110049
                    time_top_o:4.4529e-05
                    time_check_in_c:2.8858e-05
                    time_add_parent:1.9723e-05
                    num_neighbors:1877
                    time_add_neighbors_to_o:0.000895309
        Stage3:
            total_Stage3:0.00238221
            num_until_goal_expanded:407
            timing_S3Exp:
                total_S3Exp: 0.00186382
                time_top_o: 8.2281e-05
                time_check_in_c: 5.015e-05
                time_add_parent: 0.000106244
                num_neighbors: 3116
                time_add_neighbors_to_o: 0.00123769
    timing_PIOW_overlapping:
        total_PIOW: 0.0334943
        num_windows: 66
        time_check_overlap: 2.29e-06
        num_overlapping_windows: 2
        time_merge_windows: 2.365e-06
        time_remove_window: 6.03e-07
        time_remove_window: 2.236e-06
        timing_PlanIn:
            total_PlanIn:0.0334817
            num_until_goal_expanded:549
            timing_expansions:
                total_S3Exp: 0.0334677
                time_top_o: 0.000139514
                time_check_in_c: 0.000101456
                time_add_parent: 0.000149674
                num_neighbors: 55372
                time_add_neighbors_to_o: 0.0307672
    num_new_collisions: 3
    timing_PIOW_new_collisions:
        total_PIOW: 0.000389889
        num_windows: 6
        time_check_overlap: 3.34e-07
        num_overlapping_windows: 0
        time_merge_windows: 0
        time_remove_window: 0
        time_remove_window: 1.722e-06
        timing_PlanIn:
            total_PlanIn:0.000384721
            num_until_goal_expanded:48
            timing_expansions:
                total_S3Exp: 0.000377902
                time_top_o: 6.54e-06
                time_check_in_c: 8.717e-06
                time_add_parent: 1.3266e-05
                num_neighbors: 550
                time_add_neighbors_to_o: 0.000277323
    num_windows_should_quit: 0
    time_should_quit: 1.116e-06
    time_remove_window: 0
Complete!
