Total time: 0.0266114
is_optimal: true
optimality_bound: 1
successive_bounds: [1.00215, 1.00107, 1.00107, 1.00107, 1.00107, 1.00107, 1.00107, 1.00107, 1.00107, 1.00107, 1.00107, 1.00107, 1.00107, 1.00107, 1.00107, 1.00107, 1.00107, 1.00107, 1, 1]
successive_runtimes: [0.00486259, 0.00549749, 0.00610592, 0.00846691, 0.010474, 0.011654, 0.0128321, 0.0139682, 0.0149728, 0.0158907, 0.0171895, 0.0183511, 0.0194296, 0.020529, 0.0217189, 0.0228262, 0.0239441, 0.0251292, 0.0266114]
num_agents: 30
time_individual_plan: 0.0036344
time_first_plan: 0.000708225
num_max_agents_in_window_first_iteration: 2
num_recWAMPF: 19
timing_recWAMPF:
    total_RecWAMPF: 0.022454
    num_windows: 134
    num_max_agents_in_window: 3
    timing_gari:
        total_GARI: 0.0155626
        time_path_btw_starts: 0.000226997
        Stage1:
            total_Stage1:0.0039222
            time_add_x_to_o: 0.00285738
            time_clear_x: 0.00039849
            timing_AStarSearchUntil:
                total_astar_search_until:0.000659455
                num_values_f_less_fmax:63
                ASU Exp:
                    total_ASUExp:0.000656312
                    time_top_o:1.5373e-05
                    time_check_in_c:1.918e-05
                    time_add_parent:1.6811e-05
                    num_neighbors:1530
                    time_add_neighbors_to_o:0.000533217
        Stage2:
            total_Stage2:0.00288048
            num_len_path:95
            time_expanding_s:8.6724e-05
            timing_AStarSearchUntil:
                total_astar_search_until:0.00275757
                num_values_f_less_fmax:175
                ASU Exp:
                    total_ASUExp:0.0027547
                    time_top_o:4.3363e-05
                    time_check_in_c:3.2059e-05
                    time_add_parent:6.1057e-05
                    num_neighbors:6713
                    time_add_neighbors_to_o:0.00240177
        Stage3:
            total_Stage3:0.00851399
            num_until_goal_expanded:481
            timing_S3Exp:
                total_S3Exp: 0.00422384
                time_top_o: 0.000100901
                time_check_in_c: 6.5056e-05
                time_add_parent: 0.000115884
                num_neighbors: 6844
                time_add_neighbors_to_o: 0.00316744
    timing_PIOW_overlapping:
        total_PIOW: 0.00171155
        num_windows: 242
        time_check_overlap: 7.778e-06
        num_overlapping_windows: 1
        time_merge_windows: 1.05e-06
        time_remove_window: 1.48e-07
        time_remove_window: 9.97e-07
        timing_PlanIn:
            total_PlanIn:0.00169472
            num_until_goal_expanded:46
            timing_expansions:
                total_S3Exp: 0.00169282
                time_top_o: 9.353e-06
                time_check_in_c: 8.213e-06
                time_add_parent: 1.291e-05
                num_neighbors: 2986
                time_add_neighbors_to_o: 0.00152345
    num_new_collisions: 5
    timing_PIOW_new_collisions:
        total_PIOW: 0.000637422
        num_windows: 18
        time_check_overlap: 7.98e-07
        num_overlapping_windows: 0
        time_merge_windows: 0
        time_remove_window: 0
        time_remove_window: 1.41e-06
        timing_PlanIn:
            total_PlanIn:0.000630412
            num_until_goal_expanded:65
            timing_expansions:
                total_S3Exp: 0.000620111
                time_top_o: 9.431e-06
                time_check_in_c: 1.1741e-05
                time_add_parent: 2.0104e-05
                num_neighbors: 965
                time_add_neighbors_to_o: 0.000464195
    num_windows_should_quit: 0
    time_should_quit: 3.557e-06
    time_remove_window: 0
Complete!
