Total time: 0.124637
is_optimal: true
optimality_bound: 1
successive_bounds: [1.0034, 1.00243, 1.00049, 1.00049, 1.00049, 1.00049, 1.00049, 1.00049, 1.00049, 1.00049, 1.00049, 1.00049, 1.00049, 1.00049, 1.00049, 1.00049, 1.00049, 1.00049, 1.00049, 1.00049, 1.00049, 1.00049, 1.00049, 1, 1]
successive_runtimes: [0.00766857, 0.00904918, 0.0102042, 0.0107772, 0.0113593, 0.0118662, 0.0124104, 0.0128894, 0.01333, 0.0138069, 0.0142631, 0.01471, 0.0151823, 0.0156585, 0.0162208, 0.0166825, 0.0171774, 0.0176713, 0.0181634, 0.0186586, 0.0454603, 0.0478072, 0.109841, 0.124637]
num_agents: 30
time_individual_plan: 0.00604465
time_first_plan: 0.00109553
num_max_agents_in_window_first_iteration: 2
num_recWAMPF: 24
timing_recWAMPF:
    total_RecWAMPF: 0.11806
    num_windows: 141
    num_max_agents_in_window: 3
    timing_gari:
        total_GARI: 0.0858681
        time_path_btw_starts: 0.000259139
        Stage1:
            total_Stage1:0.00243939
            time_add_x_to_o: 0.00153918
            time_clear_x: 0.000177235
            timing_AStarSearchUntil:
                total_astar_search_until:0.000715445
                num_values_f_less_fmax:260
                ASU Exp:
                    total_ASUExp:0.000712314
                    time_top_o:5.3816e-05
                    time_check_in_c:4.7593e-05
                    time_add_parent:2.6516e-05
                    num_neighbors:1023
                    time_add_neighbors_to_o:0.000388743
        Stage2:
            total_Stage2:0.00182026
            num_len_path:131
            time_expanding_s:6.3187e-05
            timing_AStarSearchUntil:
                total_astar_search_until:0.00172228
                num_values_f_less_fmax:157
                ASU Exp:
                    total_ASUExp:0.00171941
                    time_top_o:4.1308e-05
                    time_check_in_c:2.837e-05
                    time_add_parent:5.0863e-05
                    num_neighbors:3866
                    time_add_neighbors_to_o:0.00139506
        Stage3:
            total_Stage3:0.0813296
            num_until_goal_expanded:1331
            timing_S3Exp:
                total_S3Exp: 0.0623199
                time_top_o: 0.000565723
                time_check_in_c: 0.000246192
                time_add_parent: 0.000530642
                num_neighbors: 107160
                time_add_neighbors_to_o: 0.0587215
    timing_PIOW_overlapping:
        total_PIOW: 1.3583e-05
        num_windows: 207
        time_check_overlap: 7.745e-06
        num_overlapping_windows: 0
        time_merge_windows: 0
        time_remove_window: 0
        time_remove_window: 0
        timing_PlanIn:
            total_PlanIn:0
            num_until_goal_expanded:0
            timing_expansions:
                total_S3Exp: 0
                time_top_o: 0
                time_check_in_c: 0
                time_add_parent: 0
                num_neighbors: 0
                time_add_neighbors_to_o: 0
    num_new_collisions: 4
    timing_PIOW_new_collisions:
        total_PIOW: 0.0266933
        num_windows: 11
        time_check_overlap: 8.45e-07
        num_overlapping_windows: 1
        time_merge_windows: 0
        time_remove_window: 0.0200191
        time_remove_window: 1.343e-06
        timing_PlanIn:
            total_PlanIn:0.0266851
            num_until_goal_expanded:641
            timing_expansions:
                total_S3Exp: 0.0266761
                time_top_o: 0.000214303
                time_check_in_c: 0.000110033
                time_add_parent: 0.000166823
                num_neighbors: 52828
                time_add_neighbors_to_o: 0.0240346
    num_windows_should_quit: 0
    time_should_quit: 5.072e-06
    time_remove_window: 0
Complete!
