Total time: 12.9545
is_optimal: true
optimality_bound: 1
successive_bounds: [1.00295, 1.00295, 1.00295, 1.00295, 1.00295, 1.00295, 1.00197, 1, 1]
successive_runtimes: [0.0277689, 0.036906, 0.0475004, 0.0588018, 0.0728813, 0.0865026, 0.410397, 12.9545]
num_agents: 30
time_individual_plan: 0.00417948
time_first_plan: 0.0228673
num_max_agents_in_window_first_iteration: 3
num_recWAMPF: 8
timing_recWAMPF:
    total_RecWAMPF: 12.9496
    num_windows: 41
    num_max_agents_in_window: 4
    timing_gari:
        total_GARI: 12.6022
        time_path_btw_starts: 0.000953883
        Stage1:
            total_Stage1:10.2348
            time_add_x_to_o: 0.0856057
            time_clear_x: 0.0138629
            timing_AStarSearchUntil:
                total_astar_search_until:10.1354
                num_values_f_less_fmax:45360
                ASU Exp:
                    total_ASUExp:10.1354
                    time_top_o:0.0843255
                    time_check_in_c:0.0301027
                    time_add_parent:0.0314641
                    num_neighbors:13231021
                    time_add_neighbors_to_o:9.85494
        Stage2:
            total_Stage2:0.00320246
            num_len_path:39
            time_expanding_s:2.5771e-05
            timing_AStarSearchUntil:
                total_astar_search_until:0.00313931
                num_values_f_less_fmax:77
                ASU Exp:
                    total_ASUExp:0.00313831
                    time_top_o:2.8572e-05
                    time_check_in_c:1.9511e-05
                    time_add_parent:3.8983e-05
                    num_neighbors:5248
                    time_add_neighbors_to_o:0.00293398
        Stage3:
            total_Stage3:2.36321
            num_until_goal_expanded:165
            timing_S3Exp:
                total_S3Exp: 0.337252
                time_top_o: 0.00010846
                time_check_in_c: 4.6324e-05
                time_add_parent: 6.8813e-05
                num_neighbors: 13969
                time_add_neighbors_to_o: 0.0168525
    timing_PIOW_overlapping:
        total_PIOW: 0.323268
        num_windows: 56
        time_check_overlap: 2.438e-06
        num_overlapping_windows: 1
        time_merge_windows: 2.225e-06
        time_remove_window: 4.22e-07
        time_remove_window: 2.127e-06
        timing_PlanIn:
            total_PlanIn:0.323256
            num_until_goal_expanded:1359
            timing_expansions:
                total_S3Exp: 0.323252
                time_top_o: 0.00181875
                time_check_in_c: 0.000421069
                time_add_parent: 0.000634507
                num_neighbors: 440815
                time_add_neighbors_to_o: 0.303639
    num_new_collisions: 4
    timing_PIOW_new_collisions:
        total_PIOW: 0.0224307
        num_windows: 13
        time_check_overlap: 7.81e-07
        num_overlapping_windows: 1
        time_merge_windows: 0
        time_remove_window: 0.00553635
        time_remove_window: 1.498e-06
        timing_PlanIn:
            total_PlanIn:0.0224195
            num_until_goal_expanded:292
            timing_expansions:
                total_S3Exp: 0.0224015
                time_top_o: 0.000130114
                time_check_in_c: 6.0714e-05
                time_add_parent: 0.000101517
                num_neighbors: 33729
                time_add_neighbors_to_o: 0.0205805
    num_windows_should_quit: 0
    time_should_quit: 3.551e-06
    time_remove_window: 0
Complete!
