Total time: 2.31578
is_optimal: false
optimality_bound: 1.00548
successive_bounds: [1.00871, 1.00822, 1.00797, 1.00772, 1.00672, 1.00647, 1.00597, 1.00548, 1.00548, 1.00548, 1.00548, 1.00548, 1.00548, 1.00548, 1.00548]
successive_runtimes: [0.0221525, 0.0292264, 0.036147, 0.0442838, 0.0560197, 0.0701321, 0.0959715, 0.424148, 0.655759, 0.907725, 1.17272, 1.46732, 1.74849, 2.03229, 2.31578]
num_agents: 60
time_individual_plan: 0.0082843
time_first_plan: 0.0132022
num_max_agents_in_window_first_iteration: 3
num_recWAMPF: 15
timing_recWAMPF:
    total_RecWAMPF: 2.30683
    num_windows: 336
    num_max_agents_in_window: 4
    timing_gari:
        total_GARI: 1.93357
        time_path_btw_starts: 0.00107822
        Stage1:
            total_Stage1:0.0683387
            time_add_x_to_o: 0.0489264
            time_clear_x: 0.0133813
            timing_AStarSearchUntil:
                total_astar_search_until:0.00600755
                num_values_f_less_fmax:3129
                ASU Exp:
                    total_ASUExp:0.00599783
                    time_top_o:0.000860885
                    time_check_in_c:0.000466506
                    time_add_parent:0.00024699
                    num_neighbors:6384
                    time_add_neighbors_to_o:0.00322573
        Stage2:
            total_Stage2:0.014862
            num_len_path:295
            time_expanding_s:0.000184136
            timing_AStarSearchUntil:
                total_astar_search_until:0.0145313
                num_values_f_less_fmax:607
                ASU Exp:
                    total_ASUExp:0.0145227
                    time_top_o:0.00021664
                    time_check_in_c:0.000224998
                    time_add_parent:0.000250877
                    num_neighbors:21719
                    time_add_neighbors_to_o:0.0119404
        Stage3:
            total_Stage3:1.84886
            num_until_goal_expanded:7190
            timing_S3Exp:
                total_S3Exp: 1.04909
                time_top_o: 0.00638467
                time_check_in_c: 0.00188083
                time_add_parent: 0.00342988
                num_neighbors: 1290474
                time_add_neighbors_to_o: 1.02346
    timing_PIOW_overlapping:
        total_PIOW: 0.0265702
        num_windows: 2758
        time_check_overlap: 0.000121595
        num_overlapping_windows: 15
        time_merge_windows: 2.4934e-05
        time_remove_window: 4.934e-06
        time_remove_window: 2.3976e-05
        timing_PlanIn:
            total_PlanIn:0.0263029
            num_until_goal_expanded:809
            timing_expansions:
                total_S3Exp: 0.0262673
                time_top_o: 0.000213621
                time_check_in_c: 0.000204833
                time_add_parent: 0.000266249
                num_neighbors: 33854
                time_add_neighbors_to_o: 0.0231525
    num_new_collisions: 23
    timing_PIOW_new_collisions:
        total_PIOW: 0.329739
        num_windows: 442
        time_check_overlap: 1.6654e-05
        num_overlapping_windows: 2
        time_merge_windows: 0
        time_remove_window: 0.111569
        time_remove_window: 1.5004e-05
        timing_PlanIn:
            total_PlanIn:0.329666
            num_until_goal_expanded:1712
            timing_expansions:
                total_S3Exp: 0.329615
                time_top_o: 0.00111475
                time_check_in_c: 0.00046376
                time_add_parent: 0.000796414
                num_neighbors: 405280
                time_add_neighbors_to_o: 0.310371
    num_windows_should_quit: 0
    time_should_quit: 2.7575e-05
    time_remove_window: 0
Complete!
