Total time: 0.00695224
is_optimal: true
optimality_bound: 1
successive_bounds: [1.00296, 1.00296, 1.00296, 1.00296, 1.00296, 1.00296, 1.00296, 1.00296, 1.00296, 1.00296, 1.00296, 1, 1]
successive_runtimes: [0.00258077, 0.0027463, 0.00303536, 0.00347298, 0.00393176, 0.00432779, 0.00487534, 0.00546915, 0.00614917, 0.00639813, 0.00655945, 0.00695221]
num_agents: 10
time_individual_plan: 0.00192798
time_first_plan: 0.000120012
num_max_agents_in_window_first_iteration: 2
num_recWAMPF: 12
timing_recWAMPF:
    total_RecWAMPF: 0.00448959
    num_windows: 23
    num_max_agents_in_window: 2
    timing_gari:
        total_GARI: 0.0041408
        time_path_btw_starts: 7.5869e-05
        Stage1:
            total_Stage1:0.00144799
            time_add_x_to_o: 0.000647564
            time_clear_x: 6.0981e-05
            timing_AStarSearchUntil:
                total_astar_search_until:0.000738205
                num_values_f_less_fmax:96
                ASU Exp:
                    total_ASUExp:0.000737686
                    time_top_o:2.2609e-05
                    time_check_in_c:1.8334e-05
                    time_add_parent:3.2242e-05
                    num_neighbors:1770
                    time_add_neighbors_to_o:0.000583326
        Stage2:
            total_Stage2:0.00147446
            num_len_path:21
            time_expanding_s:9.242e-06
            timing_AStarSearchUntil:
                total_astar_search_until:0.00145944
                num_values_f_less_fmax:150
                ASU Exp:
                    total_ASUExp:0.00145894
                    time_top_o:3.3464e-05
                    time_check_in_c:2.6526e-05
                    time_add_parent:3.6912e-05
                    num_neighbors:3360
                    time_add_neighbors_to_o:0.00121347
        Stage3:
            total_Stage3:0.00113876
            num_until_goal_expanded:55
            timing_S3Exp:
                total_S3Exp: 0.000532649
                time_top_o: 1.1014e-05
                time_check_in_c: 7.615e-06
                time_add_parent: 1.1747e-05
                num_neighbors: 674
                time_add_neighbors_to_o: 0.000407356
    timing_PIOW_overlapping:
        total_PIOW: 2.69e-07
        num_windows: 11
        time_check_overlap: 0
        num_overlapping_windows: 0
        time_merge_windows: 0
        time_remove_window: 0
        time_remove_window: 0
        timing_PlanIn:
            total_PlanIn:0
            num_until_goal_expanded:0
            timing_expansions:
                total_S3Exp: 0
                time_top_o: 0
                time_check_in_c: 0
                time_add_parent: 0
                num_neighbors: 0
                time_add_neighbors_to_o: 0
    num_new_collisions: 1
    timing_PIOW_new_collisions:
        total_PIOW: 9.3563e-05
        num_windows: 0
        time_check_overlap: 0
        num_overlapping_windows: 0
        time_merge_windows: 0
        time_remove_window: 0
        time_remove_window: 4.17e-07
        timing_PlanIn:
            total_PlanIn:9.1441e-05
            num_until_goal_expanded:11
            timing_expansions:
                total_S3Exp: 8.6844e-05
                time_top_o: 2.047e-06
                time_check_in_c: 2.579e-06
                time_add_parent: 3.56e-06
                num_neighbors: 145
                time_add_neighbors_to_o: 6.043e-05
    num_windows_should_quit: 0
    time_should_quit: 6.04e-07
    time_remove_window: 0
Complete!
