Total time: 0.970372
is_optimal: false
optimality_bound: 1.00206
successive_bounds: [1.00343, 1.00309, 1.00275, 1.00275, 1.00275, 1.00275, 1.00275, 1.00275, 1.00275, 1.00275, 1.00275, 1.00275, 1.00275, 1.00275, 1.00275, 1.00275, 1.00206]
successive_runtimes: [0.0138625, 0.0168228, 0.0193813, 0.0225034, 0.0484432, 0.109276, 0.197085, 0.289925, 0.376732, 0.462131, 0.545135, 0.62729, 0.705424, 0.780844, 0.846506, 0.910723, 0.970372]
num_agents: 50
time_individual_plan: 0.0080927
time_first_plan: 0.00525358
num_max_agents_in_window_first_iteration: 2
num_recWAMPF: 17
timing_recWAMPF:
    total_RecWAMPF: 0.96176
    num_windows: 265
    num_max_agents_in_window: 3
    timing_gari:
        total_GARI: 0.92182
        time_path_btw_starts: 0.000895933
        Stage1:
            total_Stage1:0.512135
            time_add_x_to_o: 0.178173
            time_clear_x: 0.0582735
            timing_AStarSearchUntil:
                total_astar_search_until:0.275667
                num_values_f_less_fmax:16874
                ASU Exp:
                    total_ASUExp:0.275659
                    time_top_o:0.0116994
                    time_check_in_c:0.00893765
                    time_add_parent:0.00458894
                    num_neighbors:553366
                    time_add_neighbors_to_o:0.231399
        Stage2:
            total_Stage2:0.00414231
            num_len_path:203
            time_expanding_s:0.000116354
            timing_AStarSearchUntil:
                total_astar_search_until:0.00390852
                num_values_f_less_fmax:301
                ASU Exp:
                    total_ASUExp:0.00390312
                    time_top_o:0.000101934
                    time_check_in_c:8.0277e-05
                    time_add_parent:0.00010024
                    num_neighbors:7618
                    time_add_neighbors_to_o:0.00322167
        Stage3:
            total_Stage3:0.404169
            num_until_goal_expanded:6254
            timing_S3Exp:
                total_S3Exp: 0.125409
                time_top_o: 0.00256543
                time_check_in_c: 0.00116595
                time_add_parent: 0.00233076
                num_neighbors: 217109
                time_add_neighbors_to_o: 0.103585
    timing_PIOW_overlapping:
        total_PIOW: 0.0239454
        num_windows: 1042
        time_check_overlap: 3.9419e-05
        num_overlapping_windows: 1
        time_merge_windows: 1.101e-06
        time_remove_window: 1.92e-07
        time_remove_window: 1.051e-06
        timing_PlanIn:
            total_PlanIn:0.023879
            num_until_goal_expanded:603
            timing_expansions:
                total_S3Exp: 0.023877
                time_top_o: 0.000173764
                time_check_in_c: 0.00010384
                time_add_parent: 0.000153981
                num_neighbors: 49339
                time_add_neighbors_to_o: 0.0213663
    num_new_collisions: 9
    timing_PIOW_new_collisions:
        total_PIOW: 0.00320257
        num_windows: 72
        time_check_overlap: 2.012e-06
        num_overlapping_windows: 0
        time_merge_windows: 0
        time_remove_window: 0
        time_remove_window: 4.08e-06
        timing_PlanIn:
            total_PlanIn:0.00318769
            num_until_goal_expanded:314
            timing_expansions:
                total_S3Exp: 0.00316863
                time_top_o: 5.0273e-05
                time_check_in_c: 5.2176e-05
                time_add_parent: 7.7372e-05
                num_neighbors: 4679
                time_add_neighbors_to_o: 0.00250017
    num_windows_should_quit: 1
    time_should_quit: 1.6601e-05
    time_remove_window: 2.35e-07
Complete!
