Total time: 1.22174
is_optimal: true
optimality_bound: 1
successive_bounds: [1.00503, 1.00503, 1.00503, 1.00503, 1.00503, 1.00168, 1.00168, 1.00168, 1.00168, 1.00168, 1.00168, 1.00168, 1.00168, 1.00168, 1.00168, 1.00168, 1.00168, 1.00168, 1.00168, 1.00168, 1.00168, 1.00168, 1.00168, 1.00168, 1.00168, 1.00168, 1.00168, 1.00168, 1.00168, 1, 1]
successive_runtimes: [0.00229735, 0.00286468, 0.00348833, 0.00427171, 0.00512819, 0.00630622, 0.0280558, 0.0373205, 0.0423839, 0.0475427, 0.0525343, 0.058424, 0.0636413, 0.0689774, 0.203311, 0.282161, 0.334294, 0.387129, 0.441847, 0.512063, 0.568041, 0.628803, 0.697112, 0.763799, 0.832256, 0.907059, 0.982108, 1.05853, 1.13931, 1.22174]
num_agents: 10
time_individual_plan: 0.00127384
time_first_plan: 0.000355934
num_max_agents_in_window_first_iteration: 2
num_recWAMPF: 30
timing_recWAMPF:
    total_RecWAMPF: 1.21979
    num_windows: 82
    num_max_agents_in_window: 3
    timing_gari:
        total_GARI: 1.19735
        time_path_btw_starts: 0.00117289
        Stage1:
            total_Stage1:0.316237
            time_add_x_to_o: 0.153124
            time_clear_x: 0.0384692
            timing_AStarSearchUntil:
                total_astar_search_until:0.124633
                num_values_f_less_fmax:5446
                ASU Exp:
                    total_ASUExp:0.124629
                    time_top_o:0.00485764
                    time_check_in_c:0.0035268
                    time_add_parent:0.000961217
                    num_neighbors:182479
                    time_add_neighbors_to_o:0.111784
        Stage2:
            total_Stage2:0.0372313
            num_len_path:79
            time_expanding_s:5.4583e-05
            timing_AStarSearchUntil:
                total_astar_search_until:0.0371275
                num_values_f_less_fmax:475
                ASU Exp:
                    total_ASUExp:0.0371254
                    time_top_o:0.000267143
                    time_check_in_c:0.000113601
                    time_add_parent:0.00054213
                    num_neighbors:65340
                    time_add_neighbors_to_o:0.0353686
        Stage3:
            total_Stage3:0.842679
            num_until_goal_expanded:2004
            timing_S3Exp:
                total_S3Exp: 0.142596
                time_top_o: 0.00130193
                time_check_in_c: 0.000478047
                time_add_parent: 0.000954031
                num_neighbors: 216438
                time_add_neighbors_to_o: 0.133382
    timing_PIOW_overlapping:
        total_PIOW: 0.0215617
        num_windows: 77
        time_check_overlap: 2.354e-06
        num_overlapping_windows: 2
        time_merge_windows: 3.519e-06
        time_remove_window: 5.39e-07
        time_remove_window: 3.379e-06
        timing_PlanIn:
            total_PlanIn:0.0215439
            num_until_goal_expanded:268
            timing_expansions:
                total_S3Exp: 0.0215387
                time_top_o: 9.3589e-05
                time_check_in_c: 5.7858e-05
                time_add_parent: 9.7339e-05
                num_neighbors: 30910
                time_add_neighbors_to_o: 0.0196348
    num_new_collisions: 3
    timing_PIOW_new_collisions:
        total_PIOW: 0.000312688
        num_windows: 6
        time_check_overlap: 3.04e-07
        num_overlapping_windows: 0
        time_merge_windows: 0
        time_remove_window: 0
        time_remove_window: 6.99e-07
        timing_PlanIn:
            total_PlanIn:0.00030791
            num_until_goal_expanded:32
            timing_expansions:
                total_S3Exp: 0.000301848
                time_top_o: 5.422e-06
                time_check_in_c: 6.516e-06
                time_add_parent: 1.1201e-05
                num_neighbors: 371
                time_add_neighbors_to_o: 0.000210755
    num_windows_should_quit: 0
    time_should_quit: 3.748e-06
    time_remove_window: 0
Complete!
