Total time: 27.396
is_optimal: false
optimality_bound: 1.0016
successive_bounds: [1.00641, 1.00641, 1.00641, 1.00641, 1.00641, 1.00641, 1.00641, 1.00481, 1.00481, 1.0016]
successive_runtimes: [0.265317, 1.06108, 2.41374, 3.98977, 5.74348, 7.67504, 9.84546, 12.188, 14.1572, 27.396]
num_agents: 20
time_individual_plan: 0.0024746
time_first_plan: 0.262157
num_max_agents_in_window_first_iteration: 3
num_recWAMPF: 10
timing_recWAMPF:
    total_RecWAMPF: 27.3928
    num_windows: 38
    num_max_agents_in_window: 3
    timing_gari:
        total_GARI: 8.32339
        time_path_btw_starts: 0.0158307
        Stage1:
            total_Stage1:8.27819
            time_add_x_to_o: 1.02982
            time_clear_x: 0.514746
            timing_AStarSearchUntil:
                total_astar_search_until:0.718028
                num_values_f_less_fmax:178667
                ASU Exp:
                    total_ASUExp:0.718027
                    time_top_o:0.215206
                    time_check_in_c:0.0919742
                    time_add_parent:0.0563156
                    num_neighbors:11158282
                    time_add_neighbors_to_o:6.13882
        Stage2:
            total_Stage2:0.00549216
            num_len_path:20
            time_expanding_s:0.000830578
            timing_AStarSearchUntil:
                total_astar_search_until:0.00464277
                num_values_f_less_fmax:32
                ASU Exp:
                    total_ASUExp:0.00464218
                    time_top_o:1.2755e-05
                    time_check_in_c:0.00166988
                    time_add_parent:0.000631366
                    num_neighbors:1545
                    time_add_neighbors_to_o:0.00228002
        Stage3:
            total_Stage3:0.0238656
            num_until_goal_expanded:793
            timing_S3Exp:
                total_S3Exp: 0.00975943
                time_top_o: 0.000325641
                time_check_in_c: 0.000142247
                time_add_parent: 0.000354124
                num_neighbors: 13502
                time_add_neighbors_to_o: 0.00695677
    timing_PIOW_overlapping:
        total_PIOW: 4.169e-06
        num_windows: 36
        time_check_overlap: 1.696e-06
        num_overlapping_windows: 0
        time_merge_windows: 0
        time_remove_window: 0
        time_remove_window: 0
        timing_PlanIn:
            total_PlanIn:0
            num_until_goal_expanded:0
            timing_expansions:
                total_S3Exp: 0
                time_top_o: 0
                time_check_in_c: 0
                time_add_parent: 0
                num_neighbors: 0
                time_add_neighbors_to_o: 0
    num_new_collisions: 3
    timing_PIOW_new_collisions:
        total_PIOW: 0.261944
        num_windows: 3
        time_check_overlap: 6.73e-07
        num_overlapping_windows: 1
        time_merge_windows: 0
        time_remove_window: 0.00335524
        time_remove_window: 1.212e-06
        timing_PlanIn:
            total_PlanIn:0.261935
            num_until_goal_expanded:4633
            timing_expansions:
                total_S3Exp: 0.261917
                time_top_o: 0.0033486
                time_check_in_c: 0.00125201
                time_add_parent: 0.00209168
                num_neighbors: 448957
                time_add_neighbors_to_o: 0.234206
    num_windows_should_quit: 0
    time_should_quit: 2.761e-06
    time_remove_window: 0
Complete!
