Total time: 0.0167265
is_optimal: true
optimality_bound: 1
successive_bounds: [1.00131, 1.00066, 1.00066, 1.00066, 1.00066, 1.00066, 1.00066, 1.00066, 1.00066, 1, 1]
successive_runtimes: [0.0076825, 0.00806051, 0.00837403, 0.00869517, 0.00940442, 0.0100987, 0.0106843, 0.0112292, 0.0119672, 0.0167264]
num_agents: 20
time_individual_plan: 0.00666204
time_first_plan: 0.000388719
num_max_agents_in_window_first_iteration: 2
num_recWAMPF: 10
timing_recWAMPF:
    total_RecWAMPF: 0.00942941
    num_windows: 57
    num_max_agents_in_window: 2
    timing_gari:
        total_GARI: 0.00825662
        time_path_btw_starts: 0.000176257
        Stage1:
            total_Stage1:0.00503151
            time_add_x_to_o: 0.000787414
            time_clear_x: 9.7068e-05
            timing_AStarSearchUntil:
                total_astar_search_until:0.00414342
                num_values_f_less_fmax:364
                ASU Exp:
                    total_ASUExp:0.00414192
                    time_top_o:0.00010648
                    time_check_in_c:8.6334e-05
                    time_add_parent:0.000107511
                    num_neighbors:6735
                    time_add_neighbors_to_o:0.00349922
        Stage2:
            total_Stage2:0.00159629
            num_len_path:64
            time_expanding_s:2.9596e-05
            timing_AStarSearchUntil:
                total_astar_search_until:0.00155051
                num_values_f_less_fmax:112
                ASU Exp:
                    total_ASUExp:0.00154921
                    time_top_o:3.1059e-05
                    time_check_in_c:2.6216e-05
                    time_add_parent:3.7752e-05
                    num_neighbors:2704
                    time_add_neighbors_to_o:0.00128996
        Stage3:
            total_Stage3:0.00144285
            num_until_goal_expanded:61
            timing_S3Exp:
                total_S3Exp: 0.000660924
                time_top_o: 9.239e-06
                time_check_in_c: 7.334e-06
                time_add_parent: 1.2458e-05
                num_neighbors: 714
                time_add_neighbors_to_o: 0.000464525
    timing_PIOW_overlapping:
        total_PIOW: 7.251e-06
        num_windows: 81
        time_check_overlap: 3.738e-06
        num_overlapping_windows: 0
        time_merge_windows: 0
        time_remove_window: 0
        time_remove_window: 0
        timing_PlanIn:
            total_PlanIn:0
            num_until_goal_expanded:0
            timing_expansions:
                total_S3Exp: 0
                time_top_o: 0
                time_check_in_c: 0
                time_add_parent: 0
                num_neighbors: 0
                time_add_neighbors_to_o: 0
    num_new_collisions: 3
    timing_PIOW_new_collisions:
        total_PIOW: 0.000232982
        num_windows: 6
        time_check_overlap: 5.46e-07
        num_overlapping_windows: 0
        time_merge_windows: 0
        time_remove_window: 0
        time_remove_window: 9.29e-07
        timing_PlanIn:
            total_PlanIn:0.000227317
            num_until_goal_expanded:17
            timing_expansions:
                total_S3Exp: 0.00022013
                time_top_o: 3.229e-06
                time_check_in_c: 3.296e-06
                time_add_parent: 6.818e-06
                num_neighbors: 312
                time_add_neighbors_to_o: 0.000171632
    num_windows_should_quit: 0
    time_should_quit: 1.707e-06
    time_remove_window: 0
Complete!
