Total time: 53.9159
is_optimal: false
optimality_bound: 1.00395
successive_bounds: [1.00734, 1.00677, 1.00621, 1.00564, 1.00564, 1.00564, 1.00451, 1.00451, 1.00451, 1.00451, 1.00395]
successive_runtimes: [0.0159429, 0.0488867, 0.109192, 0.201489, 0.328103, 0.521914, 1.16789, 2.69277, 8.46267, 23.7563, 53.9159]
num_agents: 50
time_individual_plan: 0.0073535
time_first_plan: 0.00793996
num_max_agents_in_window_first_iteration: 3
num_recWAMPF: 11
timing_recWAMPF:
    total_RecWAMPF: 53.9079
    num_windows: 190
    num_max_agents_in_window: 4
    timing_gari:
        total_GARI: 53.6323
        time_path_btw_starts: 0.000676498
        Stage1:
            total_Stage1:50.1727
            time_add_x_to_o: 3.3109
            time_clear_x: 2.01341
            timing_AStarSearchUntil:
                total_astar_search_until:44.8484
                num_values_f_less_fmax:195690
                ASU Exp:
                    total_ASUExp:44.8484
                    time_top_o:0.368402
                    time_check_in_c:0.144368
                    time_add_parent:0.167104
                    num_neighbors:72010893
                    time_add_neighbors_to_o:43.7788
        Stage2:
            total_Stage2:0.06915
            num_len_path:173
            time_expanding_s:0.000114377
            timing_AStarSearchUntil:
                total_astar_search_until:0.068936
                num_values_f_less_fmax:596
                ASU Exp:
                    total_ASUExp:0.0689314
                    time_top_o:0.000298804
                    time_check_in_c:0.000153146
                    time_add_parent:0.00024766
                    num_neighbors:122181
                    time_add_neighbors_to_o:0.0672624
        Stage3:
            total_Stage3:3.38972
            num_until_goal_expanded:34784
            timing_S3Exp:
                total_S3Exp: 2.15892
                time_top_o: 0.0253508
                time_check_in_c: 0.0113493
                time_add_parent: 0.0216611
                num_neighbors: 3172961
                time_add_neighbors_to_o: 2.04915
    timing_PIOW_overlapping:
        total_PIOW: 0.252357
        num_windows: 918
        time_check_overlap: 3.8482e-05
        num_overlapping_windows: 5
        time_merge_windows: 1.2165e-05
        time_remove_window: 1.287e-06
        time_remove_window: 1.1849e-05
        timing_PlanIn:
            total_PlanIn:0.252264
            num_until_goal_expanded:1332
            timing_expansions:
                total_S3Exp: 0.252246
                time_top_o: 0.000679424
                time_check_in_c: 0.000377074
                time_add_parent: 0.000512039
                num_neighbors: 409969
                time_add_neighbors_to_o: 0.235104
    num_new_collisions: 13
    timing_PIOW_new_collisions:
        total_PIOW: 0.0153316
        num_windows: 138
        time_check_overlap: 5.604e-06
        num_overlapping_windows: 2
        time_merge_windows: 0
        time_remove_window: 53.9157
        time_remove_window: 5.385e-06
        timing_PlanIn:
            total_PlanIn:0.0152923
            num_until_goal_expanded:422
            timing_expansions:
                total_S3Exp: 0.0152657
                time_top_o: 7.5087e-05
                time_check_in_c: 8.805e-05
                time_add_parent: 0.000122886
                num_neighbors: 22235
                time_add_neighbors_to_o: 0.0136361
    num_windows_should_quit: 0
    time_should_quit: 1.5061e-05
    time_remove_window: 0
Complete!
