Total time: 2.08842
is_optimal: false
optimality_bound: 1.00132
successive_bounds: [1.00428, 1.00428, 1.00428, 1.00362, 1.00362, 1.00264, 1.00231, 1.00231, 1.00198, 1.00198, 1.00198, 1.00198, 1.00198, 1.00198, 1.00198, 1.00198, 1.00198, 1.00198, 1.00198, 1.00132, 1.00132, 1.00132, 1.00132, 1.00132, 1.00132]
successive_runtimes: [0.0152887, 0.0174869, 0.0197666, 0.0232255, 0.0269013, 0.0307352, 0.0363989, 0.0460832, 0.190313, 0.42527, 0.630719, 0.805694, 0.960624, 1.06242, 1.13805, 1.20879, 1.38492, 1.54895, 1.64242, 1.72239, 1.80229, 1.86514, 1.92671, 2.00705, 2.08842]
num_agents: 40
time_individual_plan: 0.0115444
time_first_plan: 0.00305188
num_max_agents_in_window_first_iteration: 2
num_recWAMPF: 25
timing_recWAMPF:
    total_RecWAMPF: 2.07617
    num_windows: 277
    num_max_agents_in_window: 3
    timing_gari:
        total_GARI: 1.91309
        time_path_btw_starts: 0.0291839
        Stage1:
            total_Stage1:0.710081
            time_add_x_to_o: 0.270989
            time_clear_x: 0.0993401
            timing_AStarSearchUntil:
                total_astar_search_until:0.339728
                num_values_f_less_fmax:12648
                ASU Exp:
                    total_ASUExp:0.339719
                    time_top_o:0.0164517
                    time_check_in_c:0.00705829
                    time_add_parent:0.0117955
                    num_neighbors:465215
                    time_add_neighbors_to_o:0.277123
        Stage2:
            total_Stage2:0.00779615
            num_len_path:233
            time_expanding_s:0.000192532
            timing_AStarSearchUntil:
                total_astar_search_until:0.00745146
                num_values_f_less_fmax:398
                ASU Exp:
                    total_ASUExp:0.00743184
                    time_top_o:0.000159792
                    time_check_in_c:0.000121854
                    time_add_parent:0.000195593
                    num_neighbors:11824
                    time_add_neighbors_to_o:0.0062224
        Stage3:
            total_Stage3:1.1632
            num_until_goal_expanded:9282
            timing_S3Exp:
                total_S3Exp: 0.225404
                time_top_o: 0.00792027
                time_check_in_c: 0.00208539
                time_add_parent: 0.00517857
                num_neighbors: 365888
                time_add_neighbors_to_o: 0.194101
    timing_PIOW_overlapping:
        total_PIOW: 0.149556
        num_windows: 972
        time_check_overlap: 4.8103e-05
        num_overlapping_windows: 6
        time_merge_windows: 7.69e-06
        time_remove_window: 1.786e-06
        time_remove_window: 7.29e-06
        timing_PlanIn:
            total_PlanIn:0.149454
            num_until_goal_expanded:2454
            timing_expansions:
                total_S3Exp: 0.14944
                time_top_o: 0.00148725
                time_check_in_c: 0.000597858
                time_add_parent: 0.00115723
                num_neighbors: 216865
                time_add_neighbors_to_o: 0.134869
    num_new_collisions: 10
    timing_PIOW_new_collisions:
        total_PIOW: 0.00131684
        num_windows: 90
        time_check_overlap: 3.793e-06
        num_overlapping_windows: 0
        time_merge_windows: 0
        time_remove_window: 0
        time_remove_window: 4.631e-06
        timing_PlanIn:
            total_PlanIn:0.00129518
            num_until_goal_expanded:145
            timing_expansions:
                total_S3Exp: 0.00127574
                time_top_o: 2.2857e-05
                time_check_in_c: 2.9085e-05
                time_add_parent: 4.5345e-05
                num_neighbors: 1602
                time_add_neighbors_to_o: 0.000928497
    num_windows_should_quit: 0
    time_should_quit: 1.7052e-05
    time_remove_window: 0
Complete!
