Total time: 3.54078
is_optimal: false
optimality_bound: 1.00271
successive_bounds: [1.00519, 1.00496, 1.00496, 1.00451, 1.00293, 1.00316, 1.00316, 1.00316, 1.00316, 1.00316, 1.00316, 1.00316, 1.00316, 1.00316, 1.00316, 1.00293, 1.00293, 1.00293, 1.00271]
successive_runtimes: [0.0164503, 0.0216728, 0.0286992, 0.0360712, 0.0483528, 0.0549426, 0.0591552, 0.0625273, 0.125489, 0.161716, 0.187181, 0.210959, 0.231447, 0.250469, 0.269412, 0.291527, 0.579131, 0.724748, 3.54078]
num_agents: 60
time_individual_plan: 0.00792019
time_first_plan: 0.00800444
num_max_agents_in_window_first_iteration: 2
num_recWAMPF: 19
timing_recWAMPF:
    total_RecWAMPF: 3.53233
    num_windows: 257
    num_max_agents_in_window: 4
    timing_gari:
        total_GARI: 0.775348
        time_path_btw_starts: 0.00241547
        Stage1:
            total_Stage1:0.212346
            time_add_x_to_o: 0.0893354
            time_clear_x: 0.0190099
            timing_AStarSearchUntil:
                total_astar_search_until:0.103984
                num_values_f_less_fmax:4279
                ASU Exp:
                    total_ASUExp:0.103977
                    time_top_o:0.00270956
                    time_check_in_c:0.000850612
                    time_add_parent:0.00131745
                    num_neighbors:194083
                    time_add_neighbors_to_o:0.0944198
        Stage2:
            total_Stage2:0.0363355
            num_len_path:229
            time_expanding_s:0.000129222
            timing_AStarSearchUntil:
                total_astar_search_until:0.0360999
                num_values_f_less_fmax:886
                ASU Exp:
                    total_ASUExp:0.0360947
                    time_top_o:0.00028273
                    time_check_in_c:0.000177412
                    time_add_parent:0.000277466
                    num_neighbors:76508
                    time_add_neighbors_to_o:0.0338394
        Stage3:
            total_Stage3:0.523847
            num_until_goal_expanded:5612
            timing_S3Exp:
                total_S3Exp: 0.288697
                time_top_o: 0.00302276
                time_check_in_c: 0.000992047
                time_add_parent: 0.00236347
                num_neighbors: 514455
                time_add_neighbors_to_o: 0.271941
    timing_PIOW_overlapping:
        total_PIOW: 0.0695352
        num_windows: 1130
        time_check_overlap: 4.2524e-05
        num_overlapping_windows: 12
        time_merge_windows: 1.2119e-05
        time_remove_window: 2.314e-06
        time_remove_window: 1.1354e-05
        timing_PlanIn:
            total_PlanIn:0.0694356
            num_until_goal_expanded:1046
            timing_expansions:
                total_S3Exp: 0.0694112
                time_top_o: 0.000262074
                time_check_in_c: 0.000204562
                time_add_parent: 0.000285272
                num_neighbors: 119401
                time_add_neighbors_to_o: 0.0638771
    num_new_collisions: 19
    timing_PIOW_new_collisions:
        total_PIOW: 2.66129
        num_windows: 275
        time_check_overlap: 9.059e-06
        num_overlapping_windows: 2
        time_merge_windows: 0
        time_remove_window: 0.916876
        time_remove_window: 9.439e-06
        timing_PlanIn:
            total_PlanIn:2.66125
            num_until_goal_expanded:5972
            timing_expansions:
                total_S3Exp: 2.6612
                time_top_o: 0.00473233
                time_check_in_c: 0.00163244
                time_add_parent: 0.00322468
                num_neighbors: 4079932
                time_add_neighbors_to_o: 2.53813
    num_windows_should_quit: 0
    time_should_quit: 1.4643e-05
    time_remove_window: 0
Complete!
