Total time: 0.386731
is_optimal: true
optimality_bound: 1
successive_bounds: [1.0125, 1.00441, 1.00257, 1.00257, 1.00257, 1.00257, 1.00257, 1.00257, 1.00257, 1.00257, 1.00221, 1.00221, 1.00221, 1.00221, 1.00221, 1.00221, 1.00221, 1.00221, 1.00221, 1.00221, 1.00221, 1.00221, 1.00221, 1.00221, 1.00221, 1.00221, 1.00221, 1.00221, 1.00221, 1.00221, 1.00221, 1.00221, 1.00221, 1]
successive_runtimes: [0.0123988, 0.0288572, 0.0480916, 0.0643331, 0.095728, 0.11036, 0.122417, 0.134364, 0.148763, 0.163372, 0.18799, 0.198744, 0.208399, 0.217416, 0.227093, 0.236078, 0.245101, 0.253942, 0.262876, 0.271716, 0.280623, 0.289464, 0.298334, 0.30717, 0.315984, 0.324825, 0.333664, 0.342543, 0.351365, 0.360202, 0.369016, 0.377916, 0.386731]
num_agents: 40
time_individual_plan: 0.00777813
time_first_plan: 0.00409598
num_max_agents_in_window_first_iteration: 2
num_recWAMPF: 33
timing_recWAMPF:
    total_RecWAMPF: 0.378421
    num_windows: 107
    num_max_agents_in_window: 3
    timing_gari:
        total_GARI: 0.323882
        time_path_btw_starts: 0.000731312
        Stage1:
            total_Stage1:0.0918604
            time_add_x_to_o: 0.0354676
            time_clear_x: 0.00475645
            timing_AStarSearchUntil:
                total_astar_search_until:0.0516279
                num_values_f_less_fmax:4044
                ASU Exp:
                    total_ASUExp:0.0516245
                    time_top_o:0.00141455
                    time_check_in_c:0.00157377
                    time_add_parent:0.000650926
                    num_neighbors:117649
                    time_add_neighbors_to_o:0.0442718
        Stage2:
            total_Stage2:0.004536
            num_len_path:76
            time_expanding_s:5.4925e-05
            timing_AStarSearchUntil:
                total_astar_search_until:0.00443606
                num_values_f_less_fmax:171
                ASU Exp:
                    total_ASUExp:0.00443378
                    time_top_o:4.5954e-05
                    time_check_in_c:9.0698e-05
                    time_add_parent:5.5233e-05
                    num_neighbors:9079
                    time_add_neighbors_to_o:0.0039743
        Stage3:
            total_Stage3:0.226628
            num_until_goal_expanded:956
            timing_S3Exp:
                total_S3Exp: 0.0244031
                time_top_o: 0.000316296
                time_check_in_c: 0.000151527
                time_add_parent: 0.00030795
                num_neighbors: 41001
                time_add_neighbors_to_o: 0.0216995
    timing_PIOW_overlapping:
        total_PIOW: 0.0349474
        num_windows: 207
        time_check_overlap: 4.83e-06
        num_overlapping_windows: 7
        time_merge_windows: 7.561e-06
        time_remove_window: 1.405e-06
        time_remove_window: 7.248e-06
        timing_PlanIn:
            total_PlanIn:0.0349205
            num_until_goal_expanded:793
            timing_expansions:
                total_S3Exp: 0.0349068
                time_top_o: 0.000189291
                time_check_in_c: 0.000137188
                time_add_parent: 0.000209568
                num_neighbors: 68860
                time_add_neighbors_to_o: 0.0315103
    num_new_collisions: 8
    timing_PIOW_new_collisions:
        total_PIOW: 0.00261807
        num_windows: 54
        time_check_overlap: 1.571e-06
        num_overlapping_windows: 0
        time_merge_windows: 0
        time_remove_window: 0
        time_remove_window: 3.697e-06
        timing_PlanIn:
            total_PlanIn:0.00260508
            num_until_goal_expanded:268
            timing_expansions:
                total_S3Exp: 0.00258982
                time_top_o: 3.6466e-05
                time_check_in_c: 5.0245e-05
                time_add_parent: 6.8384e-05
                num_neighbors: 4525
                time_add_neighbors_to_o: 0.00202922
    num_windows_should_quit: 1
    time_should_quit: 7.154e-06
    time_remove_window: 3.22e-07
Complete!
