Total time: 0.774714
is_optimal: true
optimality_bound: 1
successive_bounds: [1.00345, 1.00345, 1.00296, 1.00296, 1.00296, 1.00296, 1.00296, 1.00197, 1.00148, 1.00148, 1.00148, 1.00099, 1.00099, 1.00099, 1.00099, 1.00099, 1.00099, 1.00099, 1.00099, 1.00099, 1.00099, 1.00099, 1, 1]
successive_runtimes: [0.007437, 0.0084875, 0.00984358, 0.0109408, 0.0122287, 0.0135471, 0.0149644, 0.0229742, 0.0317372, 0.0384239, 0.0451279, 0.0520503, 0.0589403, 0.0665111, 0.074708, 0.0980192, 0.109371, 0.121752, 0.134198, 0.148359, 0.321458, 0.529335, 0.774714]
num_agents: 30
time_individual_plan: 0.00568184
time_first_plan: 0.00104664
num_max_agents_in_window_first_iteration: 2
num_recWAMPF: 23
timing_recWAMPF:
    total_RecWAMPF: 0.768317
    num_windows: 219
    num_max_agents_in_window: 3
    timing_gari:
        total_GARI: 0.605534
        time_path_btw_starts: 0.000661192
        Stage1:
            total_Stage1:0.481552
            time_add_x_to_o: 0.135329
            time_clear_x: 0.0330648
            timing_AStarSearchUntil:
                total_astar_search_until:0.31314
                num_values_f_less_fmax:16288
                ASU Exp:
                    total_ASUExp:0.313133
                    time_top_o:0.012456
                    time_check_in_c:0.00598631
                    time_add_parent:0.00447784
                    num_neighbors:484569
                    time_add_neighbors_to_o:0.271981
        Stage2:
            total_Stage2:0.0170617
            num_len_path:228
            time_expanding_s:0.000139785
            timing_AStarSearchUntil:
                total_astar_search_until:0.016827
                num_values_f_less_fmax:1148
                ASU Exp:
                    total_ASUExp:0.0168217
                    time_top_o:0.000378804
                    time_check_in_c:0.000259841
                    time_add_parent:0.00037931
                    num_neighbors:29383
                    time_add_neighbors_to_o:0.014401
        Stage3:
            total_Stage3:0.106209
            num_until_goal_expanded:2916
            timing_S3Exp:
                total_S3Exp: 0.0279583
                time_top_o: 0.00106641
                time_check_in_c: 0.000604243
                time_add_parent: 0.00107181
                num_neighbors: 40797
                time_add_neighbors_to_o: 0.0204365
    timing_PIOW_overlapping:
        total_PIOW: 0.157792
        num_windows: 528
        time_check_overlap: 2.9107e-05
        num_overlapping_windows: 1
        time_merge_windows: 2.045e-06
        time_remove_window: 3.38e-07
        time_remove_window: 1.984e-06
        timing_PlanIn:
            total_PlanIn:0.157738
            num_until_goal_expanded:2166
            timing_expansions:
                total_S3Exp: 0.157735
                time_top_o: 0.00173217
                time_check_in_c: 0.000517076
                time_add_parent: 0.000982254
                num_neighbors: 242988
                time_add_neighbors_to_o: 0.143063
    num_new_collisions: 5
    timing_PIOW_new_collisions:
        total_PIOW: 0.000521882
        num_windows: 20
        time_check_overlap: 9.64e-07
        num_overlapping_windows: 0
        time_merge_windows: 0
        time_remove_window: 0
        time_remove_window: 1.979e-06
        timing_PlanIn:
            total_PlanIn:0.000512788
            num_until_goal_expanded:59
            timing_expansions:
                total_S3Exp: 0.000502757
                time_top_o: 9.483e-06
                time_check_in_c: 1.0927e-05
                time_add_parent: 1.7999e-05
                num_neighbors: 680
                time_add_neighbors_to_o: 0.000348687
    num_windows_should_quit: 0
    time_should_quit: 1.294e-05
    time_remove_window: 0
Complete!
