Total time: 0.260187
is_optimal: false
optimality_bound: 1.00465
successive_bounds: [1.00815, 1.00815, 1.00815, 1.00776, 1.00698, 1.00698, 1.00543, 1.00465]
successive_runtimes: [0.0109406, 0.0207766, 0.0307248, 0.0415427, 0.0539772, 0.0863686, 0.126606, 0.260187]
num_agents: 40
time_individual_plan: 0.00512477
time_first_plan: 0.00507677
num_max_agents_in_window_first_iteration: 3
num_recWAMPF: 8
timing_recWAMPF:
    total_RecWAMPF: 0.254321
    num_windows: 159
    num_max_agents_in_window: 3
    timing_gari:
        total_GARI: 0.245005
        time_path_btw_starts: 0.000486663
        Stage1:
            total_Stage1:0.154184
            time_add_x_to_o: 0.0258189
            time_clear_x: 0.00462518
            timing_AStarSearchUntil:
                total_astar_search_until:0.123729
                num_values_f_less_fmax:6114
                ASU Exp:
                    total_ASUExp:0.123725
                    time_top_o:0.00316092
                    time_check_in_c:0.00181661
                    time_add_parent:0.00101363
                    num_neighbors:252885
                    time_add_neighbors_to_o:0.113461
        Stage2:
            total_Stage2:0.0239892
            num_len_path:153
            time_expanding_s:6.7817e-05
            timing_AStarSearchUntil:
                total_astar_search_until:0.0238686
                num_values_f_less_fmax:532
                ASU Exp:
                    total_ASUExp:0.0238652
                    time_top_o:0.00019423
                    time_check_in_c:0.00014786
                    time_add_parent:0.000164088
                    num_neighbors:50816
                    time_add_neighbors_to_o:0.0226216
        Stage3:
            total_Stage3:0.0342474
            num_until_goal_expanded:2441
            timing_S3Exp:
                total_S3Exp: 0.0273518
                time_top_o: 0.000729831
                time_check_in_c: 0.000414922
                time_add_parent: 0.000859473
                num_neighbors: 49268
                time_add_neighbors_to_o: 0.0224846
    timing_PIOW_overlapping:
        total_PIOW: 0.00169356
        num_windows: 800
        time_check_overlap: 3.3887e-05
        num_overlapping_windows: 1
        time_merge_windows: 2.504e-06
        time_remove_window: 8.59e-07
        time_remove_window: 2.405e-06
        timing_PlanIn:
            total_PlanIn:0.00163106
            num_until_goal_expanded:34
            timing_expansions:
                total_S3Exp: 0.00162861
                time_top_o: 8.615e-06
                time_check_in_c: 6.681e-06
                time_add_parent: 1.0418e-05
                num_neighbors: 2630
                time_add_neighbors_to_o: 0.00146217
    num_new_collisions: 12
    timing_PIOW_new_collisions:
        total_PIOW: 0.00339414
        num_windows: 137
        time_check_overlap: 4.921e-06
        num_overlapping_windows: 1
        time_merge_windows: 0
        time_remove_window: 0.00857822
        time_remove_window: 5.679e-06
        timing_PlanIn:
            total_PlanIn:0.00336404
            num_until_goal_expanded:236
            timing_expansions:
                total_S3Exp: 0.003343
                time_top_o: 3.7209e-05
                time_check_in_c: 4.4282e-05
                time_add_parent: 7.1334e-05
                num_neighbors: 5011
                time_add_neighbors_to_o: 0.00266938
    num_windows_should_quit: 0
    time_should_quit: 1.0103e-05
    time_remove_window: 0
Complete!
