Total time: 1.38246
is_optimal: false
optimality_bound: 1.0009
successive_bounds: [1.00721, 1.00135, 1.00135, 1.00135, 1.00135, 1.00135, 1.00135, 1.00135, 1.00135, 1.00135, 1.00135, 1.00135, 1.00135, 1.00135, 1.00135, 1.0009, 1.0009, 1.0009, 1.0009, 1.0009, 1.0009, 1.0009, 1.0009, 1.0009, 1.0009, 1.0009, 1.0009, 1.0009, 1.0009, 1.0009, 1.0009, 1.0009, 1.0009, 1.0009, 1.0009, 1.0009, 1.0009, 1.0009, 1.0009, 1.0009]
successive_runtimes: [0.0625619, 0.0896481, 0.102055, 0.106669, 0.1115, 0.116772, 0.122231, 0.128002, 0.133485, 0.138953, 0.144932, 0.151846, 0.15964, 0.16716, 0.174587, 0.182178, 0.190081, 0.198364, 0.206863, 0.214711, 0.221957, 0.229182, 0.237257, 0.246065, 0.255806, 0.267191, 0.28017, 0.293512, 0.308714, 0.32788, 0.346325, 0.365116, 0.392222, 0.420991, 0.468629, 0.557454, 0.791079, 1.09787, 1.22576, 1.38246]
num_agents: 40
time_individual_plan: 0.0506163
time_first_plan: 0.0106434
num_max_agents_in_window_first_iteration: 2
num_recWAMPF: 40
timing_recWAMPF:
    total_RecWAMPF: 1.33053
    num_windows: 316
    num_max_agents_in_window: 2
    timing_gari:
        total_GARI: 1.0257
        time_path_btw_starts: 0.0015146
        Stage1:
            total_Stage1:0.760777
            time_add_x_to_o: 0.22853
            time_clear_x: 0.052751
            timing_AStarSearchUntil:
                total_astar_search_until:0.326584
                num_values_f_less_fmax:44410
                ASU Exp:
                    total_ASUExp:0.326571
                    time_top_o:0.0371929
                    time_check_in_c:0.0210732
                    time_add_parent:0.0193026
                    num_neighbors:441491
                    time_add_neighbors_to_o:0.349272
        Stage2:
            total_Stage2:0.0911658
            num_len_path:361
            time_expanding_s:0.000313423
            timing_AStarSearchUntil:
                total_astar_search_until:0.0906896
                num_values_f_less_fmax:3716
                ASU Exp:
                    total_ASUExp:0.0906792
                    time_top_o:0.00187323
                    time_check_in_c:0.00127536
                    time_add_parent:0.00267945
                    num_neighbors:95605
                    time_add_neighbors_to_o:0.0766362
        Stage3:
            total_Stage3:0.172121
            num_until_goal_expanded:5647
            timing_S3Exp:
                total_S3Exp: 0.04881
                time_top_o: 0.00246766
                time_check_in_c: 0.00156071
                time_add_parent: 0.00303117
                num_neighbors: 40373
                time_add_neighbors_to_o: 0.0253418
    timing_PIOW_overlapping:
        total_PIOW: 6.8879e-05
        num_windows: 624
        time_check_overlap: 4.1765e-05
        num_overlapping_windows: 0
        time_merge_windows: 0
        time_remove_window: 0
        time_remove_window: 0
        timing_PlanIn:
            total_PlanIn:0
            num_until_goal_expanded:0
            timing_expansions:
                total_S3Exp: 0
                time_top_o: 0
                time_check_in_c: 0
                time_add_parent: 0
                num_neighbors: 0
                time_add_neighbors_to_o: 0
    num_new_collisions: 4
    timing_PIOW_new_collisions:
        total_PIOW: 0.00661384
        num_windows: 12
        time_check_overlap: 2.321e-06
        num_overlapping_windows: 0
        time_merge_windows: 0
        time_remove_window: 0
        time_remove_window: 3.568e-06
        timing_PlanIn:
            total_PlanIn:0.00659594
            num_until_goal_expanded:231
            timing_expansions:
                total_S3Exp: 0.00657617
                time_top_o: 7.471e-05
                time_check_in_c: 0.000117524
                time_add_parent: 0.000226174
                num_neighbors: 4291
                time_add_neighbors_to_o: 0.00492577
    num_windows_should_quit: 0
    time_should_quit: 2.0497e-05
    time_remove_window: 0
Complete!
