Total time: 0.173284
is_optimal: true
optimality_bound: 1
successive_bounds: [1.00301, 1.00201, 1.00201, 1.00201, 1.001, 1.001, 1.001, 1.001, 1.001, 1.001, 1.001, 1.001, 1.001, 1.001, 1.001, 1.001, 1.001, 1.001, 1.001, 1.001, 1.001, 1.001, 1.001, 1.001, 1.001, 1.001, 1.001, 1.001, 1.001, 1.001, 1.001, 1.001, 1.001, 1.001, 1.001, 1, 1]
successive_runtimes: [0.0100885, 0.0108622, 0.0116579, 0.0124747, 0.0162963, 0.017868, 0.019405, 0.0211603, 0.0233133, 0.025642, 0.0282255, 0.0309532, 0.0338199, 0.0369849, 0.0405235, 0.0448878, 0.0506739, 0.05626, 0.0605543, 0.0630215, 0.0653733, 0.0678678, 0.070172, 0.0826211, 0.0850025, 0.0869891, 0.0889813, 0.0909553, 0.0929368, 0.113347, 0.122184, 0.129846, 0.133189, 0.136206, 0.139442, 0.173284]
num_agents: 50
time_individual_plan: 0.00838984
time_first_plan: 0.00107072
num_max_agents_in_window_first_iteration: 2
num_recWAMPF: 36
timing_recWAMPF:
    total_RecWAMPF: 0.164237
    num_windows: 171
    num_max_agents_in_window: 2
    timing_gari:
        total_GARI: 0.153312
        time_path_btw_starts: 0.000559326
        Stage1:
            total_Stage1:0.0842698
            time_add_x_to_o: 0.0176757
            time_clear_x: 0.00205486
            timing_AStarSearchUntil:
                total_astar_search_until:0.064526
                num_values_f_less_fmax:8108
                ASU Exp:
                    total_ASUExp:0.0645213
                    time_top_o:0.00375237
                    time_check_in_c:0.00198891
                    time_add_parent:0.00236896
                    num_neighbors:113568
                    time_add_neighbors_to_o:0.049104
        Stage2:
            total_Stage2:0.0333307
            num_len_path:173
            time_expanding_s:9.9247e-05
            timing_AStarSearchUntil:
                total_astar_search_until:0.0331603
                num_values_f_less_fmax:2601
                ASU Exp:
                    total_ASUExp:0.0331559
                    time_top_o:0.000962595
                    time_check_in_c:0.000593925
                    time_add_parent:0.000787911
                    num_neighbors:61129
                    time_add_neighbors_to_o:0.0275358
        Stage3:
            total_Stage3:0.0351161
            num_until_goal_expanded:221
            timing_S3Exp:
                total_S3Exp: 0.00207795
                time_top_o: 4.4831e-05
                time_check_in_c: 2.8156e-05
                time_add_parent: 6.5754e-05
                num_neighbors: 2296
                time_add_neighbors_to_o: 0.000895656
    timing_PIOW_overlapping:
        total_PIOW: 1.9801e-05
        num_windows: 218
        time_check_overlap: 8.577e-06
        num_overlapping_windows: 0
        time_merge_windows: 0
        time_remove_window: 0
        time_remove_window: 0
        timing_PlanIn:
            total_PlanIn:0
            num_until_goal_expanded:0
            timing_expansions:
                total_S3Exp: 0
                time_top_o: 0
                time_check_in_c: 0
                time_add_parent: 0
                num_neighbors: 0
                time_add_neighbors_to_o: 0
    num_new_collisions: 3
    timing_PIOW_new_collisions:
        total_PIOW: 0.000400026
        num_windows: 6
        time_check_overlap: 3.99e-07
        num_overlapping_windows: 0
        time_merge_windows: 0
        time_remove_window: 0
        time_remove_window: 1.476e-06
        timing_PlanIn:
            total_PlanIn:0.000394448
            num_until_goal_expanded:41
            timing_expansions:
                total_S3Exp: 0.000386993
                time_top_o: 7.359e-06
                time_check_in_c: 8.822e-06
                time_add_parent: 1.3627e-05
                num_neighbors: 558
                time_add_neighbors_to_o: 0.000279323
    num_windows_should_quit: 2
    time_should_quit: 8.365e-06
    time_remove_window: 6.5e-07
Complete!
