Total time: 42.0435
is_optimal: false
optimality_bound: 1.00037
successive_bounds: [1.01428, 1.00952, 1.00549, 1.00439, 1.00366, 1.00293, 1.00293, 1.00256, 1.00256, 1.00183, 1.00183, 1.00183, 1.0011, 1.0011, 1.0011, 1.0011, 1.0011, 1.00037, 1.00037, 1.00037, 1.00037, 1.00037, 1.00037, 1.00037, 1.00037, 1.00037]
successive_runtimes: [0.0376755, 0.660799, 12.0007, 14.3698, 14.8665, 15.3474, 15.8721, 16.4049, 16.902, 17.3734, 17.8341, 18.2792, 18.7241, 19.1671, 19.6146, 20.0621, 20.9704, 22.0164, 23.5499, 25.2549, 27.5406, 29.5796, 31.9708, 35.2562, 38.6471, 42.0435]
num_agents: 40
time_individual_plan: 0.00807718
time_first_plan: 0.0289903
num_max_agents_in_window_first_iteration: 3
num_recWAMPF: 26
timing_recWAMPF:
    total_RecWAMPF: 42.0348
    num_windows: 377
    num_max_agents_in_window: 4
    timing_gari:
        total_GARI: 41.7629
        time_path_btw_starts: 0.0204508
        Stage1:
            total_Stage1:18.077
            time_add_x_to_o: 3.0674
            time_clear_x: 1.32493
            timing_AStarSearchUntil:
                total_astar_search_until:13.6846
                num_values_f_less_fmax:97067
                ASU Exp:
                    total_ASUExp:13.6846
                    time_top_o:0.127344
                    time_check_in_c:0.0795878
                    time_add_parent:0.0531317
                    num_neighbors:22544879
                    time_add_neighbors_to_o:13.254
        Stage2:
            total_Stage2:0.0544685
            num_len_path:295
            time_expanding_s:0.000365884
            timing_AStarSearchUntil:
                total_astar_search_until:0.0538034
                num_values_f_less_fmax:583
                ASU Exp:
                    total_ASUExp:0.0537941
                    time_top_o:0.000361989
                    time_check_in_c:0.000210585
                    time_add_parent:0.000303722
                    num_neighbors:86934
                    time_add_neighbors_to_o:0.051874
        Stage3:
            total_Stage3:23.6109
            num_until_goal_expanded:162337
            timing_S3Exp:
                total_S3Exp: 12.0225
                time_top_o: 0.184036
                time_check_in_c: 0.072379
                time_add_parent: 0.12241
                num_neighbors: 19276748
                time_add_neighbors_to_o: 11.3275
    timing_PIOW_overlapping:
        total_PIOW: 0.233419
        num_windows: 1382
        time_check_overlap: 8.6623e-05
        num_overlapping_windows: 2
        time_merge_windows: 4.607e-06
        time_remove_window: 9.4e-07
        time_remove_window: 4.479e-06
        timing_PlanIn:
            total_PlanIn:0.233271
            num_until_goal_expanded:1991
            timing_expansions:
                total_S3Exp: 0.233263
                time_top_o: 0.000861334
                time_check_in_c: 0.000566781
                time_add_parent: 0.000698226
                num_neighbors: 396638
                time_add_neighbors_to_o: 0.215037
    num_new_collisions: 10
    timing_PIOW_new_collisions:
        total_PIOW: 0.0279735
        num_windows: 88
        time_check_overlap: 3.704e-06
        num_overlapping_windows: 1
        time_merge_windows: 0
        time_remove_window: 0.0116038
        time_remove_window: 4.634e-06
        timing_PlanIn:
            total_PlanIn:0.0279472
            num_until_goal_expanded:790
            timing_expansions:
                total_S3Exp: 0.0279268
                time_top_o: 0.00019116
                time_check_in_c: 0.000164509
                time_add_parent: 0.000248261
                num_neighbors: 50861
                time_add_neighbors_to_o: 0.0245907
    num_windows_should_quit: 0
    time_should_quit: 3.0891e-05
    time_remove_window: 0
Complete!
