Total time: 184.907
is_optimal: false
optimality_bound: 1.00594
successive_bounds: [1.00775, 1.00723, 1.00671, 1.0062, 1.0062, 1.00594, 1.00594, 1.00594]
successive_runtimes: [0.0370207, 0.0516129, 0.17364, 0.480699, 1.19056, 5.65651, 44.7262, 184.907]
num_agents: 60
time_individual_plan: 0.0166781
time_first_plan: 0.0193389
num_max_agents_in_window_first_iteration: 3
num_recWAMPF: 8
timing_recWAMPF:
    total_RecWAMPF: 184.89
    num_windows: 199
    num_max_agents_in_window: 6
    timing_gari:
        total_GARI: 180.297
        time_path_btw_starts: 0.000671923
        Stage1:
            total_Stage1:171.986
            time_add_x_to_o: 8.99134
            time_clear_x: 1.96365
            timing_AStarSearchUntil:
                total_astar_search_until:161.031
                num_values_f_less_fmax:32232
                ASU Exp:
                    total_ASUExp:161.031
                    time_top_o:0.0935249
                    time_check_in_c:0.913117
                    time_add_parent:0.0604952
                    num_neighbors:222102816
                    time_add_neighbors_to_o:159.116
        Stage2:
            total_Stage2:0.0700999
            num_len_path:180
            time_expanding_s:0.000109054
            timing_AStarSearchUntil:
                total_astar_search_until:0.0698944
                num_values_f_less_fmax:406
                ASU Exp:
                    total_ASUExp:0.0698905
                    time_top_o:0.000130893
                    time_check_in_c:8.2097e-05
                    time_add_parent:0.000127965
                    num_neighbors:125023
                    time_add_neighbors_to_o:0.0690205
        Stage3:
            total_Stage3:8.24022
            num_until_goal_expanded:3671
            timing_S3Exp:
                total_S3Exp: 4.47093
                time_top_o: 0.00323179
                time_check_in_c: 0.000846821
                time_add_parent: 0.00145856
                num_neighbors: 5299519
                time_add_neighbors_to_o: 4.45712
    timing_PIOW_overlapping:
        total_PIOW: 0.524922
        num_windows: 1436
        time_check_overlap: 5.0108e-05
        num_overlapping_windows: 9
        time_merge_windows: 1.303e-05
        time_remove_window: 2.629e-06
        time_remove_window: 1.2533e-05
        timing_PlanIn:
            total_PlanIn:0.52481
            num_until_goal_expanded:1191
            timing_expansions:
                total_S3Exp: 0.524787
                time_top_o: 0.000547825
                time_check_in_c: 0.000274901
                time_add_parent: 0.000410072
                num_neighbors: 1002966
                time_add_neighbors_to_o: 0.496246
    num_new_collisions: 26
    timing_PIOW_new_collisions:
        total_PIOW: 4.04805
        num_windows: 538
        time_check_overlap: 2.107e-05
        num_overlapping_windows: 6
        time_merge_windows: 0
        time_remove_window: 12.4566
        time_remove_window: 2.5095e-05
        timing_PlanIn:
            total_PlanIn:4.04794
            num_until_goal_expanded:1247
            timing_expansions:
                total_S3Exp: 4.04787
                time_top_o: 0.000999048
                time_check_in_c: 0.000367438
                time_add_parent: 0.000545161
                num_neighbors: 6625401
                time_add_neighbors_to_o: 3.87838
    num_windows_should_quit: 0
    time_should_quit: 1.5035e-05
    time_remove_window: 0
Complete!
