Total time: 0.0166336
is_optimal: true
optimality_bound: 1
successive_bounds: [1.00236, 1.00236, 1.00236, 1.00236, 1.00236, 1.00236, 1.00236, 1.00236, 1.00236, 1.00236, 1.00236, 1.00236, 1.00236, 1.00236, 1, 1]
successive_runtimes: [0.0070474, 0.00724149, 0.00740889, 0.00757966, 0.00775591, 0.00795225, 0.00816267, 0.00841474, 0.00869013, 0.0090044, 0.00931546, 0.00964012, 0.00998994, 0.01501, 0.0166336]
num_agents: 10
time_individual_plan: 0.00624686
time_first_plan: 0.000251088
num_max_agents_in_window_first_iteration: 2
num_recWAMPF: 15
timing_recWAMPF:
    total_RecWAMPF: 0.009835
    num_windows: 58
    num_max_agents_in_window: 2
    timing_gari:
        total_GARI: 0.00920439
        time_path_btw_starts: 0.00011339
        Stage1:
            total_Stage1:0.00127824
            time_add_x_to_o: 0.000500406
            time_clear_x: 5.675e-05
            timing_AStarSearchUntil:
                total_astar_search_until:0.000718231
                num_values_f_less_fmax:74
                ASU Exp:
                    total_ASUExp:0.000716956
                    time_top_o:1.92e-05
                    time_check_in_c:1.3817e-05
                    time_add_parent:1.937e-05
                    num_neighbors:1673
                    time_add_neighbors_to_o:0.00058099
        Stage2:
            total_Stage2:0.00112111
            num_len_path:58
            time_expanding_s:2.1175e-05
            timing_AStarSearchUntil:
                total_astar_search_until:0.0010859
                num_values_f_less_fmax:107
                ASU Exp:
                    total_ASUExp:0.00108466
                    time_top_o:2.2971e-05
                    time_check_in_c:1.8041e-05
                    time_add_parent:2.9522e-05
                    num_neighbors:2476
                    time_add_neighbors_to_o:0.00090179
        Stage3:
            total_Stage3:0.00668368
            num_until_goal_expanded:546
            timing_S3Exp:
                total_S3Exp: 0.00578855
                time_top_o: 0.00014374
                time_check_in_c: 9.3713e-05
                time_add_parent: 0.000129077
                num_neighbors: 10877
                time_add_neighbors_to_o: 0.00481756
    timing_PIOW_overlapping:
        total_PIOW: 3.295e-06
        num_windows: 56
        time_check_overlap: 1.615e-06
        num_overlapping_windows: 0
        time_merge_windows: 0
        time_remove_window: 0
        time_remove_window: 0
        timing_PlanIn:
            total_PlanIn:0
            num_until_goal_expanded:0
            timing_expansions:
                total_S3Exp: 0
                time_top_o: 0
                time_check_in_c: 0
                time_add_parent: 0
                num_neighbors: 0
                time_add_neighbors_to_o: 0
    num_new_collisions: 2
    timing_PIOW_new_collisions:
        total_PIOW: 0.000206074
        num_windows: 2
        time_check_overlap: 1.29e-07
        num_overlapping_windows: 0
        time_merge_windows: 0
        time_remove_window: 0
        time_remove_window: 6.55e-07
        timing_PlanIn:
            total_PlanIn:0.000202909
            num_until_goal_expanded:14
            timing_expansions:
                total_S3Exp: 0.000197966
                time_top_o: 2.485e-06
                time_check_in_c: 3.002e-06
                time_add_parent: 3.0664e-05
                num_neighbors: 242
                time_add_neighbors_to_o: 0.00013768
    num_windows_should_quit: 0
    time_should_quit: 1.245e-06
    time_remove_window: 0
Complete!
