Total time: 0.0786398
is_optimal: true
optimality_bound: 1
successive_bounds: [1.03709, 1.00193, 1.00193, 1.00193, 1.00096, 1.00096, 1.00096, 1, 1]
successive_runtimes: [0.0132728, 0.0592958, 0.0624229, 0.066071, 0.0698454, 0.0730639, 0.0762694, 0.0786398]
num_agents: 30
time_individual_plan: 0.00517232
time_first_plan: 0.00742608
num_max_agents_in_window_first_iteration: 2
num_recWAMPF: 8
timing_recWAMPF:
    total_RecWAMPF: 0.0727907
    num_windows: 45
    num_max_agents_in_window: 2
    timing_gari:
        total_GARI: 0.0560625
        time_path_btw_starts: 0.000135119
        Stage1:
            total_Stage1:0.0473899
            time_add_x_to_o: 0.00657245
            time_clear_x: 0.00112968
            timing_AStarSearchUntil:
                total_astar_search_until:0.00557288
                num_values_f_less_fmax:8960
                ASU Exp:
                    total_ASUExp:0.00557177
                    time_top_o:0.00285052
                    time_check_in_c:0.00157099
                    time_add_parent:0.00102408
                    num_neighbors:66571
                    time_add_neighbors_to_o:0.0297471
        Stage2:
            total_Stage2:0.00083481
            num_len_path:43
            time_expanding_s:2.6663e-05
            timing_AStarSearchUntil:
                total_astar_search_until:0.000794738
                num_values_f_less_fmax:61
                ASU Exp:
                    total_ASUExp:0.000793788
                    time_top_o:1.7356e-05
                    time_check_in_c:1.7523e-05
                    time_add_parent:2.1616e-05
                    num_neighbors:1585
                    time_add_neighbors_to_o:0.000654079
        Stage3:
            total_Stage3:0.00769415
            num_until_goal_expanded:1451
            timing_S3Exp:
                total_S3Exp: 0.00620179
                time_top_o: 0.000396364
                time_check_in_c: 0.000210633
                time_add_parent: 0.000436966
                num_neighbors: 8072
                time_add_neighbors_to_o: 0.00332813
    timing_PIOW_overlapping:
        total_PIOW: 5.288e-06
        num_windows: 63
        time_check_overlap: 2.379e-06
        num_overlapping_windows: 0
        time_merge_windows: 0
        time_remove_window: 0
        time_remove_window: 0
        timing_PlanIn:
            total_PlanIn:0
            num_until_goal_expanded:0
            timing_expansions:
                total_S3Exp: 0
                time_top_o: 0
                time_check_in_c: 0
                time_add_parent: 0
                num_neighbors: 0
                time_add_neighbors_to_o: 0
    num_new_collisions: 3
    timing_PIOW_new_collisions:
        total_PIOW: 0.00699483
        num_windows: 6
        time_check_overlap: 2.77e-07
        num_overlapping_windows: 0
        time_merge_windows: 0
        time_remove_window: 0
        time_remove_window: 1.188e-06
        timing_PlanIn:
            total_PlanIn:0.00698797
            num_until_goal_expanded:535
            timing_expansions:
                total_S3Exp: 0.0069813
                time_top_o: 8.6668e-05
                time_check_in_c: 0.000113253
                time_add_parent: 0.000150983
                num_neighbors: 11416
                time_add_neighbors_to_o: 0.00572524
    num_windows_should_quit: 0
    time_should_quit: 1.894e-06
    time_remove_window: 0
Complete!
