Total time: 0.0872674
is_optimal: true
optimality_bound: 1
successive_bounds: [1.00289, 1.00289, 1.00289, 1.00289, 1.00289, 1.00289, 1.00289, 1.00289, 1.00289, 1.00289, 1.00289, 1.00289, 1.00289, 1.00289, 1.00289, 1.00289, 1.00289, 1.00289, 1.00289, 1.00289, 1.00289, 1.00289, 1.00289, 1, 1]
successive_runtimes: [0.00245933, 0.00260857, 0.00275014, 0.00290316, 0.00305961, 0.00321469, 0.00337683, 0.00354135, 0.00368939, 0.0038349, 0.00399623, 0.00414668, 0.00430181, 0.00446293, 0.00462698, 0.00479726, 0.0049684, 0.00514233, 0.00532945, 0.00560237, 0.00578221, 0.00596547, 0.00629038, 0.0872674]
num_agents: 10
time_individual_plan: 0.00146657
time_first_plan: 0.000250757
num_max_agents_in_window_first_iteration: 2
num_recWAMPF: 24
timing_recWAMPF:
    total_RecWAMPF: 0.085054
    num_windows: 47
    num_max_agents_in_window: 2
    timing_gari:
        total_GARI: 0.084296
        time_path_btw_starts: 0.000134962
        Stage1:
            total_Stage1:0.000318275
            time_add_x_to_o: 0.000278434
            time_clear_x: 3.4061e-05
            timing_AStarSearchUntil:
                total_astar_search_until:2.643e-06
                num_values_f_less_fmax:0
                ASU Exp:
                    total_ASUExp:1.365e-06
                    time_top_o:0
                    time_check_in_c:0
                    time_add_parent:0
                    num_neighbors:0
                    time_add_neighbors_to_o:0
        Stage2:
            total_Stage2:0.0783507
            num_len_path:70
            time_expanding_s:3.2488e-05
            timing_AStarSearchUntil:
                total_astar_search_until:0.0783033
                num_values_f_less_fmax:3912
                ASU Exp:
                    total_ASUExp:0.0783021
                    time_top_o:0.00371579
                    time_check_in_c:0.00130287
                    time_add_parent:0.00211324
                    num_neighbors:98648
                    time_add_neighbors_to_o:0.0655505
        Stage3:
            total_Stage3:0.00548254
            num_until_goal_expanded:52
            timing_S3Exp:
                total_S3Exp: 0.000472775
                time_top_o: 9.759e-06
                time_check_in_c: 7.444e-06
                time_add_parent: 1.3441e-05
                num_neighbors: 320
                time_add_neighbors_to_o: 0.000227144
    timing_PIOW_overlapping:
        total_PIOW: 2.042e-06
        num_windows: 23
        time_check_overlap: 0
        num_overlapping_windows: 0
        time_merge_windows: 0
        time_remove_window: 0
        time_remove_window: 0
        timing_PlanIn:
            total_PlanIn:0
            num_until_goal_expanded:0
            timing_expansions:
                total_S3Exp: 0
                time_top_o: 0
                time_check_in_c: 0
                time_add_parent: 0
                num_neighbors: 0
                time_add_neighbors_to_o: 0
    num_new_collisions: 1
    timing_PIOW_new_collisions:
        total_PIOW: 0.000216128
        num_windows: 0
        time_check_overlap: 0
        num_overlapping_windows: 0
        time_merge_windows: 0
        time_remove_window: 0
        time_remove_window: 3.5e-07
        timing_PlanIn:
            total_PlanIn:0.000214031
            num_until_goal_expanded:8
            timing_expansions:
                total_S3Exp: 0.000210488
                time_top_o: 2.216e-06
                time_check_in_c: 2.641e-06
                time_add_parent: 3.657e-06
                num_neighbors: 160
                time_add_neighbors_to_o: 0.000166282
    num_windows_should_quit: 0
    time_should_quit: 1.674e-06
    time_remove_window: 0
Complete!
