Total time: 6.18584
is_optimal: true
optimality_bound: 1
successive_bounds: [1.00394, 1.00394, 1.00246, 1.00148, 1.00148, 1.00148, 1.00148, 1.00148, 1.00148, 1.00148, 1.00148, 1.00148, 1.00148, 1.00148, 1.00148, 1.00148, 1.00148, 1.00148, 1.00148, 1.00148, 1.00148, 1.00148, 1.00148, 1.00148, 1.00148, 1.00098, 1, 1]
successive_runtimes: [0.0075921, 0.00856946, 0.00997406, 0.0144287, 0.0158319, 0.0177801, 0.0200652, 0.0222481, 0.024614, 0.0270169, 0.0296092, 0.0328956, 0.0361404, 0.0392487, 0.0427603, 0.0464299, 0.0503104, 0.0539549, 0.0587915, 0.0631371, 0.111696, 0.156906, 0.204711, 0.249285, 0.292698, 0.335083, 6.18584]
num_agents: 30
time_individual_plan: 0.00591224
time_first_plan: 0.00115162
num_max_agents_in_window_first_iteration: 2
num_recWAMPF: 27
timing_recWAMPF:
    total_RecWAMPF: 6.1794
    num_windows: 259
    num_max_agents_in_window: 4
    timing_gari:
        total_GARI: 0.324657
        time_path_btw_starts: 0.00058812
        Stage1:
            total_Stage1:0.218919
            time_add_x_to_o: 0.0874952
            time_clear_x: 0.0148708
            timing_AStarSearchUntil:
                total_astar_search_until:0.116537
                num_values_f_less_fmax:9681
                ASU Exp:
                    total_ASUExp:0.11653
                    time_top_o:0.00493419
                    time_check_in_c:0.00379377
                    time_add_parent:0.00260385
                    num_neighbors:251417
                    time_add_neighbors_to_o:0.0976246
        Stage2:
            total_Stage2:0.0129751
            num_len_path:265
            time_expanding_s:0.000161843
            timing_AStarSearchUntil:
                total_astar_search_until:0.0127244
                num_values_f_less_fmax:1131
                ASU Exp:
                    total_ASUExp:0.0127189
                    time_top_o:0.000302084
                    time_check_in_c:0.000215757
                    time_add_parent:0.000329569
                    num_neighbors:25833
                    time_add_neighbors_to_o:0.0105356
        Stage3:
            total_Stage3:0.0921251
            num_until_goal_expanded:2123
            timing_S3Exp:
                total_S3Exp: 0.0133846
                time_top_o: 0.000500463
                time_check_in_c: 0.0003108
                time_add_parent: 0.000587265
                num_neighbors: 17804
                time_add_neighbors_to_o: 0.0075475
    timing_PIOW_overlapping:
        total_PIOW: 0.0532687
        num_windows: 632
        time_check_overlap: 2.8317e-05
        num_overlapping_windows: 2
        time_merge_windows: 3.67e-06
        time_remove_window: 5.45e-07
        time_remove_window: 3.57e-06
        timing_PlanIn:
            total_PlanIn:0.0532163
            num_until_goal_expanded:1205
            timing_expansions:
                total_S3Exp: 0.0532116
                time_top_o: 0.000361883
                time_check_in_c: 0.000213044
                time_add_parent: 0.000343435
                num_neighbors: 95311
                time_add_neighbors_to_o: 0.0482589
    num_new_collisions: 7
    timing_PIOW_new_collisions:
        total_PIOW: 5.79487
        num_windows: 38
        time_check_overlap: 2.743e-06
        num_overlapping_windows: 1
        time_merge_windows: 0
        time_remove_window: 0.392779
        time_remove_window: 2.209e-06
        timing_PlanIn:
            total_PlanIn:5.79485
            num_until_goal_expanded:20841
            timing_expansions:
                total_S3Exp: 5.79484
                time_top_o: 0.0178587
                time_check_in_c: 0.00521717
                time_add_parent: 0.0120688
                num_neighbors: 8308633
                time_add_neighbors_to_o: 5.51204
    num_windows_should_quit: 0
    time_should_quit: 8.936e-06
    time_remove_window: 0
Complete!
