Total time: 0.013013
is_optimal: true
optimality_bound: 1
successive_bounds: [1.00163, 1.00163, 1.00163, 1.00163, 1.00054, 1.00054, 1.00054, 1.00054, 1.00054, 1.00054, 1, 1]
successive_runtimes: [0.00604643, 0.00642509, 0.00680827, 0.00717069, 0.0077599, 0.00833211, 0.00879823, 0.00935291, 0.00999372, 0.0106107, 0.0130129]
num_agents: 30
time_individual_plan: 0.00511454
time_first_plan: 0.000421468
num_max_agents_in_window_first_iteration: 2
num_recWAMPF: 11
timing_recWAMPF:
    total_RecWAMPF: 0.00738584
    num_windows: 42
    num_max_agents_in_window: 2
    timing_gari:
        total_GARI: 0.00503583
        time_path_btw_starts: 8.4565e-05
        Stage1:
            total_Stage1:0.000440326
            time_add_x_to_o: 0.000371698
            time_clear_x: 3.9025e-05
            timing_AStarSearchUntil:
                total_astar_search_until:2.7489e-05
                num_values_f_less_fmax:6
                ASU Exp:
                    total_ASUExp:2.6634e-05
                    time_top_o:1.613e-06
                    time_check_in_c:8.58e-07
                    time_add_parent:6.08e-07
                    num_neighbors:45
                    time_add_neighbors_to_o:1.8698e-05
        Stage2:
            total_Stage2:0.00305627
            num_len_path:50
            time_expanding_s:2.0462e-05
            timing_AStarSearchUntil:
                total_astar_search_until:0.00302552
                num_values_f_less_fmax:249
                ASU Exp:
                    total_ASUExp:0.00302474
                    time_top_o:5.5544e-05
                    time_check_in_c:4.8178e-05
                    time_add_parent:6.7926e-05
                    num_neighbors:5698
                    time_add_neighbors_to_o:0.00257903
        Stage3:
            total_Stage3:0.00142242
            num_until_goal_expanded:82
            timing_S3Exp:
                total_S3Exp: 0.000819517
                time_top_o: 1.4374e-05
                time_check_in_c: 1.0346e-05
                time_add_parent: 1.7277e-05
                num_neighbors: 1269
                time_add_neighbors_to_o: 0.000637771
    timing_PIOW_overlapping:
        total_PIOW: 2.443e-06
        num_windows: 40
        time_check_overlap: 1.236e-06
        num_overlapping_windows: 0
        time_merge_windows: 0
        time_remove_window: 0
        time_remove_window: 0
        timing_PlanIn:
            total_PlanIn:0
            num_until_goal_expanded:0
            timing_expansions:
                total_S3Exp: 0
                time_top_o: 0
                time_check_in_c: 0
                time_add_parent: 0
                num_neighbors: 0
                time_add_neighbors_to_o: 0
    num_new_collisions: 2
    timing_PIOW_new_collisions:
        total_PIOW: 0.000161296
        num_windows: 2
        time_check_overlap: 1.64e-07
        num_overlapping_windows: 0
        time_merge_windows: 0
        time_remove_window: 0
        time_remove_window: 6.42e-07
        timing_PlanIn:
            total_PlanIn:0.000158462
            num_until_goal_expanded:13
            timing_expansions:
                total_S3Exp: 0.00015397
                time_top_o: 2.34e-06
                time_check_in_c: 2.63e-06
                time_add_parent: 4.282e-06
                num_neighbors: 244
                time_add_neighbors_to_o: 0.000120963
    num_windows_should_quit: 0
    time_should_quit: 8.61e-07
    time_remove_window: 0
Complete!
