Total time: 45.4407
is_optimal: false
optimality_bound: 1.00359
successive_bounds: [1.00695, 1.00599, 1.00503, 1.00359]
successive_runtimes: [0.0375309, 0.152278, 0.393953, 45.4407]
num_agents: 60
time_individual_plan: 0.0118945
time_first_plan: 0.0249147
num_max_agents_in_window_first_iteration: 3
num_recWAMPF: 4
timing_recWAMPF:
    total_RecWAMPF: 45.4281
    num_windows: 100
    num_max_agents_in_window: 6
    timing_gari:
        total_GARI: 0.707478
        time_path_btw_starts: 0.000333486
        Stage1:
            total_Stage1:0.571903
            time_add_x_to_o: 0.0968579
            time_clear_x: 0.0456035
            timing_AStarSearchUntil:
                total_astar_search_until:0.429433
                num_values_f_less_fmax:14696
                ASU Exp:
                    total_ASUExp:0.42943
                    time_top_o:0.0181993
                    time_check_in_c:0.00862683
                    time_add_parent:0.00519345
                    num_neighbors:607492
                    time_add_neighbors_to_o:0.369192
        Stage2:
            total_Stage2:0.015139
            num_len_path:93
            time_expanding_s:7.0247e-05
            timing_AStarSearchUntil:
                total_astar_search_until:0.0150242
                num_values_f_less_fmax:256
                ASU Exp:
                    total_ASUExp:0.0150221
                    time_top_o:0.000162452
                    time_check_in_c:7.8611e-05
                    time_add_parent:0.000144867
                    num_neighbors:21654
                    time_add_neighbors_to_o:0.0141728
        Stage3:
            total_Stage3:0.120075
            num_until_goal_expanded:4307
            timing_S3Exp:
                total_S3Exp: 0.0836178
                time_top_o: 0.00270289
                time_check_in_c: 0.00118456
                time_add_parent: 0.00251332
                num_neighbors: 117942
                time_add_neighbors_to_o: 0.0703785
    timing_PIOW_overlapping:
        total_PIOW: 0.269518
        num_windows: 652
        time_check_overlap: 2.4514e-05
        num_overlapping_windows: 2
        time_merge_windows: 5.622e-06
        time_remove_window: 1.496e-06
        time_remove_window: 5.496e-06
        timing_PlanIn:
            total_PlanIn:0.269459
            num_until_goal_expanded:712
            timing_expansions:
                total_S3Exp: 0.269451
                time_top_o: 0.000489098
                time_check_in_c: 0.00030927
                time_add_parent: 0.000395348
                num_neighbors: 418486
                time_add_neighbors_to_o: 0.252998
    num_new_collisions: 19
    timing_PIOW_new_collisions:
        total_PIOW: 44.4404
        num_windows: 363
        time_check_overlap: 1.603e-05
        num_overlapping_windows: 4
        time_merge_windows: 0
        time_remove_window: 7.4685
        time_remove_window: 1.7975e-05
        timing_PlanIn:
            total_PlanIn:44.4403
            num_until_goal_expanded:10483
            timing_expansions:
                total_S3Exp: 44.4402
                time_top_o: 0.0206828
                time_check_in_c: 0.00627273
                time_add_parent: 0.00921918
                num_neighbors: 61069786
                time_add_neighbors_to_o: 42.3477
    num_windows_should_quit: 0
    time_should_quit: 1.2483e-05
    time_remove_window: 0
Complete!
