Total time: 0.0766396
is_optimal: true
optimality_bound: 1
successive_bounds: [1.00201, 1.00201, 1.00201, 1.00201, 1.00201, 1.00201, 1.00201, 1.00201, 1.00201, 1.00201, 1.001, 1.001, 1.001, 1.001, 1.001, 1.001, 1.001, 1.001, 1.001, 1.001, 1.001, 1.001, 1.001, 1.001, 1.001, 1.001, 1.001, 1.001, 1, 1]
successive_runtimes: [0.0216629, 0.0233763, 0.0250462, 0.0267066, 0.0282181, 0.0299972, 0.0318939, 0.0337637, 0.0356771, 0.0376486, 0.0402292, 0.0427119, 0.0451256, 0.0470148, 0.0488817, 0.0506895, 0.0525231, 0.0542925, 0.0562426, 0.0580986, 0.0602085, 0.0621673, 0.0641216, 0.0661865, 0.0679833, 0.0697534, 0.071555, 0.0733089, 0.0766396]
num_agents: 30
time_individual_plan: 0.0139002
time_first_plan: 0.00625016
num_max_agents_in_window_first_iteration: 2
num_recWAMPF: 29
timing_recWAMPF:
    total_RecWAMPF: 0.0612136
    num_windows: 171
    num_max_agents_in_window: 2
    timing_gari:
        total_GARI: 0.0431705
        time_path_btw_starts: 0.00104511
        Stage1:
            total_Stage1:0.00490326
            time_add_x_to_o: 0.0037637
            time_clear_x: 0.000457007
            timing_AStarSearchUntil:
                total_astar_search_until:0.000661166
                num_values_f_less_fmax:18
                ASU Exp:
                    total_ASUExp:0.000652961
                    time_top_o:1.5112e-05
                    time_check_in_c:2.8441e-05
                    time_add_parent:2.5282e-05
                    num_neighbors:411
                    time_add_neighbors_to_o:0.000505147
        Stage2:
            total_Stage2:0.0101925
            num_len_path:169
            time_expanding_s:0.000216374
            timing_AStarSearchUntil:
                total_astar_search_until:0.00986471
                num_values_f_less_fmax:249
                ASU Exp:
                    total_ASUExp:0.00985704
                    time_top_o:0.000175004
                    time_check_in_c:0.000167077
                    time_add_parent:0.000322851
                    num_neighbors:6048
                    time_add_neighbors_to_o:0.00811495
        Stage3:
            total_Stage3:0.0269346
            num_until_goal_expanded:273
            timing_S3Exp:
                total_S3Exp: 0.00898506
                time_top_o: 0.000126663
                time_check_in_c: 0.000113137
                time_add_parent: 0.000241945
                num_neighbors: 3407
                time_add_neighbors_to_o: 0.00564371
    timing_PIOW_overlapping:
        total_PIOW: 4.4835e-05
        num_windows: 252
        time_check_overlap: 2.4458e-05
        num_overlapping_windows: 0
        time_merge_windows: 0
        time_remove_window: 0
        time_remove_window: 0
        timing_PlanIn:
            total_PlanIn:0
            num_until_goal_expanded:0
            timing_expansions:
                total_S3Exp: 0
                time_top_o: 0
                time_check_in_c: 0
                time_add_parent: 0
                num_neighbors: 0
                time_add_neighbors_to_o: 0
    num_new_collisions: 3
    timing_PIOW_new_collisions:
        total_PIOW: 0.00533587
        num_windows: 6
        time_check_overlap: 1.508e-06
        num_overlapping_windows: 0
        time_merge_windows: 0
        time_remove_window: 0
        time_remove_window: 2.709e-06
        timing_PlanIn:
            total_PlanIn:0.00531929
            num_until_goal_expanded:103
            timing_expansions:
                total_S3Exp: 0.00530023
                time_top_o: 6.2332e-05
                time_check_in_c: 7.334e-05
                time_add_parent: 0.000142606
                num_neighbors: 2334
                time_add_neighbors_to_o: 0.00435918
    num_windows_should_quit: 0
    time_should_quit: 1.0961e-05
    time_remove_window: 0
Complete!
