Total time: 63.0017
is_optimal: false
optimality_bound: 1.00203
successive_bounds: [1.01266, 1.01063, 1.00962, 1.00557, 1.00354, 1.00354, 1.00354, 1.00354, 1.00354, 1.00354, 1.00203]
successive_runtimes: [0.0183322, 0.0727933, 0.330626, 0.989408, 1.10779, 1.11835, 1.13088, 1.14436, 1.15804, 1.17444, 63.0017]
num_agents: 30
time_individual_plan: 0.00700293
time_first_plan: 0.0106425
num_max_agents_in_window_first_iteration: 3
num_recWAMPF: 11
timing_recWAMPF:
    total_RecWAMPF: 62.994
    num_windows: 124
    num_max_agents_in_window: 5
    timing_gari:
        total_GARI: 1.15537
        time_path_btw_starts: 0.000402634
        Stage1:
            total_Stage1:0.38066
            time_add_x_to_o: 0.0138035
            time_clear_x: 0.00306721
            timing_AStarSearchUntil:
                total_astar_search_until:0.360162
                num_values_f_less_fmax:6328
                ASU Exp:
                    total_ASUExp:0.360158
                    time_top_o:0.00425373
                    time_check_in_c:0.00116746
                    time_add_parent:0.00012438
                    num_neighbors:0
                    time_add_neighbors_to_o:3.006e-06
        Stage2:
            total_Stage2:0.726313
            num_len_path:121
            time_expanding_s:0.000264188
            timing_AStarSearchUntil:
                total_astar_search_until:0.722652
                num_values_f_less_fmax:10790
                ASU Exp:
                    total_ASUExp:0.722649
                    time_top_o:0.00743159
                    time_check_in_c:0.00359259
                    time_add_parent:0.00701454
                    num_neighbors:226716
                    time_add_neighbors_to_o:0.101911
        Stage3:
            total_Stage3:0.0458288
            num_until_goal_expanded:4462
            timing_S3Exp:
                total_S3Exp: 0.0299164
                time_top_o: 0.00139489
                time_check_in_c: 0.00085823
                time_add_parent: 0.00242458
                num_neighbors: 41826
                time_add_neighbors_to_o: 0.0172736
    timing_PIOW_overlapping:
        total_PIOW: 2.27899
        num_windows: 357
        time_check_overlap: 1.8705e-05
        num_overlapping_windows: 1
        time_merge_windows: 1.577e-06
        time_remove_window: 3.66e-07
        time_remove_window: 1.52e-06
        timing_PlanIn:
            total_PlanIn:2.26054
            num_until_goal_expanded:35153
            timing_expansions:
                total_S3Exp: 2.26054
                time_top_o: 0.0537622
                time_check_in_c: 0.0140021
                time_add_parent: 0.0333498
                num_neighbors: 3499562
                time_add_neighbors_to_o: 1.93849
    num_new_collisions: 8
    timing_PIOW_new_collisions:
        total_PIOW: 59.5554
        num_windows: 31
        time_check_overlap: 2.657e-06
        num_overlapping_windows: 2
        time_merge_windows: 2.899e-06
        time_remove_window: 4.45e-07
        time_remove_window: 2.08e-06
        timing_PlanIn:
            total_PlanIn:59.2528
            num_until_goal_expanded:174116
            timing_expansions:
                total_S3Exp: 59.2527
                time_top_o: 0.481789
                time_check_in_c: 0.0933269
                time_add_parent: 0.180248
                num_neighbors: 78768841
                time_add_neighbors_to_o: 54.9592
    num_windows_should_quit: 0
    time_should_quit: 2.584e-06
    time_remove_window: 0
Complete!
