Total time: 4.28429
is_optimal: false
optimality_bound: 1.00063
successive_bounds: [1.00505, 1.00505, 1.00505, 1.00442, 1.00442, 1.00442, 1.00442, 1.00316, 1.00316, 1.00316, 1.00316, 1.00316, 1.00316, 1.00316, 1.00316, 1.00316, 1.00316, 1.00316, 1.00316, 1.00316, 1.00316, 1.00316, 1.00316, 1.00063]
successive_runtimes: [0.00688308, 0.00905009, 0.0112901, 0.0152869, 0.0211472, 0.0271087, 0.0321624, 0.0375132, 0.0884272, 0.195794, 0.415741, 0.753413, 1.15944, 1.64197, 2.18705, 2.5783, 2.94981, 3.29756, 3.52666, 3.70102, 3.84658, 3.98686, 4.12616, 4.28429]
num_agents: 30
time_individual_plan: 0.00491434
time_first_plan: 0.00132315
num_max_agents_in_window_first_iteration: 2
num_recWAMPF: 24
timing_recWAMPF:
    total_RecWAMPF: 4.27872
    num_windows: 173
    num_max_agents_in_window: 3
    timing_gari:
        total_GARI: 4.2228
        time_path_btw_starts: 0.00937974
        Stage1:
            total_Stage1:2.45803
            time_add_x_to_o: 0.692178
            time_clear_x: 0.354222
            timing_AStarSearchUntil:
                total_astar_search_until:1.41162
                num_values_f_less_fmax:49484
                ASU Exp:
                    total_ASUExp:1.41161
                    time_top_o:0.0655469
                    time_check_in_c:0.0228598
                    time_add_parent:0.0137204
                    num_neighbors:2037143
                    time_add_neighbors_to_o:1.25558
        Stage2:
            total_Stage2:0.087378
            num_len_path:145
            time_expanding_s:0.000108952
            timing_AStarSearchUntil:
                total_astar_search_until:0.087161
                num_values_f_less_fmax:1232
                ASU Exp:
                    total_ASUExp:0.0871567
                    time_top_o:0.000891239
                    time_check_in_c:0.000347453
                    time_add_parent:0.000641442
                    num_neighbors:130201
                    time_add_neighbors_to_o:0.0828595
        Stage3:
            total_Stage3:1.66733
            num_until_goal_expanded:14713
            timing_S3Exp:
                total_S3Exp: 0.326888
                time_top_o: 0.0107251
                time_check_in_c: 0.00318464
                time_add_parent: 0.00986027
                num_neighbors: 428584
                time_add_neighbors_to_o: 0.233525
    timing_PIOW_overlapping:
        total_PIOW: 0.0497562
        num_windows: 355
        time_check_overlap: 2.0351e-05
        num_overlapping_windows: 3
        time_merge_windows: 5.985e-06
        time_remove_window: 1.06e-06
        time_remove_window: 5.791e-06
        timing_PlanIn:
            total_PlanIn:0.0497048
            num_until_goal_expanded:956
            timing_expansions:
                total_S3Exp: 0.0496966
                time_top_o: 0.000391146
                time_check_in_c: 0.000212324
                time_add_parent: 0.000319052
                num_neighbors: 81729
                time_add_neighbors_to_o: 0.0444794
    num_new_collisions: 6
    timing_PIOW_new_collisions:
        total_PIOW: 0.000806512
        num_windows: 30
        time_check_overlap: 1.519e-06
        num_overlapping_windows: 0
        time_merge_windows: 0
        time_remove_window: 0
        time_remove_window: 1.899e-06
        timing_PlanIn:
            total_PlanIn:0.000795927
            num_until_goal_expanded:105
            timing_expansions:
                total_S3Exp: 0.000785257
                time_top_o: 1.5667e-05
                time_check_in_c: 2.1266e-05
                time_add_parent: 3.1933e-05
                num_neighbors: 986
                time_add_neighbors_to_o: 0.000530261
    num_windows_should_quit: 1
    time_should_quit: 1.4432e-05
    time_remove_window: 3.37e-07
Complete!
