Total time: 0.316817
is_optimal: false
optimality_bound: 1.00304
successive_bounds: [1.0038, 1.0038, 1.0038, 1.0038, 1.0038, 1.0038, 1.0038, 1.0038, 1.00304, 1.00304]
successive_runtimes: [0.114007, 0.135911, 0.15752, 0.177771, 0.198099, 0.223063, 0.245224, 0.268165, 0.291977, 0.316817]
num_agents: 40
time_individual_plan: 0.0207231
time_first_plan: 0.0919313
num_max_agents_in_window_first_iteration: 4
num_recWAMPF: 10
timing_recWAMPF:
    total_RecWAMPF: 0.294734
    num_windows: 143
    num_max_agents_in_window: 4
    timing_gari:
        total_GARI: 0.19223
        time_path_btw_starts: 0.000630787
        Stage1:
            total_Stage1:0.0198403
            time_add_x_to_o: 0.00130527
            time_clear_x: 0.000265906
            timing_AStarSearchUntil:
                total_astar_search_until:0.00138097
                num_values_f_less_fmax:256
                ASU Exp:
                    total_ASUExp:0.00137422
                    time_top_o:0.000110313
                    time_check_in_c:7.3469e-05
                    time_add_parent:0
                    num_neighbors:0
                    time_add_neighbors_to_o:0
        Stage2:
            total_Stage2:0.0285638
            num_len_path:131
            time_expanding_s:0.00014664
            timing_AStarSearchUntil:
                total_astar_search_until:0.0143857
                num_values_f_less_fmax:281
                ASU Exp:
                    total_ASUExp:0.0143813
                    time_top_o:0.000133239
                    time_check_in_c:0.000107404
                    time_add_parent:0.00021711
                    num_neighbors:7708
                    time_add_neighbors_to_o:0.00580426
        Stage3:
            total_Stage3:0.136839
            num_until_goal_expanded:1768
            timing_S3Exp:
                total_S3Exp: 0.0335379
                time_top_o: 0.000635949
                time_check_in_c: 0.000423514
                time_add_parent: 0.00103179
                num_neighbors: 29080
                time_add_neighbors_to_o: 0.0270558
    timing_PIOW_overlapping:
        total_PIOW: 0.00502042
        num_windows: 523
        time_check_overlap: 2.9394e-05
        num_overlapping_windows: 1
        time_merge_windows: 2.464e-06
        time_remove_window: 1.42e-07
        time_remove_window: 2.402e-06
        timing_PlanIn:
            total_PlanIn:0.00493255
            num_until_goal_expanded:303
            timing_expansions:
                total_S3Exp: 0.00492933
                time_top_o: 0.000130013
                time_check_in_c: 7.2616e-05
                time_add_parent: 0.000192111
                num_neighbors: 5798
                time_add_neighbors_to_o: 0.00359407
    num_new_collisions: 10
    timing_PIOW_new_collisions:
        total_PIOW: 0.0885878
        num_windows: 34
        time_check_overlap: 4.39e-06
        num_overlapping_windows: 2
        time_merge_windows: 4.619e-06
        time_remove_window: 5.16e-07
        time_remove_window: 3.014e-06
        timing_PlanIn:
            total_PlanIn:0.0874095
            num_until_goal_expanded:356
            timing_expansions:
                total_S3Exp: 0.0873245
                time_top_o: 0.000253371
                time_check_in_c: 0.000159995
                time_add_parent: 0.000384493
                num_neighbors: 63818
                time_add_neighbors_to_o: 0.0808343
    num_windows_should_quit: 0
    time_should_quit: 3.367e-06
    time_remove_window: 0
Complete!
