Total time: 0.0238694
is_optimal: true
optimality_bound: 1
successive_bounds: [1.00166, 1.00166, 1.00166, 1.00166, 1.00166, 1.00166, 1.00166, 1.00166, 1.00166, 1.00166, 1.00166, 1, 1]
successive_runtimes: [0.0061326, 0.00639046, 0.00664678, 0.00690974, 0.00726367, 0.0077468, 0.00827695, 0.00869375, 0.00908611, 0.00949464, 0.00988225, 0.0238694]
num_agents: 20
time_individual_plan: 0.00515227
time_first_plan: 0.000280574
num_max_agents_in_window_first_iteration: 2
num_recWAMPF: 12
timing_recWAMPF:
    total_RecWAMPF: 0.0180143
    num_windows: 23
    num_max_agents_in_window: 3
    timing_gari:
        total_GARI: 0.013116
        time_path_btw_starts: 7.6507e-05
        Stage1:
            total_Stage1:0.00013149
            time_add_x_to_o: 5.9716e-05
            time_clear_x: 8.002e-06
            timing_AStarSearchUntil:
                total_astar_search_until:4.3404e-05
                num_values_f_less_fmax:58
                ASU Exp:
                    total_ASUExp:4.2802e-05
                    time_top_o:1.597e-05
                    time_check_in_c:6.138e-06
                    time_add_parent:0
                    num_neighbors:0
                    time_add_neighbors_to_o:0
        Stage2:
            total_Stage2:0.0101904
            num_len_path:23
            time_expanding_s:1.2514e-05
            timing_AStarSearchUntil:
                total_astar_search_until:0.0101654
                num_values_f_less_fmax:623
                ASU Exp:
                    total_ASUExp:0.0101649
                    time_top_o:0.000259937
                    time_check_in_c:0.000139586
                    time_add_parent:0.00038161
                    num_neighbors:7995
                    time_add_neighbors_to_o:0.00411374
        Stage3:
            total_Stage3:0.00257794
            num_until_goal_expanded:390
            timing_S3Exp:
                total_S3Exp: 0.0019342
                time_top_o: 8.8843e-05
                time_check_in_c: 7.371e-05
                time_add_parent: 0.000173552
                num_neighbors: 2073
                time_add_neighbors_to_o: 0.000984538
    timing_PIOW_overlapping:
        total_PIOW: 4.31e-07
        num_windows: 11
        time_check_overlap: 0
        num_overlapping_windows: 0
        time_merge_windows: 0
        time_remove_window: 0
        time_remove_window: 0
        timing_PlanIn:
            total_PlanIn:0
            num_until_goal_expanded:0
            timing_expansions:
                total_S3Exp: 0
                time_top_o: 0
                time_check_in_c: 0
                time_add_parent: 0
                num_neighbors: 0
                time_add_neighbors_to_o: 0
    num_new_collisions: 2
    timing_PIOW_new_collisions:
        total_PIOW: 0.00317315
        num_windows: 1
        time_check_overlap: 9e-08
        num_overlapping_windows: 1
        time_merge_windows: 1.467e-06
        time_remove_window: 8.9e-08
        time_remove_window: 4.22e-07
        timing_PlanIn:
            total_PlanIn:0.00314053
            num_until_goal_expanded:171
            timing_expansions:
                total_S3Exp: 0.00312923
                time_top_o: 5.0452e-05
                time_check_in_c: 3.9471e-05
                time_add_parent: 0.000101641
                num_neighbors: 3273
                time_add_neighbors_to_o: 0.00244233
    num_windows_should_quit: 0
    time_should_quit: 3.4e-07
    time_remove_window: 0
Complete!
