Total time: 0.0355513
is_optimal: true
optimality_bound: 1
successive_bounds: [1.00391, 1.00391, 1.00391, 1.00391, 1.00391, 1.00391, 1.00391, 1.00196, 1.00196, 1.00196, 1.00196, 1.00196, 1.00196, 1.00196, 1.00196, 1.00196, 1.00196, 1.00196, 1, 1]
successive_runtimes: [0.00405092, 0.00508824, 0.00618951, 0.00768331, 0.00934256, 0.0110957, 0.01317, 0.0151646, 0.0166056, 0.0180197, 0.0195156, 0.0216201, 0.0234527, 0.0255194, 0.0272089, 0.0286899, 0.0301218, 0.0317131, 0.0355513]
num_agents: 20
time_individual_plan: 0.00298146
time_first_plan: 0.00054516
num_max_agents_in_window_first_iteration: 2
num_recWAMPF: 19
timing_recWAMPF:
    total_RecWAMPF: 0.0320426
    num_windows: 111
    num_max_agents_in_window: 2
    timing_gari:
        total_GARI: 0.0299788
        time_path_btw_starts: 0.000254439
        Stage1:
            total_Stage1:0.0174009
            time_add_x_to_o: 0.00597257
            time_clear_x: 0.000865559
            timing_AStarSearchUntil:
                total_astar_search_until:0.010557
                num_values_f_less_fmax:3296
                ASU Exp:
                    total_ASUExp:0.0105545
                    time_top_o:0.000855292
                    time_check_in_c:0.000615013
                    time_add_parent:0.000391789
                    num_neighbors:19708
                    time_add_neighbors_to_o:0.00724185
        Stage2:
            total_Stage2:0.00355524
            num_len_path:120
            time_expanding_s:5.3613e-05
            timing_AStarSearchUntil:
                total_astar_search_until:0.00347258
                num_values_f_less_fmax:303
                ASU Exp:
                    total_ASUExp:0.00347025
                    time_top_o:7.2234e-05
                    time_check_in_c:5.7046e-05
                    time_add_parent:9.2952e-05
                    num_neighbors:7688
                    time_add_neighbors_to_o:0.00293249
        Stage3:
            total_Stage3:0.00875139
            num_until_goal_expanded:1146
            timing_S3Exp:
                total_S3Exp: 0.0048713
                time_top_o: 0.000253983
                time_check_in_c: 0.000157051
                time_add_parent: 0.000356844
                num_neighbors: 8289
                time_add_neighbors_to_o: 0.00288359
    timing_PIOW_overlapping:
        total_PIOW: 9.819e-06
        num_windows: 162
        time_check_overlap: 5.11e-06
        num_overlapping_windows: 0
        time_merge_windows: 0
        time_remove_window: 0
        time_remove_window: 0
        timing_PlanIn:
            total_PlanIn:0
            num_until_goal_expanded:0
            timing_expansions:
                total_S3Exp: 0
                time_top_o: 0
                time_check_in_c: 0
                time_add_parent: 0
                num_neighbors: 0
                time_add_neighbors_to_o: 0
    num_new_collisions: 3
    timing_PIOW_new_collisions:
        total_PIOW: 0.000356613
        num_windows: 6
        time_check_overlap: 2.85e-07
        num_overlapping_windows: 0
        time_merge_windows: 0
        time_remove_window: 0
        time_remove_window: 8.65e-07
        timing_PlanIn:
            total_PlanIn:0.000352728
            num_until_goal_expanded:60
            timing_expansions:
                total_S3Exp: 0.000347008
                time_top_o: 7.129e-06
                time_check_in_c: 1.067e-05
                time_add_parent: 1.5585e-05
                num_neighbors: 518
                time_add_neighbors_to_o: 0.000222158
    num_windows_should_quit: 0
    time_should_quit: 2.932e-06
    time_remove_window: 0
Complete!
