Total time: 8.87373
is_optimal: false
optimality_bound: 1.00112
successive_bounds: [1.00412, 1.00337, 1.00337, 1.00337, 1.00337, 1.00225, 1.00225, 1.0015, 1.0015, 1.0015, 1.0015, 1.0015, 1.0015, 1.0015, 1.0015, 1.00112]
successive_runtimes: [0.013952, 0.0164279, 0.0189667, 0.0225969, 0.0263647, 0.0762007, 0.0928159, 0.09999, 0.11206, 0.12936, 0.140806, 0.151748, 0.16451, 0.175489, 0.186926, 8.87373]
num_agents: 40
time_individual_plan: 0.0102026
time_first_plan: 0.0032247
num_max_agents_in_window_first_iteration: 2
num_recWAMPF: 16
timing_recWAMPF:
    total_RecWAMPF: 8.863
    num_windows: 268
    num_max_agents_in_window: 4
    timing_gari:
        total_GARI: 0.12528
        time_path_btw_starts: 0.00132462
        Stage1:
            total_Stage1:0.0315056
            time_add_x_to_o: 0.0250362
            time_clear_x: 0.00341096
            timing_AStarSearchUntil:
                total_astar_search_until:0.00304326
                num_values_f_less_fmax:1411
                ASU Exp:
                    total_ASUExp:0.00303719
                    time_top_o:0.000330342
                    time_check_in_c:0.000223003
                    time_add_parent:0.000153759
                    num_neighbors:4720
                    time_add_neighbors_to_o:0.00172174
        Stage2:
            total_Stage2:0.0102962
            num_len_path:252
            time_expanding_s:0.000299424
            timing_AStarSearchUntil:
                total_astar_search_until:0.00990227
                num_values_f_less_fmax:608
                ASU Exp:
                    total_ASUExp:0.00989718
                    time_top_o:0.000171801
                    time_check_in_c:0.000119574
                    time_add_parent:0.000222321
                    num_neighbors:20701
                    time_add_neighbors_to_o:0.00840453
        Stage3:
            total_Stage3:0.0806949
            num_until_goal_expanded:2178
            timing_S3Exp:
                total_S3Exp: 0.031915
                time_top_o: 0.000555814
                time_check_in_c: 0.000303679
                time_add_parent: 0.000567938
                num_neighbors: 53873
                time_add_neighbors_to_o: 0.0275721
    timing_PIOW_overlapping:
        total_PIOW: 8.72799
        num_windows: 1259
        time_check_overlap: 4.3316e-05
        num_overlapping_windows: 6
        time_merge_windows: 1.0398e-05
        time_remove_window: 1.801e-06
        time_remove_window: 1.0099e-05
        timing_PlanIn:
            total_PlanIn:8.72789
            num_until_goal_expanded:27910
            timing_expansions:
                total_S3Exp: 8.72787
                time_top_o: 0.0242645
                time_check_in_c: 0.00895961
                time_add_parent: 0.0179301
                num_neighbors: 12507343
                time_add_neighbors_to_o: 8.31104
    num_new_collisions: 13
    timing_PIOW_new_collisions:
        total_PIOW: 0.0022806
        num_windows: 147
        time_check_overlap: 4.125e-06
        num_overlapping_windows: 1
        time_merge_windows: 0
        time_remove_window: 0.101226
        time_remove_window: 3.672e-06
        timing_PlanIn:
            total_PlanIn:0.00225793
            num_until_goal_expanded:221
            timing_expansions:
                total_S3Exp: 0.00223709
                time_top_o: 2.6109e-05
                time_check_in_c: 3.5807e-05
                time_add_parent: 5.4823e-05
                num_neighbors: 3389
                time_add_neighbors_to_o: 0.00176645
    num_windows_should_quit: 0
    time_should_quit: 1.5435e-05
    time_remove_window: 0
Complete!
