Total time: 0.00684005
is_optimal: true
optimality_bound: 1
successive_bounds: [1.00149, 1.00149, 1.00149, 1.00149, 1.00149, 1.00149, 1.00149, 1.00149, 1.00149, 1.00149, 1.00149, 1.00149, 1.00149, 1.00149, 1.00149, 1.00149, 1.00149, 1.00149, 1, 1]
successive_runtimes: [0.00195156, 0.00206861, 0.00220446, 0.00231064, 0.00242474, 0.00254614, 0.00266208, 0.00279746, 0.00294704, 0.00310434, 0.00326609, 0.00346445, 0.00366005, 0.00385926, 0.00406684, 0.00428119, 0.00446671, 0.00469806, 0.00684003]
num_agents: 10
time_individual_plan: 0.00129303
time_first_plan: 0.00013086
num_max_agents_in_window_first_iteration: 2
num_recWAMPF: 19
timing_recWAMPF:
    total_RecWAMPF: 0.00501673
    num_windows: 37
    num_max_agents_in_window: 2
    timing_gari:
        total_GARI: 0.0044898
        time_path_btw_starts: 7.2887e-05
        Stage1:
            total_Stage1:0.000602512
            time_add_x_to_o: 0.000520112
            time_clear_x: 5.9843e-05
            timing_AStarSearchUntil:
                total_astar_search_until:2.0507e-05
                num_values_f_less_fmax:38
                ASU Exp:
                    total_ASUExp:1.9682e-05
                    time_top_o:9.705e-06
                    time_check_in_c:3.905e-06
                    time_add_parent:0
                    num_neighbors:0
                    time_add_neighbors_to_o:0
        Stage2:
            total_Stage2:0.000903097
            num_len_path:38
            time_expanding_s:1.4862e-05
            timing_AStarSearchUntil:
                total_astar_search_until:0.000879213
                num_values_f_less_fmax:73
                ASU Exp:
                    total_ASUExp:0.000878473
                    time_top_o:1.526e-05
                    time_check_in_c:1.3171e-05
                    time_add_parent:2.424e-05
                    num_neighbors:1978
                    time_add_neighbors_to_o:0.000737039
        Stage3:
            total_Stage3:0.00290599
            num_until_goal_expanded:191
            timing_S3Exp:
                total_S3Exp: 0.00231342
                time_top_o: 5.2128e-05
                time_check_in_c: 3.1883e-05
                time_add_parent: 4.3482e-05
                num_neighbors: 3941
                time_add_neighbors_to_o: 0.00193988
    timing_PIOW_overlapping:
        total_PIOW: 4.24e-07
        num_windows: 18
        time_check_overlap: 0
        num_overlapping_windows: 0
        time_merge_windows: 0
        time_remove_window: 0
        time_remove_window: 0
        timing_PlanIn:
            total_PlanIn:0
            num_until_goal_expanded:0
            timing_expansions:
                total_S3Exp: 0
                time_top_o: 0
                time_check_in_c: 0
                time_add_parent: 0
                num_neighbors: 0
                time_add_neighbors_to_o: 0
    num_new_collisions: 1
    timing_PIOW_new_collisions:
        total_PIOW: 0.000100821
        num_windows: 0
        time_check_overlap: 0
        num_overlapping_windows: 0
        time_merge_windows: 0
        time_remove_window: 0
        time_remove_window: 2.51e-07
        timing_PlanIn:
            total_PlanIn:9.9117e-05
            num_until_goal_expanded:8
            timing_expansions:
                total_S3Exp: 9.6268e-05
                time_top_o: 1.46e-06
                time_check_in_c: 1.742e-06
                time_add_parent: 2.981e-06
                num_neighbors: 161
                time_add_neighbors_to_o: 7.5125e-05
    num_windows_should_quit: 0
    time_should_quit: 8.47e-07
    time_remove_window: 0
Complete!
