Total time: 0.0447013
is_optimal: true
optimality_bound: 1
successive_bounds: [1.00422, 1.00352, 1.00352, 1.00246, 1.00246, 1.00246, 1.00211, 1.00141, 1.00141, 1.00141, 1.00141, 1, 1]
successive_runtimes: [0.0123871, 0.0157334, 0.0187875, 0.0214201, 0.0250678, 0.028167, 0.0305494, 0.0328314, 0.0350769, 0.0388025, 0.041289, 0.0447013]
num_agents: 50
time_individual_plan: 0.0079778
time_first_plan: 0.00378188
num_max_agents_in_window_first_iteration: 2
num_recWAMPF: 12
timing_recWAMPF:
    total_RecWAMPF: 0.0360937
    num_windows: 168
    num_max_agents_in_window: 3
    timing_gari:
        total_GARI: 0.0231437
        time_path_btw_starts: 0.000455757
        Stage1:
            total_Stage1:0.00720025
            time_add_x_to_o: 0.00462195
            time_clear_x: 0.000683667
            timing_AStarSearchUntil:
                total_astar_search_until:0.00188675
                num_values_f_less_fmax:1246
                ASU Exp:
                    total_ASUExp:0.00188298
                    time_top_o:0.000263304
                    time_check_in_c:0.000234756
                    time_add_parent:5.9328e-05
                    num_neighbors:2504
                    time_add_neighbors_to_o:0.000895341
        Stage2:
            total_Stage2:0.00437399
            num_len_path:160
            time_expanding_s:0.000114243
            timing_AStarSearchUntil:
                total_astar_search_until:0.00421969
                num_values_f_less_fmax:321
                ASU Exp:
                    total_ASUExp:0.00421643
                    time_top_o:7.8732e-05
                    time_check_in_c:6.4775e-05
                    time_add_parent:0.000100396
                    num_neighbors:9205
                    time_add_neighbors_to_o:0.00358633
        Stage3:
            total_Stage3:0.0110851
            num_until_goal_expanded:1045
            timing_S3Exp:
                total_S3Exp: 0.00809032
                time_top_o: 0.000235163
                time_check_in_c: 0.000137951
                time_add_parent: 0.000236819
                num_neighbors: 15252
                time_add_neighbors_to_o: 0.00616243
    timing_PIOW_overlapping:
        total_PIOW: 0.00195241
        num_windows: 596
        time_check_overlap: 1.7606e-05
        num_overlapping_windows: 1
        time_merge_windows: 1.212e-06
        time_remove_window: 2.23e-07
        time_remove_window: 1.113e-06
        timing_PlanIn:
            total_PlanIn:0.00191869
            num_until_goal_expanded:75
            timing_expansions:
                total_S3Exp: 0.0019166
                time_top_o: 1.3254e-05
                time_check_in_c: 1.1621e-05
                time_add_parent: 1.8209e-05
                num_neighbors: 3226
                time_add_neighbors_to_o: 0.00163866
    num_new_collisions: 8
    timing_PIOW_new_collisions:
        total_PIOW: 0.00128798
        num_windows: 56
        time_check_overlap: 1.619e-06
        num_overlapping_windows: 0
        time_merge_windows: 0
        time_remove_window: 0
        time_remove_window: 2.665e-06
        timing_PlanIn:
            total_PlanIn:0.0012755
            num_until_goal_expanded:203
            timing_expansions:
                total_S3Exp: 0.00126257
                time_top_o: 2.5288e-05
                time_check_in_c: 3.5005e-05
                time_add_parent: 5.0545e-05
                num_neighbors: 1758
                time_add_neighbors_to_o: 0.000880019
    num_windows_should_quit: 0
    time_should_quit: 5.089e-06
    time_remove_window: 0
Complete!
