Total time: 0.0246894
is_optimal: true
optimality_bound: 1
successive_bounds: [1.00229, 1.00137, 1.00137, 1.00137, 1.00137, 1.00137, 1.00137, 1.00137, 1.00137, 1.00137, 1.00137, 1.00137, 1.00137, 1.00137, 1.00046, 1.00046, 1.00046, 1.00046, 1.00046, 1.00046, 1, 1]
successive_runtimes: [0.00513029, 0.00628438, 0.00688429, 0.00734816, 0.00782065, 0.00831951, 0.00883607, 0.0093537, 0.00989083, 0.0104333, 0.011138, 0.0116906, 0.0122293, 0.0127604, 0.0136191, 0.0141768, 0.0188311, 0.0202928, 0.0218504, 0.023018, 0.0246894]
num_agents: 30
time_individual_plan: 0.00360714
time_first_plan: 0.000972265
num_max_agents_in_window_first_iteration: 2
num_recWAMPF: 21
timing_recWAMPF:
    total_RecWAMPF: 0.0205281
    num_windows: 123
    num_max_agents_in_window: 2
    timing_gari:
        total_GARI: 0.014836
        time_path_btw_starts: 0.000209316
        Stage1:
            total_Stage1:0.00179876
            time_add_x_to_o: 0.00127052
            time_clear_x: 0.000146722
            timing_AStarSearchUntil:
                total_astar_search_until:0.000375377
                num_values_f_less_fmax:177
                ASU Exp:
                    total_ASUExp:0.000372602
                    time_top_o:3.4315e-05
                    time_check_in_c:4.695e-05
                    time_add_parent:1.5341e-05
                    num_neighbors:367
                    time_add_neighbors_to_o:0.000142457
        Stage2:
            total_Stage2:0.00274747
            num_len_path:92
            time_expanding_s:4.701e-05
            timing_AStarSearchUntil:
                total_astar_search_until:0.00267126
                num_values_f_less_fmax:209
                ASU Exp:
                    total_ASUExp:0.00266863
                    time_top_o:5.1925e-05
                    time_check_in_c:3.7108e-05
                    time_add_parent:5.9245e-05
                    num_neighbors:5303
                    time_add_neighbors_to_o:0.00227668
        Stage3:
            total_Stage3:0.0100587
            num_until_goal_expanded:546
            timing_S3Exp:
                total_S3Exp: 0.00676247
                time_top_o: 0.000121488
                time_check_in_c: 8.7369e-05
                time_add_parent: 0.000133859
                num_neighbors: 10289
                time_add_neighbors_to_o: 0.00556266
    timing_PIOW_overlapping:
        total_PIOW: 2.422e-05
        num_windows: 180
        time_check_overlap: 1.8972e-05
        num_overlapping_windows: 0
        time_merge_windows: 0
        time_remove_window: 0
        time_remove_window: 0
        timing_PlanIn:
            total_PlanIn:0
            num_until_goal_expanded:0
            timing_expansions:
                total_S3Exp: 0
                time_top_o: 0
                time_check_in_c: 0
                time_add_parent: 0
                num_neighbors: 0
                time_add_neighbors_to_o: 0
    num_new_collisions: 3
    timing_PIOW_new_collisions:
        total_PIOW: 0.000550876
        num_windows: 6
        time_check_overlap: 2.89e-07
        num_overlapping_windows: 0
        time_merge_windows: 0
        time_remove_window: 0
        time_remove_window: 9.74e-07
        timing_PlanIn:
            total_PlanIn:0.000546605
            num_until_goal_expanded:79
            timing_expansions:
                total_S3Exp: 0.000538542
                time_top_o: 9.761e-06
                time_check_in_c: 1.3604e-05
                time_add_parent: 1.9827e-05
                num_neighbors: 743
                time_add_neighbors_to_o: 0.000389714
    num_windows_should_quit: 0
    time_should_quit: 2.948e-06
    time_remove_window: 0
Complete!
