Total time: 8.49156
is_optimal: false
optimality_bound: 1.00192
successive_bounds: [1.01371, 1.00576, 1.00576, 1.00466, 1.00356, 1.00384, 1.00384, 1.00356, 1.00247, 1.00192, 1.00192, 1.00192, 1.00192, 1.00192, 1.00192, 1.00192]
successive_runtimes: [0.0222869, 0.0401224, 0.0510658, 0.056406, 0.0620864, 0.0694167, 0.0767658, 0.0917082, 1.48898, 2.51958, 4.424, 4.83853, 5.37612, 6.19351, 7.2583, 8.49156]
num_agents: 50
time_individual_plan: 0.0131964
time_first_plan: 0.00850543
num_max_agents_in_window_first_iteration: 2
num_recWAMPF: 16
timing_recWAMPF:
    total_RecWAMPF: 8.47778
    num_windows: 389
    num_max_agents_in_window: 5
    timing_gari:
        total_GARI: 5.16917
        time_path_btw_starts: 0.00175594
        Stage1:
            total_Stage1:3.9358
            time_add_x_to_o: 1.45731
            time_clear_x: 0.590883
            timing_AStarSearchUntil:
                total_astar_search_until:1.88759
                num_values_f_less_fmax:16519
                ASU Exp:
                    total_ASUExp:1.88758
                    time_top_o:0.0225939
                    time_check_in_c:0.0389058
                    time_add_parent:0.00594663
                    num_neighbors:3551864
                    time_add_neighbors_to_o:1.79552
        Stage2:
            total_Stage2:0.20145
            num_len_path:363
            time_expanding_s:0.00778633
            timing_AStarSearchUntil:
                total_astar_search_until:0.193523
                num_values_f_less_fmax:1352
                ASU Exp:
                    total_ASUExp:0.193515
                    time_top_o:0.000377909
                    time_check_in_c:0.14669
                    time_add_parent:0.00227163
                    num_neighbors:62981
                    time_add_neighbors_to_o:0.0363423
        Stage3:
            total_Stage3:1.02879
            num_until_goal_expanded:3703
            timing_S3Exp:
                total_S3Exp: 0.0567548
                time_top_o: 0.00101732
                time_check_in_c: 0.00057178
                time_add_parent: 0.00100098
                num_neighbors: 87184
                time_add_neighbors_to_o: 0.049835
    timing_PIOW_overlapping:
        total_PIOW: 1.89876
        num_windows: 2916
        time_check_overlap: 9.06e-05
        num_overlapping_windows: 12
        time_merge_windows: 1.8562e-05
        time_remove_window: 3.088e-06
        time_remove_window: 1.7949e-05
        timing_PlanIn:
            total_PlanIn:1.89857
            num_until_goal_expanded:3542
            timing_expansions:
                total_S3Exp: 1.89854
                time_top_o: 0.00206757
                time_check_in_c: 0.000729442
                time_add_parent: 0.00126613
                num_neighbors: 2939687
                time_add_neighbors_to_o: 1.81513
    num_new_collisions: 23
    timing_PIOW_new_collisions:
        total_PIOW: 1.39251
        num_windows: 538
        time_check_overlap: 1.6462e-05
        num_overlapping_windows: 5
        time_merge_windows: 0
        time_remove_window: 0.682278
        time_remove_window: 1.1738e-05
        timing_PlanIn:
            total_PlanIn:1.39244
            num_until_goal_expanded:2142
            timing_expansions:
                total_S3Exp: 1.39239
                time_top_o: 0.0013265
                time_check_in_c: 0.000446865
                time_add_parent: 0.00080141
                num_neighbors: 2040781
                time_add_neighbors_to_o: 1.33483
    num_windows_should_quit: 0
    time_should_quit: 2.5303e-05
    time_remove_window: 0
Complete!
