Total time: 0.154754
is_optimal: true
optimality_bound: 1
successive_bounds: [1.02381, 1.00476, 1.00437, 1.00278, 1.00278, 1.00278, 1.00278, 1.00278, 1.00278, 1.00198, 1.00079, 1.00079, 1.00079, 1.00079, 1.00079, 1.00079, 1.00079, 1.00079, 1.00079, 1.00079, 1.00079, 1.00079, 1.00079, 1.00079, 1.00079, 1.00079, 1.00079, 1.00079, 1, 1]
successive_runtimes: [0.012743, 0.0373754, 0.0505911, 0.0554268, 0.0591742, 0.0627307, 0.0664208, 0.0703401, 0.074903, 0.0807468, 0.0846921, 0.0880246, 0.0912585, 0.0949783, 0.098784, 0.102605, 0.106527, 0.110528, 0.114356, 0.118044, 0.121868, 0.125668, 0.129643, 0.133612, 0.137542, 0.141526, 0.14583, 0.149761, 0.154754]
num_agents: 40
time_individual_plan: 0.00670268
time_first_plan: 0.00549352
num_max_agents_in_window_first_iteration: 2
num_recWAMPF: 29
timing_recWAMPF:
    total_RecWAMPF: 0.147499
    num_windows: 338
    num_max_agents_in_window: 2
    timing_gari:
        total_GARI: 0.130634
        time_path_btw_starts: 0.00121273
        Stage1:
            total_Stage1:0.057398
            time_add_x_to_o: 0.0218368
            time_clear_x: 0.00281183
            timing_AStarSearchUntil:
                total_astar_search_until:0.0327309
                num_values_f_less_fmax:10360
                ASU Exp:
                    total_ASUExp:0.0327232
                    time_top_o:0.00272971
                    time_check_in_c:0.00181403
                    time_add_parent:0.00098212
                    num_neighbors:60710
                    time_add_neighbors_to_o:0.0230718
        Stage2:
            total_Stage2:0.00606212
            num_len_path:322
            time_expanding_s:0.000170761
            timing_AStarSearchUntil:
                total_astar_search_until:0.0057833
                num_values_f_less_fmax:486
                ASU Exp:
                    total_ASUExp:0.00577622
                    time_top_o:0.000143122
                    time_check_in_c:0.000112065
                    time_add_parent:0.000176257
                    num_neighbors:12529
                    time_add_neighbors_to_o:0.00477456
        Stage3:
            total_Stage3:0.0659073
            num_until_goal_expanded:5103
            timing_S3Exp:
                total_S3Exp: 0.0220998
                time_top_o: 0.00132691
                time_check_in_c: 0.000790191
                time_add_parent: 0.00165141
                num_neighbors: 34058
                time_add_neighbors_to_o: 0.0128113
    timing_PIOW_overlapping:
        total_PIOW: 5.7473e-05
        num_windows: 986
        time_check_overlap: 3.435e-05
        num_overlapping_windows: 0
        time_merge_windows: 0
        time_remove_window: 0
        time_remove_window: 0
        timing_PlanIn:
            total_PlanIn:0
            num_until_goal_expanded:0
            timing_expansions:
                total_S3Exp: 0
                time_top_o: 0
                time_check_in_c: 0
                time_add_parent: 0
                num_neighbors: 0
                time_add_neighbors_to_o: 0
    num_new_collisions: 6
    timing_PIOW_new_collisions:
        total_PIOW: 0.00428123
        num_windows: 30
        time_check_overlap: 8.47e-07
        num_overlapping_windows: 0
        time_merge_windows: 0
        time_remove_window: 0
        time_remove_window: 1.722e-06
        timing_PlanIn:
            total_PlanIn:0.0042726
            num_until_goal_expanded:385
            timing_expansions:
                total_S3Exp: 0.00426216
                time_top_o: 5.1904e-05
                time_check_in_c: 6.8472e-05
                time_add_parent: 9.5121e-05
                num_neighbors: 7992
                time_add_neighbors_to_o: 0.00348151
    num_windows_should_quit: 1
    time_should_quit: 1.3914e-05
    time_remove_window: 2.89e-07
Complete!
