Total time: 87.2958
is_optimal: false
optimality_bound: 1.00009
successive_bounds: [1.00156, 1.00137, 1.00137, 1.00101, 1.00101, 1.00092, 1.00092, 1.00092, 1.00073, 1.00055, 1.00055, 1.00055, 1.00037, 1.00037, 1.00037, 1.00037, 1.00037, 1.00037, 1.00037, 1.00037, 1.00037, 1.00037, 1.00037, 1.00027, 1.00027, 1.00027, 1.00027, 1.00027, 1.00027, 1.00027, 1.00009, 1.00009]
successive_runtimes: [0.170718, 0.180203, 0.190435, 0.208273, 0.220801, 0.235918, 0.251602, 0.265525, 0.288257, 0.302843, 0.418853, 0.793812, 1.49539, 2.71828, 4.64977, 7.57103, 11.7296, 17.4141, 24.8933, 33.3074, 43.9884, 55.4024, 69.2035, 79.5973, 84.8186, 86.1639, 86.6687, 86.7932, 86.9096, 87.0359, 87.1652, 87.2958]
num_agents: 80
time_individual_plan: 0.142831
time_first_plan: 0.0270296
num_max_agents_in_window_first_iteration: 2
num_recWAMPF: 32
timing_recWAMPF:
    total_RecWAMPF: 87.1521
    num_windows: 595
    num_max_agents_in_window: 4
    timing_gari:
        total_GARI: 85.5538
        time_path_btw_starts: 0.013955
        Stage1:
            total_Stage1:45.8714
            time_add_x_to_o: 15.7924
            time_clear_x: 8.82203
            timing_AStarSearchUntil:
                total_astar_search_until:21.2569
                num_values_f_less_fmax:290460
                ASU Exp:
                    total_ASUExp:21.2569
                    time_top_o:0.540833
                    time_check_in_c:0.190489
                    time_add_parent:0.130741
                    num_neighbors:25573058
                    time_add_neighbors_to_o:19.8012
        Stage2:
            total_Stage2:0.158184
            num_len_path:616
            time_expanding_s:0.00211487
            timing_AStarSearchUntil:
                total_astar_search_until:0.154973
                num_values_f_less_fmax:2684
                ASU Exp:
                    total_ASUExp:0.154955
                    time_top_o:0.0012973
                    time_check_in_c:0.00111504
                    time_add_parent:0.00346855
                    num_neighbors:128922
                    time_add_neighbors_to_o:0.138833
        Stage3:
            total_Stage3:39.5089
            num_until_goal_expanded:199653
            timing_S3Exp:
                total_S3Exp: 19.619
                time_top_o: 0.219926
                time_check_in_c: 0.105855
                time_add_parent: 0.193723
                num_neighbors: 23368620
                time_add_neighbors_to_o: 18.0776
    timing_PIOW_overlapping:
        total_PIOW: 1.4161
        num_windows: 2936
        time_check_overlap: 0.000146509
        num_overlapping_windows: 5
        time_merge_windows: 2.1933e-05
        time_remove_window: 3.304e-06
        time_remove_window: 2.1585e-05
        timing_PlanIn:
            total_PlanIn:1.41581
            num_until_goal_expanded:13058
            timing_expansions:
                total_S3Exp: 1.41579
                time_top_o: 0.00784344
                time_check_in_c: 0.00688012
                time_add_parent: 0.0119866
                num_neighbors: 1352782
                time_add_neighbors_to_o: 1.30589
    num_new_collisions: 12
    timing_PIOW_new_collisions:
        total_PIOW: 0.00415133
        num_windows: 140
        time_check_overlap: 6.709e-06
        num_overlapping_windows: 1
        time_merge_windows: 0
        time_remove_window: 0.201008
        time_remove_window: 7.699e-06
        timing_PlanIn:
            total_PlanIn:0.0041096
            num_until_goal_expanded:206
            timing_expansions:
                total_S3Exp: 0.00407116
                time_top_o: 4.4954e-05
                time_check_in_c: 7.0773e-05
                time_add_parent: 0.000144112
                num_neighbors: 3754
                time_add_neighbors_to_o: 0.00317384
    num_windows_should_quit: 0
    time_should_quit: 5.7229e-05
    time_remove_window: 0
Complete!
