Total time: 5.07462
is_optimal: false
optimality_bound: 1.00393
successive_bounds: [1.0076, 1.00707, 1.00655, 1.0055, 1.0055, 1.0055, 1.00498, 1.00445, 1.00393, 1.00393, 1.00393, 1.00393]
successive_runtimes: [0.0191749, 0.0227493, 0.0267478, 0.0383351, 0.0453602, 0.054597, 0.0640074, 0.0737628, 0.156222, 0.2101, 3.89146, 5.07462]
num_agents: 60
time_individual_plan: 0.0123942
time_first_plan: 0.00612326
num_max_agents_in_window_first_iteration: 2
num_recWAMPF: 12
timing_recWAMPF:
    total_RecWAMPF: 5.06156
    num_windows: 192
    num_max_agents_in_window: 4
    timing_gari:
        total_GARI: 1.33278
        time_path_btw_starts: 0.000816394
        Stage1:
            total_Stage1:0.644736
            time_add_x_to_o: 0.150746
            time_clear_x: 0.028296
            timing_AStarSearchUntil:
                total_astar_search_until:0.465681
                num_values_f_less_fmax:3860
                ASU Exp:
                    total_ASUExp:0.465676
                    time_top_o:0.00581484
                    time_check_in_c:0.00371156
                    time_add_parent:0.00283608
                    num_neighbors:712976
                    time_add_neighbors_to_o:0.445793
        Stage2:
            total_Stage2:0.00629671
            num_len_path:153
            time_expanding_s:9.5407e-05
            timing_AStarSearchUntil:
                total_astar_search_until:0.00613726
                num_values_f_less_fmax:364
                ASU Exp:
                    total_ASUExp:0.00613308
                    time_top_o:0.000105436
                    time_check_in_c:8.0305e-05
                    time_add_parent:0.000134378
                    num_neighbors:11686
                    time_add_neighbors_to_o:0.00532021
        Stage3:
            total_Stage3:0.680894
            num_until_goal_expanded:1631
            timing_S3Exp:
                total_S3Exp: 0.0854482
                time_top_o: 0.00113435
                time_check_in_c: 0.000299807
                time_add_parent: 0.000626622
                num_neighbors: 130866
                time_add_neighbors_to_o: 0.0805432
    timing_PIOW_overlapping:
        total_PIOW: 0.00884665
        num_windows: 1326
        time_check_overlap: 7.1032e-05
        num_overlapping_windows: 16
        time_merge_windows: 1.2978e-05
        time_remove_window: 2.896e-06
        time_remove_window: 1.2144e-05
        timing_PlanIn:
            total_PlanIn:0.00870816
            num_until_goal_expanded:354
            timing_expansions:
                total_S3Exp: 0.00868163
                time_top_o: 7.2802e-05
                time_check_in_c: 6.3168e-05
                time_add_parent: 0.000100754
                num_neighbors: 13396
                time_add_neighbors_to_o: 0.00755549
    num_new_collisions: 25
    timing_PIOW_new_collisions:
        total_PIOW: 3.707
        num_windows: 463
        time_check_overlap: 1.796e-05
        num_overlapping_windows: 4
        time_merge_windows: 0
        time_remove_window: 0.441452
        time_remove_window: 1.4993e-05
        timing_PlanIn:
            total_PlanIn:3.70692
            num_until_goal_expanded:13331
            timing_expansions:
                total_S3Exp: 3.70687
                time_top_o: 0.0221792
                time_check_in_c: 0.00390995
                time_add_parent: 0.00765119
                num_neighbors: 5237585
                time_add_neighbors_to_o: 3.49112
    num_windows_should_quit: 0
    time_should_quit: 1.0444e-05
    time_remove_window: 0
Complete!
