Total time: 0.226206
is_optimal: true
optimality_bound: 1
successive_bounds: [1.00107, 1.00107, 1.00107, 1.00107, 1.00107, 1.00107, 1.00107, 1.00107, 1.00107, 1.00107, 1.00107, 1.00107, 1.00107, 1.00107, 1.00107, 1.00107, 1.00107, 1.00107, 1.00107, 1.00107, 1.00107, 1.00107, 1.00107, 1.00107, 1.00107, 1.00107, 1.00107, 1.00107, 1.00107, 1.00107, 1.00107, 1.00107, 1.00107, 1, 1]
successive_runtimes: [0.01093, 0.012356, 0.0136755, 0.0150717, 0.0163984, 0.0177756, 0.0190879, 0.0203834, 0.022712, 0.0261236, 0.0360973, 0.04925, 0.0631463, 0.0705167, 0.0768607, 0.0845863, 0.0933515, 0.101147, 0.109171, 0.117935, 0.132118, 0.139901, 0.145316, 0.15043, 0.154701, 0.159163, 0.16368, 0.169116, 0.173161, 0.177064, 0.180745, 0.184428, 0.189627, 0.226206]
num_agents: 30
time_individual_plan: 0.00772546
time_first_plan: 0.00213496
num_max_agents_in_window_first_iteration: 2
num_recWAMPF: 34
timing_recWAMPF:
    total_RecWAMPF: 0.2174
    num_windows: 177
    num_max_agents_in_window: 2
    timing_gari:
        total_GARI: 0.20697
        time_path_btw_starts: 0.000686784
        Stage1:
            total_Stage1:0.120294
            time_add_x_to_o: 0.0295515
            time_clear_x: 0.00545462
            timing_AStarSearchUntil:
                total_astar_search_until:0.0852687
                num_values_f_less_fmax:8655
                ASU Exp:
                    total_ASUExp:0.0852627
                    time_top_o:0.00452243
                    time_check_in_c:0.00306271
                    time_add_parent:0.00363399
                    num_neighbors:101554
                    time_add_neighbors_to_o:0.0652122
        Stage2:
            total_Stage2:0.0312337
            num_len_path:180
            time_expanding_s:0.00014891
            timing_AStarSearchUntil:
                total_astar_search_until:0.030997
                num_values_f_less_fmax:1127
                ASU Exp:
                    total_ASUExp:0.030992
                    time_top_o:0.000561156
                    time_check_in_c:0.000508191
                    time_add_parent:0.000948711
                    num_neighbors:30060
                    time_add_neighbors_to_o:0.0261223
        Stage3:
            total_Stage3:0.054681
            num_until_goal_expanded:986
            timing_S3Exp:
                total_S3Exp: 0.0150852
                time_top_o: 0.000444721
                time_check_in_c: 0.000298539
                time_add_parent: 0.000585374
                num_neighbors: 11800
                time_add_neighbors_to_o: 0.00973804
    timing_PIOW_overlapping:
        total_PIOW: 3.1687e-05
        num_windows: 237
        time_check_overlap: 1.7871e-05
        num_overlapping_windows: 0
        time_merge_windows: 0
        time_remove_window: 0
        time_remove_window: 0
        timing_PlanIn:
            total_PlanIn:0
            num_until_goal_expanded:0
            timing_expansions:
                total_S3Exp: 0
                time_top_o: 0
                time_check_in_c: 0
                time_add_parent: 0
                num_neighbors: 0
                time_add_neighbors_to_o: 0
    num_new_collisions: 3
    timing_PIOW_new_collisions:
        total_PIOW: 0.00149527
        num_windows: 6
        time_check_overlap: 6.4e-07
        num_overlapping_windows: 0
        time_merge_windows: 0
        time_remove_window: 0
        time_remove_window: 2.484e-06
        timing_PlanIn:
            total_PlanIn:0.00148384
            num_until_goal_expanded:54
            timing_expansions:
                total_S3Exp: 0.00147021
                time_top_o: 1.9553e-05
                time_check_in_c: 2.5833e-05
                time_add_parent: 5.0193e-05
                num_neighbors: 918
                time_add_neighbors_to_o: 0.00115122
    num_windows_should_quit: 1
    time_should_quit: 8.187e-06
    time_remove_window: 3.57e-07
Complete!
