Total time: 0.0817831
is_optimal: true
optimality_bound: 1
successive_bounds: [1.00251, 1.00251, 1.00201, 1.00201, 1.00201, 1.00201, 1.00201, 1.00201, 1.00201, 1.00201, 1.00201, 1.00201, 1.00201, 1.00201, 1.00201, 1.001, 1.001, 1.001, 1.001, 1.001, 1.001, 1.001, 1.001, 1.001, 1.001, 1.001, 1.001, 1.001, 1.001, 1.001, 1.001, 1.001, 1.001, 1, 1]
successive_runtimes: [0.0179395, 0.0194094, 0.0210992, 0.0227212, 0.0242525, 0.0258215, 0.027429, 0.0290631, 0.0307221, 0.0323435, 0.0341442, 0.0358935, 0.037819, 0.0397204, 0.0416949, 0.0443893, 0.0469066, 0.0493561, 0.0512155, 0.0531235, 0.0550757, 0.0569546, 0.0587515, 0.0606248, 0.0625744, 0.064748, 0.0668382, 0.0688921, 0.0710197, 0.0728544, 0.074755, 0.0765886, 0.0784537, 0.0817831]
num_agents: 30
time_individual_plan: 0.0144391
time_first_plan: 0.00190487
num_max_agents_in_window_first_iteration: 2
num_recWAMPF: 34
timing_recWAMPF:
    total_RecWAMPF: 0.0657304
    num_windows: 201
    num_max_agents_in_window: 2
    timing_gari:
        total_GARI: 0.0492208
        time_path_btw_starts: 0.00131397
        Stage1:
            total_Stage1:0.00575559
            time_add_x_to_o: 0.00450867
            time_clear_x: 0.000537207
            timing_AStarSearchUntil:
                total_astar_search_until:0.00068436
                num_values_f_less_fmax:18
                ASU Exp:
                    total_ASUExp:0.000673557
                    time_top_o:1.4951e-05
                    time_check_in_c:3.288e-05
                    time_add_parent:2.7791e-05
                    num_neighbors:411
                    time_add_neighbors_to_o:0.000511571
        Stage2:
            total_Stage2:0.0129075
            num_len_path:200
            time_expanding_s:0.00026709
            timing_AStarSearchUntil:
                total_astar_search_until:0.0124996
                num_values_f_less_fmax:300
                ASU Exp:
                    total_ASUExp:0.0124901
                    time_top_o:0.000209177
                    time_check_in_c:0.000217051
                    time_add_parent:0.00043726
                    num_neighbors:7282
                    time_add_neighbors_to_o:0.0102629
        Stage3:
            total_Stage3:0.0291217
            num_until_goal_expanded:317
            timing_S3Exp:
                total_S3Exp: 0.0106952
                time_top_o: 0.000151276
                time_check_in_c: 0.000138243
                time_add_parent: 0.000315166
                num_neighbors: 3962
                time_add_neighbors_to_o: 0.00674701
    timing_PIOW_overlapping:
        total_PIOW: 5.6107e-05
        num_windows: 297
        time_check_overlap: 3.053e-05
        num_overlapping_windows: 0
        time_merge_windows: 0
        time_remove_window: 0
        time_remove_window: 0
        timing_PlanIn:
            total_PlanIn:0
            num_until_goal_expanded:0
            timing_expansions:
                total_S3Exp: 0
                time_top_o: 0
                time_check_in_c: 0
                time_add_parent: 0
                num_neighbors: 0
                time_add_neighbors_to_o: 0
    num_new_collisions: 3
    timing_PIOW_new_collisions:
        total_PIOW: 0.000931907
        num_windows: 6
        time_check_overlap: 1.384e-06
        num_overlapping_windows: 0
        time_merge_windows: 0
        time_remove_window: 0
        time_remove_window: 2.756e-06
        timing_PlanIn:
            total_PlanIn:0.000916757
            num_until_goal_expanded:20
            timing_expansions:
                total_S3Exp: 0.00089757
                time_top_o: 1.0674e-05
                time_check_in_c: 1.3996e-05
                time_add_parent: 3.1313e-05
                num_neighbors: 370
                time_add_neighbors_to_o: 0.00071318
    num_windows_should_quit: 0
    time_should_quit: 1.3595e-05
    time_remove_window: 0
Complete!
