Total time: 8.88552
is_optimal: false
optimality_bound: 1.00308
successive_bounds: [1.00493, 1.00493, 1.00431, 1.00431, 1.00431, 1.004, 1.004, 1.00339, 1.00339, 1.00339, 1.00339, 1.00308]
successive_runtimes: [0.0116822, 0.0144525, 0.0213218, 0.0245857, 0.0287178, 0.0322316, 0.0348374, 0.0428252, 0.0464889, 0.049627, 0.0529517, 8.88552]
num_agents: 50
time_individual_plan: 0.00740332
time_first_plan: 0.00350833
num_max_agents_in_window_first_iteration: 2
num_recWAMPF: 12
timing_recWAMPF:
    total_RecWAMPF: 8.87735
    num_windows: 145
    num_max_agents_in_window: 5
    timing_gari:
        total_GARI: 0.0324681
        time_path_btw_starts: 0.000620302
        Stage1:
            total_Stage1:0.00966981
            time_add_x_to_o: 0.00645985
            time_clear_x: 0.000855384
            timing_AStarSearchUntil:
                total_astar_search_until:0.00234564
                num_values_f_less_fmax:291
                ASU Exp:
                    total_ASUExp:0.0023417
                    time_top_o:0.000101233
                    time_check_in_c:0.000120349
                    time_add_parent:2.3402e-05
                    num_neighbors:4478
                    time_add_neighbors_to_o:0.00186662
        Stage2:
            total_Stage2:0.0105557
            num_len_path:131
            time_expanding_s:7.6831e-05
            timing_AStarSearchUntil:
                total_astar_search_until:0.0104326
                num_values_f_less_fmax:548
                ASU Exp:
                    total_ASUExp:0.0104292
                    time_top_o:0.000177559
                    time_check_in_c:0.000120092
                    time_add_parent:0.00021702
                    num_neighbors:19529
                    time_add_neighbors_to_o:0.0092164
        Stage3:
            total_Stage3:0.0115954
            num_until_goal_expanded:320
            timing_S3Exp:
                total_S3Exp: 0.00552498
                time_top_o: 8.1439e-05
                time_check_in_c: 5.3348e-05
                time_add_parent: 9.8118e-05
                num_neighbors: 7701
                time_add_neighbors_to_o: 0.00462538
    timing_PIOW_overlapping:
        total_PIOW: 1.53111
        num_windows: 510
        time_check_overlap: 2.2821e-05
        num_overlapping_windows: 8
        time_merge_windows: 1.1335e-05
        time_remove_window: 2.371e-06
        time_remove_window: 1.0784e-05
        timing_PlanIn:
            total_PlanIn:1.53104
            num_until_goal_expanded:4025
            timing_expansions:
                total_S3Exp: 1.53102
                time_top_o: 0.00344374
                time_check_in_c: 0.00131505
                time_add_parent: 0.00238143
                num_neighbors: 1961351
                time_add_neighbors_to_o: 1.45524
    num_new_collisions: 13
    timing_PIOW_new_collisions:
        total_PIOW: 7.30462
        num_windows: 118
        time_check_overlap: 5.935e-06
        num_overlapping_windows: 1
        time_merge_windows: 0
        time_remove_window: 1.58244
        time_remove_window: 7.298e-06
        timing_PlanIn:
            total_PlanIn:7.30459
            num_until_goal_expanded:4754
            timing_expansions:
                total_S3Exp: 7.30456
                time_top_o: 0.00602942
                time_check_in_c: 0.00155241
                time_add_parent: 0.00313686
                num_neighbors: 8684548
                time_add_neighbors_to_o: 7.01871
    num_windows_should_quit: 0
    time_should_quit: 6.785e-06
    time_remove_window: 0
Complete!
