Total time: 2.05009
is_optimal: false
optimality_bound: 1.0027
successive_bounds: [1.0036, 1.0036, 1.0036, 1.0036, 1.0036, 1.0027, 1.0027, 1.0027, 1.0027, 1.0027, 1.0027, 1.0027, 1.0027, 1.0027, 1.0027, 1.0027, 1.0027, 1.0027, 1.0027, 1.0027]
successive_runtimes: [0.0028868, 0.00326847, 0.00372674, 0.00414371, 0.00463523, 0.0904185, 0.158319, 0.228891, 0.299823, 0.388622, 0.490446, 0.612277, 0.743075, 0.895805, 1.05445, 1.22493, 1.40522, 1.59905, 1.84053, 2.05009]
num_agents: 20
time_individual_plan: 0.00188022
time_first_plan: 0.00047409
num_max_agents_in_window_first_iteration: 2
num_recWAMPF: 20
timing_recWAMPF:
    total_RecWAMPF: 2.04767
    num_windows: 88
    num_max_agents_in_window: 3
    timing_gari:
        total_GARI: 1.95158
        time_path_btw_starts: 0.00252511
        Stage1:
            total_Stage1:0.884096
            time_add_x_to_o: 0.363529
            time_clear_x: 0.104557
            timing_AStarSearchUntil:
                total_astar_search_until:0.415995
                num_values_f_less_fmax:14525
                ASU Exp:
                    total_ASUExp:0.415991
                    time_top_o:0.0123109
                    time_check_in_c:0.00420931
                    time_add_parent:0.0114302
                    num_neighbors:769892
                    time_add_neighbors_to_o:0.367144
        Stage2:
            total_Stage2:0.0216207
            num_len_path:78
            time_expanding_s:5.4849e-05
            timing_AStarSearchUntil:
                total_astar_search_until:0.0215178
                num_values_f_less_fmax:325
                ASU Exp:
                    total_ASUExp:0.0215155
                    time_top_o:0.000153608
                    time_check_in_c:0.00187157
                    time_add_parent:0.000342735
                    num_neighbors:41340
                    time_add_neighbors_to_o:0.0186909
        Stage3:
            total_Stage3:1.04331
            num_until_goal_expanded:4031
            timing_S3Exp:
                total_S3Exp: 0.258793
                time_top_o: 0.00359835
                time_check_in_c: 0.000987063
                time_add_parent: 0.00201073
                num_neighbors: 442033
                time_add_neighbors_to_o: 0.245421
    timing_PIOW_overlapping:
        total_PIOW: 0.0853642
        num_windows: 103
        time_check_overlap: 7.901e-06
        num_overlapping_windows: 1
        time_merge_windows: 1.008e-06
        time_remove_window: 2.38e-07
        time_remove_window: 9.57e-07
        timing_PlanIn:
            total_PlanIn:0.0853473
            num_until_goal_expanded:1220
            timing_expansions:
                total_S3Exp: 0.0853453
                time_top_o: 0.000669896
                time_check_in_c: 0.000217136
                time_add_parent: 0.000375086
                num_neighbors: 160521
                time_add_neighbors_to_o: 0.0782155
    num_new_collisions: 4
    timing_PIOW_new_collisions:
        total_PIOW: 0.00892551
        num_windows: 9
        time_check_overlap: 7.81e-07
        num_overlapping_windows: 1
        time_merge_windows: 0
        time_remove_window: 0.149896
        time_remove_window: 1.237e-06
        timing_PlanIn:
            total_PlanIn:0.00891622
            num_until_goal_expanded:134
            timing_expansions:
                total_S3Exp: 0.00890564
                time_top_o: 3.6814e-05
                time_check_in_c: 2.4405e-05
                time_add_parent: 4.4919e-05
                num_neighbors: 15505
                time_add_neighbors_to_o: 0.00820128
    num_windows_should_quit: 0
    time_should_quit: 5.287e-06
    time_remove_window: 0
Complete!
