Total time: 0.533103
is_optimal: false
optimality_bound: 1.00153
successive_bounds: [1.00384, 1.00384, 1.00384, 1.00384, 1.0023, 1.00153]
successive_runtimes: [0.0141164, 0.0177338, 0.0328109, 0.100495, 0.290256, 0.533103]
num_agents: 40
time_individual_plan: 0.0103943
time_first_plan: 0.00304529
num_max_agents_in_window_first_iteration: 2
num_recWAMPF: 6
timing_recWAMPF:
    total_RecWAMPF: 0.522029
    num_windows: 89
    num_max_agents_in_window: 4
    timing_gari:
        total_GARI: 0.493437
        time_path_btw_starts: 0.000226087
        Stage1:
            total_Stage1:0.427638
            time_add_x_to_o: 0.0936394
            time_clear_x: 0.0254965
            timing_AStarSearchUntil:
                total_astar_search_until:0.308495
                num_values_f_less_fmax:3939
                ASU Exp:
                    total_ASUExp:0.308492
                    time_top_o:0.00312878
                    time_check_in_c:0.00183816
                    time_add_parent:0.0214616
                    num_neighbors:547253
                    time_add_neighbors_to_o:0.274445
        Stage2:
            total_Stage2:0.0299196
            num_len_path:78
            time_expanding_s:5.2274e-05
            timing_AStarSearchUntil:
                total_astar_search_until:0.0298316
                num_values_f_less_fmax:231
                ASU Exp:
                    total_ASUExp:0.0298297
                    time_top_o:0.000106602
                    time_check_in_c:5.3921e-05
                    time_add_parent:8.2273e-05
                    num_neighbors:58868
                    time_add_neighbors_to_o:0.0292357
        Stage3:
            total_Stage3:0.035633
            num_until_goal_expanded:1157
            timing_S3Exp:
                total_S3Exp: 0.00775531
                time_top_o: 0.000311723
                time_check_in_c: 0.000195175
                time_add_parent: 0.000377258
                num_neighbors: 10242
                time_add_neighbors_to_o: 0.00550164
    timing_PIOW_overlapping:
        total_PIOW: 0.0122572
        num_windows: 353
        time_check_overlap: 1.5977e-05
        num_overlapping_windows: 2
        time_merge_windows: 2.508e-06
        time_remove_window: 5.93e-07
        time_remove_window: 2.382e-06
        timing_PlanIn:
            total_PlanIn:0.0122238
            num_until_goal_expanded:96
            timing_expansions:
                total_S3Exp: 0.012219
                time_top_o: 2.4776e-05
                time_check_in_c: 2.045e-05
                time_add_parent: 3.2395e-05
                num_neighbors: 21162
                time_add_neighbors_to_o: 0.0113339
    num_new_collisions: 11
    timing_PIOW_new_collisions:
        total_PIOW: 0.0127563
        num_windows: 108
        time_check_overlap: 5.297e-06
        num_overlapping_windows: 2
        time_merge_windows: 1.049e-06
        time_remove_window: 0.278809
        time_remove_window: 3.844e-06
        timing_PlanIn:
            total_PlanIn:0.0127289
            num_until_goal_expanded:369
            timing_expansions:
                total_S3Exp: 0.0126991
                time_top_o: 8.5993e-05
                time_check_in_c: 7.3621e-05
                time_add_parent: 0.000110649
                num_neighbors: 18400
                time_add_neighbors_to_o: 0.01135
    num_windows_should_quit: 0
    time_should_quit: 6.69e-06
    time_remove_window: 0
Complete!
