Total time: 59.723
is_optimal: false
optimality_bound: 1.00137
successive_bounds: [1.01371, 1.00576, 1.00576, 1.00466, 1.00356, 1.00384, 1.00384, 1.00356, 1.00247, 1.00192, 1.00192, 1.00192, 1.00192, 1.00192, 1.00192, 1.00192, 1.00192, 1.00192, 1.00192, 1.00192, 1.00192, 1.00137, 1.00137, 1.00137, 1.00137, 1.00137, 1.00137, 1.00137, 1.00137, 1.00137, 1.00137, 1.00137, 1.00137, 1.00137, 1.00137]
successive_runtimes: [0.0348021, 0.078109, 0.0979396, 0.106609, 0.116383, 0.127647, 0.139045, 0.159999, 2.27229, 3.63981, 6.30407, 6.87346, 7.60706, 8.75252, 10.2323, 11.875, 13.9214, 15.8608, 17.5377, 19.0115, 20.3344, 22.7371, 25.394, 27.3373, 29.1347, 32.1588, 34.7481, 37.2114, 41.751, 45.0567, 49.5507, 52.2828, 54.7332, 57.1967, 59.723]
num_agents: 50
time_individual_plan: 0.0219341
time_first_plan: 0.0117352
num_max_agents_in_window_first_iteration: 2
num_recWAMPF: 35
timing_recWAMPF:
    total_RecWAMPF: 59.6999
    num_windows: 595
    num_max_agents_in_window: 5
    timing_gari:
        total_GARI: 54.91
        time_path_btw_starts: 0.0328348
        Stage1:
            total_Stage1:17.185
            time_add_x_to_o: 6.74784
            time_clear_x: 2.57112
            timing_AStarSearchUntil:
                total_astar_search_until:7.86599
                num_values_f_less_fmax:45627
                ASU Exp:
                    total_ASUExp:7.86596
                    time_top_o:0.103245
                    time_check_in_c:0.12783
                    time_add_parent:0.103327
                    num_neighbors:9028182
                    time_add_neighbors_to_o:7.35154
        Stage2:
            total_Stage2:0.2871
            num_len_path:484
            time_expanding_s:0.0107989
            timing_AStarSearchUntil:
                total_astar_search_until:0.275813
                num_values_f_less_fmax:1610
                ASU Exp:
                    total_ASUExp:0.275796
                    time_top_o:0.000761336
                    time_check_in_c:0.18426
                    time_add_parent:0.00357784
                    num_neighbors:83655
                    time_add_neighbors_to_o:0.0699337
        Stage3:
            total_Stage3:37.4027
            num_until_goal_expanded:22327
            timing_S3Exp:
                total_S3Exp: 7.00891
                time_top_o: 0.0556468
                time_check_in_c: 0.0104646
                time_add_parent: 0.0186657
                num_neighbors: 7068805
                time_add_neighbors_to_o: 6.39684
    timing_PIOW_overlapping:
        total_PIOW: 2.65709
        num_windows: 3479
        time_check_overlap: 0.000236332
        num_overlapping_windows: 12
        time_merge_windows: 2.1854e-05
        time_remove_window: 4.612e-06
        time_remove_window: 2.0924e-05
        timing_PlanIn:
            total_PlanIn:2.65666
            num_until_goal_expanded:3542
            timing_expansions:
                total_S3Exp: 2.65663
                time_top_o: 0.00418418
                time_check_in_c: 0.00132798
                time_add_parent: 0.00249421
                num_neighbors: 2939687
                time_add_neighbors_to_o: 2.53735
    num_new_collisions: 23
    timing_PIOW_new_collisions:
        total_PIOW: 2.10594
        num_windows: 538
        time_check_overlap: 2.8153e-05
        num_overlapping_windows: 5
        time_merge_windows: 0
        time_remove_window: 1.14745
        time_remove_window: 2.1826e-05
        timing_PlanIn:
            total_PlanIn:2.10582
            num_until_goal_expanded:2142
            timing_expansions:
                total_S3Exp: 2.10574
                time_top_o: 0.00291559
                time_check_in_c: 0.000878741
                time_add_parent: 0.00165155
                num_neighbors: 2040781
                time_add_neighbors_to_o: 2.01898
    num_windows_should_quit: 1
    time_should_quit: 6.6977e-05
    time_remove_window: 3.58e-07
Complete!
