Total time: 17.7474
is_optimal: false
optimality_bound: 1.00072
successive_bounds: [1.00323, 1.00323, 1.00323, 1.00287, 1.00287, 1.00287, 1.00287, 1.00215, 1.00215, 1.00215, 1.00215, 1.00215, 1.00215, 1.00215, 1.00215, 1.00144, 1.00144, 1.00144, 1.00072, 1.00072, 1.00072, 1.00072]
successive_runtimes: [0.0252379, 0.0289218, 0.0326727, 0.0365652, 0.0420133, 0.0461503, 0.050099, 0.219518, 0.741511, 1.46751, 2.15562, 2.8043, 3.36806, 3.92007, 4.62968, 5.46927, 7.38971, 8.63339, 11.4557, 12.4369, 13.5847, 17.7474]
num_agents: 40
time_individual_plan: 0.0193827
time_first_plan: 0.0044133
num_max_agents_in_window_first_iteration: 2
num_recWAMPF: 22
timing_recWAMPF:
    total_RecWAMPF: 17.7266
    num_windows: 158
    num_max_agents_in_window: 3
    timing_gari:
        total_GARI: 14.3365
        time_path_btw_starts: 0.00907471
        Stage1:
            total_Stage1:10.4168
            time_add_x_to_o: 2.24247
            time_clear_x: 0.896235
            timing_AStarSearchUntil:
                total_astar_search_until:4.39118
                num_values_f_less_fmax:151577
                ASU Exp:
                    total_ASUExp:4.39117
                    time_top_o:0.213614
                    time_check_in_c:0.0966893
                    time_add_parent:0.116927
                    num_neighbors:8732856
                    time_add_neighbors_to_o:6.516
        Stage2:
            total_Stage2:0.260655
            num_len_path:138
            time_expanding_s:0.000196614
            timing_AStarSearchUntil:
                total_astar_search_until:0.260314
                num_values_f_less_fmax:2424
                ASU Exp:
                    total_ASUExp:0.260307
                    time_top_o:0.00185977
                    time_check_in_c:0.00472035
                    time_add_parent:0.00321319
                    num_neighbors:310704
                    time_add_neighbors_to_o:0.243075
        Stage3:
            total_Stage3:3.64989
            num_until_goal_expanded:19594
            timing_S3Exp:
                total_S3Exp: 1.68217
                time_top_o: 0.0325186
                time_check_in_c: 0.0119629
                time_add_parent: 0.0185291
                num_neighbors: 1924506
                time_add_neighbors_to_o: 1.41966
    timing_PIOW_overlapping:
        total_PIOW: 0.37772
        num_windows: 309
        time_check_overlap: 3.4713e-05
        num_overlapping_windows: 2
        time_merge_windows: 8.034e-06
        time_remove_window: 1.352e-06
        time_remove_window: 7.832e-06
        timing_PlanIn:
            total_PlanIn:0.377649
            num_until_goal_expanded:3112
            timing_expansions:
                total_S3Exp: 0.377639
                time_top_o: 0.00258378
                time_check_in_c: 0.00131553
                time_add_parent: 0.00264844
                num_neighbors: 396406
                time_add_neighbors_to_o: 0.343325
    num_new_collisions: 5
    timing_PIOW_new_collisions:
        total_PIOW: 0.00204347
        num_windows: 20
        time_check_overlap: 2.422e-06
        num_overlapping_windows: 0
        time_merge_windows: 0
        time_remove_window: 0
        time_remove_window: 7.116e-06
        timing_PlanIn:
            total_PlanIn:0.00201902
            num_until_goal_expanded:48
            timing_expansions:
                total_S3Exp: 0.00199217
                time_top_o: 2.2231e-05
                time_check_in_c: 3.2993e-05
                time_add_parent: 6.8732e-05
                num_neighbors: 857
                time_add_neighbors_to_o: 0.00155801
    num_windows_should_quit: 0
    time_should_quit: 1.4764e-05
    time_remove_window: 0
Complete!
