Total time: 0.445733
is_optimal: false
optimality_bound: 1.0021
successive_bounds: [1.005, 1.00447, 1.00394, 1.00342, 1.00342, 1.00316, 1.00316, 1.00237, 1.00237, 1.00237, 1.00237, 1.00237, 1.00237, 1.00237, 1.00237, 1.00237, 1.00237, 1.00237, 1.00237, 1.0021, 1.0021, 1.0021, 1.0021, 1.0021, 1.0021, 1.0021, 1.0021, 1.0021, 1.0021, 1.0021]
successive_runtimes: [0.0152759, 0.0190841, 0.0218672, 0.0306762, 0.0364691, 0.0476875, 0.0559261, 0.0749176, 0.0940006, 0.10536, 0.114941, 0.124512, 0.133077, 0.141941, 0.151907, 0.160419, 0.169268, 0.177931, 0.186467, 0.196109, 0.205424, 0.213759, 0.221737, 0.229886, 0.237905, 0.28012, 0.319808, 0.349952, 0.414215, 0.445733]
num_agents: 60
time_individual_plan: 0.0104905
time_first_plan: 0.00415045
num_max_agents_in_window_first_iteration: 2
num_recWAMPF: 30
timing_recWAMPF:
    total_RecWAMPF: 0.434594
    num_windows: 318
    num_max_agents_in_window: 4
    timing_gari:
        total_GARI: 0.352572
        time_path_btw_starts: 0.00323886
        Stage1:
            total_Stage1:0.0549322
            time_add_x_to_o: 0.0390818
            time_clear_x: 0.00647798
            timing_AStarSearchUntil:
                total_astar_search_until:0.00934498
                num_values_f_less_fmax:633
                ASU Exp:
                    total_ASUExp:0.00933478
                    time_top_o:0.000252952
                    time_check_in_c:0.000382397
                    time_add_parent:0.000119188
                    num_neighbors:18758
                    time_add_neighbors_to_o:0.00796493
        Stage2:
            total_Stage2:0.0148241
            num_len_path:201
            time_expanding_s:0.000680682
            timing_AStarSearchUntil:
                total_astar_search_until:0.0139458
                num_values_f_less_fmax:267
                ASU Exp:
                    total_ASUExp:0.0139382
                    time_top_o:0.00013554
                    time_check_in_c:8.2564e-05
                    time_add_parent:0.000173493
                    num_neighbors:27361
                    time_add_neighbors_to_o:0.0129128
        Stage3:
            total_Stage3:0.279485
            num_until_goal_expanded:5751
            timing_S3Exp:
                total_S3Exp: 0.142679
                time_top_o: 0.00232374
                time_check_in_c: 0.00099328
                time_add_parent: 0.00191354
                num_neighbors: 206895
                time_add_neighbors_to_o: 0.126117
    timing_PIOW_overlapping:
        total_PIOW: 0.0393664
        num_windows: 1057
        time_check_overlap: 7.7916e-05
        num_overlapping_windows: 10
        time_merge_windows: 1.1621e-05
        time_remove_window: 2.207e-06
        time_remove_window: 1.1105e-05
        timing_PlanIn:
            total_PlanIn:0.0392212
            num_until_goal_expanded:1329
            timing_expansions:
                total_S3Exp: 0.0392015
                time_top_o: 0.000425204
                time_check_in_c: 0.000248083
                time_add_parent: 0.000423139
                num_neighbors: 57924
                time_add_neighbors_to_o: 0.0342282
    num_new_collisions: 16
    timing_PIOW_new_collisions:
        total_PIOW: 0.0176732
        num_windows: 180
        time_check_overlap: 7.438e-06
        num_overlapping_windows: 2
        time_merge_windows: 0
        time_remove_window: 0.105468
        time_remove_window: 9.595e-06
        timing_PlanIn:
            total_PlanIn:0.0176302
            num_until_goal_expanded:269
            timing_expansions:
                total_S3Exp: 0.0176002
                time_top_o: 6.8519e-05
                time_check_in_c: 5.9671e-05
                time_add_parent: 8.9579e-05
                num_neighbors: 27650
                time_add_neighbors_to_o: 0.0161117
    num_windows_should_quit: 0
    time_should_quit: 2.3788e-05
    time_remove_window: 0
Complete!
