Total time: 796.459
is_optimal: false
optimality_bound: 1.00137
successive_bounds: [1.01371, 1.00576, 1.00576, 1.00466, 1.00356, 1.00384, 1.00384, 1.00302, 1.00247, 1.00192, 1.00192, 1.00192, 1.00192, 1.00192, 1.00192, 1.00192, 1.00192, 1.00192, 1.00192, 1.00192, 1.00192, 1.00137, 1.00137, 1.00137, 1.00137, 1.00137, 1.00137, 1.00137, 1.00137, 1.00137, 1.00137]
successive_runtimes: [0.059763, 0.107353, 0.133966, 0.147554, 0.161974, 0.179585, 0.199303, 1.82159, 2.99773, 3.50586, 6.7411, 7.40587, 8.24208, 9.41662, 11.0662, 12.9278, 14.9695, 17.1678, 18.9001, 20.4268, 21.9003, 24.3941, 26.8889, 29.3091, 31.237, 34.3332, 37.075, 39.779, 44.3839, 444.95, 796.459]
num_agents: 50
time_individual_plan: 0.0365082
time_first_plan: 0.0217765
num_max_agents_in_window_first_iteration: 2
num_recWAMPF: 31
timing_recWAMPF:
    total_RecWAMPF: 796.421
    num_windows: 555
    num_max_agents_in_window: 6
    timing_gari:
        total_GARI: 394.367
        time_path_btw_starts: 0.00787603
        Stage1:
            total_Stage1:51.6662
            time_add_x_to_o: 13.3054
            time_clear_x: 4.00968
            timing_AStarSearchUntil:
                total_astar_search_until:34.3511
                num_values_f_less_fmax:51225
                ASU Exp:
                    total_ASUExp:34.3511
                    time_top_o:0.125696
                    time_check_in_c:0.0768487
                    time_add_parent:0.10869
                    num_neighbors:29551990
                    time_add_neighbors_to_o:33.3588
        Stage2:
            total_Stage2:0.144778
            num_len_path:465
            time_expanding_s:0.00622392
            timing_AStarSearchUntil:
                total_astar_search_until:0.138133
                num_values_f_less_fmax:1642
                ASU Exp:
                    total_ASUExp:0.138115
                    time_top_o:0.000807526
                    time_check_in_c:0.000622372
                    time_add_parent:0.002852
                    num_neighbors:114727
                    time_add_neighbors_to_o:0.108472
        Stage3:
            total_Stage3:342.535
            num_until_goal_expanded:166786
            timing_S3Exp:
                total_S3Exp: 272.308
                time_top_o: 0.492125
                time_check_in_c: 0.0817097
                time_add_parent: 0.286551
                num_neighbors: 290028253
                time_add_neighbors_to_o: 269.988
    timing_PIOW_overlapping:
        total_PIOW: 3.22736
        num_windows: 3378
        time_check_overlap: 0.000170979
        num_overlapping_windows: 12
        time_merge_windows: 3.1455e-05
        time_remove_window: 4.891e-06
        time_remove_window: 3.0432e-05
        timing_PlanIn:
            total_PlanIn:3.22701
            num_until_goal_expanded:3718
            timing_expansions:
                total_S3Exp: 3.22696
                time_top_o: 0.00302278
                time_check_in_c: 0.00140341
                time_add_parent: 0.00300721
                num_neighbors: 3245833
                time_add_neighbors_to_o: 3.09037
    num_new_collisions: 26
    timing_PIOW_new_collisions:
        total_PIOW: 398.788
        num_windows: 602
        time_check_overlap: 3.4243e-05
        num_overlapping_windows: 8
        time_merge_windows: 0
        time_remove_window: 112.33
        time_remove_window: 2.6403e-05
        timing_PlanIn:
            total_PlanIn:398.788
            num_until_goal_expanded:192375
            timing_expansions:
                total_S3Exp: 398.788
                time_top_o: 0.500449
                time_check_in_c: 0.116582
                time_add_parent: 0.261303
                num_neighbors: 343347149
                time_add_neighbors_to_o: 383.563
    num_windows_should_quit: 1
    time_should_quit: 5.1776e-05
    time_remove_window: 6.89e-07
Complete!
