Total time: 3.98282
is_optimal: true
optimality_bound: 1
successive_bounds: [1.00241, 1.00172, 1.00103, 1.00103, 1.00103, 1.00103, 1.00103, 1.00103, 1.00103, 1.00069, 1.00069, 1.00069, 1.00069, 1.00069, 1.00069, 1.00069, 1.00069, 1.00069, 1.00069, 1, 1]
successive_runtimes: [0.0131494, 0.0158959, 0.0179546, 0.0200674, 0.022164, 0.0243101, 1.36094, 2.43799, 2.56865, 2.6986, 2.82728, 2.95474, 3.08242, 3.21139, 3.33985, 3.46824, 3.59674, 3.72591, 3.85445, 3.98282]
num_agents: 50
time_individual_plan: 0.00634506
time_first_plan: 0.0061885
num_max_agents_in_window_first_iteration: 2
num_recWAMPF: 20
timing_recWAMPF:
    total_RecWAMPF: 3.97585
    num_windows: 256
    num_max_agents_in_window: 5
    timing_gari:
        total_GARI: 2.62105
        time_path_btw_starts: 0.000832067
        Stage1:
            total_Stage1:0.783608
            time_add_x_to_o: 0.651462
            time_clear_x: 0.125353
            timing_AStarSearchUntil:
                total_astar_search_until:0.00677653
                num_values_f_less_fmax:2479
                ASU Exp:
                    total_ASUExp:0.00676847
                    time_top_o:0.000840693
                    time_check_in_c:0.000603335
                    time_add_parent:0.000361046
                    num_neighbors:11637
                    time_add_neighbors_to_o:0.00415758
        Stage2:
            total_Stage2:0.0356755
            num_len_path:226
            time_expanding_s:0.000798672
            timing_AStarSearchUntil:
                total_astar_search_until:0.034761
                num_values_f_less_fmax:583
                ASU Exp:
                    total_ASUExp:0.034755
                    time_top_o:0.00019873
                    time_check_in_c:0.000152769
                    time_add_parent:0.000210005
                    num_neighbors:63405
                    time_add_neighbors_to_o:0.0302256
        Stage3:
            total_Stage3:1.8008
            num_until_goal_expanded:2069
            timing_S3Exp:
                total_S3Exp: 0.178962
                time_top_o: 0.000468449
                time_check_in_c: 0.000245212
                time_add_parent: 0.000452608
                num_neighbors: 11005
                time_add_neighbors_to_o: 0.0040601
    timing_PIOW_overlapping:
        total_PIOW: 1.33493
        num_windows: 841
        time_check_overlap: 3.5162e-05
        num_overlapping_windows: 2
        time_merge_windows: 3.2e-06
        time_remove_window: 9.44e-07
        time_remove_window: 3.07e-06
        timing_PlanIn:
            total_PlanIn:1.33487
            num_until_goal_expanded:1334
            timing_expansions:
                total_S3Exp: 1.33486
                time_top_o: 0.000947833
                time_check_in_c: 0.00034212
                time_add_parent: 0.000599181
                num_neighbors: 2101848
                time_add_neighbors_to_o: 1.27721
    num_new_collisions: 9
    timing_PIOW_new_collisions:
        total_PIOW: 0.00385433
        num_windows: 74
        time_check_overlap: 2.31e-06
        num_overlapping_windows: 1
        time_merge_windows: 0
        time_remove_window: 0.014859
        time_remove_window: 3.168e-06
        timing_PlanIn:
            total_PlanIn:0.00383929
            num_until_goal_expanded:329
            timing_expansions:
                total_S3Exp: 0.00381754
                time_top_o: 5.5519e-05
                time_check_in_c: 5.7665e-05
                time_add_parent: 8.1998e-05
                num_neighbors: 5928
                time_add_neighbors_to_o: 0.00310706
    num_windows_should_quit: 0
    time_should_quit: 1.5167e-05
    time_remove_window: 0
Complete!
