Total time: 0.523466
is_optimal: true
optimality_bound: 1
successive_bounds: [1.00273, 1.00273, 1.00273, 1.00273, 1.00273, 1.00273, 1.00273, 1.00273, 1.00273, 1.00273, 1.00273, 1.00273, 1.00273, 1.00273, 1.00273, 1.00273, 1.00273, 1.00164, 1.00109, 1.00109, 1.00109, 1.00109, 1.00109, 1.00109, 1.00109, 1.00109, 1.00109, 1.00109, 1.00109, 1.00109, 1.00109, 1.00109, 1, 1]
successive_runtimes: [0.0197316, 0.0259914, 0.0333912, 0.0411257, 0.052521, 0.0661637, 0.0803832, 0.0951931, 0.110197, 0.126227, 0.140678, 0.156998, 0.170584, 0.18434, 0.199472, 0.213781, 0.226828, 0.240692, 0.257318, 0.272418, 0.287493, 0.303732, 0.321716, 0.338221, 0.356885, 0.374617, 0.393904, 0.414687, 0.435376, 0.455969, 0.477873, 0.500597, 0.523466]
num_agents: 30
time_individual_plan: 0.0141407
time_first_plan: 0.00388084
num_max_agents_in_window_first_iteration: 2
num_recWAMPF: 33
timing_recWAMPF:
    total_RecWAMPF: 0.5076
    num_windows: 195
    num_max_agents_in_window: 2
    timing_gari:
        total_GARI: 0.492542
        time_path_btw_starts: 0.00102281
        Stage1:
            total_Stage1:0.256252
            time_add_x_to_o: 0.0851013
            time_clear_x: 0.0194317
            timing_AStarSearchUntil:
                total_astar_search_until:0.151693
                num_values_f_less_fmax:31635
                ASU Exp:
                    total_ASUExp:0.151684
                    time_top_o:0.0188862
                    time_check_in_c:0.0108647
                    time_add_parent:0.00738436
                    num_neighbors:115007
                    time_add_neighbors_to_o:0.0926494
        Stage2:
            total_Stage2:0.0214177
            num_len_path:174
            time_expanding_s:0.000179169
            timing_AStarSearchUntil:
                total_astar_search_until:0.0211061
                num_values_f_less_fmax:653
                ASU Exp:
                    total_ASUExp:0.0210989
                    time_top_o:0.000390839
                    time_check_in_c:0.000327356
                    time_add_parent:0.000622988
                    num_neighbors:16828
                    time_add_neighbors_to_o:0.0180024
        Stage3:
            total_Stage3:0.213736
            num_until_goal_expanded:12935
            timing_S3Exp:
                total_S3Exp: 0.125643
                time_top_o: 0.00729624
                time_check_in_c: 0.00457997
                time_add_parent: 0.00803831
                num_neighbors: 81313
                time_add_neighbors_to_o: 0.0747025
    timing_PIOW_overlapping:
        total_PIOW: 4.9012e-05
        num_windows: 288
        time_check_overlap: 2.8245e-05
        num_overlapping_windows: 0
        time_merge_windows: 0
        time_remove_window: 0
        time_remove_window: 0
        timing_PlanIn:
            total_PlanIn:0
            num_until_goal_expanded:0
            timing_expansions:
                total_S3Exp: 0
                time_top_o: 0
                time_check_in_c: 0
                time_add_parent: 0
                num_neighbors: 0
                time_add_neighbors_to_o: 0
    num_new_collisions: 3
    timing_PIOW_new_collisions:
        total_PIOW: 0.00258487
        num_windows: 6
        time_check_overlap: 1.155e-06
        num_overlapping_windows: 0
        time_merge_windows: 0
        time_remove_window: 0
        time_remove_window: 3.229e-06
        timing_PlanIn:
            total_PlanIn:0.00256886
            num_until_goal_expanded:95
            timing_expansions:
                total_S3Exp: 0.00254882
                time_top_o: 4.3252e-05
                time_check_in_c: 6.9696e-05
                time_add_parent: 0.00013891
                num_neighbors: 809
                time_add_neighbors_to_o: 0.00170272
    num_windows_should_quit: 0
    time_should_quit: 1.5824e-05
    time_remove_window: 0
Complete!
