Total time: 54.7499
is_optimal: false
optimality_bound: 1.00037
successive_bounds: [1.01428, 1.00952, 1.00549, 1.00439, 1.00366, 1.00293, 1.00293, 1.00256, 1.00256, 1.00183, 1.00183, 1.00183, 1.0011, 1.0011, 1.0011, 1.0011, 1.0011, 1.00037, 1.00037, 1.00037, 1.00037, 1.00037, 1.00037]
successive_runtimes: [0.0704519, 1.18395, 21.0197, 24.6278, 25.4064, 26.1824, 27.0229, 27.8748, 28.652, 29.3642, 30.1018, 30.8325, 31.5513, 32.196, 32.9399, 33.715, 35.311, 37.3069, 39.9699, 43.0821, 47.219, 50.6412, 54.7499]
num_agents: 40
time_individual_plan: 0.0129013
time_first_plan: 0.0563351
num_max_agents_in_window_first_iteration: 3
num_recWAMPF: 23
timing_recWAMPF:
    total_RecWAMPF: 54.7358
    num_windows: 335
    num_max_agents_in_window: 4
    timing_gari:
        total_GARI: 54.2469
        time_path_btw_starts: 0.0310834
        Stage1:
            total_Stage1:29.0546
            time_add_x_to_o: 3.99684
            time_clear_x: 1.73607
            timing_AStarSearchUntil:
                total_astar_search_until:23.3216
                num_values_f_less_fmax:84343
                ASU Exp:
                    total_ASUExp:23.3216
                    time_top_o:0.227084
                    time_check_in_c:0.131673
                    time_add_parent:0.0979759
                    num_neighbors:22026894
                    time_add_neighbors_to_o:22.5274
        Stage2:
            total_Stage2:0.0858912
            num_len_path:271
            time_expanding_s:0.000963323
            timing_AStarSearchUntil:
                total_astar_search_until:0.0845017
                num_values_f_less_fmax:559
                ASU Exp:
                    total_ASUExp:0.0844889
                    time_top_o:0.00068313
                    time_check_in_c:0.000431349
                    time_add_parent:0.000574117
                    num_neighbors:84654
                    time_add_neighbors_to_o:0.0806906
        Stage3:
            total_Stage3:25.0752
            num_until_goal_expanded:81538
            timing_S3Exp:
                total_S3Exp: 11.5076
                time_top_o: 0.216426
                time_check_in_c: 0.0736269
                time_add_parent: 0.120896
                num_neighbors: 9665988
                time_add_neighbors_to_o: 10.7615
    timing_PIOW_overlapping:
        total_PIOW: 0.420875
        num_windows: 1235
        time_check_overlap: 0.000120351
        num_overlapping_windows: 2
        time_merge_windows: 5.73e-06
        time_remove_window: 1.273e-06
        time_remove_window: 5.576e-06
        timing_PlanIn:
            total_PlanIn:0.420674
            num_until_goal_expanded:1991
            timing_expansions:
                total_S3Exp: 0.420664
                time_top_o: 0.00257237
                time_check_in_c: 0.0013798
                time_add_parent: 0.00173154
                num_neighbors: 396638
                time_add_neighbors_to_o: 0.388663
    num_new_collisions: 10
    timing_PIOW_new_collisions:
        total_PIOW: 0.0548081
        num_windows: 88
        time_check_overlap: 5.87e-06
        num_overlapping_windows: 1
        time_merge_windows: 0
        time_remove_window: 0.0187379
        time_remove_window: 7.856e-06
        timing_PlanIn:
            total_PlanIn:0.0547636
            num_until_goal_expanded:790
            timing_expansions:
                total_S3Exp: 0.0547268
                time_top_o: 0.000505939
                time_check_in_c: 0.000380466
                time_add_parent: 0.00058631
                num_neighbors: 50861
                time_add_neighbors_to_o: 0.0481541
    num_windows_should_quit: 0
    time_should_quit: 4.1874e-05
    time_remove_window: 0
Complete!
