Total time: 5.5892
is_optimal: true
optimality_bound: 1
successive_bounds: [1.00082, 1.00082, 1.00082, 1.00082, 1.00082, 1.00082, 1.00082, 1.00082, 1.00082, 1.00082, 1.00082, 1.00082, 1.00082, 1.00082, 1.00082, 1.00082, 1.00082, 1.00082, 1.00082, 1.00082, 1.00082, 1.00082, 1.00082, 1.00082, 1.00082, 1.00082, 1.00082, 1.00082, 1.00082, 1.00082, 1.00082, 1.00082, 1.00082, 1.00082, 1.00082, 1.00082, 1.00082, 1, 1]
successive_runtimes: [0.00533414, 0.00581349, 0.00669407, 0.00749483, 0.0083996, 0.00922022, 0.0103945, 0.0120353, 0.0135505, 0.0206161, 0.0300497, 0.0610059, 0.105526, 0.169295, 0.209717, 0.358706, 0.443218, 0.606437, 0.716883, 0.847366, 1.13101, 1.29775, 1.45262, 1.61503, 1.77594, 1.9278, 2.07041, 2.43734, 2.83451, 3.05336, 3.26371, 3.4989, 3.98258, 4.24804, 4.51089, 4.7747, 5.03703, 5.5892]
num_agents: 20
time_individual_plan: 0.00432987
time_first_plan: 0.00046353
num_max_agents_in_window_first_iteration: 3
num_recWAMPF: 38
timing_recWAMPF:
    total_RecWAMPF: 5.58433
    num_windows: 75
    num_max_agents_in_window: 4
    timing_gari:
        total_GARI: 5.32715
        time_path_btw_starts: 0.000251639
        Stage1:
            total_Stage1:0.54509
            time_add_x_to_o: 0.173145
            time_clear_x: 0.0299254
            timing_AStarSearchUntil:
                total_astar_search_until:0.342011
                num_values_f_less_fmax:9161
                ASU Exp:
                    total_ASUExp:0.342007
                    time_top_o:0.0073974
                    time_check_in_c:0.00246252
                    time_add_parent:0.00328401
                    num_neighbors:665695
                    time_add_neighbors_to_o:0.316531
        Stage2:
            total_Stage2:0.180188
            num_len_path:72
            time_expanding_s:4.2853e-05
            timing_AStarSearchUntil:
                total_astar_search_until:0.180103
                num_values_f_less_fmax:3004
                ASU Exp:
                    total_ASUExp:0.1801
                    time_top_o:0.00150175
                    time_check_in_c:0.00056776
                    time_add_parent:0.00141296
                    num_neighbors:309501
                    time_add_neighbors_to_o:0.172116
        Stage3:
            total_Stage3:4.6016
            num_until_goal_expanded:14451
            timing_S3Exp:
                total_S3Exp: 0.873548
                time_top_o: 0.017027
                time_check_in_c: 0.00352432
                time_add_parent: 0.00752925
                num_neighbors: 1367424
                time_add_neighbors_to_o: 0.820733
    timing_PIOW_overlapping:
        total_PIOW: 1.928e-06
        num_windows: 37
        time_check_overlap: 0
        num_overlapping_windows: 0
        time_merge_windows: 0
        time_remove_window: 0
        time_remove_window: 0
        timing_PlanIn:
            total_PlanIn:0
            num_until_goal_expanded:0
            timing_expansions:
                total_S3Exp: 0
                time_top_o: 0
                time_check_in_c: 0
                time_add_parent: 0
                num_neighbors: 0
                time_add_neighbors_to_o: 0
    num_new_collisions: 3
    timing_PIOW_new_collisions:
        total_PIOW: 0.252614
        num_windows: 2
        time_check_overlap: 3.03e-07
        num_overlapping_windows: 2
        time_merge_windows: 0
        time_remove_window: 5.34685
        time_remove_window: 7.75e-07
        timing_PlanIn:
            total_PlanIn:0.252605
            num_until_goal_expanded:3008
            timing_expansions:
                total_S3Exp: 0.252597
                time_top_o: 0.0014657
                time_check_in_c: 0.000733352
                time_add_parent: 0.00114219
                num_neighbors: 389010
                time_add_neighbors_to_o: 0.233572
    num_windows_should_quit: 0
    time_should_quit: 5.285e-06
    time_remove_window: 0
Complete!
