Total time: 34.6421
is_optimal: false
optimality_bound: 1.0028
successive_bounds: [1.00529, 1.00404, 1.00342, 1.0028, 1.0028, 1.0028, 1.0028, 1.0028, 1.0028, 1.0028, 1.0028, 1.0028, 1.0028, 1.0028, 1.0028, 1.0028, 1.0028, 1.0028, 1.0028, 1.0028, 1.0028, 1.0028, 1.0028, 1.0028, 1.0028, 1.0028, 1.0028, 1.0028, 1.0028, 1.0028, 1.0028, 1.0028, 1.0028, 1.0028, 1.0028, 1.0028, 1.0028]
successive_runtimes: [0.0249724, 0.0540035, 0.112419, 0.153321, 0.188196, 0.226314, 0.291208, 0.370516, 1.27123, 2.46214, 3.20994, 4.11244, 5.11302, 6.10185, 6.95133, 7.82219, 8.57865, 9.15234, 9.66767, 10.1691, 11.1664, 12.1155, 15.2937, 16.2106, 17.1134, 18.0156, 19.432, 20.4188, 21.4062, 22.3976, 23.3924, 24.8689, 25.9435, 30.1956, 31.6928, 33.1828, 34.6421]
num_agents: 50
time_individual_plan: 0.0154136
time_first_plan: 0.00864718
num_max_agents_in_window_first_iteration: 3
num_recWAMPF: 37
timing_recWAMPF:
    total_RecWAMPF: 34.6257
    num_windows: 200
    num_max_agents_in_window: 4
    timing_gari:
        total_GARI: 33.7723
        time_path_btw_starts: 0.00462415
        Stage1:
            total_Stage1:3.37816
            time_add_x_to_o: 0.772425
            time_clear_x: 0.287727
            timing_AStarSearchUntil:
                total_astar_search_until:2.31799
                num_values_f_less_fmax:13856
                ASU Exp:
                    total_ASUExp:2.31798
                    time_top_o:0.0251275
                    time_check_in_c:0.00951479
                    time_add_parent:0.00769035
                    num_neighbors:3164744
                    time_add_neighbors_to_o:2.22593
        Stage2:
            total_Stage2:0.0142794
            num_len_path:126
            time_expanding_s:0.00014494
            timing_AStarSearchUntil:
                total_astar_search_until:0.0139444
                num_values_f_less_fmax:208
                ASU Exp:
                    total_ASUExp:0.0139391
                    time_top_o:0.000192027
                    time_check_in_c:7.0545e-05
                    time_add_parent:0.000147578
                    num_neighbors:15817
                    time_add_neighbors_to_o:0.0128535
        Stage3:
            total_Stage3:30.3752
            num_until_goal_expanded:57863
            timing_S3Exp:
                total_S3Exp: 13.4707
                time_top_o: 0.102493
                time_check_in_c: 0.0294109
                time_add_parent: 0.0474328
                num_neighbors: 15674283
                time_add_neighbors_to_o: 13.1393
    timing_PIOW_overlapping:
        total_PIOW: 0.0376229
        num_windows: 713
        time_check_overlap: 3.4976e-05
        num_overlapping_windows: 13
        time_merge_windows: 3.2224e-05
        time_remove_window: 7.54e-06
        time_remove_window: 3.077e-05
        timing_PlanIn:
            total_PlanIn:0.0374842
            num_until_goal_expanded:1596
            timing_expansions:
                total_S3Exp: 0.0374355
                time_top_o: 0.000740314
                time_check_in_c: 0.000400736
                time_add_parent: 0.000693965
                num_neighbors: 45085
                time_add_neighbors_to_o: 0.0301563
    num_new_collisions: 17
    timing_PIOW_new_collisions:
        total_PIOW: 0.781774
        num_windows: 250
        time_check_overlap: 1.012e-05
        num_overlapping_windows: 2
        time_merge_windows: 0
        time_remove_window: 0.518781
        time_remove_window: 8.454e-06
        timing_PlanIn:
            total_PlanIn:0.78172
            num_until_goal_expanded:3414
            timing_expansions:
                total_S3Exp: 0.78166
                time_top_o: 0.00501897
                time_check_in_c: 0.00127686
                time_add_parent: 0.00210006
                num_neighbors: 974687
                time_add_neighbors_to_o: 0.730717
    num_windows_should_quit: 1
    time_should_quit: 2.1789e-05
    time_remove_window: 3.02e-07
Complete!
