Total time: 0.174633
is_optimal: true
optimality_bound: 1
successive_bounds: [1.02494, 1.02341, 1.02341, 1.02341, 1.02341, 1.02341, 1.02341, 1.02341, 1.02341, 1.02341, 1.02341, 1.02341, 1.02341, 1.02341, 1.02341, 1.02341, 1.02341, 1.02341, 1.02341, 1.02341, 1.02341, 1.02341, 1.02341, 1.02341, 1.02341, 1.02341, 1.02341, 1.02341, 1.02341, 1.02341, 1.02341, 1.02341, 1]
successive_runtimes: [0.074447, 0.148223, 0.149614, 0.150529, 0.151426, 0.152315, 0.153199, 0.154112, 0.15499, 0.155936, 0.156793, 0.15771, 0.158557, 0.159459, 0.160295, 0.161136, 0.162002, 0.162833, 0.163662, 0.164485, 0.165338, 0.166154, 0.166967, 0.167776, 0.168582, 0.16942, 0.170222, 0.171135, 0.172043, 0.173006, 0.173829, 0.174633]
num_agents: 40
time_individual_plan: 0.00548708
time_first_plan: 0.0683662
num_max_agents_in_window_first_iteration: 3
num_recWAMPF: 32
timing_recWAMPF:
    total_RecWAMPF: 0.168547
    num_windows: 70
    num_max_agents_in_window: 3
    timing_gari:
        total_GARI: 0.0128234
        time_path_btw_starts: 0.00010081
        Stage1:
            total_Stage1:0.000370065
            time_add_x_to_o: 0.000328945
            time_clear_x: 3.5061e-05
            timing_AStarSearchUntil:
                total_astar_search_until:2.532e-06
                num_values_f_less_fmax:0
                ASU Exp:
                    total_ASUExp:9.83e-07
                    time_top_o:0
                    time_check_in_c:0
                    time_add_parent:0
                    num_neighbors:0
                    time_add_neighbors_to_o:0
        Stage2:
            total_Stage2:0.00112796
            num_len_path:35
            time_expanding_s:2.0296e-05
            timing_AStarSearchUntil:
                total_astar_search_until:0.00108888
                num_values_f_less_fmax:40
                ASU Exp:
                    total_ASUExp:0.00108748
                    time_top_o:1.3293e-05
                    time_check_in_c:8.895e-06
                    time_add_parent:1.6544e-05
                    num_neighbors:3254
                    time_add_neighbors_to_o:0.000975646
        Stage3:
            total_Stage3:0.011212
            num_until_goal_expanded:421
            timing_S3Exp:
                total_S3Exp: 0.00232527
                time_top_o: 9.3993e-05
                time_check_in_c: 5.7911e-05
                time_add_parent: 9.9401e-05
                num_neighbors: 2579
                time_add_neighbors_to_o: 0.00131832
    timing_PIOW_overlapping:
        total_PIOW: 0.0730633
        num_windows: 65
        time_check_overlap: 7.22e-07
        num_overlapping_windows: 6
        time_merge_windows: 7.008e-06
        time_remove_window: 1.37e-06
        time_remove_window: 6.673e-06
        timing_PlanIn:
            total_PlanIn:0.0730447
            num_until_goal_expanded:1774
            timing_expansions:
                total_S3Exp: 0.0730234
                time_top_o: 0.000380798
                time_check_in_c: 0.000324123
                time_add_parent: 0.000517216
                num_neighbors: 155345
                time_add_neighbors_to_o: 0.0654498
    num_new_collisions: 8
    timing_PIOW_new_collisions:
        total_PIOW: 0.0661619
        num_windows: 57
        time_check_overlap: 1.742e-06
        num_overlapping_windows: 1
        time_merge_windows: 0
        time_remove_window: 0.00841447
        time_remove_window: 2.299e-06
        timing_PlanIn:
            total_PlanIn:0.0661467
            num_until_goal_expanded:1688
            timing_expansions:
                total_S3Exp: 0.0661301
                time_top_o: 0.000340248
                time_check_in_c: 0.000306052
                time_add_parent: 0.000460803
                num_neighbors: 146170
                time_add_neighbors_to_o: 0.0590363
    num_windows_should_quit: 1
    time_should_quit: 3.329e-06
    time_remove_window: 2.55e-07
Complete!
