Total time: 0.0115644
is_optimal: true
optimality_bound: 1
successive_bounds: [1.00148, 1.00148, 1.00148, 1.00148, 1.00148, 1.00148, 1, 1]
successive_runtimes: [0.00315375, 0.00402973, 0.00504314, 0.00647118, 0.00808011, 0.00992141, 0.0115644]
num_agents: 20
time_individual_plan: 0.00217975
time_first_plan: 0.000455349
num_max_agents_in_window_first_iteration: 2
num_recWAMPF: 7
timing_recWAMPF:
    total_RecWAMPF: 0.00886459
    num_windows: 13
    num_max_agents_in_window: 2
    timing_gari:
        total_GARI: 0.00777462
        time_path_btw_starts: 2.9446e-05
        Stage1:
            total_Stage1:0.00407274
            time_add_x_to_o: 0.0015102
            time_clear_x: 0.000210787
            timing_AStarSearchUntil:
                total_astar_search_until:0.00235095
                num_values_f_less_fmax:1875
                ASU Exp:
                    total_ASUExp:0.00235062
                    time_top_o:0.000414344
                    time_check_in_c:0.000287676
                    time_add_parent:0.000128225
                    num_neighbors:2412
                    time_add_neighbors_to_o:0.000865301
        Stage2:
            total_Stage2:0.000266929
            num_len_path:12
            time_expanding_s:4.486e-06
            timing_AStarSearchUntil:
                total_astar_search_until:0.000258613
                num_values_f_less_fmax:18
                ASU Exp:
                    total_ASUExp:0.000258329
                    time_top_o:4.113e-06
                    time_check_in_c:3.465e-06
                    time_add_parent:4.516e-06
                    num_neighbors:540
                    time_add_neighbors_to_o:0.000228148
        Stage3:
            total_Stage3:0.00340344
            num_until_goal_expanded:747
            timing_S3Exp:
                total_S3Exp: 0.00283048
                time_top_o: 0.000167031
                time_check_in_c: 0.0001068
                time_add_parent: 0.000218263
                num_neighbors: 4504
                time_add_neighbors_to_o: 0.00176522
    timing_PIOW_overlapping:
        total_PIOW: 1.58e-07
        num_windows: 6
        time_check_overlap: 0
        num_overlapping_windows: 0
        time_merge_windows: 0
        time_remove_window: 0
        time_remove_window: 0
        timing_PlanIn:
            total_PlanIn:0
            num_until_goal_expanded:0
            timing_expansions:
                total_S3Exp: 0
                time_top_o: 0
                time_check_in_c: 0
                time_add_parent: 0
                num_neighbors: 0
                time_add_neighbors_to_o: 0
    num_new_collisions: 1
    timing_PIOW_new_collisions:
        total_PIOW: 0.000276563
        num_windows: 0
        time_check_overlap: 0
        num_overlapping_windows: 0
        time_merge_windows: 0
        time_remove_window: 0
        time_remove_window: 3.9e-07
        timing_PlanIn:
            total_PlanIn:0.000274926
            num_until_goal_expanded:51
            timing_expansions:
                total_S3Exp: 0.000270452
                time_top_o: 6.093e-06
                time_check_in_c: 9.383e-06
                time_add_parent: 1.3235e-05
                num_neighbors: 373
                time_add_neighbors_to_o: 0.000168799
    num_windows_should_quit: 0
    time_should_quit: 3.04e-07
    time_remove_window: 0
Complete!
