Total time: 743.952
is_optimal: false
optimality_bound: 1.00475
successive_bounds: [1.00634, 1.00555, 1.00555, 1.00555, 1.00555, 1.00475, 1.00475, 1.00475]
successive_runtimes: [0.0251428, 0.0491647, 0.0642334, 0.0793252, 0.105173, 0.131379, 17.8238, 743.952]
num_agents: 40
time_individual_plan: 0.0154634
time_first_plan: 0.00826672
num_max_agents_in_window_first_iteration: 3
num_recWAMPF: 8
timing_recWAMPF:
    total_RecWAMPF: 743.935
    num_windows: 100
    num_max_agents_in_window: 7
    timing_gari:
        total_GARI: 726.231
        time_path_btw_starts: 0.000623097
        Stage1:
            total_Stage1:695.619
            time_add_x_to_o: 0.193503
            time_clear_x: 0.126073
            timing_AStarSearchUntil:
                total_astar_search_until:695.012
                num_values_f_less_fmax:7572
                ASU Exp:
                    total_ASUExp:695.012
                    time_top_o:0.0472416
                    time_check_in_c:0.00764373
                    time_add_parent:0
                    num_neighbors:0
                    time_add_neighbors_to_o:0
        Stage2:
            total_Stage2:14.964
            num_len_path:88
            time_expanding_s:0.00173754
            timing_AStarSearchUntil:
                total_astar_search_until:14.6762
                num_values_f_less_fmax:357
                ASU Exp:
                    total_ASUExp:14.6762
                    time_top_o:0.00128937
                    time_check_in_c:0.00464853
                    time_add_parent:0.00350938
                    num_neighbors:23159
                    time_add_neighbors_to_o:0.0468356
        Stage3:
            total_Stage3:15.5455
            num_until_goal_expanded:10194
            timing_S3Exp:
                total_S3Exp: 13.2895
                time_top_o: 0.0265306
                time_check_in_c: 0.0528648
                time_add_parent: 0.0140454
                num_neighbors: 13151235
                time_add_neighbors_to_o: 12.852
    timing_PIOW_overlapping:
        total_PIOW: 3.1604
        num_windows: 360
        time_check_overlap: 2.315e-05
        num_overlapping_windows: 5
        time_merge_windows: 9.952e-06
        time_remove_window: 1.717e-06
        time_remove_window: 9.501e-06
        timing_PlanIn:
            total_PlanIn:3.12745
            num_until_goal_expanded:8346
            timing_expansions:
                total_S3Exp: 3.12742
                time_top_o: 0.016
                time_check_in_c: 0.00269255
                time_add_parent: 0.00842871
                num_neighbors: 4296201
                time_add_neighbors_to_o: 2.89322
    num_new_collisions: 11
    timing_PIOW_new_collisions:
        total_PIOW: 14.5347
        num_windows: 49
        time_check_overlap: 6.722e-06
        num_overlapping_windows: 2
        time_merge_windows: 4.937e-06
        time_remove_window: 6.62e-07
        time_remove_window: 5.361e-06
        timing_PlanIn:
            total_PlanIn:14.4401
            num_until_goal_expanded:25262
            timing_expansions:
                total_S3Exp: 14.44
                time_top_o: 0.0636074
                time_check_in_c: 0.0106089
                time_add_parent: 0.0271389
                num_neighbors: 18521441
                time_add_neighbors_to_o: 13.4709
    num_windows_should_quit: 0
    time_should_quit: 3.495e-06
    time_remove_window: 0
Complete!
