Total time: 118.191
is_optimal: false
optimality_bound: 1.00382
successive_bounds: [1.00521, 1.00452, 1.00452, 1.00452, 1.00382, 1.00382, 1.00382, 1.00382, 1.00382, 1.00382, 1.00382]
successive_runtimes: [0.0593691, 0.11403, 23.0288, 58.9248, 71.7125, 83.1676, 90.0575, 98.0886, 104.437, 112.064, 118.191]
num_agents: 40
time_individual_plan: 0.0196863
time_first_plan: 0.0389339
num_max_agents_in_window_first_iteration: 3
num_recWAMPF: 11
timing_recWAMPF:
    total_RecWAMPF: 118.17
    num_windows: 61
    num_max_agents_in_window: 5
    timing_gari:
        total_GARI: 95.2689
        time_path_btw_starts: 0.00727367
        Stage1:
            total_Stage1:10.2287
            time_add_x_to_o: 2.59702
            time_clear_x: 0.784991
            timing_AStarSearchUntil:
                total_astar_search_until:6.84666
                num_values_f_less_fmax:10363
                ASU Exp:
                    total_ASUExp:6.84665
                    time_top_o:0.0189903
                    time_check_in_c:0.00543082
                    time_add_parent:0.00607759
                    num_neighbors:9158631
                    time_add_neighbors_to_o:6.78167
        Stage2:
            total_Stage2:0.0478078
            num_len_path:40
            time_expanding_s:0.000181811
            timing_AStarSearchUntil:
                total_astar_search_until:0.0475879
                num_values_f_less_fmax:66
                ASU Exp:
                    total_ASUExp:0.0475866
                    time_top_o:3.654e-05
                    time_check_in_c:1.5157e-05
                    time_add_parent:2.5207e-05
                    num_neighbors:25273
                    time_add_neighbors_to_o:0.046038
        Stage3:
            total_Stage3:84.9851
            num_until_goal_expanded:40832
            timing_S3Exp:
                total_S3Exp: 38.1436
                time_top_o: 0.0922885
                time_check_in_c: 0.0126103
                time_add_parent: 0.0263875
                num_neighbors: 51736467
                time_add_neighbors_to_o: 37.8828
    timing_PIOW_overlapping:
        total_PIOW: 1.42744
        num_windows: 147
        time_check_overlap: 6.011e-06
        num_overlapping_windows: 6
        time_merge_windows: 9.323e-06
        time_remove_window: 1.41e-06
        time_remove_window: 9.027e-06
        timing_PlanIn:
            total_PlanIn:1.42741
            num_until_goal_expanded:6956
            timing_expansions:
                total_S3Exp: 1.42739
                time_top_o: 0.00807626
                time_check_in_c: 0.00187483
                time_add_parent: 0.0035692
                num_neighbors: 2506294
                time_add_neighbors_to_o: 1.33733
    num_new_collisions: 10
    timing_PIOW_new_collisions:
        total_PIOW: 21.4678
        num_windows: 65
        time_check_overlap: 2.544e-06
        num_overlapping_windows: 2
        time_merge_windows: 0
        time_remove_window: 1.61994
        time_remove_window: 5.224e-06
        timing_PlanIn:
            total_PlanIn:21.4678
            num_until_goal_expanded:22990
            timing_expansions:
                total_S3Exp: 21.4677
                time_top_o: 0.042951
                time_check_in_c: 0.00603085
                time_add_parent: 0.0129853
                num_neighbors: 32005072
                time_add_neighbors_to_o: 20.5451
    num_windows_should_quit: 0
    time_should_quit: 4.904e-06
    time_remove_window: 0
Complete!
