Total time: 1.48004
is_optimal: true
optimality_bound: 1
successive_bounds: [1.00271, 1.00194, 1.00194, 1.00194, 1.00194, 1.00194, 1.00194, 1.00194, 1.00116, 1.00116, 1.00078, 1.00078, 1, 1]
successive_runtimes: [1.4503, 1.45406, 1.45582, 1.45767, 1.45957, 1.46156, 1.46356, 1.46565, 1.46792, 1.47142, 1.47446, 1.47693, 1.48004]
num_agents: 40
time_individual_plan: 0.00808799
time_first_plan: 1.4412
num_max_agents_in_window_first_iteration: 3
num_recWAMPF: 13
timing_recWAMPF:
    total_RecWAMPF: 1.47094
    num_windows: 125
    num_max_agents_in_window: 3
    timing_gari:
        total_GARI: 0.0247331
        time_path_btw_starts: 0.000283353
        Stage1:
            total_Stage1:0.00792368
            time_add_x_to_o: 0.0049138
            time_clear_x: 0.000898846
            timing_AStarSearchUntil:
                total_astar_search_until:0.00210454
                num_values_f_less_fmax:599
                ASU Exp:
                    total_ASUExp:0.00210189
                    time_top_o:0.000147792
                    time_check_in_c:0.000101619
                    time_add_parent:7.2283e-05
                    num_neighbors:3920
                    time_add_neighbors_to_o:0.00147984
        Stage2:
            total_Stage2:0.00383901
            num_len_path:116
            time_expanding_s:0.000169314
            timing_AStarSearchUntil:
                total_astar_search_until:0.00363418
                num_values_f_less_fmax:242
                ASU Exp:
                    total_ASUExp:0.00363172
                    time_top_o:5.917e-05
                    time_check_in_c:4.6003e-05
                    time_add_parent:7.1691e-05
                    num_neighbors:8059
                    time_add_neighbors_to_o:0.0031699
        Stage3:
            total_Stage3:0.0122053
            num_until_goal_expanded:975
            timing_S3Exp:
                total_S3Exp: 0.00707669
                time_top_o: 0.000238469
                time_check_in_c: 0.000121718
                time_add_parent: 0.000224419
                num_neighbors: 13084
                time_add_neighbors_to_o: 0.00503038
    timing_PIOW_overlapping:
        total_PIOW: 1.8858e-05
        num_windows: 300
        time_check_overlap: 1.1431e-05
        num_overlapping_windows: 0
        time_merge_windows: 0
        time_remove_window: 0
        time_remove_window: 0
        timing_PlanIn:
            total_PlanIn:0
            num_until_goal_expanded:0
            timing_expansions:
                total_S3Exp: 0
                time_top_o: 0
                time_check_in_c: 0
                time_add_parent: 0
                num_neighbors: 0
                time_add_neighbors_to_o: 0
    num_new_collisions: 6
    timing_PIOW_new_collisions:
        total_PIOW: 1.43914
        num_windows: 28
        time_check_overlap: 1.858e-06
        num_overlapping_windows: 1
        time_merge_windows: 2.62e-06
        time_remove_window: 2.27e-07
        time_remove_window: 4.421e-06
        timing_PlanIn:
            total_PlanIn:1.43911
            num_until_goal_expanded:90150
            timing_expansions:
                total_S3Exp: 0.226665
                time_top_o: 0.0256354
                time_check_in_c: 0.0164851
                time_add_parent: 0.0218167
                num_neighbors: 2620532
                time_add_neighbors_to_o: 1.0804
    num_windows_should_quit: 0
    time_should_quit: 4.464e-06
    time_remove_window: 0
Complete!
