Total time: 0.358111
is_optimal: false
optimality_bound: 1.00433
successive_bounds: [1.00765, 1.00663, 1.00612, 1.00561, 1.00561, 1.00484, 1.00484, 1.00484, 1.00484, 1.00484, 1.00484, 1.00484, 1.00484, 1.00484, 1.00484, 1.00484, 1.00484, 1.00484, 1.00433, 1.00433]
successive_runtimes: [0.0160523, 0.0227348, 0.0287037, 0.0362642, 0.0454944, 0.0580867, 0.0723791, 0.0779078, 0.0811613, 0.0844337, 0.0876685, 0.0907476, 0.094063, 0.0974936, 0.101016, 0.104555, 0.108245, 0.115935, 0.120991, 0.358111]
num_agents: 60
time_individual_plan: 0.00839776
time_first_plan: 0.00702449
num_max_agents_in_window_first_iteration: 2
num_recWAMPF: 20
timing_recWAMPF:
    total_RecWAMPF: 0.349077
    num_windows: 250
    num_max_agents_in_window: 5
    timing_gari:
        total_GARI: 0.0767845
        time_path_btw_starts: 0.000913277
        Stage1:
            total_Stage1:0.0250203
            time_add_x_to_o: 0.0133076
            time_clear_x: 0.0018599
            timing_AStarSearchUntil:
                total_astar_search_until:0.00983731
                num_values_f_less_fmax:588
                ASU Exp:
                    total_ASUExp:0.0098308
                    time_top_o:0.000236023
                    time_check_in_c:0.000100857
                    time_add_parent:0.000243008
                    num_neighbors:17922
                    time_add_neighbors_to_o:0.00844583
        Stage2:
            total_Stage2:0.00734089
            num_len_path:175
            time_expanding_s:0.000247202
            timing_AStarSearchUntil:
                total_astar_search_until:0.00700164
                num_values_f_less_fmax:239
                ASU Exp:
                    total_ASUExp:0.00699568
                    time_top_o:8.9192e-05
                    time_check_in_c:5.9371e-05
                    time_add_parent:0.000105946
                    num_neighbors:13677
                    time_add_neighbors_to_o:0.00634761
        Stage3:
            total_Stage3:0.0431448
            num_until_goal_expanded:1416
            timing_S3Exp:
                total_S3Exp: 0.0269107
                time_top_o: 0.000434468
                time_check_in_c: 0.000249989
                time_add_parent: 0.000441541
                num_neighbors: 39705
                time_add_neighbors_to_o: 0.0231816
    timing_PIOW_overlapping:
        total_PIOW: 0.103364
        num_windows: 1028
        time_check_overlap: 4.7471e-05
        num_overlapping_windows: 14
        time_merge_windows: 1.6402e-05
        time_remove_window: 3.592e-06
        time_remove_window: 1.5491e-05
        timing_PlanIn:
            total_PlanIn:0.10324
            num_until_goal_expanded:1241
            timing_expansions:
                total_S3Exp: 0.103208
                time_top_o: 0.000583953
                time_check_in_c: 0.00034361
                time_add_parent: 0.00051203
                num_neighbors: 130161
                time_add_neighbors_to_o: 0.0949229
    num_new_collisions: 19
    timing_PIOW_new_collisions:
        total_PIOW: 0.149799
        num_windows: 298
        time_check_overlap: 1.1265e-05
        num_overlapping_windows: 1
        time_merge_windows: 0
        time_remove_window: 0.211526
        time_remove_window: 1.391e-05
        timing_PlanIn:
            total_PlanIn:0.149739
            num_until_goal_expanded:1051
            timing_expansions:
                total_S3Exp: 0.149702
                time_top_o: 0.000594469
                time_check_in_c: 0.000251669
                time_add_parent: 0.000501527
                num_neighbors: 169219
                time_add_neighbors_to_o: 0.140463
    num_windows_should_quit: 0
    time_should_quit: 1.3103e-05
    time_remove_window: 0
Complete!
