Total time: 0.0511493
is_optimal: true
optimality_bound: 1
successive_bounds: [1.00251, 1.00201, 1.00201, 1.00201, 1.00201, 1.00201, 1.00201, 1.00201, 1.00201, 1.00201, 1.00201, 1.00201, 1.00201, 1.00201, 1.001, 1.001, 1.001, 1.001, 1.001, 1.001, 1.001, 1.001, 1.001, 1.001, 1.001, 1.001, 1.001, 1.001, 1.001, 1.001, 1.001, 1.001, 1, 1]
successive_runtimes: [0.0107238, 0.0116908, 0.012626, 0.0135615, 0.0145133, 0.015471, 0.0164726, 0.017503, 0.0184855, 0.0195845, 0.0207434, 0.0219391, 0.0231371, 0.0243918, 0.0260891, 0.0277439, 0.0293868, 0.0306545, 0.0319357, 0.0331868, 0.0344225, 0.0356417, 0.0368981, 0.0381958, 0.0396332, 0.0410193, 0.0423777, 0.0438478, 0.0450958, 0.0463718, 0.0476105, 0.0488517, 0.0511492]
num_agents: 30
time_individual_plan: 0.00830237
time_first_plan: 0.0013987
num_max_agents_in_window_first_iteration: 2
num_recWAMPF: 33
timing_recWAMPF:
    total_RecWAMPF: 0.0418146
    num_windows: 195
    num_max_agents_in_window: 2
    timing_gari:
        total_GARI: 0.0315901
        time_path_btw_starts: 0.000812756
        Stage1:
            total_Stage1:0.00355764
            time_add_x_to_o: 0.00276832
            time_clear_x: 0.000331709
            timing_AStarSearchUntil:
                total_astar_search_until:0.000441967
                num_values_f_less_fmax:18
                ASU Exp:
                    total_ASUExp:0.000435749
                    time_top_o:1.0155e-05
                    time_check_in_c:1.9438e-05
                    time_add_parent:1.8195e-05
                    num_neighbors:411
                    time_add_neighbors_to_o:0.000331762
        Stage2:
            total_Stage2:0.00784527
            num_len_path:194
            time_expanding_s:0.000170515
            timing_AStarSearchUntil:
                total_astar_search_until:0.00758354
                num_values_f_less_fmax:290
                ASU Exp:
                    total_ASUExp:0.00757814
                    time_top_o:0.000131624
                    time_check_in_c:0.000130597
                    time_add_parent:0.000257052
                    num_neighbors:7052
                    time_add_neighbors_to_o:0.00622574
        Stage3:
            total_Stage3:0.0192897
            num_until_goal_expanded:306
            timing_S3Exp:
                total_S3Exp: 0.00681721
                time_top_o: 9.4278e-05
                time_check_in_c: 8.6347e-05
                time_add_parent: 0.000190925
                num_neighbors: 3792
                time_add_neighbors_to_o: 0.00428756
    timing_PIOW_overlapping:
        total_PIOW: 3.6046e-05
        num_windows: 288
        time_check_overlap: 2.062e-05
        num_overlapping_windows: 0
        time_merge_windows: 0
        time_remove_window: 0
        time_remove_window: 0
        timing_PlanIn:
            total_PlanIn:0
            num_until_goal_expanded:0
            timing_expansions:
                total_S3Exp: 0
                time_top_o: 0
                time_check_in_c: 0
                time_add_parent: 0
                num_neighbors: 0
                time_add_neighbors_to_o: 0
    num_new_collisions: 3
    timing_PIOW_new_collisions:
        total_PIOW: 0.000853305
        num_windows: 6
        time_check_overlap: 2.171e-06
        num_overlapping_windows: 0
        time_merge_windows: 0
        time_remove_window: 0
        time_remove_window: 1.686e-06
        timing_PlanIn:
            total_PlanIn:0.000842972
            num_until_goal_expanded:31
            timing_expansions:
                total_S3Exp: 0.000820985
                time_top_o: 9.884e-06
                time_check_in_c: 1.2795e-05
                time_add_parent: 2.6149e-05
                num_neighbors: 619
                time_add_neighbors_to_o: 0.00066277
    num_windows_should_quit: 0
    time_should_quit: 7.978e-06
    time_remove_window: 0
Complete!
