Total time: 0.949477
is_optimal: true
optimality_bound: 1
successive_bounds: [1.00344, 1.00344, 1.00344, 1.00344, 1.00268, 1.00268, 1.0023, 1.00191, 1.00115, 1.00115, 1.00115, 1.00115, 1.00115, 1.00115, 1, 1]
successive_runtimes: [0.0110463, 0.0121223, 0.0136835, 0.0152275, 0.0166555, 0.0186827, 0.0393124, 0.0805681, 0.143438, 0.212461, 0.284021, 0.42419, 0.567414, 0.73276, 0.949477]
num_agents: 40
time_individual_plan: 0.00884549
time_first_plan: 0.00162124
num_max_agents_in_window_first_iteration: 2
num_recWAMPF: 15
timing_recWAMPF:
    total_RecWAMPF: 0.940048
    num_windows: 144
    num_max_agents_in_window: 3
    timing_gari:
        total_GARI: 0.889356
        time_path_btw_starts: 0.00044251
        Stage1:
            total_Stage1:0.558543
            time_add_x_to_o: 0.189528
            time_clear_x: 0.0406451
            timing_AStarSearchUntil:
                total_astar_search_until:0.328357
                num_values_f_less_fmax:11572
                ASU Exp:
                    total_ASUExp:0.328351
                    time_top_o:0.00872087
                    time_check_in_c:0.00372174
                    time_add_parent:0.00858248
                    num_neighbors:665637
                    time_add_neighbors_to_o:0.294421
        Stage2:
            total_Stage2:0.0583346
            num_len_path:159
            time_expanding_s:0.000139592
            timing_AStarSearchUntil:
                total_astar_search_until:0.0581363
                num_values_f_less_fmax:3483
                ASU Exp:
                    total_ASUExp:0.0581329
                    time_top_o:0.00122802
                    time_check_in_c:0.000689163
                    time_add_parent:0.00104093
                    num_neighbors:114629
                    time_add_neighbors_to_o:0.0516355
        Stage3:
            total_Stage3:0.272003
            num_until_goal_expanded:2897
            timing_S3Exp:
                total_S3Exp: 0.0635055
                time_top_o: 0.00118746
                time_check_in_c: 0.000466773
                time_add_parent: 0.000977185
                num_neighbors: 119467
                time_add_neighbors_to_o: 0.0567548
    timing_PIOW_overlapping:
        total_PIOW: 0.0168001
        num_windows: 366
        time_check_overlap: 1.7141e-05
        num_overlapping_windows: 2
        time_merge_windows: 3.854e-06
        time_remove_window: 5.29e-07
        time_remove_window: 3.72e-06
        timing_PlanIn:
            total_PlanIn:0.0167656
            num_until_goal_expanded:401
            timing_expansions:
                total_S3Exp: 0.0167607
                time_top_o: 0.0001043
                time_check_in_c: 6.6001e-05
                time_add_parent: 0.000106722
                num_neighbors: 33038
                time_add_neighbors_to_o: 0.0150718
    num_new_collisions: 8
    timing_PIOW_new_collisions:
        total_PIOW: 0.0266676
        num_windows: 49
        time_check_overlap: 2.254e-06
        num_overlapping_windows: 2
        time_merge_windows: 0
        time_remove_window: 0.963017
        time_remove_window: 2.115e-06
        timing_PlanIn:
            total_PlanIn:0.0266515
            num_until_goal_expanded:829
            timing_expansions:
                total_S3Exp: 0.0266347
                time_top_o: 0.000205394
                time_check_in_c: 0.000136473
                time_add_parent: 0.000217733
                num_neighbors: 49069
                time_add_neighbors_to_o: 0.0236679
    num_windows_should_quit: 0
    time_should_quit: 8.743e-06
    time_remove_window: 0
Complete!
