Total time: 0.0130291
is_optimal: true
optimality_bound: 1
successive_bounds: [1.00163, 1.00163, 1.00163, 1.00163, 1.00054, 1.00054, 1.00054, 1.00054, 1.00054, 1.00054, 1, 1]
successive_runtimes: [0.00600863, 0.00635606, 0.00673912, 0.00710123, 0.00775049, 0.0083567, 0.00882227, 0.00938177, 0.00999418, 0.0105538, 0.0130291]
num_agents: 30
time_individual_plan: 0.00505271
time_first_plan: 0.000425377
num_max_agents_in_window_first_iteration: 2
num_recWAMPF: 11
timing_recWAMPF:
    total_RecWAMPF: 0.00744391
    num_windows: 42
    num_max_agents_in_window: 2
    timing_gari:
        total_GARI: 0.00510644
        time_path_btw_starts: 8.6359e-05
        Stage1:
            total_Stage1:0.000464183
            time_add_x_to_o: 0.000395575
            time_clear_x: 3.9026e-05
            timing_AStarSearchUntil:
                total_astar_search_until:2.7269e-05
                num_values_f_less_fmax:6
                ASU Exp:
                    total_ASUExp:2.6337e-05
                    time_top_o:1.581e-06
                    time_check_in_c:8.25e-07
                    time_add_parent:5.48e-07
                    num_neighbors:45
                    time_add_neighbors_to_o:1.876e-05
        Stage2:
            total_Stage2:0.00310382
            num_len_path:50
            time_expanding_s:2.0228e-05
            timing_AStarSearchUntil:
                total_astar_search_until:0.00307304
                num_values_f_less_fmax:249
                ASU Exp:
                    total_ASUExp:0.00307215
                    time_top_o:5.555e-05
                    time_check_in_c:7.5974e-05
                    time_add_parent:6.778e-05
                    num_neighbors:5698
                    time_add_neighbors_to_o:0.00261033
        Stage3:
            total_Stage3:0.00144666
            num_until_goal_expanded:82
            timing_S3Exp:
                total_S3Exp: 0.000878795
                time_top_o: 1.4571e-05
                time_check_in_c: 1.0413e-05
                time_add_parent: 1.7204e-05
                num_neighbors: 1269
                time_add_neighbors_to_o: 0.000697858
    timing_PIOW_overlapping:
        total_PIOW: 2.43e-06
        num_windows: 40
        time_check_overlap: 1.24e-06
        num_overlapping_windows: 0
        time_merge_windows: 0
        time_remove_window: 0
        time_remove_window: 0
        timing_PlanIn:
            total_PlanIn:0
            num_until_goal_expanded:0
            timing_expansions:
                total_S3Exp: 0
                time_top_o: 0
                time_check_in_c: 0
                time_add_parent: 0
                num_neighbors: 0
                time_add_neighbors_to_o: 0
    num_new_collisions: 2
    timing_PIOW_new_collisions:
        total_PIOW: 0.000163011
        num_windows: 2
        time_check_overlap: 1.96e-07
        num_overlapping_windows: 0
        time_merge_windows: 0
        time_remove_window: 0
        time_remove_window: 6.64e-07
        timing_PlanIn:
            total_PlanIn:0.000160214
            num_until_goal_expanded:13
            timing_expansions:
                total_S3Exp: 0.000155619
                time_top_o: 2.377e-06
                time_check_in_c: 2.553e-06
                time_add_parent: 4.411e-06
                num_neighbors: 244
                time_add_neighbors_to_o: 0.000122049
    num_windows_should_quit: 0
    time_should_quit: 8.95e-07
    time_remove_window: 0
Complete!
