Total time: 0.0078968
is_optimal: true
optimality_bound: 1
successive_bounds: [1.00296, 1.00296, 1.00296, 1.00296, 1.00296, 1.00296, 1.00296, 1.00296, 1.00296, 1.00296, 1.00296, 1, 1]
successive_runtimes: [0.00299549, 0.00317233, 0.00348721, 0.0039736, 0.00447192, 0.0049236, 0.00547995, 0.00620949, 0.00697835, 0.00725896, 0.00745584, 0.00789677]
num_agents: 10
time_individual_plan: 0.00224578
time_first_plan: 0.000128439
num_max_agents_in_window_first_iteration: 2
num_recWAMPF: 12
timing_recWAMPF:
    total_RecWAMPF: 0.00502736
    num_windows: 23
    num_max_agents_in_window: 2
    timing_gari:
        total_GARI: 0.00470239
        time_path_btw_starts: 5.6837e-05
        Stage1:
            total_Stage1:0.00162027
            time_add_x_to_o: 0.000666909
            time_clear_x: 7.3538e-05
            timing_AStarSearchUntil:
                total_astar_search_until:0.000878409
                num_values_f_less_fmax:96
                ASU Exp:
                    total_ASUExp:0.000877788
                    time_top_o:2.761e-05
                    time_check_in_c:2.1308e-05
                    time_add_parent:3.7083e-05
                    num_neighbors:1770
                    time_add_neighbors_to_o:0.000700871
        Stage2:
            total_Stage2:0.0016912
            num_len_path:21
            time_expanding_s:1.0658e-05
            timing_AStarSearchUntil:
                total_astar_search_until:0.00167346
                num_values_f_less_fmax:150
                ASU Exp:
                    total_ASUExp:0.00167292
                    time_top_o:3.9355e-05
                    time_check_in_c:2.962e-05
                    time_add_parent:4.1868e-05
                    num_neighbors:3360
                    time_add_neighbors_to_o:0.00138409
        Stage3:
            total_Stage3:0.0013298
            num_until_goal_expanded:55
            timing_S3Exp:
                total_S3Exp: 0.000598397
                time_top_o: 1.2688e-05
                time_check_in_c: 8.618e-06
                time_add_parent: 1.3611e-05
                num_neighbors: 674
                time_add_neighbors_to_o: 0.000452097
    timing_PIOW_overlapping:
        total_PIOW: 5.5e-07
        num_windows: 11
        time_check_overlap: 0
        num_overlapping_windows: 0
        time_merge_windows: 0
        time_remove_window: 0
        time_remove_window: 0
        timing_PlanIn:
            total_PlanIn:0
            num_until_goal_expanded:0
            timing_expansions:
                total_S3Exp: 0
                time_top_o: 0
                time_check_in_c: 0
                time_add_parent: 0
                num_neighbors: 0
                time_add_neighbors_to_o: 0
    num_new_collisions: 1
    timing_PIOW_new_collisions:
        total_PIOW: 0.0001045
        num_windows: 0
        time_check_overlap: 0
        num_overlapping_windows: 0
        time_merge_windows: 0
        time_remove_window: 0
        time_remove_window: 2.81e-07
        timing_PlanIn:
            total_PlanIn:0.000102271
            num_until_goal_expanded:11
            timing_expansions:
                total_S3Exp: 9.9159e-05
                time_top_o: 2.335e-06
                time_check_in_c: 2.68e-06
                time_add_parent: 4.71e-06
                num_neighbors: 145
                time_add_neighbors_to_o: 6.9382e-05
    num_windows_should_quit: 0
    time_should_quit: 9.12e-07
    time_remove_window: 0
Complete!
