Total time: 0.0233288
is_optimal: true
optimality_bound: 1
successive_bounds: [1.00252, 1.00252, 1.00252, 1.00252, 1.00252, 1.00252, 1.00168, 1.00168, 1.00168, 1.00168, 1.00168, 1.00168, 1.00168, 1.00168, 1.00168, 1.00168, 1.00168, 1.00168, 1, 1]
successive_runtimes: [0.00393191, 0.00439816, 0.00484766, 0.00536551, 0.00581889, 0.00628168, 0.00809144, 0.0095831, 0.0106403, 0.0114284, 0.0121623, 0.0130601, 0.0140652, 0.015228, 0.0164871, 0.0179016, 0.0194679, 0.021179, 0.0233288]
num_agents: 20
time_individual_plan: 0.00297919
time_first_plan: 0.000425178
num_max_agents_in_window_first_iteration: 2
num_recWAMPF: 19
timing_recWAMPF:
    total_RecWAMPF: 0.0198192
    num_windows: 74
    num_max_agents_in_window: 2
    timing_gari:
        total_GARI: 0.0179151
        time_path_btw_starts: 0.000164327
        Stage1:
            total_Stage1:0.00819769
            time_add_x_to_o: 0.00332977
            time_clear_x: 0.000468577
            timing_AStarSearchUntil:
                total_astar_search_until:0.0043953
                num_values_f_less_fmax:1374
                ASU Exp:
                    total_ASUExp:0.00439348
                    time_top_o:0.000342446
                    time_check_in_c:0.000223401
                    time_add_parent:0.000164846
                    num_neighbors:8392
                    time_add_neighbors_to_o:0.00306458
        Stage2:
            total_Stage2:0.00281669
            num_len_path:71
            time_expanding_s:2.9493e-05
            timing_AStarSearchUntil:
                total_astar_search_until:0.00276827
                num_values_f_less_fmax:217
                ASU Exp:
                    total_ASUExp:0.00276676
                    time_top_o:5.0661e-05
                    time_check_in_c:5.2468e-05
                    time_add_parent:7.1571e-05
                    num_neighbors:5678
                    time_add_neighbors_to_o:0.00235823
        Stage3:
            total_Stage3:0.00672563
            num_until_goal_expanded:821
            timing_S3Exp:
                total_S3Exp: 0.00393086
                time_top_o: 0.000184602
                time_check_in_c: 0.000118864
                time_add_parent: 0.000227151
                num_neighbors: 6490
                time_add_neighbors_to_o: 0.00255704
    timing_PIOW_overlapping:
        total_PIOW: 4.482e-06
        num_windows: 72
        time_check_overlap: 2.215e-06
        num_overlapping_windows: 0
        time_merge_windows: 0
        time_remove_window: 0
        time_remove_window: 0
        timing_PlanIn:
            total_PlanIn:0
            num_until_goal_expanded:0
            timing_expansions:
                total_S3Exp: 0
                time_top_o: 0
                time_check_in_c: 0
                time_add_parent: 0
                num_neighbors: 0
                time_add_neighbors_to_o: 0
    num_new_collisions: 2
    timing_PIOW_new_collisions:
        total_PIOW: 0.000287499
        num_windows: 2
        time_check_overlap: 1.24e-07
        num_overlapping_windows: 0
        time_merge_windows: 0
        time_remove_window: 0
        time_remove_window: 7.56e-07
        timing_PlanIn:
            total_PlanIn:0.000284622
            num_until_goal_expanded:34
            timing_expansions:
                total_S3Exp: 0.000278822
                time_top_o: 4.623e-06
                time_check_in_c: 6.368e-06
                time_add_parent: 9.572e-06
                num_neighbors: 393
                time_add_neighbors_to_o: 0.000207486
    num_windows_should_quit: 0
    time_should_quit: 2.411e-06
    time_remove_window: 0
Complete!
