Total time: 47.7312
is_optimal: false
optimality_bound: 1.00673
successive_bounds: [1.00969, 1.00861, 1.00834, 1.0078, 1.0078, 1.007, 1.007, 1.007, 1.00673, 1.00673, 1.00673, 1.00673, 1.00673, 1.00673, 1.00673, 1.00673, 1.00673, 1.00673]
successive_runtimes: [0.0253824, 0.0423632, 0.0545264, 0.0631065, 0.0670294, 0.0702637, 0.0724227, 0.0738127, 0.101504, 0.12762, 0.140278, 0.169441, 0.221895, 0.425101, 0.881101, 1.39491, 30.1208, 47.7312]
num_agents: 50
time_individual_plan: 0.0162155
time_first_plan: 0.00845308
num_max_agents_in_window_first_iteration: 2
num_recWAMPF: 18
timing_recWAMPF:
    total_RecWAMPF: 47.7143
    num_windows: 110
    num_max_agents_in_window: 4
    timing_gari:
        total_GARI: 47.6444
        time_path_btw_starts: 0.000309884
        Stage1:
            total_Stage1:16.2913
            time_add_x_to_o: 3.16723
            time_clear_x: 0.637659
            timing_AStarSearchUntil:
                total_astar_search_until:12.4864
                num_values_f_less_fmax:52592
                ASU Exp:
                    total_ASUExp:12.4863
                    time_top_o:0.159947
                    time_check_in_c:0.0489263
                    time_add_parent:0.0430086
                    num_neighbors:13176946
                    time_add_neighbors_to_o:11.9059
        Stage2:
            total_Stage2:0.00486933
            num_len_path:81
            time_expanding_s:5.9544e-05
            timing_AStarSearchUntil:
                total_astar_search_until:0.00474241
                num_values_f_less_fmax:150
                ASU Exp:
                    total_ASUExp:0.00473995
                    time_top_o:5.4529e-05
                    time_check_in_c:3.4572e-05
                    time_add_parent:6.9194e-05
                    num_neighbors:6938
                    time_add_neighbors_to_o:0.00430481
        Stage3:
            total_Stage3:31.3479
            num_until_goal_expanded:68819
            timing_S3Exp:
                total_S3Exp: 28.0995
                time_top_o: 0.182429
                time_check_in_c: 0.0462993
                time_add_parent: 0.0647091
                num_neighbors: 33265862
                time_add_neighbors_to_o: 27.6035
    timing_PIOW_overlapping:
        total_PIOW: 0.0441665
        num_windows: 731
        time_check_overlap: 2.6456e-05
        num_overlapping_windows: 20
        time_merge_windows: 2.6467e-05
        time_remove_window: 5.339e-06
        time_remove_window: 2.5012e-05
        timing_PlanIn:
            total_PlanIn:0.0440517
            num_until_goal_expanded:752
            timing_expansions:
                total_S3Exp: 0.0440005
                time_top_o: 0.000185214
                time_check_in_c: 0.000222341
                time_add_parent: 0.000267334
                num_neighbors: 57088
                time_add_neighbors_to_o: 0.0400896
    num_new_collisions: 22
    timing_PIOW_new_collisions:
        total_PIOW: 0.00917999
        num_windows: 407
        time_check_overlap: 1.4298e-05
        num_overlapping_windows: 1
        time_merge_windows: 0
        time_remove_window: 0.0365849
        time_remove_window: 9.441e-06
        timing_PlanIn:
            total_PlanIn:0.00911505
            num_until_goal_expanded:584
            timing_expansions:
                total_S3Exp: 0.0090711
                time_top_o: 0.00010219
                time_check_in_c: 0.000123829
                time_add_parent: 0.000173741
                num_neighbors: 13670
                time_add_neighbors_to_o: 0.00735338
    num_windows_should_quit: 0
    time_should_quit: 9.44e-06
    time_remove_window: 0
Complete!
