Total time: 0.0780892
is_optimal: true
optimality_bound: 1
successive_bounds: [1.0018, 1.0018, 1.0018, 1.0009, 1.0009, 1.0009, 1.0009, 1.0009, 1.0009, 1.0009, 1.0009, 1, 1]
successive_runtimes: [0.026529, 0.0280383, 0.0295022, 0.0475588, 0.0512871, 0.0549097, 0.0585706, 0.0629235, 0.0672682, 0.07055, 0.0739845, 0.0780892]
num_agents: 30
time_individual_plan: 0.022926
time_first_plan: 0.00201314
num_max_agents_in_window_first_iteration: 2
num_recWAMPF: 12
timing_recWAMPF:
    total_RecWAMPF: 0.053567
    num_windows: 69
    num_max_agents_in_window: 3
    timing_gari:
        total_GARI: 0.0295669
        time_path_btw_starts: 0.000496625
        Stage1:
            total_Stage1:0.00181368
            time_add_x_to_o: 0.00162001
            time_clear_x: 0.000179389
            timing_AStarSearchUntil:
                total_astar_search_until:6.757e-06
                num_values_f_less_fmax:0
                ASU Exp:
                    total_ASUExp:2.809e-06
                    time_top_o:0
                    time_check_in_c:0
                    time_add_parent:0
                    num_neighbors:0
                    time_add_neighbors_to_o:0
        Stage2:
            total_Stage2:0.00404462
            num_len_path:59
            time_expanding_s:7.7996e-05
            timing_AStarSearchUntil:
                total_astar_search_until:0.00391848
                num_values_f_less_fmax:90
                ASU Exp:
                    total_ASUExp:0.00391491
                    time_top_o:5.8761e-05
                    time_check_in_c:6.4637e-05
                    time_add_parent:0.000118492
                    num_neighbors:2672
                    time_add_neighbors_to_o:0.00325211
        Stage3:
            total_Stage3:0.0231735
            num_until_goal_expanded:311
            timing_S3Exp:
                total_S3Exp: 0.010198
                time_top_o: 0.00017093
                time_check_in_c: 0.000143548
                time_add_parent: 0.000334295
                num_neighbors: 4895
                time_add_neighbors_to_o: 0.00787222
    timing_PIOW_overlapping:
        total_PIOW: 1.6358e-05
        num_windows: 99
        time_check_overlap: 9.172e-06
        num_overlapping_windows: 0
        time_merge_windows: 0
        time_remove_window: 0
        time_remove_window: 0
        timing_PlanIn:
            total_PlanIn:0
            num_until_goal_expanded:0
            timing_expansions:
                total_S3Exp: 0
                time_top_o: 0
                time_check_in_c: 0
                time_add_parent: 0
                num_neighbors: 0
                time_add_neighbors_to_o: 0
    num_new_collisions: 4
    timing_PIOW_new_collisions:
        total_PIOW: 0.017278
        num_windows: 12
        time_check_overlap: 1.68e-06
        num_overlapping_windows: 1
        time_merge_windows: 0
        time_remove_window: 0.0312139
        time_remove_window: 3.986e-06
        timing_PlanIn:
            total_PlanIn:0.0172545
            num_until_goal_expanded:116
            timing_expansions:
                total_S3Exp: 0.0172015
                time_top_o: 8.1506e-05
                time_check_in_c: 7.4076e-05
                time_add_parent: 0.000150307
                num_neighbors: 8278
                time_add_neighbors_to_o: 0.0156093
    num_windows_should_quit: 0
    time_should_quit: 6.174e-06
    time_remove_window: 0
Complete!
