Total time: 0.0142948
is_optimal: true
optimality_bound: 1
successive_bounds: [1.00163, 1.00163, 1.00163, 1.00163, 1.00054, 1.00054, 1.00054, 1.00054, 1.00054, 1.00054, 1, 1]
successive_runtimes: [0.0069661, 0.00730159, 0.00767463, 0.00802505, 0.00862726, 0.00921687, 0.00969126, 0.0103096, 0.0109492, 0.011521, 0.0142948]
num_agents: 30
time_individual_plan: 0.00582436
time_first_plan: 0.000407477
num_max_agents_in_window_first_iteration: 2
num_recWAMPF: 11
timing_recWAMPF:
    total_RecWAMPF: 0.00773368
    num_windows: 42
    num_max_agents_in_window: 2
    timing_gari:
        total_GARI: 0.00576697
        time_path_btw_starts: 0.000104682
        Stage1:
            total_Stage1:0.000489862
            time_add_x_to_o: 0.000409344
            time_clear_x: 4.6819e-05
            timing_AStarSearchUntil:
                total_astar_search_until:3.1254e-05
                num_values_f_less_fmax:6
                ASU Exp:
                    total_ASUExp:3.0133e-05
                    time_top_o:1.862e-06
                    time_check_in_c:9.86e-07
                    time_add_parent:6.73e-07
                    num_neighbors:45
                    time_add_neighbors_to_o:2.1147e-05
        Stage2:
            total_Stage2:0.00352927
            num_len_path:50
            time_expanding_s:2.287e-05
            timing_AStarSearchUntil:
                total_astar_search_until:0.00349462
                num_values_f_less_fmax:249
                ASU Exp:
                    total_ASUExp:0.00349367
                    time_top_o:6.636e-05
                    time_check_in_c:5.8123e-05
                    time_add_parent:7.8562e-05
                    num_neighbors:5698
                    time_add_neighbors_to_o:0.00299698
        Stage3:
            total_Stage3:0.00163564
            num_until_goal_expanded:82
            timing_S3Exp:
                total_S3Exp: 0.000936334
                time_top_o: 1.6591e-05
                time_check_in_c: 1.2924e-05
                time_add_parent: 1.9563e-05
                num_neighbors: 1269
                time_add_neighbors_to_o: 0.000726592
    timing_PIOW_overlapping:
        total_PIOW: 2.997e-06
        num_windows: 40
        time_check_overlap: 1.319e-06
        num_overlapping_windows: 0
        time_merge_windows: 0
        time_remove_window: 0
        time_remove_window: 0
        timing_PlanIn:
            total_PlanIn:0
            num_until_goal_expanded:0
            timing_expansions:
                total_S3Exp: 0
                time_top_o: 0
                time_check_in_c: 0
                time_add_parent: 0
                num_neighbors: 0
                time_add_neighbors_to_o: 0
    num_new_collisions: 2
    timing_PIOW_new_collisions:
        total_PIOW: 0.000183036
        num_windows: 2
        time_check_overlap: 1.56e-07
        num_overlapping_windows: 0
        time_merge_windows: 0
        time_remove_window: 0
        time_remove_window: 7.3e-07
        timing_PlanIn:
            total_PlanIn:0.000179462
            num_until_goal_expanded:13
            timing_expansions:
                total_S3Exp: 0.000174244
                time_top_o: 2.841e-06
                time_check_in_c: 2.909e-06
                time_add_parent: 5.186e-06
                num_neighbors: 244
                time_add_neighbors_to_o: 0.000135856
    num_windows_should_quit: 0
    time_should_quit: 1.113e-06
    time_remove_window: 0
Complete!
