Total time: 0.00695945
is_optimal: true
optimality_bound: 1
successive_bounds: [1.00237, 1.00237, 1.00237, 1.00237, 1.00237, 1.00237, 1.00237, 1.00237, 1.00237, 1.00237, 1.00237, 1.00237, 1, 1]
successive_runtimes: [0.00326987, 0.00348451, 0.00369133, 0.0039049, 0.00412399, 0.00439333, 0.00468948, 0.00502781, 0.00538785, 0.0057605, 0.00612412, 0.00654822, 0.00695942]
num_agents: 10
time_individual_plan: 0.00233586
time_first_plan: 0.000191732
num_max_agents_in_window_first_iteration: 2
num_recWAMPF: 13
timing_recWAMPF:
    total_RecWAMPF: 0.00387725
    num_windows: 25
    num_max_agents_in_window: 2
    timing_gari:
        total_GARI: 0.00326536
        time_path_btw_starts: 0.000103918
        Stage1:
            total_Stage1:0.000454609
            time_add_x_to_o: 0.000151245
            time_clear_x: 3.2899e-05
            timing_AStarSearchUntil:
                total_astar_search_until:0.000160721
                num_values_f_less_fmax:61
                ASU Exp:
                    total_ASUExp:0.000159952
                    time_top_o:2.1084e-05
                    time_check_in_c:6.411e-06
                    time_add_parent:0
                    num_neighbors:0
                    time_add_neighbors_to_o:0
        Stage2:
            total_Stage2:0.00146238
            num_len_path:25
            time_expanding_s:1.7473e-05
            timing_AStarSearchUntil:
                total_astar_search_until:0.00137941
                num_values_f_less_fmax:70
                ASU Exp:
                    total_ASUExp:0.00137871
                    time_top_o:2.4029e-05
                    time_check_in_c:2.0184e-05
                    time_add_parent:4.3044e-05
                    num_neighbors:1514
                    time_add_neighbors_to_o:0.000983833
        Stage3:
            total_Stage3:0.00112893
            num_until_goal_expanded:58
            timing_S3Exp:
                total_S3Exp: 0.000695213
                time_top_o: 2.2838e-05
                time_check_in_c: 1.4839e-05
                time_add_parent: 2.1832e-05
                num_neighbors: 705
                time_add_neighbors_to_o: 0.000485906
    timing_PIOW_overlapping:
        total_PIOW: 5.81e-07
        num_windows: 12
        time_check_overlap: 0
        num_overlapping_windows: 0
        time_merge_windows: 0
        time_remove_window: 0
        time_remove_window: 0
        timing_PlanIn:
            total_PlanIn:0
            num_until_goal_expanded:0
            timing_expansions:
                total_S3Exp: 0
                time_top_o: 0
                time_check_in_c: 0
                time_add_parent: 0
                num_neighbors: 0
                time_add_neighbors_to_o: 0
    num_new_collisions: 1
    timing_PIOW_new_collisions:
        total_PIOW: 0.000143365
        num_windows: 0
        time_check_overlap: 0
        num_overlapping_windows: 0
        time_merge_windows: 0
        time_remove_window: 0
        time_remove_window: 5.95e-07
        timing_PlanIn:
            total_PlanIn:0.000140369
            num_until_goal_expanded:7
            timing_expansions:
                total_S3Exp: 0.000132599
                time_top_o: 1.907e-06
                time_check_in_c: 2.003e-06
                time_add_parent: 4.878e-06
                num_neighbors: 135
                time_add_neighbors_to_o: 9.1651e-05
    num_windows_should_quit: 0
    time_should_quit: 4.09e-07
    time_remove_window: 0
Complete!
