Total time: 0.022542
is_optimal: true
optimality_bound: 1
successive_bounds: [1.00289, 1.00289, 1.00289, 1.00289, 1.00289, 1.00289, 1.00289, 1.00289, 1.00289, 1.00289, 1.00289, 1.00289, 1.00289, 1.00289, 1.00289, 1.00289, 1.00289, 1.00289, 1.00289, 1.00289, 1.00289, 1, 1]
successive_runtimes: [0.00210656, 0.00223127, 0.00235374, 0.0024733, 0.00259607, 0.00272405, 0.00286016, 0.00300908, 0.00313537, 0.00326036, 0.00339837, 0.0035307, 0.0036643, 0.00379584, 0.00393239, 0.00407387, 0.0042251, 0.00437591, 0.00453144, 0.0046888, 0.00484872, 0.022542]
num_agents: 10
time_individual_plan: 0.0013523
time_first_plan: 0.000217374
num_max_agents_in_window_first_iteration: 2
num_recWAMPF: 22
timing_recWAMPF:
    total_RecWAMPF: 0.0206501
    num_windows: 43
    num_max_agents_in_window: 2
    timing_gari:
        total_GARI: 0.0199742
        time_path_btw_starts: 9.5788e-05
        Stage1:
            total_Stage1:0.000235553
            time_add_x_to_o: 0.000206247
            time_clear_x: 2.4599e-05
            timing_AStarSearchUntil:
                total_astar_search_until:2.067e-06
                num_values_f_less_fmax:0
                ASU Exp:
                    total_ASUExp:1.126e-06
                    time_top_o:0
                    time_check_in_c:0
                    time_add_parent:0
                    num_neighbors:0
                    time_add_neighbors_to_o:0
        Stage2:
            total_Stage2:0.0180094
            num_len_path:58
            time_expanding_s:2.185e-05
            timing_AStarSearchUntil:
                total_astar_search_until:0.0179773
                num_values_f_less_fmax:1432
                ASU Exp:
                    total_ASUExp:0.0179764
                    time_top_o:0.000451501
                    time_check_in_c:0.0002654
                    time_add_parent:0.000388176
                    num_neighbors:34385
                    time_add_neighbors_to_o:0.01548
        Stage3:
            total_Stage3:0.00162677
            num_until_goal_expanded:48
            timing_S3Exp:
                total_S3Exp: 0.000320574
                time_top_o: 7.176e-06
                time_check_in_c: 4.183e-06
                time_add_parent: 9.855e-06
                num_neighbors: 300
                time_add_neighbors_to_o: 0.000174289
    timing_PIOW_overlapping:
        total_PIOW: 5.27e-07
        num_windows: 21
        time_check_overlap: 0
        num_overlapping_windows: 0
        time_merge_windows: 0
        time_remove_window: 0
        time_remove_window: 0
        timing_PlanIn:
            total_PlanIn:0
            num_until_goal_expanded:0
            timing_expansions:
                total_S3Exp: 0
                time_top_o: 0
                time_check_in_c: 0
                time_add_parent: 0
                num_neighbors: 0
                time_add_neighbors_to_o: 0
    num_new_collisions: 1
    timing_PIOW_new_collisions:
        total_PIOW: 0.000151531
        num_windows: 0
        time_check_overlap: 0
        num_overlapping_windows: 0
        time_merge_windows: 0
        time_remove_window: 0
        time_remove_window: 2.73e-07
        timing_PlanIn:
            total_PlanIn:0.00015007
            num_until_goal_expanded:8
            timing_expansions:
                total_S3Exp: 0.000144991
                time_top_o: 1.866e-06
                time_check_in_c: 2.037e-06
                time_add_parent: 2.898e-06
                num_neighbors: 160
                time_add_neighbors_to_o: 0.000121756
    num_windows_should_quit: 0
    time_should_quit: 1.131e-06
    time_remove_window: 0
Complete!
