Total time: 0.0718921
is_optimal: true
optimality_bound: 1
successive_bounds: [1.00212, 1.00212, 1.00106, 1.00106, 1.00106, 1.00106, 1.00106, 1.00106, 1.00106, 1.00106, 1.00106, 1.00106, 1.00106, 1.00106, 1.00106, 1.00106, 1.00106, 1, 1]
successive_runtimes: [0.0101792, 0.0123295, 0.0138719, 0.015156, 0.0158012, 0.0166832, 0.0175728, 0.0184711, 0.0198784, 0.0216954, 0.0243238, 0.0270646, 0.0300386, 0.0335585, 0.0361864, 0.0407554, 0.0466683, 0.0718921]
num_agents: 50
time_individual_plan: 0.0086888
time_first_plan: 0.000891457
num_max_agents_in_window_first_iteration: 2
num_recWAMPF: 18
timing_recWAMPF:
    total_RecWAMPF: 0.0625987
    num_windows: 70
    num_max_agents_in_window: 2
    timing_gari:
        total_GARI: 0.0554103
        time_path_btw_starts: 0.000385122
        Stage1:
            total_Stage1:0.0415503
            time_add_x_to_o: 0.00561839
            time_clear_x: 0.0005352
            timing_AStarSearchUntil:
                total_astar_search_until:0.0353902
                num_values_f_less_fmax:4390
                ASU Exp:
                    total_ASUExp:0.0353877
                    time_top_o:0.00182652
                    time_check_in_c:0.000926908
                    time_add_parent:0.00121839
                    num_neighbors:64626
                    time_add_neighbors_to_o:0.0273687
        Stage2:
            total_Stage2:0.00334747
            num_len_path:78
            time_expanding_s:6.2143e-05
            timing_AStarSearchUntil:
                total_astar_search_until:0.00325327
                num_values_f_less_fmax:197
                ASU Exp:
                    total_ASUExp:0.00325084
                    time_top_o:6.9291e-05
                    time_check_in_c:5.0851e-05
                    time_add_parent:9.2561e-05
                    num_neighbors:4773
                    time_add_neighbors_to_o:0.00268648
        Stage3:
            total_Stage3:0.010108
            num_until_goal_expanded:665
            timing_S3Exp:
                total_S3Exp: 0.00590345
                time_top_o: 0.000244984
                time_check_in_c: 0.000154095
                time_add_parent: 0.000207504
                num_neighbors: 9346
                time_add_neighbors_to_o: 0.00429325
    timing_PIOW_overlapping:
        total_PIOW: 2.52e-05
        num_windows: 68
        time_check_overlap: 2.0999e-05
        num_overlapping_windows: 0
        time_merge_windows: 0
        time_remove_window: 0
        time_remove_window: 0
        timing_PlanIn:
            total_PlanIn:0
            num_until_goal_expanded:0
            timing_expansions:
                total_S3Exp: 0
                time_top_o: 0
                time_check_in_c: 0
                time_add_parent: 0
                num_neighbors: 0
                time_add_neighbors_to_o: 0
    num_new_collisions: 2
    timing_PIOW_new_collisions:
        total_PIOW: 0.000264168
        num_windows: 2
        time_check_overlap: 1.45e-07
        num_overlapping_windows: 0
        time_merge_windows: 0
        time_remove_window: 0
        time_remove_window: 8.95e-07
        timing_PlanIn:
            total_PlanIn:0.000260557
            num_until_goal_expanded:28
            timing_expansions:
                total_S3Exp: 0.000255433
                time_top_o: 4.902e-06
                time_check_in_c: 6.461e-06
                time_add_parent: 9.425e-06
                num_neighbors: 300
                time_add_neighbors_to_o: 0.000161057
    num_windows_should_quit: 0
    time_should_quit: 3.232e-06
    time_remove_window: 0
Complete!
