Total time: 0.225759
is_optimal: false
optimality_bound: 1.00465
successive_bounds: [1.00815, 1.00815, 1.00815, 1.00776, 1.00698, 1.00698, 1.00543, 1.00465]
successive_runtimes: [0.0101366, 0.0190466, 0.0278977, 0.0375358, 0.0484019, 0.0762164, 0.110683, 0.225759]
num_agents: 40
time_individual_plan: 0.0043692
time_first_plan: 0.0052493
num_max_agents_in_window_first_iteration: 3
num_recWAMPF: 8
timing_recWAMPF:
    total_RecWAMPF: 0.220869
    num_windows: 159
    num_max_agents_in_window: 3
    timing_gari:
        total_GARI: 0.210919
        time_path_btw_starts: 0.000399784
        Stage1:
            total_Stage1:0.131834
            time_add_x_to_o: 0.0219355
            time_clear_x: 0.00349303
            timing_AStarSearchUntil:
                total_astar_search_until:0.106397
                num_values_f_less_fmax:6114
                ASU Exp:
                    total_ASUExp:0.106393
                    time_top_o:0.00235569
                    time_check_in_c:0.00143904
                    time_add_parent:0.000810652
                    num_neighbors:252885
                    time_add_neighbors_to_o:0.098062
        Stage2:
            total_Stage2:0.0213389
            num_len_path:153
            time_expanding_s:5.8778e-05
            timing_AStarSearchUntil:
                total_astar_search_until:0.0212375
                num_values_f_less_fmax:532
                ASU Exp:
                    total_ASUExp:0.0212345
                    time_top_o:0.000158973
                    time_check_in_c:0.00012586
                    time_add_parent:0.000139687
                    num_neighbors:50816
                    time_add_neighbors_to_o:0.020155
        Stage3:
            total_Stage3:0.0300037
            num_until_goal_expanded:2441
            timing_S3Exp:
                total_S3Exp: 0.024014
                time_top_o: 0.000582937
                time_check_in_c: 0.000370619
                time_add_parent: 0.000718449
                num_neighbors: 49268
                time_add_neighbors_to_o: 0.0198459
    timing_PIOW_overlapping:
        total_PIOW: 0.00147724
        num_windows: 800
        time_check_overlap: 2.4413e-05
        num_overlapping_windows: 1
        time_merge_windows: 1.439e-06
        time_remove_window: 1.95e-07
        time_remove_window: 1.388e-06
        timing_PlanIn:
            total_PlanIn:0.00143293
            num_until_goal_expanded:34
            timing_expansions:
                total_S3Exp: 0.00143105
                time_top_o: 7.144e-06
                time_check_in_c: 5.925e-06
                time_add_parent: 8.785e-06
                num_neighbors: 2630
                time_add_neighbors_to_o: 0.00128958
    num_new_collisions: 12
    timing_PIOW_new_collisions:
        total_PIOW: 0.00303379
        num_windows: 137
        time_check_overlap: 3.53e-06
        num_overlapping_windows: 1
        time_merge_windows: 0
        time_remove_window: 0.00790299
        time_remove_window: 3.259e-06
        timing_PlanIn:
            total_PlanIn:0.00301094
            num_until_goal_expanded:236
            timing_expansions:
                total_S3Exp: 0.00298972
                time_top_o: 3.0516e-05
                time_check_in_c: 3.9983e-05
                time_add_parent: 6.3497e-05
                num_neighbors: 5011
                time_add_neighbors_to_o: 0.00240622
    num_windows_should_quit: 0
    time_should_quit: 7.803e-06
    time_remove_window: 0
Complete!
