Total time: 1.39404
is_optimal: true
optimality_bound: 1
successive_bounds: [1.00487, 1.00373, 1.00373, 1.00373, 1.00315, 1.00315, 1.00201, 1.00201, 1.00201, 1.00201, 1.00172, 1.00172, 1.00172, 1.00115, 1.00115, 1.00115, 1.00115, 1.00115, 1.00115, 1.00115, 1.00057, 1, 1]
successive_runtimes: [0.0162321, 0.0219288, 0.0272072, 0.0472582, 0.0850993, 0.110768, 0.12293, 0.137185, 0.231541, 0.282832, 0.487884, 0.597655, 0.698886, 0.794479, 0.861682, 0.945276, 1.02509, 1.09559, 1.16773, 1.23842, 1.31741, 1.39404]
num_agents: 50
time_individual_plan: 0.00872732
time_first_plan: 0.00699269
num_max_agents_in_window_first_iteration: 3
num_recWAMPF: 22
timing_recWAMPF:
    total_RecWAMPF: 1.3848
    num_windows: 377
    num_max_agents_in_window: 5
    timing_gari:
        total_GARI: 1.26905
        time_path_btw_starts: 0.00669935
        Stage1:
            total_Stage1:0.219868
            time_add_x_to_o: 0.108052
            time_clear_x: 0.0208238
            timing_AStarSearchUntil:
                total_astar_search_until:0.0909647
                num_values_f_less_fmax:23881
                ASU Exp:
                    total_ASUExp:0.0909533
                    time_top_o:0.00786859
                    time_check_in_c:0.00469465
                    time_add_parent:0.00454744
                    num_neighbors:158385
                    time_add_neighbors_to_o:0.063966
        Stage2:
            total_Stage2:0.0310644
            num_len_path:343
            time_expanding_s:0.000572779
            timing_AStarSearchUntil:
                total_astar_search_until:0.0303145
                num_values_f_less_fmax:719
                ASU Exp:
                    total_ASUExp:0.0303067
                    time_top_o:0.000261639
                    time_check_in_c:0.000172167
                    time_add_parent:0.000222144
                    num_neighbors:60952
                    time_add_neighbors_to_o:0.0284535
        Stage3:
            total_Stage3:1.01121
            num_until_goal_expanded:13695
            timing_S3Exp:
                total_S3Exp: 0.391856
                time_top_o: 0.00455765
                time_check_in_c: 0.00221339
                time_add_parent: 0.00466305
                num_neighbors: 588495
                time_add_neighbors_to_o: 0.358085
    timing_PIOW_overlapping:
        total_PIOW: 0.0162079
        num_windows: 1658
        time_check_overlap: 7.6234e-05
        num_overlapping_windows: 2
        time_merge_windows: 3.64e-06
        time_remove_window: 1.111e-06
        time_remove_window: 3.514e-06
        timing_PlanIn:
            total_PlanIn:0.0160857
            num_until_goal_expanded:291
            timing_expansions:
                total_S3Exp: 0.016081
                time_top_o: 8.1805e-05
                time_check_in_c: 5.2607e-05
                time_add_parent: 7.8479e-05
                num_neighbors: 32606
                time_add_neighbors_to_o: 0.0145994
    num_new_collisions: 13
    timing_PIOW_new_collisions:
        total_PIOW: 0.0812445
        num_windows: 142
        time_check_overlap: 1.818e-05
        num_overlapping_windows: 3
        time_merge_windows: 0
        time_remove_window: 0.324004
        time_remove_window: 5.271e-06
        timing_PlanIn:
            total_PlanIn:0.0812011
            num_until_goal_expanded:380
            timing_expansions:
                total_S3Exp: 0.081167
                time_top_o: 8.2062e-05
                time_check_in_c: 7.0974e-05
                time_add_parent: 0.000103224
                num_neighbors: 92488
                time_add_neighbors_to_o: 0.0779897
    num_windows_should_quit: 0
    time_should_quit: 2.7524e-05
    time_remove_window: 0
Complete!
