Total time: 6.6096
is_optimal: true
optimality_bound: 1
successive_bounds: [1.00182, 1.00182, 1.00182, 1.00182, 1.00182, 1.00182, 1.00091, 1.00091, 1.00046, 1.00046, 1.00046, 1.00046, 1.00046, 1.00046, 1.00046, 1.00046, 1.00046, 1.00046, 1.00046, 1.00046, 1.00046, 1.00046, 1.00046, 1.00046, 1.00046, 1.00046, 1.00046, 1, 1]
successive_runtimes: [0.00822917, 0.0115998, 0.0260527, 0.0534238, 0.101109, 0.177403, 0.247343, 0.282181, 0.299303, 0.317848, 0.339612, 0.368944, 0.396399, 0.440871, 0.523743, 0.657493, 0.847994, 1.05263, 1.33207, 1.67283, 2.0422, 2.4694, 3.02066, 3.58724, 4.22365, 4.92768, 5.68499, 6.6096]
num_agents: 30
time_individual_plan: 0.00662245
time_first_plan: 0.00108864
num_max_agents_in_window_first_iteration: 2
num_recWAMPF: 28
timing_recWAMPF:
    total_RecWAMPF: 6.60246
    num_windows: 165
    num_max_agents_in_window: 3
    timing_gari:
        total_GARI: 6.59176
        time_path_btw_starts: 0.000598964
        Stage1:
            total_Stage1:4.09828
            time_add_x_to_o: 1.42242
            time_clear_x: 0.700428
            timing_AStarSearchUntil:
                total_astar_search_until:1.97541
                num_values_f_less_fmax:95724
                ASU Exp:
                    total_ASUExp:1.9754
                    time_top_o:0.144471
                    time_check_in_c:0.0354575
                    time_add_parent:0.025203
                    num_neighbors:3600400
                    time_add_neighbors_to_o:1.67568
        Stage2:
            total_Stage2:0.0257495
            num_len_path:172
            time_expanding_s:0.000116662
            timing_AStarSearchUntil:
                total_astar_search_until:0.0255393
                num_values_f_less_fmax:573
                ASU Exp:
                    total_ASUExp:0.0255355
                    time_top_o:0.000222119
                    time_check_in_c:0.000104624
                    time_add_parent:0.000221631
                    num_neighbors:55491
                    time_add_neighbors_to_o:0.0241588
        Stage3:
            total_Stage3:2.46709
            num_until_goal_expanded:32248
            timing_S3Exp:
                total_S3Exp: 0.489566
                time_top_o: 0.0188254
                time_check_in_c: 0.00850078
                time_add_parent: 0.0177569
                num_neighbors: 774231
                time_add_neighbors_to_o: 0.397112
    timing_PIOW_overlapping:
        total_PIOW: 1.8733e-05
        num_windows: 243
        time_check_overlap: 1.0726e-05
        num_overlapping_windows: 0
        time_merge_windows: 0
        time_remove_window: 0
        time_remove_window: 0
        timing_PlanIn:
            total_PlanIn:0
            num_until_goal_expanded:0
            timing_expansions:
                total_S3Exp: 0
                time_top_o: 0
                time_check_in_c: 0
                time_add_parent: 0
                num_neighbors: 0
                time_add_neighbors_to_o: 0
    num_new_collisions: 4
    timing_PIOW_new_collisions:
        total_PIOW: 0.00255343
        num_windows: 13
        time_check_overlap: 5.8e-07
        num_overlapping_windows: 1
        time_merge_windows: 0
        time_remove_window: 0.00939397
        time_remove_window: 1.031e-06
        timing_PlanIn:
            total_PlanIn:0.00254625
            num_until_goal_expanded:204
            timing_expansions:
                total_S3Exp: 0.00253731
                time_top_o: 2.727e-05
                time_check_in_c: 3.4588e-05
                time_add_parent: 5.2641e-05
                num_neighbors: 4412
                time_add_neighbors_to_o: 0.00203356
    num_windows_should_quit: 0
    time_should_quit: 1.1089e-05
    time_remove_window: 0
Complete!
