Total time: 14.6451
is_optimal: true
optimality_bound: 1
successive_bounds: [1.00545, 1.00272, 1.00212, 1.00151, 1.00121, 1.00121, 1.00121, 1.00121, 1.00061, 1.00061, 1, 1]
successive_runtimes: [0.0652784, 0.0968424, 0.117675, 0.132791, 0.175807, 0.197564, 0.211782, 0.22723, 0.243628, 9.78284, 14.6451]
num_agents: 50
time_individual_plan: 0.0321452
time_first_plan: 0.0315718
num_max_agents_in_window_first_iteration: 3
num_recWAMPF: 11
timing_recWAMPF:
    total_RecWAMPF: 14.6114
    num_windows: 182
    num_max_agents_in_window: 6
    timing_gari:
        total_GARI: 5.00672
        time_path_btw_starts: 0.000891181
        Stage1:
            total_Stage1:2.96603
            time_add_x_to_o: 2.36341
            time_clear_x: 0.572639
            timing_AStarSearchUntil:
                total_astar_search_until:0.0299584
                num_values_f_less_fmax:4651
                ASU Exp:
                    total_ASUExp:0.0299503
                    time_top_o:0.00228828
                    time_check_in_c:0.00139296
                    time_add_parent:0.00147922
                    num_neighbors:21616
                    time_add_neighbors_to_o:0.0198194
        Stage2:
            total_Stage2:0.188142
            num_len_path:180
            time_expanding_s:0.00212471
            timing_AStarSearchUntil:
                total_astar_search_until:0.185915
                num_values_f_less_fmax:355
                ASU Exp:
                    total_ASUExp:0.185909
                    time_top_o:0.000159293
                    time_check_in_c:0.000179185
                    time_add_parent:0.00098768
                    num_neighbors:44038
                    time_add_neighbors_to_o:0.169307
        Stage3:
            total_Stage3:1.85087
            num_until_goal_expanded:4127
            timing_S3Exp:
                total_S3Exp: 0.889652
                time_top_o: 0.00193568
                time_check_in_c: 0.00108607
                time_add_parent: 0.00209986
                num_neighbors: 41962
                time_add_neighbors_to_o: 0.0374329
    timing_PIOW_overlapping:
        total_PIOW: 9.54778
        num_windows: 808
        time_check_overlap: 4.3663e-05
        num_overlapping_windows: 4
        time_merge_windows: 1.3778e-05
        time_remove_window: 2.594e-06
        time_remove_window: 1.3475e-05
        timing_PlanIn:
            total_PlanIn:9.54768
            num_until_goal_expanded:21210
            timing_expansions:
                total_S3Exp: 9.54766
                time_top_o: 0.0174218
                time_check_in_c: 0.00914301
                time_add_parent: 0.0245518
                num_neighbors: 9186636
                time_add_neighbors_to_o: 9.04492
    num_new_collisions: 13
    timing_PIOW_new_collisions:
        total_PIOW: 0.0355884
        num_windows: 150
        time_check_overlap: 1.0155e-05
        num_overlapping_windows: 3
        time_merge_windows: 0
        time_remove_window: 0.321974
        time_remove_window: 1.3398e-05
        timing_PlanIn:
            total_PlanIn:0.0355071
            num_until_goal_expanded:882
            timing_expansions:
                total_S3Exp: 0.0353817
                time_top_o: 0.000341159
                time_check_in_c: 0.00045862
                time_add_parent: 0.000960944
                num_neighbors: 22290
                time_add_neighbors_to_o: 0.0285536
    num_windows_should_quit: 0
    time_should_quit: 1.6109e-05
    time_remove_window: 0
Complete!
