Total time: 0.0184725
is_optimal: true
optimality_bound: 1
successive_bounds: [1.00284, 1.00284, 1.00284, 1.00284, 1.00284, 1.00284, 1.00284, 1.00284, 1.00284, 1.00284, 1.00284, 1.00284, 1.00284, 1.00284, 1.00284, 1.00284, 1.00284, 1.00284, 1.00284, 1, 1]
successive_runtimes: [0.00215529, 0.00231762, 0.00244457, 0.00257161, 0.00270081, 0.0028359, 0.00297658, 0.00311942, 0.00326618, 0.00347494, 0.0036496, 0.00379828, 0.00392771, 0.00411313, 0.00430499, 0.00451768, 0.00473537, 0.00494927, 0.00513507, 0.0184725]
num_agents: 10
time_individual_plan: 0.00143944
time_first_plan: 0.000203612
num_max_agents_in_window_first_iteration: 2
num_recWAMPF: 20
timing_recWAMPF:
    total_RecWAMPF: 0.0165182
    num_windows: 39
    num_max_agents_in_window: 2
    timing_gari:
        total_GARI: 0.0158589
        time_path_btw_starts: 0.000137297
        Stage1:
            total_Stage1:0.000351732
            time_add_x_to_o: 0.000300876
            time_clear_x: 4.6704e-05
            timing_AStarSearchUntil:
                total_astar_search_until:1.984e-06
                num_values_f_less_fmax:0
                ASU Exp:
                    total_ASUExp:1.121e-06
                    time_top_o:0
                    time_check_in_c:0
                    time_add_parent:0
                    num_neighbors:0
                    time_add_neighbors_to_o:0
        Stage2:
            total_Stage2:0.0142093
            num_len_path:55
            time_expanding_s:3.6255e-05
            timing_AStarSearchUntil:
                total_astar_search_until:0.0141503
                num_values_f_less_fmax:1058
                ASU Exp:
                    total_ASUExp:0.0141495
                    time_top_o:0.000358437
                    time_check_in_c:0.000218955
                    time_add_parent:0.000285802
                    num_neighbors:26349
                    time_add_neighbors_to_o:0.0121755
        Stage3:
            total_Stage3:0.00115467
            num_until_goal_expanded:37
            timing_S3Exp:
                total_S3Exp: 0.000179813
                time_top_o: 4.875e-06
                time_check_in_c: 3.391e-06
                time_add_parent: 8.386e-06
                num_neighbors: 87
                time_add_neighbors_to_o: 5.9352e-05
    timing_PIOW_overlapping:
        total_PIOW: 4.7e-07
        num_windows: 19
        time_check_overlap: 0
        num_overlapping_windows: 0
        time_merge_windows: 0
        time_remove_window: 0
        time_remove_window: 0
        timing_PlanIn:
            total_PlanIn:0
            num_until_goal_expanded:0
            timing_expansions:
                total_S3Exp: 0
                time_top_o: 0
                time_check_in_c: 0
                time_add_parent: 0
                num_neighbors: 0
                time_add_neighbors_to_o: 0
    num_new_collisions: 1
    timing_PIOW_new_collisions:
        total_PIOW: 0.000167081
        num_windows: 0
        time_check_overlap: 0
        num_overlapping_windows: 0
        time_merge_windows: 0
        time_remove_window: 0
        time_remove_window: 2.96e-07
        timing_PlanIn:
            total_PlanIn:0.000165479
            num_until_goal_expanded:8
            timing_expansions:
                total_S3Exp: 0.000161073
                time_top_o: 1.66e-06
                time_check_in_c: 1.988e-06
                time_add_parent: 3.196e-06
                num_neighbors: 139
                time_add_neighbors_to_o: 0.000108012
    num_windows_should_quit: 0
    time_should_quit: 9.73e-07
    time_remove_window: 0
Complete!
