Total time: 0.0728753
is_optimal: false
optimality_bound: 1.00145
successive_bounds: [1.00241, 1.00241, 1.00145, 1.00145, 1.00145, 1.00145, 1.00145, 1.00145, 1.00145, 1.00145]
successive_runtimes: [0.0393438, 0.043633, 0.0479495, 0.0520859, 0.0558115, 0.0593647, 0.0628099, 0.0661885, 0.0695742, 0.0728752]
num_agents: 30
time_individual_plan: 0.0138628
time_first_plan: 0.023881
num_max_agents_in_window_first_iteration: 2
num_recWAMPF: 10
timing_recWAMPF:
    total_RecWAMPF: 0.0574056
    num_windows: 57
    num_max_agents_in_window: 2
    timing_gari:
        total_GARI: 0.0296249
        time_path_btw_starts: 0.000291272
        Stage1:
            total_Stage1:0.005345
            time_add_x_to_o: 0.00340986
            time_clear_x: 0.000504823
            timing_AStarSearchUntil:
                total_astar_search_until:0.001423
                num_values_f_less_fmax:496
                ASU Exp:
                    total_ASUExp:0.00142027
                    time_top_o:0.000288076
                    time_check_in_c:0.000131612
                    time_add_parent:5.2044e-05
                    num_neighbors:516
                    time_add_neighbors_to_o:0.000679989
        Stage2:
            total_Stage2:0.00211983
            num_len_path:43
            time_expanding_s:5.297e-05
            timing_AStarSearchUntil:
                total_astar_search_until:0.00202728
                num_values_f_less_fmax:53
                ASU Exp:
                    total_ASUExp:0.00202491
                    time_top_o:3.6473e-05
                    time_check_in_c:3.4674e-05
                    time_add_parent:6.7211e-05
                    num_neighbors:1341
                    time_add_neighbors_to_o:0.00166513
        Stage3:
            total_Stage3:0.0205126
            num_until_goal_expanded:790
            timing_S3Exp:
                total_S3Exp: 0.0101789
                time_top_o: 0.000462619
                time_check_in_c: 0.000343743
                time_add_parent: 0.00075359
                num_neighbors: 4711
                time_add_neighbors_to_o: 0.00587566
    timing_PIOW_overlapping:
        total_PIOW: 1.6265e-05
        num_windows: 81
        time_check_overlap: 9.167e-06
        num_overlapping_windows: 0
        time_merge_windows: 0
        time_remove_window: 0
        time_remove_window: 0
        timing_PlanIn:
            total_PlanIn:0
            num_until_goal_expanded:0
            timing_expansions:
                total_S3Exp: 0
                time_top_o: 0
                time_check_in_c: 0
                time_add_parent: 0
                num_neighbors: 0
                time_add_neighbors_to_o: 0
    num_new_collisions: 3
    timing_PIOW_new_collisions:
        total_PIOW: 0.0229729
        num_windows: 6
        time_check_overlap: 1.092e-06
        num_overlapping_windows: 0
        time_merge_windows: 0
        time_remove_window: 0
        time_remove_window: 2.905e-06
        timing_PlanIn:
            total_PlanIn:0.0229587
            num_until_goal_expanded:527
            timing_expansions:
                total_S3Exp: 0.0228973
                time_top_o: 0.000384874
                time_check_in_c: 0.000342938
                time_add_parent: 0.000738935
                num_neighbors: 10995
                time_add_neighbors_to_o: 0.0183803
    num_windows_should_quit: 0
    time_should_quit: 5.992e-06
    time_remove_window: 0
Complete!
