Total time: 0.0156484
is_optimal: true
optimality_bound: 1
successive_bounds: [1.00325, 1.00325, 1.00325, 1.00325, 1.00163, 1.00163, 1.00163, 1.00163, 1.00163, 1.00163, 1, 1]
successive_runtimes: [0.00309402, 0.00341254, 0.00372708, 0.00404307, 0.00446624, 0.00478998, 0.00510865, 0.00543315, 0.00576397, 0.00619773, 0.0156484]
num_agents: 20
time_individual_plan: 0.00215409
time_first_plan: 0.000367669
num_max_agents_in_window_first_iteration: 2
num_recWAMPF: 11
timing_recWAMPF:
    total_RecWAMPF: 0.0129201
    num_windows: 42
    num_max_agents_in_window: 2
    timing_gari:
        total_GARI: 0.0115911
        time_path_btw_starts: 9.6183e-05
        Stage1:
            total_Stage1:0.000286799
            time_add_x_to_o: 0.000256649
            time_clear_x: 2.6147e-05
            timing_AStarSearchUntil:
                total_astar_search_until:1.698e-06
                num_values_f_less_fmax:0
                ASU Exp:
                    total_ASUExp:7.32e-07
                    time_top_o:0
                    time_check_in_c:0
                    time_add_parent:0
                    num_neighbors:0
                    time_add_neighbors_to_o:0
        Stage2:
            total_Stage2:0.00971995
            num_len_path:51
            time_expanding_s:1.9796e-05
            timing_AStarSearchUntil:
                total_astar_search_until:0.00968999
                num_values_f_less_fmax:740
                ASU Exp:
                    total_ASUExp:0.00968912
                    time_top_o:0.000232901
                    time_check_in_c:0.000145043
                    time_add_parent:0.000200284
                    num_neighbors:18949
                    time_add_neighbors_to_o:0.00838297
        Stage3:
            total_Stage3:0.00148246
            num_until_goal_expanded:84
            timing_S3Exp:
                total_S3Exp: 0.000679631
                time_top_o: 1.4942e-05
                time_check_in_c: 9.927e-06
                time_add_parent: 1.6429e-05
                num_neighbors: 895
                time_add_neighbors_to_o: 0.000502092
    timing_PIOW_overlapping:
        total_PIOW: 2.605e-06
        num_windows: 40
        time_check_overlap: 1.279e-06
        num_overlapping_windows: 0
        time_merge_windows: 0
        time_remove_window: 0
        time_remove_window: 0
        timing_PlanIn:
            total_PlanIn:0
            num_until_goal_expanded:0
            timing_expansions:
                total_S3Exp: 0
                time_top_o: 0
                time_check_in_c: 0
                time_add_parent: 0
                num_neighbors: 0
                time_add_neighbors_to_o: 0
    num_new_collisions: 2
    timing_PIOW_new_collisions:
        total_PIOW: 0.000206299
        num_windows: 2
        time_check_overlap: 1.07e-07
        num_overlapping_windows: 0
        time_merge_windows: 0
        time_remove_window: 0
        time_remove_window: 6.76e-07
        timing_PlanIn:
            total_PlanIn:0.000203471
            num_until_goal_expanded:16
            timing_expansions:
                total_S3Exp: 0.000197121
                time_top_o: 2.997e-06
                time_check_in_c: 3.303e-06
                time_add_parent: 5.581e-06
                num_neighbors: 320
                time_add_neighbors_to_o: 0.000157097
    num_windows_should_quit: 0
    time_should_quit: 1.081e-06
    time_remove_window: 0
Complete!
