Total time: 0.625957
is_optimal: true
optimality_bound: 1
successive_bounds: [1.0048, 1.0048, 1.0048, 1.0032, 1.0032, 1.0032, 1.00267, 1.00213, 1.00213, 1.00213, 1.00213, 1.00213, 1.00213, 1.00107, 1.00107, 1.00107, 1.00107, 1.00107, 1.00107, 1.00107, 1.00107, 1.00107, 1, 1]
successive_runtimes: [0.0046404, 0.005458, 0.00741284, 0.0104659, 0.0138203, 0.0167702, 0.0195605, 0.0772759, 0.139184, 0.168755, 0.200987, 0.254452, 0.323846, 0.355405, 0.385878, 0.415888, 0.445983, 0.476006, 0.506054, 0.536101, 0.565915, 0.595764, 0.625957]
num_agents: 30
time_individual_plan: 0.00298437
time_first_plan: 0.00114253
num_max_agents_in_window_first_iteration: 2
num_recWAMPF: 23
timing_recWAMPF:
    total_RecWAMPF: 0.622454
    num_windows: 243
    num_max_agents_in_window: 5
    timing_gari:
        total_GARI: 0.558942
        time_path_btw_starts: 0.00106368
        Stage1:
            total_Stage1:0.118572
            time_add_x_to_o: 0.0978643
            time_clear_x: 0.0206591
            timing_AStarSearchUntil:
                total_astar_search_until:3.2743e-05
                num_values_f_less_fmax:30
                ASU Exp:
                    total_ASUExp:2.6843e-05
                    time_top_o:1.1298e-05
                    time_check_in_c:3.605e-06
                    time_add_parent:0
                    num_neighbors:0
                    time_add_neighbors_to_o:0
        Stage2:
            total_Stage2:0.0738233
            num_len_path:217
            time_expanding_s:0.00272821
            timing_AStarSearchUntil:
                total_astar_search_until:0.0709791
                num_values_f_less_fmax:292
                ASU Exp:
                    total_ASUExp:0.0709738
                    time_top_o:0.000119441
                    time_check_in_c:6.6811e-05
                    time_add_parent:0.000127072
                    num_neighbors:160597
                    time_add_neighbors_to_o:0.0684646
        Stage3:
            total_Stage3:0.365433
            num_until_goal_expanded:734
            timing_S3Exp:
                total_S3Exp: 0.0485355
                time_top_o: 0.000211608
                time_check_in_c: 0.000116275
                time_add_parent: 0.000244769
                num_neighbors: 88121
                time_add_neighbors_to_o: 0.0460899
    timing_PIOW_overlapping:
        total_PIOW: 0.0146018
        num_windows: 666
        time_check_overlap: 2.5892e-05
        num_overlapping_windows: 3
        time_merge_windows: 3.298e-06
        time_remove_window: 5.15e-07
        time_remove_window: 3.149e-06
        timing_PlanIn:
            total_PlanIn:0.0145486
            num_until_goal_expanded:77
            timing_expansions:
                total_S3Exp: 0.0145424
                time_top_o: 2.034e-05
                time_check_in_c: 1.5839e-05
                time_add_parent: 2.3556e-05
                num_neighbors: 22655
                time_add_neighbors_to_o: 0.0137688
    num_new_collisions: 9
    timing_PIOW_new_collisions:
        total_PIOW: 0.0441314
        num_windows: 67
        time_check_overlap: 2.13e-06
        num_overlapping_windows: 1
        time_merge_windows: 0
        time_remove_window: 0.0339951
        time_remove_window: 4.05e-06
        timing_PlanIn:
            total_PlanIn:0.0441129
            num_until_goal_expanded:95
            timing_expansions:
                total_S3Exp: 0.0440961
                time_top_o: 2.2025e-05
                time_check_in_c: 1.8895e-05
                time_add_parent: 3.0736e-05
                num_neighbors: 70635
                time_add_neighbors_to_o: 0.0420432
    num_windows_should_quit: 0
    time_should_quit: 1.7321e-05
    time_remove_window: 0
Complete!
