Total time: 3.81082
is_optimal: false
optimality_bound: 1.00481
successive_bounds: [1.00734, 1.00709, 1.00658, 1.00658, 1.00658, 1.00608, 1.00481]
successive_runtimes: [0.0174855, 0.0257593, 0.0403415, 0.0675279, 0.103117, 0.140098, 3.81082]
num_agents: 60
time_individual_plan: 0.00692413
time_first_plan: 0.0100465
num_max_agents_in_window_first_iteration: 3
num_recWAMPF: 7
timing_recWAMPF:
    total_RecWAMPF: 3.80338
    num_windows: 87
    num_max_agents_in_window: 6
    timing_gari:
        total_GARI: 0.143184
        time_path_btw_starts: 0.000213445
        Stage1:
            total_Stage1:0.0644212
            time_add_x_to_o: 0.0301659
            time_clear_x: 0.00681533
            timing_AStarSearchUntil:
                total_astar_search_until:0.0274352
                num_values_f_less_fmax:137
                ASU Exp:
                    total_ASUExp:0.027433
                    time_top_o:0.00015202
                    time_check_in_c:0.00106878
                    time_add_parent:3.6182e-05
                    num_neighbors:45625
                    time_add_neighbors_to_o:0.0254139
        Stage2:
            total_Stage2:0.0127827
            num_len_path:90
            time_expanding_s:4.0671e-05
            timing_AStarSearchUntil:
                total_astar_search_until:0.0127126
                num_values_f_less_fmax:216
                ASU Exp:
                    total_ASUExp:0.012711
                    time_top_o:7.0623e-05
                    time_check_in_c:3.9568e-05
                    time_add_parent:6.3165e-05
                    num_neighbors:23405
                    time_add_neighbors_to_o:0.0122295
        Stage3:
            total_Stage3:0.0329726
            num_until_goal_expanded:325
            timing_S3Exp:
                total_S3Exp: 0.0168339
                time_top_o: 8.9723e-05
                time_check_in_c: 5.1194e-05
                time_add_parent: 0.000105893
                num_neighbors: 24857
                time_add_neighbors_to_o: 0.015984
    timing_PIOW_overlapping:
        total_PIOW: 0.234292
        num_windows: 380
        time_check_overlap: 1.2342e-05
        num_overlapping_windows: 10
        time_merge_windows: 8.502e-06
        time_remove_window: 1.647e-06
        time_remove_window: 8.096e-06
        timing_PlanIn:
            total_PlanIn:0.23425
            num_until_goal_expanded:543
            timing_expansions:
                total_S3Exp: 0.234232
                time_top_o: 0.00012371
                time_check_in_c: 0.00010716
                time_add_parent: 0.000157643
                num_neighbors: 406008
                time_add_neighbors_to_o: 0.222843
    num_new_collisions: 18
    timing_PIOW_new_collisions:
        total_PIOW: 3.41289
        num_windows: 252
        time_check_overlap: 7.831e-06
        num_overlapping_windows: 3
        time_merge_windows: 0
        time_remove_window: 0.477722
        time_remove_window: 7.738e-06
        timing_PlanIn:
            total_PlanIn:3.41284
            num_until_goal_expanded:726
            timing_expansions:
                total_S3Exp: 3.41281
                time_top_o: 0.000471933
                time_check_in_c: 0.000210762
                time_add_parent: 0.000287523
                num_neighbors: 5644147
                time_add_neighbors_to_o: 3.26974
    num_windows_should_quit: 0
    time_should_quit: 5.946e-06
    time_remove_window: 0
Complete!
