Total time: 0.630086
is_optimal: true
optimality_bound: 1
successive_bounds: [1.0048, 1.0048, 1.0048, 1.0032, 1.0032, 1.0032, 1.00267, 1.00213, 1.00213, 1.00213, 1.00213, 1.00213, 1.00213, 1.00107, 1.00107, 1.00107, 1.00107, 1.00107, 1.00107, 1.00107, 1.00107, 1.00107, 1, 1]
successive_runtimes: [0.00460139, 0.00548095, 0.00744544, 0.0104809, 0.013891, 0.0167998, 0.0195687, 0.0777156, 0.139364, 0.169068, 0.200607, 0.25437, 0.323793, 0.355825, 0.386496, 0.417908, 0.448253, 0.478555, 0.508849, 0.539238, 0.56945, 0.599549, 0.630086]
num_agents: 30
time_individual_plan: 0.00300896
time_first_plan: 0.00106791
num_max_agents_in_window_first_iteration: 2
num_recWAMPF: 23
timing_recWAMPF:
    total_RecWAMPF: 0.626548
    num_windows: 243
    num_max_agents_in_window: 5
    timing_gari:
        total_GARI: 0.562735
        time_path_btw_starts: 0.00109036
        Stage1:
            total_Stage1:0.117954
            time_add_x_to_o: 0.0972614
            time_clear_x: 0.0206428
            timing_AStarSearchUntil:
                total_astar_search_until:3.2869e-05
                num_values_f_less_fmax:30
                ASU Exp:
                    total_ASUExp:2.6632e-05
                    time_top_o:1.1167e-05
                    time_check_in_c:3.47e-06
                    time_add_parent:0
                    num_neighbors:0
                    time_add_neighbors_to_o:0
        Stage2:
            total_Stage2:0.0745221
            num_len_path:217
            time_expanding_s:0.00261935
            timing_AStarSearchUntil:
                total_astar_search_until:0.0717855
                num_values_f_less_fmax:292
                ASU Exp:
                    total_ASUExp:0.0717803
                    time_top_o:0.000116365
                    time_check_in_c:6.7417e-05
                    time_add_parent:0.00013909
                    num_neighbors:160597
                    time_add_neighbors_to_o:0.0692338
        Stage3:
            total_Stage3:0.36912
            num_until_goal_expanded:734
            timing_S3Exp:
                total_S3Exp: 0.0488068
                time_top_o: 0.000214062
                time_check_in_c: 0.000114555
                time_add_parent: 0.000244088
                num_neighbors: 88121
                time_add_neighbors_to_o: 0.0463327
    timing_PIOW_overlapping:
        total_PIOW: 0.0148389
        num_windows: 666
        time_check_overlap: 2.4914e-05
        num_overlapping_windows: 3
        time_merge_windows: 3.172e-06
        time_remove_window: 5.72e-07
        time_remove_window: 3.02e-06
        timing_PlanIn:
            total_PlanIn:0.0147889
            num_until_goal_expanded:77
            timing_expansions:
                total_S3Exp: 0.0147828
                time_top_o: 4.368e-05
                time_check_in_c: 1.5723e-05
                time_add_parent: 2.3319e-05
                num_neighbors: 22655
                time_add_neighbors_to_o: 0.0139814
    num_new_collisions: 9
    timing_PIOW_new_collisions:
        total_PIOW: 0.0442257
        num_windows: 67
        time_check_overlap: 2.124e-06
        num_overlapping_windows: 1
        time_merge_windows: 0
        time_remove_window: 0.0342729
        time_remove_window: 4.277e-06
        timing_PlanIn:
            total_PlanIn:0.0442065
            num_until_goal_expanded:95
            timing_expansions:
                total_S3Exp: 0.0441903
                time_top_o: 2.2586e-05
                time_check_in_c: 1.8695e-05
                time_add_parent: 3.0667e-05
                num_neighbors: 70635
                time_add_neighbors_to_o: 0.0421776
    num_windows_should_quit: 0
    time_should_quit: 1.7551e-05
    time_remove_window: 0
Complete!
