Total time: 0.0983625
is_optimal: true
optimality_bound: 1
successive_bounds: [1.00451, 1.00451, 1.00451, 1.00451, 1.00451, 1.00394, 1.00394, 1.00394, 1.00056, 1.00056, 1.00056, 1.00056, 1, 1]
successive_runtimes: [0.0186415, 0.0254327, 0.0312373, 0.0360551, 0.0406246, 0.0465075, 0.0506148, 0.0552936, 0.0599414, 0.0646311, 0.0694613, 0.0748042, 0.0983625]
num_agents: 30
time_individual_plan: 0.012529
time_first_plan: 0.00449778
num_max_agents_in_window_first_iteration: 3
num_recWAMPF: 13
timing_recWAMPF:
    total_RecWAMPF: 0.0842066
    num_windows: 101
    num_max_agents_in_window: 4
    timing_gari:
        total_GARI: 0.0677982
        time_path_btw_starts: 0.000712931
        Stage1:
            total_Stage1:0.00443514
            time_add_x_to_o: 0.00139306
            time_clear_x: 0.000299836
            timing_AStarSearchUntil:
                total_astar_search_until:0.00173349
                num_values_f_less_fmax:305
                ASU Exp:
                    total_ASUExp:0.00172731
                    time_top_o:0.000275215
                    time_check_in_c:7.8223e-05
                    time_add_parent:0
                    num_neighbors:0
                    time_add_neighbors_to_o:0
        Stage2:
            total_Stage2:0.0252653
            num_len_path:103
            time_expanding_s:0.000177104
            timing_AStarSearchUntil:
                total_astar_search_until:0.0245122
                num_values_f_less_fmax:547
                ASU Exp:
                    total_ASUExp:0.024507
                    time_top_o:0.000424881
                    time_check_in_c:0.000259141
                    time_add_parent:0.00063065
                    num_neighbors:8503
                    time_add_neighbors_to_o:0.0106207
        Stage3:
            total_Stage3:0.035693
            num_until_goal_expanded:1216
            timing_S3Exp:
                total_S3Exp: 0.0282513
                time_top_o: 0.000755378
                time_check_in_c: 0.000604398
                time_add_parent: 0.00119641
                num_neighbors: 16650
                time_add_neighbors_to_o: 0.0206835
    timing_PIOW_overlapping:
        total_PIOW: 0.0042679
        num_windows: 198
        time_check_overlap: 1.7643e-05
        num_overlapping_windows: 1
        time_merge_windows: 2.451e-06
        time_remove_window: 1.58e-07
        time_remove_window: 2.296e-06
        timing_PlanIn:
            total_PlanIn:0.00421576
            num_until_goal_expanded:155
            timing_expansions:
                total_S3Exp: 0.00420792
                time_top_o: 0.00010807
                time_check_in_c: 8.8869e-05
                time_add_parent: 0.000222096
                num_neighbors: 2035
                time_add_neighbors_to_o: 0.00280222
    num_new_collisions: 6
    timing_PIOW_new_collisions:
        total_PIOW: 0.00262542
        num_windows: 13
        time_check_overlap: 4.557e-06
        num_overlapping_windows: 1
        time_merge_windows: 4.202e-06
        time_remove_window: 1.68e-07
        time_remove_window: 2.805e-06
        timing_PlanIn:
            total_PlanIn:0.0025877
            num_until_goal_expanded:117
            timing_expansions:
                total_S3Exp: 0.00254059
                time_top_o: 6.0148e-05
                time_check_in_c: 6.9027e-05
                time_add_parent: 0.000162804
                num_neighbors: 941
                time_add_neighbors_to_o: 0.00162444
    num_windows_should_quit: 0
    time_should_quit: 3.285e-06
    time_remove_window: 0
Complete!
