Total time: 98.9576
is_optimal: false
optimality_bound: 1.00331
successive_bounds: [1.00608, 1.00552, 1.00552, 1.00552, 1.00387, 1.00331]
successive_runtimes: [0.0185666, 0.0289794, 0.0353066, 0.174113, 3.62885, 98.9576]
num_agents: 50
time_individual_plan: 0.00833521
time_first_plan: 0.00971935
num_max_agents_in_window_first_iteration: 3
num_recWAMPF: 6
timing_recWAMPF:
    total_RecWAMPF: 98.9487
    num_windows: 87
    num_max_agents_in_window: 5
    timing_gari:
        total_GARI: 95.3374
        time_path_btw_starts: 0.000185222
        Stage1:
            total_Stage1:93.0255
            time_add_x_to_o: 0.970968
            time_clear_x: 0.177337
            timing_AStarSearchUntil:
                total_astar_search_until:91.8772
                num_values_f_less_fmax:51225
                ASU Exp:
                    total_ASUExp:91.8772
                    time_top_o:0.136378
                    time_check_in_c:0.0931089
                    time_add_parent:0.0287723
                    num_neighbors:151085899
                    time_add_neighbors_to_o:91.437
        Stage2:
            total_Stage2:0.0488386
            num_len_path:72
            time_expanding_s:3.7165e-05
            timing_AStarSearchUntil:
                total_astar_search_until:0.0487771
                num_values_f_less_fmax:146
                ASU Exp:
                    total_ASUExp:0.0487756
                    time_top_o:5.3514e-05
                    time_check_in_c:3.4427e-05
                    time_add_parent:4.7215e-05
                    num_neighbors:95273
                    time_add_neighbors_to_o:0.0484225
        Stage3:
            total_Stage3:2.2625
            num_until_goal_expanded:2015
            timing_S3Exp:
                total_S3Exp: 1.93957
                time_top_o: 0.00356566
                time_check_in_c: 0.000866069
                time_add_parent: 0.00109905
                num_neighbors: 3180830
                time_add_neighbors_to_o: 1.92549
    timing_PIOW_overlapping:
        total_PIOW: 3.59786
        num_windows: 385
        time_check_overlap: 1.101e-05
        num_overlapping_windows: 7
        time_merge_windows: 7.492e-06
        time_remove_window: 1.889e-06
        time_remove_window: 7.188e-06
        timing_PlanIn:
            total_PlanIn:3.59783
            num_until_goal_expanded:2955
            timing_expansions:
                total_S3Exp: 3.59781
                time_top_o: 0.00309773
                time_check_in_c: 0.000919357
                time_add_parent: 0.00134415
                num_neighbors: 6586032
                time_add_neighbors_to_o: 3.42244
    num_new_collisions: 15
    timing_PIOW_new_collisions:
        total_PIOW: 0.00555764
        num_windows: 198
        time_check_overlap: 5.083e-06
        num_overlapping_windows: 1
        time_merge_windows: 0
        time_remove_window: 0.0128733
        time_remove_window: 7.215e-06
        timing_PlanIn:
            total_PlanIn:0.00552447
            num_until_goal_expanded:365
            timing_expansions:
                total_S3Exp: 0.00549679
                time_top_o: 4.9949e-05
                time_check_in_c: 6.6195e-05
                time_add_parent: 9.5019e-05
                num_neighbors: 10178
                time_add_neighbors_to_o: 0.00456801
    num_windows_should_quit: 0
    time_should_quit: 4.22e-06
    time_remove_window: 0
Complete!
