Total time: 871.5
is_optimal: false
optimality_bound: 1.0016
successive_bounds: [1.00527, 1.00213, 1.00197, 1.00191, 1.00182, 1.00182, 1.00182, 1.00179, 1.0017, 1.00166, 1.00166, 1.0016]
successive_runtimes: [595.916, 852.362, 852.913, 853.737, 854.534, 855.226, 856.24, 858.074, 860.322, 863.107, 866.867, 871.5]
num_agents: 160
time_individual_plan: 0.411506
time_first_plan: 595.504
num_max_agents_in_window_first_iteration: 6
num_recWAMPF: 12
timing_recWAMPF:
    total_RecWAMPF: 871.087
    num_windows: 547
    num_max_agents_in_window: 6
    timing_gari:
        total_GARI: 19.9876
        time_path_btw_starts: 0.0859855
        Stage1:
            total_Stage1:14.9078
            time_add_x_to_o: 2.61162
            time_clear_x: 1.23641
            timing_AStarSearchUntil:
                total_astar_search_until:10.0195
                num_values_f_less_fmax:171828
                ASU Exp:
                    total_ASUExp:10.0194
                    time_top_o:0.240187
                    time_check_in_c:0.208776
                    time_add_parent:0.0950732
                    num_neighbors:14120117
                    time_add_neighbors_to_o:10.108
        Stage2:
            total_Stage2:0.402603
            num_len_path:536
            time_expanding_s:0.00358897
            timing_AStarSearchUntil:
                total_astar_search_until:0.398566
                num_values_f_less_fmax:4513
                ASU Exp:
                    total_ASUExp:0.398549
                    time_top_o:0.0041794
                    time_check_in_c:0.00165562
                    time_add_parent:0.00474261
                    num_neighbors:473514
                    time_add_neighbors_to_o:0.370388
        Stage3:
            total_Stage3:4.58054
            num_until_goal_expanded:42724
            timing_S3Exp:
                total_S3Exp: 2.20249
                time_top_o: 0.0382209
                time_check_in_c: 0.0155917
                time_add_parent: 0.0350548
                num_neighbors: 2661280
                time_add_neighbors_to_o: 1.91736
    timing_PIOW_overlapping:
        total_PIOW: 252.44
        num_windows: 7251
        time_check_overlap: 0.000258725
        num_overlapping_windows: 29
        time_merge_windows: 0.000106162
        time_remove_window: 1.2302e-05
        time_remove_window: 0.000103801
        timing_PlanIn:
            total_PlanIn:252.439
            num_until_goal_expanded:49138
            timing_expansions:
                total_S3Exp: 252.439
                time_top_o: 0.126523
                time_check_in_c: 0.0469388
                time_add_parent: 0.0643216
                num_neighbors: 280932754
                time_add_neighbors_to_o: 241.085
    num_new_collisions: 68
    timing_PIOW_new_collisions:
        total_PIOW: 595.221
        num_windows: 3967
        time_check_overlap: 0.000122802
        num_overlapping_windows: 16
        time_merge_windows: 9.962e-06
        time_remove_window: 771.087
        time_remove_window: 0.000274845
        timing_PlanIn:
            total_PlanIn:595.22
            num_until_goal_expanded:2213985
            timing_expansions:
                total_S3Exp: 305.612
                time_top_o: 3.5935
                time_check_in_c: 1.42936
                time_add_parent: 2.03888
                num_neighbors: 642853500
                time_add_neighbors_to_o: 525.486
    num_windows_should_quit: 0
    time_should_quit: 7.309e-05
    time_remove_window: 0
Complete!
