Total time: 0.113023
is_optimal: true
optimality_bound: 1
successive_bounds: [1.00287, 1.00287, 1.00287, 1.00287, 1.00287, 1.00287, 1.00287, 1.00287, 1.00287, 1.00287, 1.00287, 1.00287, 1.00143, 1.00143, 1.00143, 1.00143, 1.00143, 1.00143, 1.00143, 1.00143, 1.00143, 1.00143, 1.00143, 1.00143, 1.00143, 1.00143, 1.00143, 1.00143, 1.00143, 1.00143, 1.00143, 1.00143, 1.00143, 1.00143, 1.00143, 1, 1]
successive_runtimes: [0.00433099, 0.00524532, 0.00618535, 0.00708629, 0.00822683, 0.00952841, 0.0109552, 0.0124756, 0.014073, 0.0156289, 0.0174609, 0.0188991, 0.0247467, 0.0307005, 0.0378693, 0.0443107, 0.050767, 0.0565693, 0.0616141, 0.0660338, 0.069661, 0.0731459, 0.0802351, 0.0840308, 0.086643, 0.0890499, 0.0914828, 0.0938878, 0.0962815, 0.0986407, 0.101096, 0.103485, 0.105855, 0.108276, 0.110662, 0.113023]
num_agents: 20
time_individual_plan: 0.00337093
time_first_plan: 0.000433385
num_max_agents_in_window_first_iteration: 2
num_recWAMPF: 36
timing_recWAMPF:
    total_RecWAMPF: 0.10912
    num_windows: 142
    num_max_agents_in_window: 2
    timing_gari:
        total_GARI: 0.104702
        time_path_btw_starts: 0.000951285
        Stage1:
            total_Stage1:0.0411968
            time_add_x_to_o: 0.0134952
            time_clear_x: 0.00183986
            timing_AStarSearchUntil:
                total_astar_search_until:0.025853
                num_values_f_less_fmax:4977
                ASU Exp:
                    total_ASUExp:0.0258495
                    time_top_o:0.00151534
                    time_check_in_c:0.000904451
                    time_add_parent:0.000695796
                    num_neighbors:55999
                    time_add_neighbors_to_o:0.0199481
        Stage2:
            total_Stage2:0.00994246
            num_len_path:136
            time_expanding_s:6.0976e-05
            timing_AStarSearchUntil:
                total_astar_search_until:0.00983299
                num_values_f_less_fmax:818
                ASU Exp:
                    total_ASUExp:0.0098298
                    time_top_o:0.000229622
                    time_check_in_c:0.00016956
                    time_add_parent:0.000255691
                    num_neighbors:21147
                    time_add_neighbors_to_o:0.00834558
        Stage3:
            total_Stage3:0.0525877
            num_until_goal_expanded:2579
            timing_S3Exp:
                total_S3Exp: 0.0145303
                time_top_o: 0.000779388
                time_check_in_c: 0.000478361
                time_add_parent: 0.000975544
                num_neighbors: 27586
                time_add_neighbors_to_o: 0.00936401
    timing_PIOW_overlapping:
        total_PIOW: 1.0367e-05
        num_windows: 140
        time_check_overlap: 4.901e-06
        num_overlapping_windows: 0
        time_merge_windows: 0
        time_remove_window: 0
        time_remove_window: 0
        timing_PlanIn:
            total_PlanIn:0
            num_until_goal_expanded:0
            timing_expansions:
                total_S3Exp: 0
                time_top_o: 0
                time_check_in_c: 0
                time_add_parent: 0
                num_neighbors: 0
                time_add_neighbors_to_o: 0
    num_new_collisions: 2
    timing_PIOW_new_collisions:
        total_PIOW: 0.000250352
        num_windows: 2
        time_check_overlap: 9.9e-08
        num_overlapping_windows: 0
        time_merge_windows: 0
        time_remove_window: 0
        time_remove_window: 8.37e-07
        timing_PlanIn:
            total_PlanIn:0.000247408
            num_until_goal_expanded:34
            timing_expansions:
                total_S3Exp: 0.000242601
                time_top_o: 4.674e-06
                time_check_in_c: 6.965e-06
                time_add_parent: 9.26e-06
                num_neighbors: 368
                time_add_neighbors_to_o: 0.000170308
    num_windows_should_quit: 0
    time_should_quit: 5.884e-06
    time_remove_window: 0
Complete!
