Total time: 0.152925
is_optimal: true
optimality_bound: 1
successive_bounds: [1.00332, 1.00332, 1.00332, 1.00332, 1.00237, 1.00237, 1.00237, 1.00237, 1.00237, 1.00237, 1.00237, 1.00237, 1.00237, 1.00237, 1.00142, 1.00142, 1.00142, 1.00095, 1.00095, 1.00095, 1.00095, 1.00095, 1.00095, 1.00095, 1.00095, 1.00095, 1.00095, 1.00095, 1, 1]
successive_runtimes: [0.00587923, 0.00666627, 0.00744232, 0.00823278, 0.00947393, 0.0116536, 0.0139825, 0.0176289, 0.0203145, 0.0222396, 0.0242516, 0.0262672, 0.0282985, 0.0304155, 0.0424075, 0.0533374, 0.057684, 0.0622341, 0.0665966, 0.071067, 0.0756052, 0.080778, 0.086421, 0.0930326, 0.0999098, 0.107316, 0.11556, 0.124184, 0.152925]
num_agents: 30
time_individual_plan: 0.00427338
time_first_plan: 0.0009156
num_max_agents_in_window_first_iteration: 2
num_recWAMPF: 29
timing_recWAMPF:
    total_RecWAMPF: 0.147952
    num_windows: 198
    num_max_agents_in_window: 3
    timing_gari:
        total_GARI: 0.117745
        time_path_btw_starts: 0.000715278
        Stage1:
            total_Stage1:0.0527584
            time_add_x_to_o: 0.0229528
            time_clear_x: 0.00348761
            timing_AStarSearchUntil:
                total_astar_search_until:0.0263046
                num_values_f_less_fmax:5000
                ASU Exp:
                    total_ASUExp:0.0262994
                    time_top_o:0.00201272
                    time_check_in_c:0.00116725
                    time_add_parent:0.00117439
                    num_neighbors:42814
                    time_add_neighbors_to_o:0.0189781
        Stage2:
            total_Stage2:0.00938206
            num_len_path:160
            time_expanding_s:0.000218623
            timing_AStarSearchUntil:
                total_astar_search_until:0.00908651
                num_values_f_less_fmax:581
                ASU Exp:
                    total_ASUExp:0.00908175
                    time_top_o:0.000188975
                    time_check_in_c:0.000134437
                    time_add_parent:0.000190816
                    num_neighbors:17608
                    time_add_neighbors_to_o:0.0078575
        Stage3:
            total_Stage3:0.0543871
            num_until_goal_expanded:1958
            timing_S3Exp:
                total_S3Exp: 0.0194207
                time_top_o: 0.000593945
                time_check_in_c: 0.000370154
                time_add_parent: 0.000638676
                num_neighbors: 24837
                time_add_neighbors_to_o: 0.013864
    timing_PIOW_overlapping:
        total_PIOW: 0.00983727
        num_windows: 348
        time_check_overlap: 1.7176e-05
        num_overlapping_windows: 1
        time_merge_windows: 1.25e-06
        time_remove_window: 3.01e-07
        time_remove_window: 1.185e-06
        timing_PlanIn:
            total_PlanIn:0.00980151
            num_until_goal_expanded:136
            timing_expansions:
                total_S3Exp: 0.00979922
                time_top_o: 4.1961e-05
                time_check_in_c: 4.144e-05
                time_add_parent: 4.3416e-05
                num_neighbors: 13364
                time_add_neighbors_to_o: 0.00902759
    num_new_collisions: 5
    timing_PIOW_new_collisions:
        total_PIOW: 0.0148622
        num_windows: 19
        time_check_overlap: 1.3e-06
        num_overlapping_windows: 1
        time_merge_windows: 0
        time_remove_window: 0.140454
        time_remove_window: 1.432e-06
        timing_PlanIn:
            total_PlanIn:0.0148499
            num_until_goal_expanded:265
            timing_expansions:
                total_S3Exp: 0.0148368
                time_top_o: 8.7566e-05
                time_check_in_c: 5.3394e-05
                time_add_parent: 8.78e-05
                num_neighbors: 19994
                time_add_neighbors_to_o: 0.0135017
    num_windows_should_quit: 0
    time_should_quit: 1.0023e-05
    time_remove_window: 0
Complete!
