Total time: 1.89811
is_optimal: false
optimality_bound: 1.00132
successive_bounds: [1.00428, 1.00428, 1.00428, 1.00362, 1.00362, 1.00264, 1.00231, 1.00231, 1.00198, 1.00198, 1.00198, 1.00198, 1.00198, 1.00198, 1.00198, 1.00198, 1.00198, 1.00198, 1.00198, 1.00132, 1.00132, 1.00132, 1.00132, 1.00132, 1.00132]
successive_runtimes: [0.0142402, 0.0162673, 0.0184098, 0.0216538, 0.0246801, 0.0284159, 0.0339585, 0.0430349, 0.176506, 0.38484, 0.569965, 0.724791, 0.865433, 0.959458, 1.02959, 1.09157, 1.24865, 1.40446, 1.49332, 1.56865, 1.63642, 1.69387, 1.75103, 1.8249, 1.89811]
num_agents: 40
time_individual_plan: 0.0106942
time_first_plan: 0.00287015
num_max_agents_in_window_first_iteration: 2
num_recWAMPF: 25
timing_recWAMPF:
    total_RecWAMPF: 1.88673
    num_windows: 277
    num_max_agents_in_window: 3
    timing_gari:
        total_GARI: 1.73562
        time_path_btw_starts: 0.0266133
        Stage1:
            total_Stage1:0.639337
            time_add_x_to_o: 0.245811
            time_clear_x: 0.0902562
            timing_AStarSearchUntil:
                total_astar_search_until:0.303247
                num_values_f_less_fmax:12648
                ASU Exp:
                    total_ASUExp:0.303238
                    time_top_o:0.0143552
                    time_check_in_c:0.00619369
                    time_add_parent:0.0109234
                    num_neighbors:465215
                    time_add_neighbors_to_o:0.246811
        Stage2:
            total_Stage2:0.00723675
            num_len_path:233
            time_expanding_s:0.000178631
            timing_AStarSearchUntil:
                total_astar_search_until:0.00691105
                num_values_f_less_fmax:398
                ASU Exp:
                    total_ASUExp:0.00690447
                    time_top_o:0.000149209
                    time_check_in_c:0.000115112
                    time_add_parent:0.00018474
                    num_neighbors:11824
                    time_add_neighbors_to_o:0.00580056
        Stage3:
            total_Stage3:1.05967
            num_until_goal_expanded:9282
            timing_S3Exp:
                total_S3Exp: 0.209074
                time_top_o: 0.00712331
                time_check_in_c: 0.00194376
                time_add_parent: 0.00484762
                num_neighbors: 365888
                time_add_neighbors_to_o: 0.180075
    timing_PIOW_overlapping:
        total_PIOW: 0.13854
        num_windows: 972
        time_check_overlap: 7.3552e-05
        num_overlapping_windows: 6
        time_merge_windows: 7.121e-06
        time_remove_window: 1.545e-06
        time_remove_window: 6.741e-06
        timing_PlanIn:
            total_PlanIn:0.138416
            num_until_goal_expanded:2454
            timing_expansions:
                total_S3Exp: 0.138402
                time_top_o: 0.00128729
                time_check_in_c: 0.000559688
                time_add_parent: 0.00101457
                num_neighbors: 216865
                time_add_neighbors_to_o: 0.124733
    num_new_collisions: 10
    timing_PIOW_new_collisions:
        total_PIOW: 0.00127356
        num_windows: 90
        time_check_overlap: 3.633e-06
        num_overlapping_windows: 0
        time_merge_windows: 0
        time_remove_window: 0
        time_remove_window: 4.254e-06
        timing_PlanIn:
            total_PlanIn:0.00125274
            num_until_goal_expanded:145
            timing_expansions:
                total_S3Exp: 0.00123445
                time_top_o: 2.1384e-05
                time_check_in_c: 2.7407e-05
                time_add_parent: 5.5276e-05
                num_neighbors: 1602
                time_add_neighbors_to_o: 0.000898579
    num_windows_should_quit: 0
    time_should_quit: 1.442e-05
    time_remove_window: 0
Complete!
