Total time: 0.175869
is_optimal: true
optimality_bound: 1
successive_bounds: [1.02494, 1.02341, 1.02341, 1.02341, 1.02341, 1.02341, 1.02341, 1.02341, 1.02341, 1.02341, 1.02341, 1.02341, 1.02341, 1.02341, 1.02341, 1.02341, 1.02341, 1.02341, 1.02341, 1.02341, 1.02341, 1.02341, 1.02341, 1.02341, 1.02341, 1.02341, 1.02341, 1.02341, 1.02341, 1.02341, 1.02341, 1.02341, 1]
successive_runtimes: [0.0748527, 0.149604, 0.150954, 0.1519, 0.152791, 0.153676, 0.154558, 0.155435, 0.156306, 0.157247, 0.158103, 0.158986, 0.159831, 0.160732, 0.161564, 0.1624, 0.163235, 0.164064, 0.164917, 0.165741, 0.166594, 0.16741, 0.168222, 0.169028, 0.16983, 0.170669, 0.171472, 0.17238, 0.173282, 0.174241, 0.175065, 0.175869]
num_agents: 40
time_individual_plan: 0.00548689
time_first_plan: 0.0688522
num_max_agents_in_window_first_iteration: 3
num_recWAMPF: 32
timing_recWAMPF:
    total_RecWAMPF: 0.169864
    num_windows: 70
    num_max_agents_in_window: 3
    timing_gari:
        total_GARI: 0.0127742
        time_path_btw_starts: 0.000100962
        Stage1:
            total_Stage1:0.000376029
            time_add_x_to_o: 0.000334888
            time_clear_x: 3.5125e-05
            timing_AStarSearchUntil:
                total_astar_search_until:2.708e-06
                num_values_f_less_fmax:0
                ASU Exp:
                    total_ASUExp:1.187e-06
                    time_top_o:0
                    time_check_in_c:0
                    time_add_parent:0
                    num_neighbors:0
                    time_add_neighbors_to_o:0
        Stage2:
            total_Stage2:0.0011273
            num_len_path:35
            time_expanding_s:2.0022e-05
            timing_AStarSearchUntil:
                total_astar_search_until:0.00108805
                num_values_f_less_fmax:40
                ASU Exp:
                    total_ASUExp:0.00108673
                    time_top_o:1.3351e-05
                    time_check_in_c:8.695e-06
                    time_add_parent:1.681e-05
                    num_neighbors:3254
                    time_add_neighbors_to_o:0.000975504
        Stage3:
            total_Stage3:0.0111571
            num_until_goal_expanded:421
            timing_S3Exp:
                total_S3Exp: 0.00230103
                time_top_o: 9.2414e-05
                time_check_in_c: 5.688e-05
                time_add_parent: 9.8702e-05
                num_neighbors: 2579
                time_add_neighbors_to_o: 0.00131445
    timing_PIOW_overlapping:
        total_PIOW: 0.0740371
        num_windows: 65
        time_check_overlap: 1.22e-06
        num_overlapping_windows: 6
        time_merge_windows: 6.708e-06
        time_remove_window: 1.246e-06
        time_remove_window: 6.438e-06
        timing_PlanIn:
            total_PlanIn:0.0740186
            num_until_goal_expanded:1774
            timing_expansions:
                total_S3Exp: 0.073997
                time_top_o: 0.000369776
                time_check_in_c: 0.000327476
                time_add_parent: 0.000492596
                num_neighbors: 155345
                time_add_neighbors_to_o: 0.0664501
    num_new_collisions: 8
    timing_PIOW_new_collisions:
        total_PIOW: 0.0665852
        num_windows: 57
        time_check_overlap: 1.669e-06
        num_overlapping_windows: 1
        time_merge_windows: 0
        time_remove_window: 0.0083921
        time_remove_window: 2.552e-06
        timing_PlanIn:
            total_PlanIn:0.0665695
            num_until_goal_expanded:1688
            timing_expansions:
                total_S3Exp: 0.0665499
                time_top_o: 0.000338277
                time_check_in_c: 0.000332141
                time_add_parent: 0.000490787
                num_neighbors: 146170
                time_add_neighbors_to_o: 0.0594025
    num_windows_should_quit: 1
    time_should_quit: 2.75e-06
    time_remove_window: 2.07e-07
Complete!
