Total time: 5.53088
is_optimal: false
optimality_bound: 1.00288
successive_bounds: [1.00432, 1.00432, 1.00432, 1.00432, 1.00432, 1.00432, 1.0036, 1.0036, 1.0036, 1.0036, 1.0036, 1.00288, 1.00288, 1.00288]
successive_runtimes: [0.00766064, 0.00951776, 0.0114111, 0.0138099, 0.0162952, 0.0185092, 0.020542, 0.0226126, 0.0757035, 0.162718, 0.262407, 0.689206, 2.26225, 5.53088]
num_agents: 40
time_individual_plan: 0.0049428
time_first_plan: 0.0021866
num_max_agents_in_window_first_iteration: 2
num_recWAMPF: 14
timing_recWAMPF:
    total_RecWAMPF: 5.5254
    num_windows: 139
    num_max_agents_in_window: 4
    timing_gari:
        total_GARI: 5.12816
        time_path_btw_starts: 0.00352588
        Stage1:
            total_Stage1:4.26459
            time_add_x_to_o: 0.799145
            time_clear_x: 0.437688
            timing_AStarSearchUntil:
                total_astar_search_until:3.02775
                num_values_f_less_fmax:22977
                ASU Exp:
                    total_ASUExp:3.02775
                    time_top_o:0.0354594
                    time_check_in_c:0.0344155
                    time_add_parent:0.00774563
                    num_neighbors:5923932
                    time_add_neighbors_to_o:2.92267
        Stage2:
            total_Stage2:0.00638833
            num_len_path:131
            time_expanding_s:5.9156e-05
            timing_AStarSearchUntil:
                total_astar_search_until:0.00628294
                num_values_f_less_fmax:388
                ASU Exp:
                    total_ASUExp:0.00628002
                    time_top_o:9.6392e-05
                    time_check_in_c:8.0793e-05
                    time_add_parent:0.000143519
                    num_neighbors:13140
                    time_add_neighbors_to_o:0.00555937
        Stage3:
            total_Stage3:0.853621
            num_until_goal_expanded:3169
            timing_S3Exp:
                total_S3Exp: 0.534088
                time_top_o: 0.00337705
                time_check_in_c: 0.000805271
                time_add_parent: 0.00133235
                num_neighbors: 802080
                time_add_neighbors_to_o: 0.523411
    timing_PIOW_overlapping:
        total_PIOW: 0.389133
        num_windows: 379
        time_check_overlap: 1.5154e-05
        num_overlapping_windows: 3
        time_merge_windows: 4.962e-06
        time_remove_window: 1.152e-06
        time_remove_window: 4.816e-06
        timing_PlanIn:
            total_PlanIn:0.389093
            num_until_goal_expanded:2053
            timing_expansions:
                total_S3Exp: 0.389085
                time_top_o: 0.00128342
                time_check_in_c: 0.000482334
                time_add_parent: 0.000766195
                num_neighbors: 742248
                time_add_neighbors_to_o: 0.364607
    num_new_collisions: 6
    timing_PIOW_new_collisions:
        total_PIOW: 0.000864088
        num_windows: 30
        time_check_overlap: 9.64e-07
        num_overlapping_windows: 0
        time_merge_windows: 0
        time_remove_window: 0
        time_remove_window: 3.862e-06
        timing_PlanIn:
            total_PlanIn:0.000851306
            num_until_goal_expanded:104
            timing_expansions:
                total_S3Exp: 0.000840762
                time_top_o: 1.3289e-05
                time_check_in_c: 1.832e-05
                time_add_parent: 2.6679e-05
                num_neighbors: 1259
                time_add_neighbors_to_o: 0.000623067
    num_windows_should_quit: 0
    time_should_quit: 5.517e-06
    time_remove_window: 0
Complete!
