Total time: 9.55297
is_optimal: false
optimality_bound: 1.00516
successive_bounds: [1.00548, 1.00548, 1.00548, 1.00548, 1.00548, 1.00548, 1.00516, 1.00516, 1.00516, 1.00516]
successive_runtimes: [0.0356881, 0.0551407, 2.82435, 4.00955, 4.97953, 5.93223, 6.77963, 7.66197, 8.59723, 9.55297]
num_agents: 50
time_individual_plan: 0.0052975
time_first_plan: 0.0298058
num_max_agents_in_window_first_iteration: 3
num_recWAMPF: 10
timing_recWAMPF:
    total_RecWAMPF: 9.54709
    num_windows: 148
    num_max_agents_in_window: 4
    timing_gari:
        total_GARI: 6.75063
        time_path_btw_starts: 0.00166266
        Stage1:
            total_Stage1:3.17358
            time_add_x_to_o: 1.1894
            time_clear_x: 0.430226
            timing_AStarSearchUntil:
                total_astar_search_until:1.55394
                num_values_f_less_fmax:11385
                ASU Exp:
                    total_ASUExp:1.55394
                    time_top_o:0.0159147
                    time_check_in_c:0.0215341
                    time_add_parent:0.00455541
                    num_neighbors:2284328
                    time_add_neighbors_to_o:1.4963
        Stage2:
            total_Stage2:0.0231727
            num_len_path:122
            time_expanding_s:7.3733e-05
            timing_AStarSearchUntil:
                total_astar_search_until:0.0230306
                num_values_f_less_fmax:179
                ASU Exp:
                    total_ASUExp:0.0230276
                    time_top_o:9.748e-05
                    time_check_in_c:4.8656e-05
                    time_add_parent:7.1257e-05
                    num_neighbors:42635
                    time_add_neighbors_to_o:0.0202171
        Stage3:
            total_Stage3:3.55191
            num_until_goal_expanded:2651
            timing_S3Exp:
                total_S3Exp: 0.470053
                time_top_o: 0.00255714
                time_check_in_c: 0.000579669
                time_add_parent: 0.00184613
                num_neighbors: 695870
                time_add_neighbors_to_o: 0.458811
    timing_PIOW_overlapping:
        total_PIOW: 2.76082
        num_windows: 587
        time_check_overlap: 2.5374e-05
        num_overlapping_windows: 4
        time_merge_windows: 1.0125e-05
        time_remove_window: 1.34e-06
        time_remove_window: 9.865e-06
        timing_PlanIn:
            total_PlanIn:2.76076
            num_until_goal_expanded:6886
            timing_expansions:
                total_S3Exp: 2.76075
                time_top_o: 0.00942598
                time_check_in_c: 0.00212855
                time_add_parent: 0.00398343
                num_neighbors: 4467713
                time_add_neighbors_to_o: 2.62044
    num_new_collisions: 14
    timing_PIOW_new_collisions:
        total_PIOW: 0.0271754
        num_windows: 159
        time_check_overlap: 4.996e-06
        num_overlapping_windows: 3
        time_merge_windows: 0
        time_remove_window: 0.0708547
        time_remove_window: 4.431e-06
        timing_PlanIn:
            total_PlanIn:0.0271469
            num_until_goal_expanded:583
            timing_expansions:
                total_S3Exp: 0.0271151
                time_top_o: 0.000172089
                time_check_in_c: 9.9668e-05
                time_add_parent: 0.000159773
                num_neighbors: 50063
                time_add_neighbors_to_o: 0.0246486
    num_windows_should_quit: 0
    time_should_quit: 1.1985e-05
    time_remove_window: 0
Complete!
