Total time: 0.357606
is_optimal: false
optimality_bound: 1.00433
successive_bounds: [1.00765, 1.00663, 1.00612, 1.00561, 1.00561, 1.00484, 1.00484, 1.00484, 1.00484, 1.00484, 1.00484, 1.00484, 1.00484, 1.00484, 1.00484, 1.00484, 1.00484, 1.00484, 1.00433, 1.00433]
successive_runtimes: [0.0152953, 0.021706, 0.0274877, 0.0348048, 0.0437602, 0.0564585, 0.0705077, 0.0759043, 0.0791801, 0.0822768, 0.0853477, 0.0883836, 0.0916904, 0.0952605, 0.0987644, 0.102144, 0.105715, 0.113364, 0.118443, 0.357606]
num_agents: 60
time_individual_plan: 0.00796755
time_first_plan: 0.00669415
num_max_agents_in_window_first_iteration: 2
num_recWAMPF: 20
timing_recWAMPF:
    total_RecWAMPF: 0.348998
    num_windows: 250
    num_max_agents_in_window: 5
    timing_gari:
        total_GARI: 0.0760743
        time_path_btw_starts: 0.000960034
        Stage1:
            total_Stage1:0.0248908
            time_add_x_to_o: 0.013484
            time_clear_x: 0.00184647
            timing_AStarSearchUntil:
                total_astar_search_until:0.00954512
                num_values_f_less_fmax:588
                ASU Exp:
                    total_ASUExp:0.00953858
                    time_top_o:0.000228979
                    time_check_in_c:9.6036e-05
                    time_add_parent:0.000233865
                    num_neighbors:17922
                    time_add_neighbors_to_o:0.00820249
        Stage2:
            total_Stage2:0.0071007
            num_len_path:175
            time_expanding_s:0.000237172
            timing_AStarSearchUntil:
                total_astar_search_until:0.00677319
                num_values_f_less_fmax:239
                ASU Exp:
                    total_ASUExp:0.00676743
                    time_top_o:8.5234e-05
                    time_check_in_c:6.0575e-05
                    time_add_parent:0.00011654
                    num_neighbors:13677
                    time_add_neighbors_to_o:0.00610816
        Stage3:
            total_Stage3:0.0427648
            num_until_goal_expanded:1416
            timing_S3Exp:
                total_S3Exp: 0.0264096
                time_top_o: 0.000433084
                time_check_in_c: 0.000234271
                time_add_parent: 0.000437955
                num_neighbors: 39705
                time_add_neighbors_to_o: 0.0227122
    timing_PIOW_overlapping:
        total_PIOW: 0.101003
        num_windows: 1028
        time_check_overlap: 4.6974e-05
        num_overlapping_windows: 14
        time_merge_windows: 1.6831e-05
        time_remove_window: 3.52e-06
        time_remove_window: 1.6015e-05
        timing_PlanIn:
            total_PlanIn:0.100882
            num_until_goal_expanded:1241
            timing_expansions:
                total_S3Exp: 0.100852
                time_top_o: 0.000565501
                time_check_in_c: 0.000324419
                time_add_parent: 0.000505261
                num_neighbors: 130161
                time_add_neighbors_to_o: 0.09286
    num_new_collisions: 19
    timing_PIOW_new_collisions:
        total_PIOW: 0.153385
        num_windows: 298
        time_check_overlap: 1.057e-05
        num_overlapping_windows: 1
        time_merge_windows: 0
        time_remove_window: 0.207376
        time_remove_window: 1.2606e-05
        timing_PlanIn:
            total_PlanIn:0.15333
            num_until_goal_expanded:1051
            timing_expansions:
                total_S3Exp: 0.15329
                time_top_o: 0.00063746
                time_check_in_c: 0.000251569
                time_add_parent: 0.000523819
                num_neighbors: 169219
                time_add_neighbors_to_o: 0.144291
    num_windows_should_quit: 0
    time_should_quit: 1.5114e-05
    time_remove_window: 0
Complete!
