Total time: 49.9968
is_optimal: false
optimality_bound: 1.00137
successive_bounds: [1.01371, 1.00576, 1.00576, 1.00466, 1.00356, 1.00384, 1.00384, 1.00356, 1.00247, 1.00192, 1.00192, 1.00192, 1.00192, 1.00192, 1.00192, 1.00192, 1.00192, 1.00192, 1.00192, 1.00192, 1.00192, 1.00137, 1.00137, 1.00137, 1.00137, 1.00137, 1.00137, 1.00137, 1.00137, 1.00137, 1.00137, 1.00137, 1.00137, 1.00137, 1.00137]
successive_runtimes: [0.0249833, 0.0478565, 0.0628337, 0.0701899, 0.0781292, 0.0882057, 0.0989488, 0.118401, 1.84877, 2.9825, 5.34112, 5.82794, 6.45915, 7.41429, 8.64397, 10.0601, 11.7955, 13.4649, 14.9178, 16.1551, 17.3007, 19.3171, 21.5297, 23.1758, 24.6853, 27.1832, 29.352, 31.4293, 35.1593, 37.8846, 41.5682, 43.882, 45.9613, 47.9818, 49.9968]
num_agents: 50
time_individual_plan: 0.0157823
time_first_plan: 0.00854089
num_max_agents_in_window_first_iteration: 2
num_recWAMPF: 35
timing_recWAMPF:
    total_RecWAMPF: 49.9804
    num_windows: 595
    num_max_agents_in_window: 5
    timing_gari:
        total_GARI: 45.88
        time_path_btw_starts: 0.0339123
        Stage1:
            total_Stage1:14.7711
            time_add_x_to_o: 5.81213
            time_clear_x: 2.20516
            timing_AStarSearchUntil:
                total_astar_search_until:6.7537
                num_values_f_less_fmax:45627
                ASU Exp:
                    total_ASUExp:6.75368
                    time_top_o:0.0859878
                    time_check_in_c:0.107682
                    time_add_parent:0.0899318
                    num_neighbors:9028182
                    time_add_neighbors_to_o:6.31993
        Stage2:
            total_Stage2:0.244346
            num_len_path:484
            time_expanding_s:0.0086633
            timing_AStarSearchUntil:
                total_astar_search_until:0.235162
                num_values_f_less_fmax:1610
                ASU Exp:
                    total_ASUExp:0.235146
                    time_top_o:0.000739302
                    time_check_in_c:0.154887
                    time_add_parent:0.00288487
                    num_neighbors:83655
                    time_add_neighbors_to_o:0.0629959
        Stage3:
            total_Stage3:30.8288
            num_until_goal_expanded:22327
            timing_S3Exp:
                total_S3Exp: 5.90817
                time_top_o: 0.045149
                time_check_in_c: 0.00863454
                time_add_parent: 0.016036
                num_neighbors: 7068805
                time_add_neighbors_to_o: 5.38322
    timing_PIOW_overlapping:
        total_PIOW: 2.3517
        num_windows: 3479
        time_check_overlap: 0.000191126
        num_overlapping_windows: 12
        time_merge_windows: 2.1531e-05
        time_remove_window: 4.394e-06
        time_remove_window: 2.0447e-05
        timing_PlanIn:
            total_PlanIn:2.35134
            num_until_goal_expanded:3542
            timing_expansions:
                total_S3Exp: 2.3513
                time_top_o: 0.00277556
                time_check_in_c: 0.000962746
                time_add_parent: 0.00160628
                num_neighbors: 2939687
                time_add_neighbors_to_o: 2.24441
    num_new_collisions: 23
    timing_PIOW_new_collisions:
        total_PIOW: 1.7243
        num_windows: 538
        time_check_overlap: 2.3175e-05
        num_overlapping_windows: 5
        time_merge_windows: 0
        time_remove_window: 0.87676
        time_remove_window: 1.4782e-05
        timing_PlanIn:
            total_PlanIn:1.72421
            num_until_goal_expanded:2142
            timing_expansions:
                total_S3Exp: 1.72416
                time_top_o: 0.0017987
                time_check_in_c: 0.000588651
                time_add_parent: 0.000980391
                num_neighbors: 2040781
                time_add_neighbors_to_o: 1.65043
    num_windows_should_quit: 1
    time_should_quit: 5.3441e-05
    time_remove_window: 3.48e-07
Complete!
