Total time: 13.7071
is_optimal: false
optimality_bound: 1.00296
successive_bounds: [1.00618, 1.00321, 1.00321, 1.00321, 1.00296, 1.00321, 1.00321, 1.00321, 1.00321, 1.00321, 1.00296, 1.00296, 1.00296, 1.00296, 1.00296]
successive_runtimes: [0.0354571, 0.0551479, 0.623617, 3.32724, 10.7242, 11.6151, 11.6285, 11.6461, 11.6665, 11.6888, 12.1003, 12.563, 12.8881, 13.2836, 13.7071]
num_agents: 60
time_individual_plan: 0.0203523
time_first_plan: 0.0145764
num_max_agents_in_window_first_iteration: 3
num_recWAMPF: 15
timing_recWAMPF:
    total_RecWAMPF: 13.6862
    num_windows: 210
    num_max_agents_in_window: 5
    timing_gari:
        total_GARI: 11.9219
        time_path_btw_starts: 0.0373182
        Stage1:
            total_Stage1:9.84315
            time_add_x_to_o: 1.27838
            time_clear_x: 0.50606
            timing_AStarSearchUntil:
                total_astar_search_until:8.05869
                num_values_f_less_fmax:15815
                ASU Exp:
                    total_ASUExp:8.05869
                    time_top_o:0.0307761
                    time_check_in_c:0.105801
                    time_add_parent:0.00822483
                    num_neighbors:15249669
                    time_add_neighbors_to_o:7.87979
        Stage2:
            total_Stage2:0.0605936
            num_len_path:196
            time_expanding_s:0.000109743
            timing_AStarSearchUntil:
                total_astar_search_until:0.0603974
                num_values_f_less_fmax:387
                ASU Exp:
                    total_ASUExp:0.0603933
                    time_top_o:0.000149359
                    time_check_in_c:0.000105549
                    time_add_parent:0.000153007
                    num_neighbors:117812
                    time_add_neighbors_to_o:0.0594118
        Stage3:
            total_Stage3:1.97969
            num_until_goal_expanded:5951
            timing_S3Exp:
                total_S3Exp: 1.27232
                time_top_o: 0.00583512
                time_check_in_c: 0.00183559
                time_add_parent: 0.00345571
                num_neighbors: 2497602
                time_add_neighbors_to_o: 1.24942
    timing_PIOW_overlapping:
        total_PIOW: 1.72959
        num_windows: 1060
        time_check_overlap: 3.6585e-05
        num_overlapping_windows: 13
        time_merge_windows: 3.2316e-05
        time_remove_window: 4.286e-06
        time_remove_window: 3.1661e-05
        timing_PlanIn:
            total_PlanIn:1.72947
            num_until_goal_expanded:4133
            timing_expansions:
                total_S3Exp: 1.72944
                time_top_o: 0.00314934
                time_check_in_c: 0.000942983
                time_add_parent: 0.00167469
                num_neighbors: 3191414
                time_add_neighbors_to_o: 1.63529
    num_new_collisions: 21
    timing_PIOW_new_collisions:
        total_PIOW: 0.0138077
        num_windows: 321
        time_check_overlap: 8.648e-06
        num_overlapping_windows: 4
        time_merge_windows: 0
        time_remove_window: 23.4676
        time_remove_window: 6.096e-06
        timing_PlanIn:
            total_PlanIn:0.013764
            num_until_goal_expanded:511
            timing_expansions:
                total_S3Exp: 0.013725
                time_top_o: 0.000102293
                time_check_in_c: 8.6188e-05
                time_add_parent: 0.000132545
                num_neighbors: 27728
                time_add_neighbors_to_o: 0.012019
    num_windows_should_quit: 0
    time_should_quit: 1.3465e-05
    time_remove_window: 0
Complete!
