Total time: 0.129487
is_optimal: false
optimality_bound: 1.00158
successive_bounds: [1.0057, 1.0057, 1.00539, 1.00539, 1.00475, 1.00412, 1.00349, 1.00349, 1.00349, 1.00349, 1.00349, 1.00349, 1.00349, 1.00222, 1.00222, 1.00158, 1.00158, 1.00158, 1.00158, 1.00158, 1.00158]
successive_runtimes: [0.00973551, 0.0123151, 0.0152479, 0.0183946, 0.0217873, 0.0248542, 0.0275079, 0.0296372, 0.0317711, 0.033958, 0.0360288, 0.0381605, 0.0404465, 0.0726536, 0.0901594, 0.0985419, 0.105218, 0.111442, 0.117419, 0.123399, 0.129487]
num_agents: 50
time_individual_plan: 0.00514128
time_first_plan: 0.00400633
num_max_agents_in_window_first_iteration: 2
num_recWAMPF: 21
timing_recWAMPF:
    total_RecWAMPF: 0.123753
    num_windows: 379
    num_max_agents_in_window: 3
    timing_gari:
        total_GARI: 0.0769311
        time_path_btw_starts: 0.000822918
        Stage1:
            total_Stage1:0.0289825
            time_add_x_to_o: 0.0177542
            time_clear_x: 0.00226471
            timing_AStarSearchUntil:
                total_astar_search_until:0.00894282
                num_values_f_less_fmax:3291
                ASU Exp:
                    total_ASUExp:0.00893403
                    time_top_o:0.000802708
                    time_check_in_c:0.000609322
                    time_add_parent:0.000388567
                    num_neighbors:16041
                    time_add_neighbors_to_o:0.00590756
        Stage2:
            total_Stage2:0.0110803
            num_len_path:384
            time_expanding_s:0.000181771
            timing_AStarSearchUntil:
                total_astar_search_until:0.0107906
                num_values_f_less_fmax:813
                ASU Exp:
                    total_ASUExp:0.0107826
                    time_top_o:0.000209705
                    time_check_in_c:0.000165921
                    time_add_parent:0.000261698
                    num_neighbors:21852
                    time_add_neighbors_to_o:0.009111
        Stage3:
            total_Stage3:0.0359886
            num_until_goal_expanded:1987
            timing_S3Exp:
                total_S3Exp: 0.0144426
                time_top_o: 0.000425675
                time_check_in_c: 0.000272991
                time_add_parent: 0.000519723
                num_neighbors: 20094
                time_add_neighbors_to_o: 0.00929798
    timing_PIOW_overlapping:
        total_PIOW: 0.0298481
        num_windows: 1755
        time_check_overlap: 5.7745e-05
        num_overlapping_windows: 2
        time_merge_windows: 3.07e-06
        time_remove_window: 5.18e-07
        time_remove_window: 2.973e-06
        timing_PlanIn:
            total_PlanIn:0.0297438
            num_until_goal_expanded:518
            timing_expansions:
                total_S3Exp: 0.0297388
                time_top_o: 0.00012808
                time_check_in_c: 8.7198e-05
                time_add_parent: 0.000153483
                num_neighbors: 54024
                time_add_neighbors_to_o: 0.0272512
    num_new_collisions: 10
    timing_PIOW_new_collisions:
        total_PIOW: 0.0011524
        num_windows: 90
        time_check_overlap: 2.689e-06
        num_overlapping_windows: 0
        time_merge_windows: 0
        time_remove_window: 0
        time_remove_window: 3.7e-06
        timing_PlanIn:
            total_PlanIn:0.00113724
            num_until_goal_expanded:143
            timing_expansions:
                total_S3Exp: 0.00111939
                time_top_o: 1.7831e-05
                time_check_in_c: 2.4906e-05
                time_add_parent: 3.7093e-05
                num_neighbors: 1600
                time_add_neighbors_to_o: 0.000823042
    num_windows_should_quit: 0
    time_should_quit: 1.5332e-05
    time_remove_window: 0
Complete!
