Total time: 0.0127585
is_optimal: true
optimality_bound: 1
successive_bounds: [1.00173, 1.00173, 1.00173, 1.00173, 1.00173, 1.00173, 1.00173, 1.00173, 1.00173, 1.00173, 1.00173, 1, 1]
successive_runtimes: [0.00567869, 0.00609146, 0.00637948, 0.00675317, 0.00711859, 0.00755488, 0.00801801, 0.00854453, 0.00931508, 0.0102741, 0.0113181, 0.0127585]
num_agents: 20
time_individual_plan: 0.00460959
time_first_plan: 0.000440549
num_max_agents_in_window_first_iteration: 2
num_recWAMPF: 12
timing_recWAMPF:
    total_RecWAMPF: 0.00751777
    num_windows: 69
    num_max_agents_in_window: 2
    timing_gari:
        total_GARI: 0.00631611
        time_path_btw_starts: 0.000168218
        Stage1:
            total_Stage1:0.00289484
            time_add_x_to_o: 0.00131672
            time_clear_x: 0.000172187
            timing_AStarSearchUntil:
                total_astar_search_until:0.001402
                num_values_f_less_fmax:308
                ASU Exp:
                    total_ASUExp:0.00140036
                    time_top_o:9.1556e-05
                    time_check_in_c:9.0424e-05
                    time_add_parent:5.3782e-05
                    num_neighbors:2438
                    time_add_neighbors_to_o:0.00100668
        Stage2:
            total_Stage2:0.00179758
            num_len_path:69
            time_expanding_s:3.0441e-05
            timing_AStarSearchUntil:
                total_astar_search_until:0.00174894
                num_values_f_less_fmax:120
                ASU Exp:
                    total_ASUExp:0.00174735
                    time_top_o:3.3275e-05
                    time_check_in_c:2.9117e-05
                    time_add_parent:3.6544e-05
                    num_neighbors:3129
                    time_add_neighbors_to_o:0.00148092
        Stage3:
            total_Stage3:0.0014437
            num_until_goal_expanded:101
            timing_S3Exp:
                total_S3Exp: 0.000812909
                time_top_o: 1.8933e-05
                time_check_in_c: 1.4e-05
                time_add_parent: 2.367e-05
                num_neighbors: 946
                time_add_neighbors_to_o: 0.000535366
    timing_PIOW_overlapping:
        total_PIOW: 7.751e-06
        num_windows: 99
        time_check_overlap: 3.822e-06
        num_overlapping_windows: 0
        time_merge_windows: 0
        time_remove_window: 0
        time_remove_window: 0
        timing_PlanIn:
            total_PlanIn:0
            num_until_goal_expanded:0
            timing_expansions:
                total_S3Exp: 0
                time_top_o: 0
                time_check_in_c: 0
                time_add_parent: 0
                num_neighbors: 0
                time_add_neighbors_to_o: 0
    num_new_collisions: 3
    timing_PIOW_new_collisions:
        total_PIOW: 0.00031403
        num_windows: 6
        time_check_overlap: 2.62e-07
        num_overlapping_windows: 0
        time_merge_windows: 0
        time_remove_window: 0
        time_remove_window: 8.64e-07
        timing_PlanIn:
            total_PlanIn:0.00030908
            num_until_goal_expanded:31
            timing_expansions:
                total_S3Exp: 0.000302465
                time_top_o: 5.73e-06
                time_check_in_c: 6.19e-06
                time_add_parent: 1.1428e-05
                num_neighbors: 416
                time_add_neighbors_to_o: 0.000221723
    num_windows_should_quit: 0
    time_should_quit: 2.344e-06
    time_remove_window: 0
Complete!
