Total time: 0.444909
is_optimal: false
optimality_bound: 1.00193
successive_bounds: [1.00451, 1.00451, 1.00451, 1.00386, 1.00322, 1.00322, 1.00258, 1.00258, 1.00258, 1.00258, 1.00258, 1.00258, 1.00193]
successive_runtimes: [0.0114723, 0.0141237, 0.0166566, 0.0202545, 0.0261012, 0.0398164, 0.0670487, 0.0839671, 0.108306, 0.130981, 0.143523, 0.156679, 0.444909]
num_agents: 50
time_individual_plan: 0.00705304
time_first_plan: 0.00362762
num_max_agents_in_window_first_iteration: 2
num_recWAMPF: 13
timing_recWAMPF:
    total_RecWAMPF: 0.43706
    num_windows: 196
    num_max_agents_in_window: 4
    timing_gari:
        total_GARI: 0.129506
        time_path_btw_starts: 0.00182107
        Stage1:
            total_Stage1:0.0734413
            time_add_x_to_o: 0.03619
            time_clear_x: 0.00508986
            timing_AStarSearchUntil:
                total_astar_search_until:0.0321474
                num_values_f_less_fmax:4398
                ASU Exp:
                    total_ASUExp:0.0321413
                    time_top_o:0.00166748
                    time_check_in_c:0.00116443
                    time_add_parent:0.000838778
                    num_neighbors:57377
                    time_add_neighbors_to_o:0.0255441
        Stage2:
            total_Stage2:0.0174738
            num_len_path:206
            time_expanding_s:0.00056577
            timing_AStarSearchUntil:
                total_astar_search_until:0.0168256
                num_values_f_less_fmax:786
                ASU Exp:
                    total_ASUExp:0.0168205
                    time_top_o:0.000252149
                    time_check_in_c:0.000220562
                    time_add_parent:0.000316739
                    num_neighbors:31455
                    time_add_neighbors_to_o:0.0149866
        Stage3:
            total_Stage3:0.0367249
            num_until_goal_expanded:1801
            timing_S3Exp:
                total_S3Exp: 0.0181257
                time_top_o: 0.000531696
                time_check_in_c: 0.000337952
                time_add_parent: 0.000586084
                num_neighbors: 29390
                time_add_neighbors_to_o: 0.0142054
    timing_PIOW_overlapping:
        total_PIOW: 0.283069
        num_windows: 785
        time_check_overlap: 4.4219e-05
        num_overlapping_windows: 4
        time_merge_windows: 9.805e-06
        time_remove_window: 1.372e-06
        time_remove_window: 9.431e-06
        timing_PlanIn:
            total_PlanIn:0.282975
            num_until_goal_expanded:3166
            timing_expansions:
                total_S3Exp: 0.282961
                time_top_o: 0.0016555
                time_check_in_c: 0.000686514
                time_add_parent: 0.00129951
                num_neighbors: 442999
                time_add_neighbors_to_o: 0.260229
    num_new_collisions: 10
    timing_PIOW_new_collisions:
        total_PIOW: 0.0151067
        num_windows: 93
        time_check_overlap: 5.701e-06
        num_overlapping_windows: 1
        time_merge_windows: 0
        time_remove_window: 0.0948712
        time_remove_window: 9.817e-06
        timing_PlanIn:
            total_PlanIn:0.0150729
            num_until_goal_expanded:194
            timing_expansions:
                total_S3Exp: 0.0150477
                time_top_o: 4.3507e-05
                time_check_in_c: 4.8584e-05
                time_add_parent: 6.9899e-05
                num_neighbors: 23648
                time_add_neighbors_to_o: 0.013797
    num_windows_should_quit: 0
    time_should_quit: 1.3817e-05
    time_remove_window: 0
Complete!
