Total time: 0.0964646
is_optimal: true
optimality_bound: 1
successive_bounds: [1.0042, 1.0042, 1.0042, 1.0042, 1.0042, 1.0042, 1.0042, 1.00315, 1.00315, 1.0021, 1.0021, 1.0021, 1.00105, 1.00105, 1.00105, 1.00105, 1.00105, 1.00105, 1.00105, 1, 1]
successive_runtimes: [0.01959, 0.0221723, 0.0249914, 0.0277497, 0.0304928, 0.0332826, 0.0374598, 0.0463141, 0.0502097, 0.0613159, 0.0647413, 0.0681036, 0.0718146, 0.0753624, 0.0791391, 0.083113, 0.0864806, 0.0896403, 0.0928166, 0.0964646]
num_agents: 30
time_individual_plan: 0.0139909
time_first_plan: 0.00403453
num_max_agents_in_window_first_iteration: 2
num_recWAMPF: 20
timing_recWAMPF:
    total_RecWAMPF: 0.0808966
    num_windows: 187
    num_max_agents_in_window: 2
    timing_gari:
        total_GARI: 0.0669608
        time_path_btw_starts: 0.00126936
        Stage1:
            total_Stage1:0.00457938
            time_add_x_to_o: 0.000997056
            time_clear_x: 0.00017497
            timing_AStarSearchUntil:
                total_astar_search_until:0.00052148
                num_values_f_less_fmax:201
                ASU Exp:
                    total_ASUExp:0.000510654
                    time_top_o:0.000122869
                    time_check_in_c:4.4742e-05
                    time_add_parent:0
                    num_neighbors:0
                    time_add_neighbors_to_o:0
        Stage2:
            total_Stage2:0.0228921
            num_len_path:219
            time_expanding_s:0.000247517
            timing_AStarSearchUntil:
                total_astar_search_until:0.0206998
                num_values_f_less_fmax:592
                ASU Exp:
                    total_ASUExp:0.0206909
                    time_top_o:0.000457367
                    time_check_in_c:0.000286473
                    time_add_parent:0.000680995
                    num_neighbors:9910
                    time_add_neighbors_to_o:0.0108516
        Stage3:
            total_Stage3:0.0345881
            num_until_goal_expanded:2368
            timing_S3Exp:
                total_S3Exp: 0.0221724
                time_top_o: 0.00127284
                time_check_in_c: 0.000886967
                time_add_parent: 0.0020226
                num_neighbors: 9817
                time_add_neighbors_to_o: 0.0118417
    timing_PIOW_overlapping:
        total_PIOW: 6.3115e-05
        num_windows: 439
        time_check_overlap: 3.407e-05
        num_overlapping_windows: 0
        time_merge_windows: 0
        time_remove_window: 0
        time_remove_window: 0
        timing_PlanIn:
            total_PlanIn:0
            num_until_goal_expanded:0
            timing_expansions:
                total_S3Exp: 0
                time_top_o: 0
                time_check_in_c: 0
                time_add_parent: 0
                num_neighbors: 0
                time_add_neighbors_to_o: 0
    num_new_collisions: 5
    timing_PIOW_new_collisions:
        total_PIOW: 0.00193767
        num_windows: 10
        time_check_overlap: 2.403e-06
        num_overlapping_windows: 0
        time_merge_windows: 0
        time_remove_window: 0
        time_remove_window: 2.322e-06
        timing_PlanIn:
            total_PlanIn:0.00191635
            num_until_goal_expanded:121
            timing_expansions:
                total_S3Exp: 0.00187264
                time_top_o: 5.5353e-05
                time_check_in_c: 6.7685e-05
                time_add_parent: 0.000148138
                num_neighbors: 725
                time_add_neighbors_to_o: 0.00110697
    num_windows_should_quit: 1
    time_should_quit: 5.523e-06
    time_remove_window: 3.22e-07
Complete!
