Total time: 0.168362
is_optimal: true
optimality_bound: 1
successive_bounds: [1.00355, 1.00284, 1.00213, 1.00213, 1.00213, 1.00213, 1.00142, 1.00071, 1.00071, 1.00071, 1.00071, 1.00071, 1.00071, 1.00071, 1.00071, 1.00071, 1.00071, 1.00071, 1.00071, 1.00071, 1.00071, 1, 1]
successive_runtimes: [0.0101397, 0.0130217, 0.0156884, 0.0193893, 0.0251996, 0.0322014, 0.0395563, 0.0503777, 0.0532626, 0.0553864, 0.0576203, 0.0604616, 0.11105, 0.13551, 0.139255, 0.144336, 0.148217, 0.152131, 0.156304, 0.160286, 0.16437, 0.168362]
num_agents: 40
time_individual_plan: 0.00699851
time_first_plan: 0.00243044
num_max_agents_in_window_first_iteration: 2
num_recWAMPF: 22
timing_recWAMPF:
    total_RecWAMPF: 0.160646
    num_windows: 199
    num_max_agents_in_window: 3
    timing_gari:
        total_GARI: 0.0996411
        time_path_btw_starts: 0.000723467
        Stage1:
            total_Stage1:0.0406931
            time_add_x_to_o: 0.0247037
            time_clear_x: 0.00400541
            timing_AStarSearchUntil:
                total_astar_search_until:0.0119705
                num_values_f_less_fmax:1867
                ASU Exp:
                    total_ASUExp:0.0119652
                    time_top_o:0.000569233
                    time_check_in_c:0.000291261
                    time_add_parent:0.000471373
                    num_neighbors:19988
                    time_add_neighbors_to_o:0.00896034
        Stage2:
            total_Stage2:0.0138218
            num_len_path:192
            time_expanding_s:0.000183071
            timing_AStarSearchUntil:
                total_astar_search_until:0.0135612
                num_values_f_less_fmax:855
                ASU Exp:
                    total_ASUExp:0.0135566
                    time_top_o:0.000283627
                    time_check_in_c:0.000188573
                    time_add_parent:0.000307904
                    num_neighbors:24741
                    time_add_neighbors_to_o:0.0110937
        Stage3:
            total_Stage3:0.0440142
            num_until_goal_expanded:883
            timing_S3Exp:
                total_S3Exp: 0.0112859
                time_top_o: 0.000238907
                time_check_in_c: 0.000138404
                time_add_parent: 0.000260501
                num_neighbors: 11734
                time_add_neighbors_to_o: 0.00558918
    timing_PIOW_overlapping:
        total_PIOW: 0.0491966
        num_windows: 513
        time_check_overlap: 2.6771e-05
        num_overlapping_windows: 3
        time_merge_windows: 9.773e-06
        time_remove_window: 1.084e-06
        time_remove_window: 9.502e-06
        timing_PlanIn:
            total_PlanIn:0.0491321
            num_until_goal_expanded:746
            timing_expansions:
                total_S3Exp: 0.0491219
                time_top_o: 0.000238345
                time_check_in_c: 0.00014297
                time_add_parent: 0.00022812
                num_neighbors: 80111
                time_add_neighbors_to_o: 0.044927
    num_new_collisions: 7
    timing_PIOW_new_collisions:
        total_PIOW: 0.00257629
        num_windows: 46
        time_check_overlap: 1.964e-06
        num_overlapping_windows: 1
        time_merge_windows: 0
        time_remove_window: 0.0178863
        time_remove_window: 8.4e-06
        timing_PlanIn:
            total_PlanIn:0.00255391
            num_until_goal_expanded:213
            timing_expansions:
                total_S3Exp: 0.00253772
                time_top_o: 3.5045e-05
                time_check_in_c: 4.3526e-05
                time_add_parent: 6.6358e-05
                num_neighbors: 3455
                time_add_neighbors_to_o: 0.00195964
    num_windows_should_quit: 0
    time_should_quit: 1.1201e-05
    time_remove_window: 0
Complete!
