Total time: 56.4364
is_optimal: false
optimality_bound: 1.00039
successive_bounds: [1.00548, 1.00117, 1.00117, 1.00117, 1.00117, 1.00117, 1.00117, 1.00039, 1.00039, 1.00039, 1.00039, 1.00039, 1.00039, 1.00039, 1.00039, 1.00039, 1.00039]
successive_runtimes: [0.0104067, 0.0147444, 0.0169224, 0.0179867, 0.0190238, 0.0201167, 0.0213548, 1.32876, 3.28884, 5.50204, 8.95025, 13.6378, 18.3002, 23.7172, 32.7428, 44.4054, 56.4364]
num_agents: 40
time_individual_plan: 0.00798094
time_first_plan: 0.0017473
num_max_agents_in_window_first_iteration: 2
num_recWAMPF: 17
timing_recWAMPF:
    total_RecWAMPF: 56.4278
    num_windows: 146
    num_max_agents_in_window: 4
    timing_gari:
        total_GARI: 55.1151
        time_path_btw_starts: 0.000380063
        Stage1:
            total_Stage1:36.1034
            time_add_x_to_o: 6.98045
            time_clear_x: 3.32065
            timing_AStarSearchUntil:
                total_astar_search_until:25.8023
                num_values_f_less_fmax:133951
                ASU Exp:
                    total_ASUExp:25.8023
                    time_top_o:0.269624
                    time_check_in_c:0.10744
                    time_add_parent:0.055537
                    num_neighbors:36924451
                    time_add_neighbors_to_o:25.1311
        Stage2:
            total_Stage2:1.98559
            num_len_path:127
            time_expanding_s:0.000104197
            timing_AStarSearchUntil:
                total_astar_search_until:1.98541
                num_values_f_less_fmax:5455
                ASU Exp:
                    total_ASUExp:1.98541
                    time_top_o:0.00739988
                    time_check_in_c:0.00172563
                    time_add_parent:0.00316917
                    num_neighbors:2769168
                    time_add_neighbors_to_o:1.96027
        Stage3:
            total_Stage3:17.0257
            num_until_goal_expanded:15782
            timing_S3Exp:
                total_S3Exp: 3.74172
                time_top_o: 0.0311897
                time_check_in_c: 0.00647745
                time_add_parent: 0.00959783
                num_neighbors: 4678633
                time_add_neighbors_to_o: 3.65667
    timing_PIOW_overlapping:
        total_PIOW: 0.25294
        num_windows: 323
        time_check_overlap: 1.907e-05
        num_overlapping_windows: 1
        time_merge_windows: 1.292e-06
        time_remove_window: 3.66e-07
        time_remove_window: 1.222e-06
        timing_PlanIn:
            total_PlanIn:0.252902
            num_until_goal_expanded:3966
            timing_expansions:
                total_S3Exp: 0.2529
                time_top_o: 0.00415667
                time_check_in_c: 0.000994056
                time_add_parent: 0.00197184
                num_neighbors: 419505
                time_add_neighbors_to_o: 0.226045
    num_new_collisions: 6
    timing_PIOW_new_collisions:
        total_PIOW: 1.05415
        num_windows: 30
        time_check_overlap: 1.933e-06
        num_overlapping_windows: 1
        time_merge_windows: 0
        time_remove_window: 0.275922
        time_remove_window: 2.172e-06
        timing_PlanIn:
            total_PlanIn:1.05414
            num_until_goal_expanded:3369
            timing_expansions:
                total_S3Exp: 1.05412
                time_top_o: 0.00281865
                time_check_in_c: 0.00116191
                time_add_parent: 0.00217266
                num_neighbors: 1498792
                time_add_neighbors_to_o: 0.993054
    num_windows_should_quit: 0
    time_should_quit: 8.531e-06
    time_remove_window: 0
Complete!
