Total time: 0.0172825
is_optimal: true
optimality_bound: 1
successive_bounds: [1.00321, 1.00321, 1.00321, 1.00321, 1.00321, 1.00321, 1.0016, 1.0016, 1, 1]
successive_runtimes: [0.00455131, 0.00548903, 0.00654156, 0.00790596, 0.00965671, 0.0114995, 0.0136448, 0.0155669, 0.0172825]
num_agents: 20
time_individual_plan: 0.00356912
time_first_plan: 0.000461175
num_max_agents_in_window_first_iteration: 2
num_recWAMPF: 9
timing_recWAMPF:
    total_RecWAMPF: 0.0131906
    num_windows: 34
    num_max_agents_in_window: 2
    timing_gari:
        total_GARI: 0.012052
        time_path_btw_starts: 0.000211173
        Stage1:
            total_Stage1:0.00514671
            time_add_x_to_o: 0.00214605
            time_clear_x: 0.000299773
            timing_AStarSearchUntil:
                total_astar_search_until:0.00269917
                num_values_f_less_fmax:2324
                ASU Exp:
                    total_ASUExp:0.00269839
                    time_top_o:0.000508659
                    time_check_in_c:0.000321841
                    time_add_parent:0.000218871
                    num_neighbors:2740
                    time_add_neighbors_to_o:0.00100705
        Stage2:
            total_Stage2:0.00121465
            num_len_path:30
            time_expanding_s:1.4689e-05
            timing_AStarSearchUntil:
                total_astar_search_until:0.00119038
                num_values_f_less_fmax:113
                ASU Exp:
                    total_ASUExp:0.00118967
                    time_top_o:2.5305e-05
                    time_check_in_c:2.1454e-05
                    time_add_parent:3.2635e-05
                    num_neighbors:2646
                    time_add_neighbors_to_o:0.000971322
        Stage3:
            total_Stage3:0.00547428
            num_until_goal_expanded:1099
            timing_S3Exp:
                total_S3Exp: 0.00437318
                time_top_o: 0.00024484
                time_check_in_c: 0.00017987
                time_add_parent: 0.000353664
                num_neighbors: 6519
                time_add_neighbors_to_o: 0.00264025
    timing_PIOW_overlapping:
        total_PIOW: 1.923e-06
        num_windows: 32
        time_check_overlap: 8.09e-07
        num_overlapping_windows: 0
        time_merge_windows: 0
        time_remove_window: 0
        time_remove_window: 0
        timing_PlanIn:
            total_PlanIn:0
            num_until_goal_expanded:0
            timing_expansions:
                total_S3Exp: 0
                time_top_o: 0
                time_check_in_c: 0
                time_add_parent: 0
                num_neighbors: 0
                time_add_neighbors_to_o: 0
    num_new_collisions: 2
    timing_PIOW_new_collisions:
        total_PIOW: 0.000313034
        num_windows: 2
        time_check_overlap: 1.16e-07
        num_overlapping_windows: 0
        time_merge_windows: 0
        time_remove_window: 0
        time_remove_window: 6.48e-07
        timing_PlanIn:
            total_PlanIn:0.000310284
            num_until_goal_expanded:52
            timing_expansions:
                total_S3Exp: 0.000305415
                time_top_o: 6.705e-06
                time_check_in_c: 9.76e-06
                time_add_parent: 1.4027e-05
                num_neighbors: 434
                time_add_neighbors_to_o: 0.000190156
    num_windows_should_quit: 0
    time_should_quit: 7.82e-07
    time_remove_window: 0
Complete!
