Total time: 0.29533
is_optimal: true
optimality_bound: 1
successive_bounds: [1.0046, 1.00402, 1.00345, 1.00287, 1.0023, 1.00172, 1.00172, 1.00172, 1.00144, 1.00144, 1.00144, 1.00144, 1.00144, 1.00086, 1, 1]
successive_runtimes: [0.0114899, 0.0151299, 0.018998, 0.0478106, 0.0966609, 0.126748, 0.138479, 0.152228, 0.168861, 0.186042, 0.204353, 0.222846, 0.24222, 0.26064, 0.29533]
num_agents: 50
time_individual_plan: 0.00608975
time_first_plan: 0.00487379
num_max_agents_in_window_first_iteration: 2
num_recWAMPF: 15
timing_recWAMPF:
    total_RecWAMPF: 0.288709
    num_windows: 233
    num_max_agents_in_window: 3
    timing_gari:
        total_GARI: 0.220027
        time_path_btw_starts: 0.000698354
        Stage1:
            total_Stage1:0.120799
            time_add_x_to_o: 0.0524098
            time_clear_x: 0.00836556
            timing_AStarSearchUntil:
                total_astar_search_until:0.0600075
                num_values_f_less_fmax:16344
                ASU Exp:
                    total_ASUExp:0.060001
                    time_top_o:0.00507831
                    time_check_in_c:0.00273936
                    time_add_parent:0.00156459
                    num_neighbors:112868
                    time_add_neighbors_to_o:0.0432575
        Stage2:
            total_Stage2:0.00957105
            num_len_path:236
            time_expanding_s:0.000423229
            timing_AStarSearchUntil:
                total_astar_search_until:0.00905509
                num_values_f_less_fmax:510
                ASU Exp:
                    total_ASUExp:0.00905034
                    time_top_o:0.000156342
                    time_check_in_c:0.000139733
                    time_add_parent:0.000231857
                    num_neighbors:17632
                    time_add_neighbors_to_o:0.00758716
        Stage3:
            total_Stage3:0.0884811
            num_until_goal_expanded:6173
            timing_S3Exp:
                total_S3Exp: 0.0280748
                time_top_o: 0.00160525
                time_check_in_c: 0.000957619
                time_add_parent: 0.00185332
                num_neighbors: 39821
                time_add_neighbors_to_o: 0.0168462
    timing_PIOW_overlapping:
        total_PIOW: 0.0545572
        num_windows: 957
        time_check_overlap: 3.6735e-05
        num_overlapping_windows: 4
        time_merge_windows: 5.047e-06
        time_remove_window: 8.73e-07
        time_remove_window: 4.86e-06
        timing_PlanIn:
            total_PlanIn:0.0544876
            num_until_goal_expanded:870
            timing_expansions:
                total_S3Exp: 0.0544793
                time_top_o: 0.000260409
                time_check_in_c: 0.000153373
                time_add_parent: 0.000235586
                num_neighbors: 103291
                time_add_neighbors_to_o: 0.0500038
    num_new_collisions: 9
    timing_PIOW_new_collisions:
        total_PIOW: 0.00142128
        num_windows: 72
        time_check_overlap: 1.992e-06
        num_overlapping_windows: 0
        time_merge_windows: 0
        time_remove_window: 0
        time_remove_window: 4.649e-06
        timing_PlanIn:
            total_PlanIn:0.00140546
            num_until_goal_expanded:197
            timing_expansions:
                total_S3Exp: 0.00138999
                time_top_o: 2.3181e-05
                time_check_in_c: 3.4823e-05
                time_add_parent: 5.2481e-05
                num_neighbors: 1837
                time_add_neighbors_to_o: 0.000966385
    num_windows_should_quit: 0
    time_should_quit: 1.7653e-05
    time_remove_window: 0
Complete!
