Total time: 0.02986
is_optimal: false
optimality_bound: 1.00316
successive_bounds: [1.00316, 1.00316, 1.00316, 1.00316, 1.00474, 1.00316, 1.00316, 1.00316]
successive_runtimes: [0.00411044, 0.00620558, 0.00922907, 0.0122441, 0.0157953, 0.0196737, 0.0241194, 0.02986]
num_agents: 20
time_individual_plan: 0.00269204
time_first_plan: 0.000894631
num_max_agents_in_window_first_iteration: 2
num_recWAMPF: 8
timing_recWAMPF:
    total_RecWAMPF: 0.0266427
    num_windows: 30
    num_max_agents_in_window: 2
    timing_gari:
        total_GARI: 0.0245812
        time_path_btw_starts: 6.2618e-05
        Stage1:
            total_Stage1:0.0130765
            time_add_x_to_o: 0.00502313
            time_clear_x: 0.000833284
            timing_AStarSearchUntil:
                total_astar_search_until:0.00721824
                num_values_f_less_fmax:5141
                ASU Exp:
                    total_ASUExp:0.00721751
                    time_top_o:0.00129127
                    time_check_in_c:0.000599172
                    time_add_parent:0.000256425
                    num_neighbors:10138
                    time_add_neighbors_to_o:0.00361973
        Stage2:
            total_Stage2:0.00250269
            num_len_path:33
            time_expanding_s:1.1789e-05
            timing_AStarSearchUntil:
                total_astar_search_until:0.0024828
                num_values_f_less_fmax:212
                ASU Exp:
                    total_ASUExp:0.00248217
                    time_top_o:4.9354e-05
                    time_check_in_c:3.9332e-05
                    time_add_parent:5.4023e-05
                    num_neighbors:5751
                    time_add_neighbors_to_o:0.00214498
        Stage3:
            total_Stage3:0.00893399
            num_until_goal_expanded:2006
            timing_S3Exp:
                total_S3Exp: 0.00755449
                time_top_o: 0.000475095
                time_check_in_c: 0.000322167
                time_add_parent: 0.000609325
                num_neighbors: 11379
                time_add_neighbors_to_o: 0.00458781
    timing_PIOW_overlapping:
        total_PIOW: 1.91e-06
        num_windows: 28
        time_check_overlap: 9.26e-07
        num_overlapping_windows: 0
        time_merge_windows: 0
        time_remove_window: 0
        time_remove_window: 0
        timing_PlanIn:
            total_PlanIn:0
            num_until_goal_expanded:0
            timing_expansions:
                total_S3Exp: 0
                time_top_o: 0
                time_check_in_c: 0
                time_add_parent: 0
                num_neighbors: 0
                time_add_neighbors_to_o: 0
    num_new_collisions: 3
    timing_PIOW_new_collisions:
        total_PIOW: 0.00113256
        num_windows: 5
        time_check_overlap: 3.96e-07
        num_overlapping_windows: 1
        time_merge_windows: 0
        time_remove_window: 0.00879731
        time_remove_window: 7.62e-07
        timing_PlanIn:
            total_PlanIn:0.00112698
            num_until_goal_expanded:140
            timing_expansions:
                total_S3Exp: 0.00112025
                time_top_o: 1.9502e-05
                time_check_in_c: 2.5527e-05
                time_add_parent: 3.5396e-05
                num_neighbors: 1686
                time_add_neighbors_to_o: 0.000830448
    num_windows_should_quit: 0
    time_should_quit: 7.93e-07
    time_remove_window: 0
Complete!
