Total time: 0.0476113
is_optimal: true
optimality_bound: 1
successive_bounds: [1.00284, 1.00284, 1.00284, 1.00284, 1.00284, 1.00284, 1.00284, 1.00284, 1.00284, 1.00284, 1.00284, 1.00284, 1.00284, 1.00284, 1.00284, 1.00284, 1.00284, 1.00284, 1.00284, 1, 1]
successive_runtimes: [0.00497378, 0.00527984, 0.00555604, 0.00586701, 0.00616178, 0.00645915, 0.00677948, 0.00712492, 0.00746418, 0.00780657, 0.00814419, 0.00849623, 0.00884893, 0.00921674, 0.00959279, 0.00998913, 0.0103721, 0.0107836, 0.011205, 0.0476112]
num_agents: 10
time_individual_plan: 0.00340063
time_first_plan: 0.000381268
num_max_agents_in_window_first_iteration: 2
num_recWAMPF: 20
timing_recWAMPF:
    total_RecWAMPF: 0.0430123
    num_windows: 39
    num_max_agents_in_window: 2
    timing_gari:
        total_GARI: 0.0416336
        time_path_btw_starts: 0.000282738
        Stage1:
            total_Stage1:0.000606018
            time_add_x_to_o: 0.000544032
            time_clear_x: 5.3566e-05
            timing_AStarSearchUntil:
                total_astar_search_until:3.739e-06
                num_values_f_less_fmax:0
                ASU Exp:
                    total_ASUExp:1.476e-06
                    time_top_o:0
                    time_check_in_c:0
                    time_add_parent:0
                    num_neighbors:0
                    time_add_neighbors_to_o:0
        Stage2:
            total_Stage2:0.038121
            num_len_path:55
            time_expanding_s:5.746e-05
            timing_AStarSearchUntil:
                total_astar_search_until:0.0380382
                num_values_f_less_fmax:1058
                ASU Exp:
                    total_ASUExp:0.038036
                    time_top_o:0.000737174
                    time_check_in_c:0.000571297
                    time_add_parent:0.00115541
                    num_neighbors:26349
                    time_add_neighbors_to_o:0.0320241
        Stage3:
            total_Stage3:0.00260309
            num_until_goal_expanded:37
            timing_S3Exp:
                total_S3Exp: 0.000537473
                time_top_o: 1.2106e-05
                time_check_in_c: 1.0969e-05
                time_add_parent: 1.757e-05
                num_neighbors: 87
                time_add_neighbors_to_o: 0.000152083
    timing_PIOW_overlapping:
        total_PIOW: 1.133e-06
        num_windows: 19
        time_check_overlap: 0
        num_overlapping_windows: 0
        time_merge_windows: 0
        time_remove_window: 0
        time_remove_window: 0
        timing_PlanIn:
            total_PlanIn:0
            num_until_goal_expanded:0
            timing_expansions:
                total_S3Exp: 0
                time_top_o: 0
                time_check_in_c: 0
                time_add_parent: 0
                num_neighbors: 0
                time_add_neighbors_to_o: 0
    num_new_collisions: 1
    timing_PIOW_new_collisions:
        total_PIOW: 0.000299251
        num_windows: 0
        time_check_overlap: 0
        num_overlapping_windows: 0
        time_merge_windows: 0
        time_remove_window: 0
        time_remove_window: 6.61e-07
        timing_PlanIn:
            total_PlanIn:0.000295826
            num_until_goal_expanded:8
            timing_expansions:
                total_S3Exp: 0.000288904
                time_top_o: 3.658e-06
                time_check_in_c: 5.351e-06
                time_add_parent: 9.81e-06
                num_neighbors: 139
                time_add_neighbors_to_o: 0.00022597
    num_windows_should_quit: 0
    time_should_quit: 2.781e-06
    time_remove_window: 0
Complete!
