Total time: 0.0177486
is_optimal: true
optimality_bound: 1
successive_bounds: [1.00481, 1.00481, 1.00344, 1.00344, 1.00344, 1.00344, 1.00344, 1.00069, 1.00069, 1, 1]
successive_runtimes: [0.00649265, 0.00751949, 0.00955398, 0.0108853, 0.0119873, 0.0131072, 0.014208, 0.0156402, 0.0164781, 0.0177486]
num_agents: 50
time_individual_plan: 0.00480191
time_first_plan: 0.00105825
num_max_agents_in_window_first_iteration: 2
num_recWAMPF: 10
timing_recWAMPF:
    total_RecWAMPF: 0.0123116
    num_windows: 95
    num_max_agents_in_window: 2
    timing_gari:
        total_GARI: 0.00928329
        time_path_btw_starts: 0.000189369
        Stage1:
            total_Stage1:0.00291343
            time_add_x_to_o: 0.00162864
            time_clear_x: 0.000194508
            timing_AStarSearchUntil:
                total_astar_search_until:0.0010844
                num_values_f_less_fmax:272
                ASU Exp:
                    total_ASUExp:0.00108184
                    time_top_o:7.1466e-05
                    time_check_in_c:4.338e-05
                    time_add_parent:3.1852e-05
                    num_neighbors:1544
                    time_add_neighbors_to_o:0.000756679
        Stage2:
            total_Stage2:0.00314158
            num_len_path:96
            time_expanding_s:6.3747e-05
            timing_AStarSearchUntil:
                total_astar_search_until:0.00304996
                num_values_f_less_fmax:195
                ASU Exp:
                    total_ASUExp:0.00304775
                    time_top_o:5.3924e-05
                    time_check_in_c:5.0245e-05
                    time_add_parent:7.72e-05
                    num_neighbors:4790
                    time_add_neighbors_to_o:0.0025626
        Stage3:
            total_Stage3:0.00302293
            num_until_goal_expanded:274
            timing_S3Exp:
                total_S3Exp: 0.00184023
                time_top_o: 5.8845e-05
                time_check_in_c: 4.1539e-05
                time_add_parent: 8.9832e-05
                num_neighbors: 2335
                time_add_neighbors_to_o: 0.00115881
    timing_PIOW_overlapping:
        total_PIOW: 1.7112e-05
        num_windows: 225
        time_check_overlap: 9.245e-06
        num_overlapping_windows: 0
        time_merge_windows: 0
        time_remove_window: 0
        time_remove_window: 0
        timing_PlanIn:
            total_PlanIn:0
            num_until_goal_expanded:0
            timing_expansions:
                total_S3Exp: 0
                time_top_o: 0
                time_check_in_c: 0
                time_add_parent: 0
                num_neighbors: 0
                time_add_neighbors_to_o: 0
    num_new_collisions: 5
    timing_PIOW_new_collisions:
        total_PIOW: 0.000508319
        num_windows: 20
        time_check_overlap: 8.86e-07
        num_overlapping_windows: 0
        time_merge_windows: 0
        time_remove_window: 0
        time_remove_window: 3.119e-06
        timing_PlanIn:
            total_PlanIn:0.00049753
            num_until_goal_expanded:42
            timing_expansions:
                total_S3Exp: 0.000486777
                time_top_o: 7.715e-06
                time_check_in_c: 9.503e-06
                time_add_parent: 1.6042e-05
                num_neighbors: 576
                time_add_neighbors_to_o: 0.000364872
    num_windows_should_quit: 0
    time_should_quit: 3.829e-06
    time_remove_window: 0
Complete!
