Total time: 0.280452
is_optimal: true
optimality_bound: 1
successive_bounds: [1.00363, 1.00207, 1.00207, 1.00207, 1.00207, 1.00207, 1.00207, 1.00207, 1.00207, 1.00207, 1.00207, 1.00207, 1.00207, 1.00207, 1.00207, 1.00207, 1.00207, 1.00207, 1.00207, 1.00207, 1.00207, 1.00207, 1.00207, 1.00207, 1.00207, 1.00207, 1.00104, 1.00104, 1.00104, 1.00104, 1.00104, 1.00104, 1, 1]
successive_runtimes: [0.0068187, 0.007983, 0.0087259, 0.00937402, 0.00998345, 0.0105832, 0.0112241, 0.0117802, 0.0123631, 0.0136342, 0.0145425, 0.0154586, 0.0169046, 0.0177137, 0.0185559, 0.0193583, 0.0201118, 0.0222809, 0.023576, 0.0249013, 0.0305592, 0.0318312, 0.0337452, 0.0359694, 0.0778807, 0.105829, 0.130997, 0.145699, 0.153156, 0.160767, 0.168974, 0.180724, 0.280452]
num_agents: 30
time_individual_plan: 0.00543984
time_first_plan: 0.000858872
num_max_agents_in_window_first_iteration: 2
num_recWAMPF: 33
timing_recWAMPF:
    total_RecWAMPF: 0.274487
    num_windows: 130
    num_max_agents_in_window: 2
    timing_gari:
        total_GARI: 0.232792
        time_path_btw_starts: 0.000419106
        Stage1:
            total_Stage1:0.0294931
            time_add_x_to_o: 0.0128069
            time_clear_x: 0.00150453
            timing_AStarSearchUntil:
                total_astar_search_until:0.0151735
                num_values_f_less_fmax:2138
                ASU Exp:
                    total_ASUExp:0.0151698
                    time_top_o:0.000812725
                    time_check_in_c:0.000402972
                    time_add_parent:0.000450027
                    num_neighbors:32193
                    time_add_neighbors_to_o:0.0119182
        Stage2:
            total_Stage2:0.130782
            num_len_path:178
            time_expanding_s:0.000189834
            timing_AStarSearchUntil:
                total_astar_search_until:0.0705337
                num_values_f_less_fmax:11296
                ASU Exp:
                    total_ASUExp:0.0705309
                    time_top_o:0.00414137
                    time_check_in_c:0.00240029
                    time_add_parent:0.00360152
                    num_neighbors:254222
                    time_add_neighbors_to_o:0.109058
        Stage3:
            total_Stage3:0.0720732
            num_until_goal_expanded:1394
            timing_S3Exp:
                total_S3Exp: 0.0124414
                time_top_o: 0.000370771
                time_check_in_c: 0.000228886
                time_add_parent: 0.000403074
                num_neighbors: 18809
                time_add_neighbors_to_o: 0.00794116
    timing_PIOW_overlapping:
        total_PIOW: 1.1127e-05
        num_windows: 128
        time_check_overlap: 6.107e-06
        num_overlapping_windows: 0
        time_merge_windows: 0
        time_remove_window: 0
        time_remove_window: 0
        timing_PlanIn:
            total_PlanIn:0
            num_until_goal_expanded:0
            timing_expansions:
                total_S3Exp: 0
                time_top_o: 0
                time_check_in_c: 0
                time_add_parent: 0
                num_neighbors: 0
                time_add_neighbors_to_o: 0
    num_new_collisions: 2
    timing_PIOW_new_collisions:
        total_PIOW: 0.000362358
        num_windows: 2
        time_check_overlap: 8.7e-08
        num_overlapping_windows: 0
        time_merge_windows: 0
        time_remove_window: 0
        time_remove_window: 6.25e-07
        timing_PlanIn:
            total_PlanIn:0.000359607
            num_until_goal_expanded:33
            timing_expansions:
                total_S3Exp: 0.000353346
                time_top_o: 5.428e-06
                time_check_in_c: 6.593e-06
                time_add_parent: 9.496e-06
                num_neighbors: 606
                time_add_neighbors_to_o: 0.000251981
    num_windows_should_quit: 0
    time_should_quit: 4.372e-06
    time_remove_window: 0
Complete!
