Total time: 0.946678
is_optimal: false
optimality_bound: 1.00308
successive_bounds: [1.02412, 1.00757, 1.00477, 1.00477, 1.00393, 1.00365, 1.00308, 1.00308]
successive_runtimes: [0.0273559, 0.066418, 0.0917689, 0.109866, 0.125211, 0.170883, 0.877228, 0.946678]
num_agents: 50
time_individual_plan: 0.0134293
time_first_plan: 0.0132459
num_max_agents_in_window_first_iteration: 3
num_recWAMPF: 8
timing_recWAMPF:
    total_RecWAMPF: 0.932565
    num_windows: 168
    num_max_agents_in_window: 4
    timing_gari:
        total_GARI: 0.156197
        time_path_btw_starts: 0.000617338
        Stage1:
            total_Stage1:0.0465211
            time_add_x_to_o: 0.0133288
            time_clear_x: 0.00142363
            timing_AStarSearchUntil:
                total_astar_search_until:0.0317584
                num_values_f_less_fmax:4572
                ASU Exp:
                    total_ASUExp:0.0317543
                    time_top_o:0.00145058
                    time_check_in_c:0.000811895
                    time_add_parent:0.000691121
                    num_neighbors:57054
                    time_add_neighbors_to_o:0.0255555
        Stage2:
            total_Stage2:0.0109458
            num_len_path:150
            time_expanding_s:0.000195739
            timing_AStarSearchUntil:
                total_astar_search_until:0.0106846
                num_values_f_less_fmax:381
                ASU Exp:
                    total_ASUExp:0.0106809
                    time_top_o:0.000137377
                    time_check_in_c:0.000104572
                    time_add_parent:0.000159719
                    num_neighbors:20561
                    time_add_neighbors_to_o:0.00969371
        Stage3:
            total_Stage3:0.097143
            num_until_goal_expanded:974
            timing_S3Exp:
                total_S3Exp: 0.018584
                time_top_o: 0.000295509
                time_check_in_c: 0.000161983
                time_add_parent: 0.000316467
                num_neighbors: 32530
                time_add_neighbors_to_o: 0.0159695
    timing_PIOW_overlapping:
        total_PIOW: 0.754757
        num_windows: 1286
        time_check_overlap: 5.0791e-05
        num_overlapping_windows: 17
        time_merge_windows: 2.7794e-05
        time_remove_window: 5.036e-06
        time_remove_window: 2.6565e-05
        timing_PlanIn:
            total_PlanIn:0.754597
            num_until_goal_expanded:3703
            timing_expansions:
                total_S3Exp: 0.754533
                time_top_o: 0.0024025
                time_check_in_c: 0.000883029
                time_add_parent: 0.00153913
                num_neighbors: 1058951
                time_add_neighbors_to_o: 0.711143
    num_new_collisions: 23
    timing_PIOW_new_collisions:
        total_PIOW: 0.0141944
        num_windows: 445
        time_check_overlap: 1.6026e-05
        num_overlapping_windows: 2
        time_merge_windows: 0
        time_remove_window: 0.136421
        time_remove_window: 1.5316e-05
        timing_PlanIn:
            total_PlanIn:0.0141059
            num_until_goal_expanded:747
            timing_expansions:
                total_S3Exp: 0.014062
                time_top_o: 0.000132058
                time_check_in_c: 0.000149113
                time_add_parent: 0.000222706
                num_neighbors: 21239
                time_add_neighbors_to_o: 0.0119576
    num_windows_should_quit: 0
    time_should_quit: 1.387e-05
    time_remove_window: 0
Complete!
