Total time: 39.8252
is_optimal: false
optimality_bound: 1.00059
successive_bounds: [1.00446, 1.00357, 1.00238, 1.00149, 1.00119, 1.00119, 1.00059, 1.00059, 1.00059, 1.00059, 1.00059, 1.00059, 1.00059, 1.00059]
successive_runtimes: [0.0137757, 0.016124, 0.0221464, 0.0297278, 0.0387508, 0.0428289, 0.0498471, 0.0743643, 0.0837692, 0.0918225, 0.0986669, 22.0052, 36.5925, 39.8252]
num_agents: 50
time_individual_plan: 0.00995119
time_first_plan: 0.00312065
num_max_agents_in_window_first_iteration: 2
num_recWAMPF: 14
timing_recWAMPF:
    total_RecWAMPF: 39.8146
    num_windows: 140
    num_max_agents_in_window: 5
    timing_gari:
        total_GARI: 17.8665
        time_path_btw_starts: 0.035981
        Stage1:
            total_Stage1:8.29628
            time_add_x_to_o: 6.82851
            time_clear_x: 1.46755
            timing_AStarSearchUntil:
                total_astar_search_until:0.000203269
                num_values_f_less_fmax:96
                ASU Exp:
                    total_ASUExp:0.000199146
                    time_top_o:2.33e-05
                    time_check_in_c:1.4108e-05
                    time_add_parent:6.727e-06
                    num_neighbors:261
                    time_add_neighbors_to_o:0.000113218
        Stage2:
            total_Stage2:0.0200222
            num_len_path:114
            time_expanding_s:0.000970451
            timing_AStarSearchUntil:
                total_astar_search_until:0.0189859
                num_values_f_less_fmax:203
                ASU Exp:
                    total_ASUExp:0.0189824
                    time_top_o:8.2217e-05
                    time_check_in_c:5.3717e-05
                    time_add_parent:9.2723e-05
                    num_neighbors:13622
                    time_add_neighbors_to_o:0.0118448
        Stage3:
            total_Stage3:9.51311
            num_until_goal_expanded:2495
            timing_S3Exp:
                total_S3Exp: 3.44868
                time_top_o: 0.00290738
                time_check_in_c: 0.000613966
                time_add_parent: 0.00163649
                num_neighbors: 306317
                time_add_neighbors_to_o: 1.07246
    timing_PIOW_overlapping:
        total_PIOW: 0.0367822
        num_windows: 488
        time_check_overlap: 2.3569e-05
        num_overlapping_windows: 7
        time_merge_windows: 1.0328e-05
        time_remove_window: 2.072e-06
        time_remove_window: 9.816e-06
        timing_PlanIn:
            total_PlanIn:0.0367138
            num_until_goal_expanded:299
            timing_expansions:
                total_S3Exp: 0.0366952
                time_top_o: 0.000101489
                time_check_in_c: 7.1014e-05
                time_add_parent: 0.00011229
                num_neighbors: 43964
                time_add_neighbors_to_o: 0.0342122
    num_new_collisions: 11
    timing_PIOW_new_collisions:
        total_PIOW: 21.901
        num_windows: 97
        time_check_overlap: 4.86e-06
        num_overlapping_windows: 1
        time_merge_windows: 0
        time_remove_window: 0.106426
        time_remove_window: 7.639e-06
        timing_PlanIn:
            total_PlanIn:21.901
            num_until_goal_expanded:8287
            timing_expansions:
                total_S3Exp: 21.9009
                time_top_o: 0.0202193
                time_check_in_c: 0.00531622
                time_add_parent: 0.00832297
                num_neighbors: 21976523
                time_add_neighbors_to_o: 21.0725
    num_windows_should_quit: 0
    time_should_quit: 8.941e-06
    time_remove_window: 0
Complete!
