Total time: 0.480728
is_optimal: true
optimality_bound: 1
successive_bounds: [1.00291, 1.00116, 1.00116, 1.00116, 1.00116, 1.00116, 1.00116, 1.00116, 1, 1]
successive_runtimes: [0.0357111, 0.0410814, 0.0451442, 0.0483804, 0.0514648, 0.0545057, 0.0575752, 0.0606725, 0.480728]
num_agents: 30
time_individual_plan: 0.00591856
time_first_plan: 0.0292767
num_max_agents_in_window_first_iteration: 2
num_recWAMPF: 9
timing_recWAMPF:
    total_RecWAMPF: 0.47429
    num_windows: 67
    num_max_agents_in_window: 4
    timing_gari:
        total_GARI: 0.0256951
        time_path_btw_starts: 0.000157839
        Stage1:
            total_Stage1:0.00496183
            time_add_x_to_o: 0.00339961
            time_clear_x: 0.000378798
            timing_AStarSearchUntil:
                total_astar_search_until:0.00117989
                num_values_f_less_fmax:288
                ASU Exp:
                    total_ASUExp:0.00117791
                    time_top_o:9.0503e-05
                    time_check_in_c:6.558e-05
                    time_add_parent:3.9815e-05
                    num_neighbors:2418
                    time_add_neighbors_to_o:0.000829691
        Stage2:
            total_Stage2:0.0016882
            num_len_path:65
            time_expanding_s:5.5402e-05
            timing_AStarSearchUntil:
                total_astar_search_until:0.00161065
                num_values_f_less_fmax:106
                ASU Exp:
                    total_ASUExp:0.00160934
                    time_top_o:2.9545e-05
                    time_check_in_c:2.1607e-05
                    time_add_parent:3.2323e-05
                    num_neighbors:3744
                    time_add_neighbors_to_o:0.00138202
        Stage3:
            total_Stage3:0.0188751
            num_until_goal_expanded:164
            timing_S3Exp:
                total_S3Exp: 0.00181122
                time_top_o: 3.3374e-05
                time_check_in_c: 2.2396e-05
                time_add_parent: 4.6299e-05
                num_neighbors: 2735
                time_add_neighbors_to_o: 0.00125627
    timing_PIOW_overlapping:
        total_PIOW: 9.489e-06
        num_windows: 128
        time_check_overlap: 5.704e-06
        num_overlapping_windows: 0
        time_merge_windows: 0
        time_remove_window: 0
        time_remove_window: 0
        timing_PlanIn:
            total_PlanIn:0
            num_until_goal_expanded:0
            timing_expansions:
                total_S3Exp: 0
                time_top_o: 0
                time_check_in_c: 0
                time_add_parent: 0
                num_neighbors: 0
                time_add_neighbors_to_o: 0
    num_new_collisions: 6
    timing_PIOW_new_collisions:
        total_PIOW: 0.446366
        num_windows: 27
        time_check_overlap: 1.983e-06
        num_overlapping_windows: 3
        time_merge_windows: 0
        time_remove_window: 0.168603
        time_remove_window: 2.092e-06
        timing_PlanIn:
            total_PlanIn:0.446349
            num_until_goal_expanded:7705
            timing_expansions:
                total_S3Exp: 0.446326
                time_top_o: 0.00322619
                time_check_in_c: 0.00166574
                time_add_parent: 0.00291159
                num_neighbors: 648280
                time_add_neighbors_to_o: 0.40911
    num_windows_should_quit: 0
    time_should_quit: 2.669e-06
    time_remove_window: 0
Complete!
