Total time: 0.0191892
is_optimal: true
optimality_bound: 1
successive_bounds: [1.00197, 1.00197, 1.00197, 1.00197, 1.00197, 1.00197, 1.00197, 1.00098, 1.00098, 1.00098, 1.00098, 1, 1]
successive_runtimes: [0.0075398, 0.00815685, 0.00877654, 0.00944611, 0.010122, 0.0110162, 0.0120567, 0.0152876, 0.0163915, 0.0171744, 0.0179804, 0.0191892]
num_agents: 30
time_individual_plan: 0.00606419
time_first_plan: 0.000960375
num_max_agents_in_window_first_iteration: 2
num_recWAMPF: 12
timing_recWAMPF:
    total_RecWAMPF: 0.0126075
    num_windows: 69
    num_max_agents_in_window: 2
    timing_gari:
        total_GARI: 0.00899619
        time_path_btw_starts: 0.000139969
        Stage1:
            total_Stage1:0.00110134
            time_add_x_to_o: 0.000942704
            time_clear_x: 0.000152234
            timing_AStarSearchUntil:
                total_astar_search_until:3.005e-06
                num_values_f_less_fmax:0
                ASU Exp:
                    total_ASUExp:1.428e-06
                    time_top_o:0
                    time_check_in_c:0
                    time_add_parent:0
                    num_neighbors:0
                    time_add_neighbors_to_o:0
        Stage2:
            total_Stage2:0.00315065
            num_len_path:61
            time_expanding_s:3.8508e-05
            timing_AStarSearchUntil:
                total_astar_search_until:0.00309476
                num_values_f_less_fmax:262
                ASU Exp:
                    total_ASUExp:0.00309344
                    time_top_o:7.0031e-05
                    time_check_in_c:5.66e-05
                    time_add_parent:8.165e-05
                    num_neighbors:6140
                    time_add_neighbors_to_o:0.00260745
        Stage3:
            total_Stage3:0.00459406
            num_until_goal_expanded:862
            timing_S3Exp:
                total_S3Exp: 0.00328865
                time_top_o: 0.000192575
                time_check_in_c: 9.8724e-05
                time_add_parent: 0.000162888
                num_neighbors: 4912
                time_add_neighbors_to_o: 0.00213297
    timing_PIOW_overlapping:
        total_PIOW: 5.856e-06
        num_windows: 99
        time_check_overlap: 2.958e-06
        num_overlapping_windows: 0
        time_merge_windows: 0
        time_remove_window: 0
        time_remove_window: 0
        timing_PlanIn:
            total_PlanIn:0
            num_until_goal_expanded:0
            timing_expansions:
                total_S3Exp: 0
                time_top_o: 0
                time_check_in_c: 0
                time_add_parent: 0
                num_neighbors: 0
                time_add_neighbors_to_o: 0
    num_new_collisions: 3
    timing_PIOW_new_collisions:
        total_PIOW: 0.000450661
        num_windows: 6
        time_check_overlap: 3.2e-07
        num_overlapping_windows: 0
        time_merge_windows: 0
        time_remove_window: 0
        time_remove_window: 1.217e-06
        timing_PlanIn:
            total_PlanIn:0.000419759
            num_until_goal_expanded:67
            timing_expansions:
                total_S3Exp: 0.000411381
                time_top_o: 8.626e-06
                time_check_in_c: 1.1968e-05
                time_add_parent: 1.7482e-05
                num_neighbors: 617
                time_add_neighbors_to_o: 0.000270114
    num_windows_should_quit: 0
    time_should_quit: 2.111e-06
    time_remove_window: 0
Complete!
