Total time: 0.189874
is_optimal: false
optimality_bound: 1.00095
successive_bounds: [1.00413, 1.00413, 1.00159, 1.00159, 1.00159, 1.00159, 1.00159, 1.00159, 1.00159, 1.00095]
successive_runtimes: [0.0711436, 0.0789724, 0.0931926, 0.10056, 0.110937, 0.121931, 0.130916, 0.143003, 0.164276, 0.189874]
num_agents: 40
time_individual_plan: 0.0116684
time_first_plan: 0.0586979
num_max_agents_in_window_first_iteration: 3
num_recWAMPF: 10
timing_recWAMPF:
    total_RecWAMPF: 0.177422
    num_windows: 167
    num_max_agents_in_window: 3
    timing_gari:
        total_GARI: 0.10136
        time_path_btw_starts: 0.000783258
        Stage1:
            total_Stage1:0.0156687
            time_add_x_to_o: 0.0113081
            time_clear_x: 0.00306417
            timing_AStarSearchUntil:
                total_astar_search_until:0.00128288
                num_values_f_less_fmax:460
                ASU Exp:
                    total_ASUExp:0.00127743
                    time_top_o:0.000118584
                    time_check_in_c:6.7816e-05
                    time_add_parent:6.1352e-05
                    num_neighbors:1316
                    time_add_neighbors_to_o:0.000737053
        Stage2:
            total_Stage2:0.00594235
            num_len_path:147
            time_expanding_s:0.000954896
            timing_AStarSearchUntil:
                total_astar_search_until:0.00488375
                num_values_f_less_fmax:187
                ASU Exp:
                    total_ASUExp:0.00487925
                    time_top_o:0.000119999
                    time_check_in_c:8.4045e-05
                    time_add_parent:0.000162528
                    num_neighbors:6047
                    time_add_neighbors_to_o:0.00406134
        Stage3:
            total_Stage3:0.0782617
            num_until_goal_expanded:1275
            timing_S3Exp:
                total_S3Exp: 0.0132232
                time_top_o: 0.000459384
                time_check_in_c: 0.00032237
                time_add_parent: 0.000507501
                num_neighbors: 10448
                time_add_neighbors_to_o: 0.00795539
    timing_PIOW_overlapping:
        total_PIOW: 0.0130076
        num_windows: 709
        time_check_overlap: 4.8626e-05
        num_overlapping_windows: 1
        time_merge_windows: 3.204e-06
        time_remove_window: 3.91e-07
        time_remove_window: 3.081e-06
        timing_PlanIn:
            total_PlanIn:0.0129237
            num_until_goal_expanded:298
            timing_expansions:
                total_S3Exp: 0.0129202
                time_top_o: 0.000140745
                time_check_in_c: 7.8643e-05
                time_add_parent: 0.000157411
                num_neighbors: 13253
                time_add_neighbors_to_o: 0.0112426
    num_new_collisions: 10
    timing_PIOW_new_collisions:
        total_PIOW: 0.0564641
        num_windows: 76
        time_check_overlap: 7.914e-06
        num_overlapping_windows: 1
        time_merge_windows: 0
        time_remove_window: 0.014944
        time_remove_window: 1.0683e-05
        timing_PlanIn:
            total_PlanIn:0.0563828
            num_until_goal_expanded:634
            timing_expansions:
                total_S3Exp: 0.0562986
                time_top_o: 0.000806166
                time_check_in_c: 0.000318599
                time_add_parent: 0.000503066
                num_neighbors: 50229
                time_add_neighbors_to_o: 0.0505013
    num_windows_should_quit: 0
    time_should_quit: 2.221e-05
    time_remove_window: 0
Complete!
