Total time: 0.0265523
is_optimal: true
optimality_bound: 1
successive_bounds: [1.00215, 1.00107, 1.00107, 1.00107, 1.00107, 1.00107, 1.00107, 1.00107, 1.00107, 1.00107, 1.00107, 1.00107, 1.00107, 1.00107, 1.00107, 1.00107, 1.00107, 1.00107, 1, 1]
successive_runtimes: [0.00481171, 0.0055103, 0.00611674, 0.00845533, 0.0104643, 0.0116434, 0.0128761, 0.0139824, 0.0149795, 0.0158953, 0.0172177, 0.0183074, 0.0193818, 0.0205309, 0.0216523, 0.0227859, 0.0238931, 0.0251389, 0.0265523]
num_agents: 30
time_individual_plan: 0.00357304
time_first_plan: 0.000708658
num_max_agents_in_window_first_iteration: 2
num_recWAMPF: 19
timing_recWAMPF:
    total_RecWAMPF: 0.0224457
    num_windows: 134
    num_max_agents_in_window: 3
    timing_gari:
        total_GARI: 0.0155485
        time_path_btw_starts: 0.000225577
        Stage1:
            total_Stage1:0.00401436
            time_add_x_to_o: 0.0029348
            time_clear_x: 0.000414627
            timing_AStarSearchUntil:
                total_astar_search_until:0.000658266
                num_values_f_less_fmax:63
                ASU Exp:
                    total_ASUExp:0.000655222
                    time_top_o:1.5291e-05
                    time_check_in_c:1.9123e-05
                    time_add_parent:1.6706e-05
                    num_neighbors:1530
                    time_add_neighbors_to_o:0.000532424
        Stage2:
            total_Stage2:0.00290276
            num_len_path:95
            time_expanding_s:8.6097e-05
            timing_AStarSearchUntil:
                total_astar_search_until:0.00278135
                num_values_f_less_fmax:175
                ASU Exp:
                    total_ASUExp:0.00277851
                    time_top_o:5.6034e-05
                    time_check_in_c:3.1894e-05
                    time_add_parent:6.0439e-05
                    num_neighbors:6713
                    time_add_neighbors_to_o:0.00238457
        Stage3:
            total_Stage3:0.00838762
            num_until_goal_expanded:481
            timing_S3Exp:
                total_S3Exp: 0.00411174
                time_top_o: 0.000100697
                time_check_in_c: 6.3976e-05
                time_add_parent: 0.000113577
                num_neighbors: 6844
                time_add_neighbors_to_o: 0.00310464
    timing_PIOW_overlapping:
        total_PIOW: 0.00171361
        num_windows: 242
        time_check_overlap: 7.542e-06
        num_overlapping_windows: 1
        time_merge_windows: 1.03e-06
        time_remove_window: 1.08e-07
        time_remove_window: 9.8e-07
        timing_PlanIn:
            total_PlanIn:0.00169717
            num_until_goal_expanded:46
            timing_expansions:
                total_S3Exp: 0.00169529
                time_top_o: 9.504e-06
                time_check_in_c: 8.006e-06
                time_add_parent: 1.2432e-05
                num_neighbors: 2986
                time_add_neighbors_to_o: 0.0015215
    num_new_collisions: 5
    timing_PIOW_new_collisions:
        total_PIOW: 0.000621581
        num_windows: 18
        time_check_overlap: 7.26e-07
        num_overlapping_windows: 0
        time_merge_windows: 0
        time_remove_window: 0
        time_remove_window: 1.418e-06
        timing_PlanIn:
            total_PlanIn:0.000614723
            num_until_goal_expanded:65
            timing_expansions:
                total_S3Exp: 0.000604461
                time_top_o: 9.647e-06
                time_check_in_c: 1.1914e-05
                time_add_parent: 1.9626e-05
                num_neighbors: 965
                time_add_neighbors_to_o: 0.000461752
    num_windows_should_quit: 0
    time_should_quit: 3.667e-06
    time_remove_window: 0
Complete!
