Total time: 9.20897
is_optimal: false
optimality_bound: 1.00142
successive_bounds: [1.00355, 1.00213, 1.00213, 1.00177, 1.00177, 1.00142, 1.00142, 1.00142, 1.00142, 1.00142, 1.00142, 1.00142, 1.00142, 1.00142, 1.00142, 1.00142, 1.00142, 1.00142]
successive_runtimes: [0.0143182, 0.0244067, 0.0343609, 0.0504798, 0.0647628, 0.311003, 0.543313, 0.595935, 0.649405, 0.702566, 0.757383, 0.811852, 0.86288, 0.916422, 5.98054, 7.13725, 8.19182, 9.20897]
num_agents: 40
time_individual_plan: 0.0117677
time_first_plan: 0.00202225
num_max_agents_in_window_first_iteration: 2
num_recWAMPF: 18
timing_recWAMPF:
    total_RecWAMPF: 9.19667
    num_windows: 177
    num_max_agents_in_window: 5
    timing_gari:
        total_GARI: 3.93347
        time_path_btw_starts: 0.00534083
        Stage1:
            total_Stage1:0.318941
            time_add_x_to_o: 0.231871
            time_clear_x: 0.0480128
            timing_AStarSearchUntil:
                total_astar_search_until:0.0390428
                num_values_f_less_fmax:5084
                ASU Exp:
                    total_ASUExp:0.0390359
                    time_top_o:0.00192397
                    time_check_in_c:0.00125617
                    time_add_parent:0.00090656
                    num_neighbors:59207
                    time_add_neighbors_to_o:0.0227763
        Stage2:
            total_Stage2:0.017898
            num_len_path:130
            time_expanding_s:0.00107519
            timing_AStarSearchUntil:
                total_astar_search_until:0.0167289
                num_values_f_less_fmax:500
                ASU Exp:
                    total_ASUExp:0.0167249
                    time_top_o:0.000170223
                    time_check_in_c:0.000474505
                    time_add_parent:0.000188506
                    num_neighbors:26867
                    time_add_neighbors_to_o:0.0133966
        Stage3:
            total_Stage3:3.59124
            num_until_goal_expanded:3427
            timing_S3Exp:
                total_S3Exp: 0.212444
                time_top_o: 0.00148072
                time_check_in_c: 0.00116608
                time_add_parent: 0.00175043
                num_neighbors: 281833
                time_add_neighbors_to_o: 0.166232
    timing_PIOW_overlapping:
        total_PIOW: 0.00843903
        num_windows: 438
        time_check_overlap: 2.8013e-05
        num_overlapping_windows: 2
        time_merge_windows: 2.016e-06
        time_remove_window: 3.37e-07
        time_remove_window: 1.913e-06
        timing_PlanIn:
            total_PlanIn:0.00839464
            num_until_goal_expanded:133
            timing_expansions:
                total_S3Exp: 0.00839059
                time_top_o: 3.2407e-05
                time_check_in_c: 2.4721e-05
                time_add_parent: 3.6237e-05
                num_neighbors: 16915
                time_add_neighbors_to_o: 0.00767814
    num_new_collisions: 10
    timing_PIOW_new_collisions:
        total_PIOW: 5.24623
        num_windows: 74
        time_check_overlap: 4.171e-06
        num_overlapping_windows: 3
        time_merge_windows: 0
        time_remove_window: 1.09913
        time_remove_window: 3.129e-06
        timing_PlanIn:
            total_PlanIn:5.24621
            num_until_goal_expanded:4049
            timing_expansions:
                total_S3Exp: 5.24618
                time_top_o: 0.00457958
                time_check_in_c: 0.000931103
                time_add_parent: 0.00189584
                num_neighbors: 7106090
                time_add_neighbors_to_o: 5.05187
    num_windows_should_quit: 0
    time_should_quit: 1.3864e-05
    time_remove_window: 0
Complete!
