Total time: 0.0824077
is_optimal: true
optimality_bound: 1
successive_bounds: [1.00201, 1.00151, 1.00151, 1.00151, 1.00151, 1.00151, 1.00151, 1.00151, 1.0005, 1.0005, 1.0005, 1.0005, 1, 1]
successive_runtimes: [0.0288247, 0.0367674, 0.0407538, 0.0445165, 0.0486421, 0.0531733, 0.0574972, 0.0619232, 0.0662406, 0.0698713, 0.0731649, 0.0764193, 0.0824077]
num_agents: 30
time_individual_plan: 0.00583161
time_first_plan: 0.0223073
num_max_agents_in_window_first_iteration: 2
num_recWAMPF: 13
timing_recWAMPF:
    total_RecWAMPF: 0.0758841
    num_windows: 100
    num_max_agents_in_window: 2
    timing_gari:
        total_GARI: 0.0509564
        time_path_btw_starts: 0.00058
        Stage1:
            total_Stage1:0.0117756
            time_add_x_to_o: 0.0057572
            time_clear_x: 0.000723252
            timing_AStarSearchUntil:
                total_astar_search_until:0.0052857
                num_values_f_less_fmax:1913
                ASU Exp:
                    total_ASUExp:0.00528305
                    time_top_o:0.000533104
                    time_check_in_c:0.000368665
                    time_add_parent:0.000153882
                    num_neighbors:6994
                    time_add_neighbors_to_o:0.00351665
        Stage2:
            total_Stage2:0.00675168
            num_len_path:114
            time_expanding_s:7.6788e-05
            timing_AStarSearchUntil:
                total_astar_search_until:0.00663627
                num_values_f_less_fmax:428
                ASU Exp:
                    total_ASUExp:0.00663399
                    time_top_o:0.000145087
                    time_check_in_c:0.000151994
                    time_add_parent:0.000253592
                    num_neighbors:10010
                    time_add_neighbors_to_o:0.00552172
        Stage3:
            total_Stage3:0.0318235
            num_until_goal_expanded:1138
            timing_S3Exp:
                total_S3Exp: 0.00633937
                time_top_o: 0.000303823
                time_check_in_c: 0.000183701
                time_add_parent: 0.000344314
                num_neighbors: 7316
                time_add_neighbors_to_o: 0.00391768
    timing_PIOW_overlapping:
        total_PIOW: 2.1239e-05
        num_windows: 192
        time_check_overlap: 1.249e-05
        num_overlapping_windows: 0
        time_merge_windows: 0
        time_remove_window: 0
        time_remove_window: 0
        timing_PlanIn:
            total_PlanIn:0
            num_until_goal_expanded:0
            timing_expansions:
                total_S3Exp: 0
                time_top_o: 0
                time_check_in_c: 0
                time_add_parent: 0
                num_neighbors: 0
                time_add_neighbors_to_o: 0
    num_new_collisions: 4
    timing_PIOW_new_collisions:
        total_PIOW: 0.0217341
        num_windows: 12
        time_check_overlap: 1.075e-06
        num_overlapping_windows: 0
        time_merge_windows: 0
        time_remove_window: 0
        time_remove_window: 2.401e-06
        timing_PlanIn:
            total_PlanIn:0.0217246
            num_until_goal_expanded:1479
            timing_expansions:
                total_S3Exp: 0.0217053
                time_top_o: 0.00042459
                time_check_in_c: 0.000304676
                time_add_parent: 0.00044272
                num_neighbors: 31676
                time_add_neighbors_to_o: 0.0178188
    num_windows_should_quit: 0
    time_should_quit: 6.464e-06
    time_remove_window: 0
Complete!
