Total time: 0.015171
is_optimal: true
optimality_bound: 1
successive_bounds: [1.00116, 1.00116, 1.00116, 1.00116, 1.00116, 1.00116, 1.00116, 1.00116, 1.00116, 1.00116, 1.00116, 1.00116, 1.00116, 1.00116, 1.00116, 1.00116, 1.00116, 1.00116, 1, 1]
successive_runtimes: [0.00410241, 0.00470393, 0.00521335, 0.00573569, 0.00625622, 0.00683127, 0.00735702, 0.00788435, 0.00847296, 0.00899919, 0.00955378, 0.0101467, 0.010774, 0.0114354, 0.0121987, 0.0128757, 0.0135451, 0.0142195, 0.0151709]
num_agents: 30
time_individual_plan: 0.00296069
time_first_plan: 0.000592296
num_max_agents_in_window_first_iteration: 2
num_recWAMPF: 19
timing_recWAMPF:
    total_RecWAMPF: 0.0116577
    num_windows: 74
    num_max_agents_in_window: 2
    timing_gari:
        total_GARI: 0.00716005
        time_path_btw_starts: 0.000164414
        Stage1:
            total_Stage1:0.00274468
            time_add_x_to_o: 0.00133104
            time_clear_x: 0.000207274
            timing_AStarSearchUntil:
                total_astar_search_until:0.00120247
                num_values_f_less_fmax:599
                ASU Exp:
                    total_ASUExp:0.0012008
                    time_top_o:0.000130671
                    time_check_in_c:9.3291e-05
                    time_add_parent:3.7575e-05
                    num_neighbors:1935
                    time_add_neighbors_to_o:0.000731936
        Stage2:
            total_Stage2:0.0011634
            num_len_path:72
            time_expanding_s:3.0884e-05
            timing_AStarSearchUntil:
                total_astar_search_until:0.00111439
                num_values_f_less_fmax:90
                ASU Exp:
                    total_ASUExp:0.00111287
                    time_top_o:2.1519e-05
                    time_check_in_c:2.2842e-05
                    time_add_parent:3.2796e-05
                    num_neighbors:2490
                    time_add_neighbors_to_o:0.000939024
        Stage3:
            total_Stage3:0.00307807
            num_until_goal_expanded:411
            timing_S3Exp:
                total_S3Exp: 0.00195823
                time_top_o: 8.1974e-05
                time_check_in_c: 5.3866e-05
                time_add_parent: 0.000109145
                num_neighbors: 3248
                time_add_neighbors_to_o: 0.00124244
    timing_PIOW_overlapping:
        total_PIOW: 4.296e-06
        num_windows: 72
        time_check_overlap: 1.972e-06
        num_overlapping_windows: 0
        time_merge_windows: 0
        time_remove_window: 0
        time_remove_window: 0
        timing_PlanIn:
            total_PlanIn:0
            num_until_goal_expanded:0
            timing_expansions:
                total_S3Exp: 0
                time_top_o: 0
                time_check_in_c: 0
                time_add_parent: 0
                num_neighbors: 0
                time_add_neighbors_to_o: 0
    num_new_collisions: 2
    timing_PIOW_new_collisions:
        total_PIOW: 0.000233199
        num_windows: 2
        time_check_overlap: 1e-07
        num_overlapping_windows: 0
        time_merge_windows: 0
        time_remove_window: 0
        time_remove_window: 6.49e-07
        timing_PlanIn:
            total_PlanIn:0.000230426
            num_until_goal_expanded:30
            timing_expansions:
                total_S3Exp: 0.000225341
                time_top_o: 4.099e-06
                time_check_in_c: 5.767e-06
                time_add_parent: 8.645e-06
                num_neighbors: 318
                time_add_neighbors_to_o: 0.000156552
    num_windows_should_quit: 0
    time_should_quit: 1.728e-06
    time_remove_window: 0
Complete!
