Total time: 0.28409
is_optimal: true
optimality_bound: 1
successive_bounds: [1.00107, 1.00107, 1.00107, 1.00107, 1.00107, 1.00107, 1.00107, 1.00107, 1.00107, 1.00107, 1.00107, 1.00107, 1.00107, 1.00107, 1.00107, 1.00107, 1.00107, 1.00107, 1.00107, 1.00107, 1.00107, 1.00107, 1.00107, 1.00107, 1.00107, 1.00107, 1.00107, 1.00107, 1.00107, 1.00107, 1.00107, 1, 1]
successive_runtimes: [0.0186616, 0.0212967, 0.0235482, 0.0256151, 0.0275621, 0.0294786, 0.0329424, 0.0380509, 0.0524159, 0.0707914, 0.0897568, 0.0995063, 0.107918, 0.117783, 0.128843, 0.138604, 0.148575, 0.159461, 0.176584, 0.18577, 0.192247, 0.19827, 0.203335, 0.208322, 0.213654, 0.219893, 0.224541, 0.228968, 0.23313, 0.237453, 0.24327, 0.28409]
num_agents: 30
time_individual_plan: 0.012731
time_first_plan: 0.00431276
num_max_agents_in_window_first_iteration: 2
num_recWAMPF: 32
timing_recWAMPF:
    total_RecWAMPF: 0.269727
    num_windows: 165
    num_max_agents_in_window: 2
    timing_gari:
        total_GARI: 0.255361
        time_path_btw_starts: 0.000832309
        Stage1:
            total_Stage1:0.144888
            time_add_x_to_o: 0.0374863
            time_clear_x: 0.00682107
            timing_AStarSearchUntil:
                total_astar_search_until:0.100557
                num_values_f_less_fmax:8613
                ASU Exp:
                    total_ASUExp:0.10055
                    time_top_o:0.00549708
                    time_check_in_c:0.0036861
                    time_add_parent:0.0043112
                    num_neighbors:101554
                    time_add_neighbors_to_o:0.0767686
        Stage2:
            total_Stage2:0.041457
            num_len_path:168
            time_expanding_s:0.000185145
            timing_AStarSearchUntil:
                total_astar_search_until:0.0411635
                num_values_f_less_fmax:1109
                ASU Exp:
                    total_ASUExp:0.0411575
                    time_top_o:0.000727859
                    time_check_in_c:0.000661887
                    time_add_parent:0.00125016
                    num_neighbors:29587
                    time_add_neighbors_to_o:0.0347283
        Stage3:
            total_Stage3:0.068078
            num_until_goal_expanded:944
            timing_S3Exp:
                total_S3Exp: 0.0197197
                time_top_o: 0.000579725
                time_check_in_c: 0.000395476
                time_add_parent: 0.000762974
                num_neighbors: 11408
                time_add_neighbors_to_o: 0.012911
    timing_PIOW_overlapping:
        total_PIOW: 3.9376e-05
        num_windows: 219
        time_check_overlap: 2.1937e-05
        num_overlapping_windows: 0
        time_merge_windows: 0
        time_remove_window: 0
        time_remove_window: 0
        timing_PlanIn:
            total_PlanIn:0
            num_until_goal_expanded:0
            timing_expansions:
                total_S3Exp: 0
                time_top_o: 0
                time_check_in_c: 0
                time_add_parent: 0
                num_neighbors: 0
                time_add_neighbors_to_o: 0
    num_new_collisions: 3
    timing_PIOW_new_collisions:
        total_PIOW: 0.00330397
        num_windows: 6
        time_check_overlap: 1.281e-06
        num_overlapping_windows: 0
        time_merge_windows: 0
        time_remove_window: 0
        time_remove_window: 3.209e-06
        timing_PlanIn:
            total_PlanIn:0.00328835
            num_until_goal_expanded:72
            timing_expansions:
                total_S3Exp: 0.00326954
                time_top_o: 4.2372e-05
                time_check_in_c: 5.7052e-05
                time_add_parent: 0.000103719
                num_neighbors: 1326
                time_add_neighbors_to_o: 0.00261221
    num_windows_should_quit: 1
    time_should_quit: 1.1072e-05
    time_remove_window: 4.22e-07
Complete!
