Total time: 0.325225
is_optimal: true
optimality_bound: 1
successive_bounds: [1.00472, 1.00394, 1.00315, 1.00236, 1.00197, 1.00197, 1.00157, 1.00157, 1.00157, 1.00157, 1.00157, 1.00157, 1.00157, 1.00157, 1.00157, 1.00079, 1.00079, 1.00079, 1.00079, 1.00079, 1.00079, 1.00079, 1.00079, 1.00079, 1.00079, 1.00079, 1, 1]
successive_runtimes: [0.0236653, 0.029663, 0.0352411, 0.0393437, 0.0439934, 0.0475567, 0.0545408, 0.0625382, 0.0717137, 0.0783963, 0.084604, 0.0905346, 0.0965669, 0.102721, 0.10925, 0.131685, 0.136981, 0.141079, 0.145068, 0.148937, 0.153015, 0.157047, 0.161142, 0.16725, 0.171062, 0.174895, 0.325225]
num_agents: 40
time_individual_plan: 0.0158805
time_first_plan: 0.00634526
num_max_agents_in_window_first_iteration: 2
num_recWAMPF: 27
timing_recWAMPF:
    total_RecWAMPF: 0.307894
    num_windows: 371
    num_max_agents_in_window: 2
    timing_gari:
        total_GARI: 0.246133
        time_path_btw_starts: 0.0019424
        Stage1:
            total_Stage1:0.0486944
            time_add_x_to_o: 0.0189205
            time_clear_x: 0.00278046
            timing_AStarSearchUntil:
                total_astar_search_until:0.0269567
                num_values_f_less_fmax:2310
                ASU Exp:
                    total_ASUExp:0.02694
                    time_top_o:0.00147038
                    time_check_in_c:0.0010748
                    time_add_parent:0.00115523
                    num_neighbors:20173
                    time_add_neighbors_to_o:0.0198757
        Stage2:
            total_Stage2:0.138315
            num_len_path:374
            time_expanding_s:0.000495293
            timing_AStarSearchUntil:
                total_astar_search_until:0.0289721
                num_values_f_less_fmax:5842
                ASU Exp:
                    total_ASUExp:0.0289567
                    time_top_o:0.00353204
                    time_check_in_c:0.00217886
                    time_add_parent:0.00476594
                    num_neighbors:138753
                    time_add_neighbors_to_o:0.113718
        Stage3:
            total_Stage3:0.0570168
            num_until_goal_expanded:920
            timing_S3Exp:
                total_S3Exp: 0.021721
                time_top_o: 0.000450384
                time_check_in_c: 0.000356162
                time_add_parent: 0.000689082
                num_neighbors: 12035
                time_add_neighbors_to_o: 0.0142889
    timing_PIOW_overlapping:
        total_PIOW: 0.000158129
        num_windows: 1274
        time_check_overlap: 8.9707e-05
        num_overlapping_windows: 0
        time_merge_windows: 0
        time_remove_window: 0
        time_remove_window: 0
        timing_PlanIn:
            total_PlanIn:0
            num_until_goal_expanded:0
            timing_expansions:
                total_S3Exp: 0
                time_top_o: 0
                time_check_in_c: 0
                time_add_parent: 0
                num_neighbors: 0
                time_add_neighbors_to_o: 0
    num_new_collisions: 7
    timing_PIOW_new_collisions:
        total_PIOW: 0.00302109
        num_windows: 42
        time_check_overlap: 3.72e-06
        num_overlapping_windows: 0
        time_merge_windows: 0
        time_remove_window: 0
        time_remove_window: 7.991e-06
        timing_PlanIn:
            total_PlanIn:0.002989
            num_until_goal_expanded:101
            timing_expansions:
                total_S3Exp: 0.00295542
                time_top_o: 4.0177e-05
                time_check_in_c: 6.8346e-05
                time_add_parent: 0.000135487
                num_neighbors: 1115
                time_add_neighbors_to_o: 0.00205958
    num_windows_should_quit: 0
    time_should_quit: 2.5648e-05
    time_remove_window: 0
Complete!
