Total time: 1.57021
is_optimal: true
optimality_bound: 1
successive_bounds: [1.00487, 1.00373, 1.00373, 1.00373, 1.00315, 1.00315, 1.00201, 1.00201, 1.00201, 1.00201, 1.00172, 1.00172, 1.00172, 1.00115, 1.00115, 1.00115, 1.00115, 1.00115, 1.00115, 1.00115, 1.00057, 1, 1]
successive_runtimes: [0.0177225, 0.0240501, 0.029748, 0.0520145, 0.0966482, 0.125529, 0.139252, 0.155876, 0.266882, 0.323627, 0.559422, 0.684051, 0.795907, 0.902561, 0.976555, 1.06937, 1.15968, 1.24176, 1.32139, 1.4003, 1.48553, 1.57021]
num_agents: 50
time_individual_plan: 0.0103963
time_first_plan: 0.00665391
num_max_agents_in_window_first_iteration: 3
num_recWAMPF: 22
timing_recWAMPF:
    total_RecWAMPF: 1.55914
    num_windows: 377
    num_max_agents_in_window: 5
    timing_gari:
        total_GARI: 1.43112
        time_path_btw_starts: 0.00862639
        Stage1:
            total_Stage1:0.257761
            time_add_x_to_o: 0.119573
            time_clear_x: 0.028285
            timing_AStarSearchUntil:
                total_astar_search_until:0.109869
                num_values_f_less_fmax:23881
                ASU Exp:
                    total_ASUExp:0.109857
                    time_top_o:0.0101277
                    time_check_in_c:0.00566628
                    time_add_parent:0.00603378
                    num_neighbors:158385
                    time_add_neighbors_to_o:0.0761567
        Stage2:
            total_Stage2:0.0359974
            num_len_path:343
            time_expanding_s:0.000812938
            timing_AStarSearchUntil:
                total_astar_search_until:0.0349444
                num_values_f_less_fmax:719
                ASU Exp:
                    total_ASUExp:0.0349357
                    time_top_o:0.000294021
                    time_check_in_c:0.000198298
                    time_add_parent:0.000280676
                    num_neighbors:60952
                    time_add_neighbors_to_o:0.0327176
        Stage3:
            total_Stage3:1.12848
            num_until_goal_expanded:13695
            timing_S3Exp:
                total_S3Exp: 0.448039
                time_top_o: 0.00564825
                time_check_in_c: 0.0026046
                time_add_parent: 0.00546739
                num_neighbors: 588495
                time_add_neighbors_to_o: 0.40786
    timing_PIOW_overlapping:
        total_PIOW: 0.018242
        num_windows: 1658
        time_check_overlap: 9.6759e-05
        num_overlapping_windows: 2
        time_merge_windows: 3.48e-06
        time_remove_window: 8.27e-07
        time_remove_window: 3.351e-06
        timing_PlanIn:
            total_PlanIn:0.0180792
            num_until_goal_expanded:291
            timing_expansions:
                total_S3Exp: 0.0180737
                time_top_o: 0.000100313
                time_check_in_c: 6.1184e-05
                time_add_parent: 9.0414e-05
                num_neighbors: 32606
                time_add_neighbors_to_o: 0.0163606
    num_new_collisions: 13
    timing_PIOW_new_collisions:
        total_PIOW: 0.0960711
        num_windows: 142
        time_check_overlap: 6.684e-06
        num_overlapping_windows: 3
        time_merge_windows: 0
        time_remove_window: 0.370095
        time_remove_window: 6.398e-06
        timing_PlanIn:
            total_PlanIn:0.0960331
            num_until_goal_expanded:380
            timing_expansions:
                total_S3Exp: 0.095993
                time_top_o: 0.000107536
                time_check_in_c: 8.3846e-05
                time_add_parent: 0.000126748
                num_neighbors: 92488
                time_add_neighbors_to_o: 0.0922708
    num_windows_should_quit: 0
    time_should_quit: 4.2037e-05
    time_remove_window: 0
Complete!
