Total time: 5.07228
is_optimal: false
optimality_bound: 1.00189
successive_bounds: [1.00406, 1.00244, 1.00217, 1.00217, 1.00189, 1.00189]
successive_runtimes: [0.0196263, 0.0248564, 0.0329294, 0.0392134, 0.0453041, 5.07228]
num_agents: 60
time_individual_plan: 0.0117098
time_first_plan: 0.00738476
num_max_agents_in_window_first_iteration: 2
num_recWAMPF: 6
timing_recWAMPF:
    total_RecWAMPF: 5.06003
    num_windows: 113
    num_max_agents_in_window: 4
    timing_gari:
        total_GARI: 0.0230806
        time_path_btw_starts: 0.000240041
        Stage1:
            total_Stage1:0.0107116
            time_add_x_to_o: 0.00582309
            time_clear_x: 0.000697378
            timing_AStarSearchUntil:
                total_astar_search_until:0.00418584
                num_values_f_less_fmax:3069
                ASU Exp:
                    total_ASUExp:0.00418337
                    time_top_o:0.000660794
                    time_check_in_c:0.000390955
                    time_add_parent:0.000237391
                    num_neighbors:5917
                    time_add_neighbors_to_o:0.00204608
        Stage2:
            total_Stage2:0.00264301
            num_len_path:100
            time_expanding_s:4.1827e-05
            timing_AStarSearchUntil:
                total_astar_search_until:0.00257331
                num_values_f_less_fmax:221
                ASU Exp:
                    total_ASUExp:0.00257115
                    time_top_o:4.9248e-05
                    time_check_in_c:4.2684e-05
                    time_add_parent:7.6743e-05
                    num_neighbors:5603
                    time_add_neighbors_to_o:0.0021515
        Stage3:
            total_Stage3:0.0089878
            num_until_goal_expanded:1507
            timing_S3Exp:
                total_S3Exp: 0.00705412
                time_top_o: 0.000322406
                time_check_in_c: 0.00020535
                time_add_parent: 0.000394493
                num_neighbors: 10552
                time_add_neighbors_to_o: 0.00429223
    timing_PIOW_overlapping:
        total_PIOW: 5.02437
        num_windows: 582
        time_check_overlap: 1.6089e-05
        num_overlapping_windows: 4
        time_merge_windows: 4.611e-06
        time_remove_window: 1.482e-06
        time_remove_window: 4.406e-06
        timing_PlanIn:
            total_PlanIn:5.02433
            num_until_goal_expanded:16563
            timing_expansions:
                total_S3Exp: 5.02432
                time_top_o: 0.0135058
                time_check_in_c: 0.00501152
                time_add_parent: 0.00995963
                num_neighbors: 7632751
                time_add_neighbors_to_o: 4.77352
    num_new_collisions: 12
    timing_PIOW_new_collisions:
        total_PIOW: 0.00205605
        num_windows: 132
        time_check_overlap: 3.38e-06
        num_overlapping_windows: 0
        time_merge_windows: 0
        time_remove_window: 0
        time_remove_window: 5.41e-06
        timing_PlanIn:
            total_PlanIn:0.00203512
            num_until_goal_expanded:295
            timing_expansions:
                total_S3Exp: 0.00201558
                time_top_o: 3.442e-05
                time_check_in_c: 5.5999e-05
                time_add_parent: 7.3451e-05
                num_neighbors: 2830
                time_add_neighbors_to_o: 0.00142347
    num_windows_should_quit: 0
    time_should_quit: 4.131e-06
    time_remove_window: 0
Complete!
