Total time: 1.67552
is_optimal: false
optimality_bound: 1.00132
successive_bounds: [1.00428, 1.00428, 1.00428, 1.00362, 1.00362, 1.00264, 1.00231, 1.00231, 1.00198, 1.00198, 1.00198, 1.00198, 1.00198, 1.00198, 1.00198, 1.00198, 1.00198, 1.00198, 1.00198, 1.00132, 1.00132, 1.00132, 1.00132, 1.00132, 1.00132]
successive_runtimes: [0.0129731, 0.0148938, 0.016939, 0.0198882, 0.0227046, 0.0261082, 0.0309449, 0.0389132, 0.147818, 0.327574, 0.490072, 0.628192, 0.752486, 0.836713, 0.898942, 0.9547, 1.09231, 1.23038, 1.30855, 1.3753, 1.4359, 1.48944, 1.54254, 1.60925, 1.67552]
num_agents: 40
time_individual_plan: 0.00935352
time_first_plan: 0.00308677
num_max_agents_in_window_first_iteration: 2
num_recWAMPF: 25
timing_recWAMPF:
    total_RecWAMPF: 1.66563
    num_windows: 277
    num_max_agents_in_window: 3
    timing_gari:
        total_GARI: 1.53779
        time_path_btw_starts: 0.0228446
        Stage1:
            total_Stage1:0.557004
            time_add_x_to_o: 0.223139
            time_clear_x: 0.0773479
            timing_AStarSearchUntil:
                total_astar_search_until:0.2565
                num_values_f_less_fmax:12648
                ASU Exp:
                    total_ASUExp:0.256491
                    time_top_o:0.0123844
                    time_check_in_c:0.0050066
                    time_add_parent:0.00926849
                    num_neighbors:465215
                    time_add_neighbors_to_o:0.208141
        Stage2:
            total_Stage2:0.00635159
            num_len_path:233
            time_expanding_s:0.000153249
            timing_AStarSearchUntil:
                total_astar_search_until:0.0060676
                num_values_f_less_fmax:398
                ASU Exp:
                    total_ASUExp:0.00606191
                    time_top_o:0.000127773
                    time_check_in_c:0.000101821
                    time_add_parent:0.000149748
                    num_neighbors:11824
                    time_add_neighbors_to_o:0.00512304
        Stage3:
            total_Stage3:0.949201
            num_until_goal_expanded:9282
            timing_S3Exp:
                total_S3Exp: 0.182334
                time_top_o: 0.00592544
                time_check_in_c: 0.00169609
                time_add_parent: 0.00428803
                num_neighbors: 365888
                time_add_neighbors_to_o: 0.157058
    timing_PIOW_overlapping:
        total_PIOW: 0.113104
        num_windows: 972
        time_check_overlap: 3.7428e-05
        num_overlapping_windows: 6
        time_merge_windows: 5.128e-06
        time_remove_window: 1.278e-06
        time_remove_window: 4.846e-06
        timing_PlanIn:
            total_PlanIn:0.11303
            num_until_goal_expanded:2454
            timing_expansions:
                total_S3Exp: 0.113019
                time_top_o: 0.000951913
                time_check_in_c: 0.000456344
                time_add_parent: 0.000786303
                num_neighbors: 216865
                time_add_neighbors_to_o: 0.101988
    num_new_collisions: 10
    timing_PIOW_new_collisions:
        total_PIOW: 0.001122
        num_windows: 90
        time_check_overlap: 2.527e-06
        num_overlapping_windows: 0
        time_merge_windows: 0
        time_remove_window: 0
        time_remove_window: 4.057e-06
        timing_PlanIn:
            total_PlanIn:0.00110557
            num_until_goal_expanded:145
            timing_expansions:
                total_S3Exp: 0.00108897
                time_top_o: 1.7841e-05
                time_check_in_c: 2.5366e-05
                time_add_parent: 3.6406e-05
                num_neighbors: 1602
                time_add_neighbors_to_o: 0.000794584
    num_windows_should_quit: 0
    time_should_quit: 1.3067e-05
    time_remove_window: 0
Complete!
