Total time: 0.00390738
is_optimal: true
optimality_bound: 1
successive_bounds: [1.00297, 1.00297, 1.00297, 1.00297, 1.00297, 1.00297, 1.00297, 1.00297, 1.00297, 1.00297, 1.00297, 1.00297, 1.00297, 1.00297, 1, 1]
successive_runtimes: [0.00190766, 0.00203757, 0.00215677, 0.00227687, 0.00240242, 0.00253808, 0.00267132, 0.00280827, 0.00294967, 0.00304762, 0.00313768, 0.0032304, 0.00333184, 0.00343236, 0.00390735]
num_agents: 10
time_individual_plan: 0.00127425
time_first_plan: 0.000109528
num_max_agents_in_window_first_iteration: 2
num_recWAMPF: 15
timing_recWAMPF:
    total_RecWAMPF: 0.00210712
    num_windows: 29
    num_max_agents_in_window: 2
    timing_gari:
        total_GARI: 0.00172451
        time_path_btw_starts: 4.8854e-05
        Stage1:
            total_Stage1:0.000142448
            time_add_x_to_o: 0.000125284
            time_clear_x: 1.4538e-05
            timing_AStarSearchUntil:
                total_astar_search_until:1.168e-06
                num_values_f_less_fmax:0
                ASU Exp:
                    total_ASUExp:5.08e-07
                    time_top_o:0
                    time_check_in_c:0
                    time_add_parent:0
                    num_neighbors:0
                    time_add_neighbors_to_o:0
        Stage2:
            total_Stage2:0.000466407
            num_len_path:22
            time_expanding_s:1.2942e-05
            timing_AStarSearchUntil:
                total_astar_search_until:0.000446184
                num_values_f_less_fmax:38
                ASU Exp:
                    total_ASUExp:0.000445526
                    time_top_o:8.944e-06
                    time_check_in_c:6.682e-06
                    time_add_parent:1.2638e-05
                    num_neighbors:940
                    time_add_neighbors_to_o:0.000373457
        Stage3:
            total_Stage3:0.00106278
            num_until_goal_expanded:71
            timing_S3Exp:
                total_S3Exp: 0.000743475
                time_top_o: 1.2922e-05
                time_check_in_c: 9.894e-06
                time_add_parent: 1.4087e-05
                num_neighbors: 935
                time_add_neighbors_to_o: 0.000583022
    timing_PIOW_overlapping:
        total_PIOW: 4.06e-07
        num_windows: 14
        time_check_overlap: 0
        num_overlapping_windows: 0
        time_merge_windows: 0
        time_remove_window: 0
        time_remove_window: 0
        timing_PlanIn:
            total_PlanIn:0
            num_until_goal_expanded:0
            timing_expansions:
                total_S3Exp: 0
                time_top_o: 0
                time_check_in_c: 0
                time_add_parent: 0
                num_neighbors: 0
                time_add_neighbors_to_o: 0
    num_new_collisions: 1
    timing_PIOW_new_collisions:
        total_PIOW: 8.4306e-05
        num_windows: 0
        time_check_overlap: 0
        num_overlapping_windows: 0
        time_merge_windows: 0
        time_remove_window: 0
        time_remove_window: 3.18e-07
        timing_PlanIn:
            total_PlanIn:8.2346e-05
            num_until_goal_expanded:7
            timing_expansions:
                total_S3Exp: 7.8922e-05
                time_top_o: 1.492e-06
                time_check_in_c: 1.606e-06
                time_add_parent: 2.433e-06
                num_neighbors: 120
                time_add_neighbors_to_o: 5.8914e-05
    num_windows_should_quit: 0
    time_should_quit: 6.46e-07
    time_remove_window: 0
Complete!
