Total time: 0.0109521
is_optimal: true
optimality_bound: 1
successive_bounds: [1.00109, 1.00109, 1.00109, 1.00109, 1.00109, 1.00109, 1.00109, 1, 1]
successive_runtimes: [0.00474146, 0.00535575, 0.00602004, 0.00681786, 0.00771696, 0.00865021, 0.00976977, 0.0109521]
num_agents: 30
time_individual_plan: 0.00357724
time_first_plan: 0.000471125
num_max_agents_in_window_first_iteration: 2
num_recWAMPF: 8
timing_recWAMPF:
    total_RecWAMPF: 0.00668002
    num_windows: 15
    num_max_agents_in_window: 2
    timing_gari:
        total_GARI: 0.00506282
        time_path_btw_starts: 3.7553e-05
        Stage1:
            total_Stage1:0.00316329
            time_add_x_to_o: 0.00111306
            time_clear_x: 0.000170451
            timing_AStarSearchUntil:
                total_astar_search_until:0.00187884
                num_values_f_less_fmax:536
                ASU Exp:
                    total_ASUExp:0.00187841
                    time_top_o:0.000171154
                    time_check_in_c:8.7459e-05
                    time_add_parent:0.000118516
                    num_neighbors:2971
                    time_add_neighbors_to_o:0.00121602
        Stage2:
            total_Stage2:0.000504205
            num_len_path:14
            time_expanding_s:6.004e-06
            timing_AStarSearchUntil:
                total_astar_search_until:0.000493442
                num_values_f_less_fmax:35
                ASU Exp:
                    total_ASUExp:0.000493109
                    time_top_o:9.129e-06
                    time_check_in_c:7.671e-06
                    time_add_parent:9.515e-06
                    num_neighbors:1032
                    time_add_neighbors_to_o:0.000426725
        Stage3:
            total_Stage3:0.00135438
            num_until_goal_expanded:160
            timing_S3Exp:
                total_S3Exp: 0.0010293
                time_top_o: 4.0448e-05
                time_check_in_c: 2.5607e-05
                time_add_parent: 5.2076e-05
                num_neighbors: 1748
                time_add_neighbors_to_o: 0.000736417
    timing_PIOW_overlapping:
        total_PIOW: 3.69e-07
        num_windows: 7
        time_check_overlap: 0
        num_overlapping_windows: 0
        time_merge_windows: 0
        time_remove_window: 0
        time_remove_window: 0
        timing_PlanIn:
            total_PlanIn:0
            num_until_goal_expanded:0
            timing_expansions:
                total_S3Exp: 0
                time_top_o: 0
                time_check_in_c: 0
                time_add_parent: 0
                num_neighbors: 0
                time_add_neighbors_to_o: 0
    num_new_collisions: 1
    timing_PIOW_new_collisions:
        total_PIOW: 0.000243612
        num_windows: 0
        time_check_overlap: 0
        num_overlapping_windows: 0
        time_merge_windows: 0
        time_remove_window: 0
        time_remove_window: 3.64e-07
        timing_PlanIn:
            total_PlanIn:0.000241485
            num_until_goal_expanded:25
            timing_expansions:
                total_S3Exp: 0.000238429
                time_top_o: 4.849e-06
                time_check_in_c: 5.488e-06
                time_add_parent: 8.836e-06
                num_neighbors: 313
                time_add_neighbors_to_o: 0.000171441
    num_windows_should_quit: 0
    time_should_quit: 6.42e-07
    time_remove_window: 0
Complete!
