Total time: 0.0840393
is_optimal: true
optimality_bound: 1
successive_bounds: [1.00422, 1.00352, 1.00352, 1.00246, 1.00246, 1.00246, 1.00211, 1.00141, 1.00141, 1.00141, 1.00141, 1, 1]
successive_runtimes: [0.0190746, 0.0251532, 0.0367361, 0.0449875, 0.0502266, 0.0562918, 0.059844, 0.0637245, 0.0669541, 0.0732671, 0.0786177, 0.0840393]
num_agents: 50
time_individual_plan: 0.0139351
time_first_plan: 0.00433539
num_max_agents_in_window_first_iteration: 2
num_recWAMPF: 12
timing_recWAMPF:
    total_RecWAMPF: 0.0692883
    num_windows: 168
    num_max_agents_in_window: 3
    timing_gari:
        total_GARI: 0.0546791
        time_path_btw_starts: 0.000934436
        Stage1:
            total_Stage1:0.0207305
            time_add_x_to_o: 0.014282
            time_clear_x: 0.00176514
            timing_AStarSearchUntil:
                total_astar_search_until:0.00466595
                num_values_f_less_fmax:1246
                ASU Exp:
                    total_ASUExp:0.00465906
                    time_top_o:0.0007656
                    time_check_in_c:0.000533406
                    time_add_parent:0.000151518
                    num_neighbors:2504
                    time_add_neighbors_to_o:0.00217242
        Stage2:
            total_Stage2:0.00827584
            num_len_path:160
            time_expanding_s:0.000224844
            timing_AStarSearchUntil:
                total_astar_search_until:0.00794149
                num_values_f_less_fmax:321
                ASU Exp:
                    total_ASUExp:0.00793601
                    time_top_o:0.000159009
                    time_check_in_c:0.00012093
                    time_add_parent:0.00023204
                    num_neighbors:9205
                    time_add_neighbors_to_o:0.00663657
        Stage3:
            total_Stage3:0.0246582
            num_until_goal_expanded:1045
            timing_S3Exp:
                total_S3Exp: 0.0178548
                time_top_o: 0.000456558
                time_check_in_c: 0.000240676
                time_add_parent: 0.000443542
                num_neighbors: 15252
                time_add_neighbors_to_o: 0.0109413
    timing_PIOW_overlapping:
        total_PIOW: 0.00298965
        num_windows: 596
        time_check_overlap: 3.8362e-05
        num_overlapping_windows: 1
        time_merge_windows: 2.9e-06
        time_remove_window: 3.41e-07
        time_remove_window: 2.81e-06
        timing_PlanIn:
            total_PlanIn:0.00291148
            num_until_goal_expanded:75
            timing_expansions:
                total_S3Exp: 0.00290826
                time_top_o: 2.1453e-05
                time_check_in_c: 1.9219e-05
                time_add_parent: 2.9344e-05
                num_neighbors: 3226
                time_add_neighbors_to_o: 0.00249226
    num_new_collisions: 8
    timing_PIOW_new_collisions:
        total_PIOW: 0.00189389
        num_windows: 56
        time_check_overlap: 2.711e-06
        num_overlapping_windows: 0
        time_merge_windows: 0
        time_remove_window: 0
        time_remove_window: 3.389e-06
        timing_PlanIn:
            total_PlanIn:0.0018746
            num_until_goal_expanded:203
            timing_expansions:
                total_S3Exp: 0.0018561
                time_top_o: 5.0408e-05
                time_check_in_c: 5.044e-05
                time_add_parent: 7.5161e-05
                num_neighbors: 1758
                time_add_neighbors_to_o: 0.00130245
    num_windows_should_quit: 0
    time_should_quit: 2.122e-05
    time_remove_window: 0
Complete!
