Total time: 0.0505277
is_optimal: true
optimality_bound: 1
successive_bounds: [1.00787, 1.00787, 1.00787, 1.00315, 1.00315, 1.00315, 1.00315, 1.00315, 1.00315, 1.00315, 1.00315, 1.00315, 1.00315, 1.00315, 1.00315, 1.00157, 1.00157, 1.00157, 1.00157, 1.00157, 1.00157, 1.00157, 1.00157, 1, 1]
successive_runtimes: [0.00421366, 0.00546974, 0.0067701, 0.00964656, 0.0120435, 0.0140938, 0.0164645, 0.0193182, 0.0222319, 0.024701, 0.0273237, 0.0301789, 0.0329283, 0.0359689, 0.0390527, 0.0420695, 0.0435406, 0.0445496, 0.0454861, 0.0463802, 0.0472547, 0.0481416, 0.0490313, 0.0505277]
num_agents: 20
time_individual_plan: 0.00267038
time_first_plan: 0.000963489
num_max_agents_in_window_first_iteration: 2
num_recWAMPF: 24
timing_recWAMPF:
    total_RecWAMPF: 0.0472739
    num_windows: 193
    num_max_agents_in_window: 3
    timing_gari:
        total_GARI: 0.0426794
        time_path_btw_starts: 0.000466601
        Stage1:
            total_Stage1:0.0133896
            time_add_x_to_o: 0.00681289
            time_clear_x: 0.000979774
            timing_AStarSearchUntil:
                total_astar_search_until:0.00558709
                num_values_f_less_fmax:4238
                ASU Exp:
                    total_ASUExp:0.00558274
                    time_top_o:0.000998683
                    time_check_in_c:0.000575671
                    time_add_parent:0.000293251
                    num_neighbors:7755
                    time_add_neighbors_to_o:0.00281413
        Stage2:
            total_Stage2:0.00441104
            num_len_path:156
            time_expanding_s:7.8508e-05
            timing_AStarSearchUntil:
                total_astar_search_until:0.00428165
                num_values_f_less_fmax:297
                ASU Exp:
                    total_ASUExp:0.0042778
                    time_top_o:7.7066e-05
                    time_check_in_c:5.7943e-05
                    time_add_parent:8.604e-05
                    num_neighbors:9626
                    time_add_neighbors_to_o:0.00369386
        Stage3:
            total_Stage3:0.0239764
            num_until_goal_expanded:2580
            timing_S3Exp:
                total_S3Exp: 0.0150609
                time_top_o: 0.000630698
                time_check_in_c: 0.000371547
                time_add_parent: 0.000726498
                num_neighbors: 22936
                time_add_neighbors_to_o: 0.0102538
    timing_PIOW_overlapping:
        total_PIOW: 0.000958668
        num_windows: 391
        time_check_overlap: 1.3866e-05
        num_overlapping_windows: 1
        time_merge_windows: 9.65e-07
        time_remove_window: 1.45e-07
        time_remove_window: 9.13e-07
        timing_PlanIn:
            total_PlanIn:0.000932583
            num_until_goal_expanded:31
            timing_expansions:
                total_S3Exp: 0.00093053
                time_top_o: 5.955e-06
                time_check_in_c: 5.318e-06
                time_add_parent: 9.024e-06
                num_neighbors: 1520
                time_add_neighbors_to_o: 0.000823718
    num_new_collisions: 5
    timing_PIOW_new_collisions:
        total_PIOW: 0.00074291
        num_windows: 20
        time_check_overlap: 6.28e-07
        num_overlapping_windows: 0
        time_merge_windows: 0
        time_remove_window: 0
        time_remove_window: 2.212e-06
        timing_PlanIn:
            total_PlanIn:0.000735334
            num_until_goal_expanded:95
            timing_expansions:
                total_S3Exp: 0.000726898
                time_top_o: 1.1899e-05
                time_check_in_c: 1.61e-05
                time_add_parent: 2.3957e-05
                num_neighbors: 1113
                time_add_neighbors_to_o: 0.00054195
    num_windows_should_quit: 0
    time_should_quit: 5.909e-06
    time_remove_window: 0
Complete!
