Total time: 6.50659
is_optimal: false
optimality_bound: 1.00662
successive_bounds: [1.01221, 1.0117, 1.00814, 1.00789, 1.00738, 1.00662]
successive_runtimes: [0.0316665, 0.0583343, 0.0982401, 0.339298, 0.593014, 6.50659]
num_agents: 60
time_individual_plan: 0.00874308
time_first_plan: 0.0223922
num_max_agents_in_window_first_iteration: 3
num_recWAMPF: 6
timing_recWAMPF:
    total_RecWAMPF: 6.49731
    num_windows: 151
    num_max_agents_in_window: 5
    timing_gari:
        total_GARI: 0.660611
        time_path_btw_starts: 0.000399807
        Stage1:
            total_Stage1:0.415612
            time_add_x_to_o: 0.111608
            time_clear_x: 0.0231902
            timing_AStarSearchUntil:
                total_astar_search_until:0.280805
                num_values_f_less_fmax:2674
                ASU Exp:
                    total_ASUExp:0.280801
                    time_top_o:0.00222861
                    time_check_in_c:0.00954776
                    time_add_parent:0.000853912
                    num_neighbors:541062
                    time_add_neighbors_to_o:0.263381
        Stage2:
            total_Stage2:0.0572385
            num_len_path:126
            time_expanding_s:7.4528e-05
            timing_AStarSearchUntil:
                total_astar_search_until:0.057116
                num_values_f_less_fmax:409
                ASU Exp:
                    total_ASUExp:0.0571133
                    time_top_o:0.000189746
                    time_check_in_c:8.3264e-05
                    time_add_parent:0.000136417
                    num_neighbors:115970
                    time_add_neighbors_to_o:0.056062
        Stage3:
            total_Stage3:0.186839
            num_until_goal_expanded:1678
            timing_S3Exp:
                total_S3Exp: 0.0735016
                time_top_o: 0.000818605
                time_check_in_c: 0.000293097
                time_add_parent: 0.000526148
                num_neighbors: 155459
                time_add_neighbors_to_o: 0.068505
    timing_PIOW_overlapping:
        total_PIOW: 5.80729
        num_windows: 1247
        time_check_overlap: 3.6626e-05
        num_overlapping_windows: 17
        time_merge_windows: 2.0306e-05
        time_remove_window: 3.929e-06
        time_remove_window: 1.9487e-05
        timing_PlanIn:
            total_PlanIn:5.80718
            num_until_goal_expanded:8255
            timing_expansions:
                total_S3Exp: 5.80714
                time_top_o: 0.010391
                time_check_in_c: 0.00260993
                time_add_parent: 0.0043819
                num_neighbors: 10210636
                time_add_neighbors_to_o: 5.51519
    num_new_collisions: 28
    timing_PIOW_new_collisions:
        total_PIOW: 0.0143477
        num_windows: 645
        time_check_overlap: 1.9295e-05
        num_overlapping_windows: 3
        time_merge_windows: 0
        time_remove_window: 0.0545078
        time_remove_window: 1.5199e-05
        timing_PlanIn:
            total_PlanIn:0.0142701
            num_until_goal_expanded:522
            timing_expansions:
                total_S3Exp: 0.0142247
                time_top_o: 8.1785e-05
                time_check_in_c: 9.0189e-05
                time_add_parent: 0.000140298
                num_neighbors: 27901
                time_add_neighbors_to_o: 0.0124409
    num_windows_should_quit: 0
    time_should_quit: 1.1847e-05
    time_remove_window: 0
Complete!
