Total time: 0.0201481
is_optimal: true
optimality_bound: 1
successive_bounds: [1.0026, 1.0026, 1.0026, 1.0026, 1.0026, 1.0026, 1.0026, 1.0026, 1.0026, 1.0026, 1.00156, 1.00156, 1.00104, 1.00104, 1.00104, 1.00104, 1, 1]
successive_runtimes: [0.00436498, 0.00499283, 0.00561373, 0.00624875, 0.00687757, 0.00750813, 0.00819385, 0.00886743, 0.00955808, 0.0102845, 0.0112898, 0.0120035, 0.0160232, 0.0172107, 0.0179846, 0.0187624, 0.0201481]
num_agents: 30
time_individual_plan: 0.00312971
time_first_plan: 0.000714002
num_max_agents_in_window_first_iteration: 2
num_recWAMPF: 17
timing_recWAMPF:
    total_RecWAMPF: 0.0164942
    num_windows: 99
    num_max_agents_in_window: 2
    timing_gari:
        total_GARI: 0.0116785
        time_path_btw_starts: 0.000246076
        Stage1:
            total_Stage1:0.00210026
            time_add_x_to_o: 0.00135677
            time_clear_x: 0.000164879
            timing_AStarSearchUntil:
                total_astar_search_until:0.00057379
                num_values_f_less_fmax:211
                ASU Exp:
                    total_ASUExp:0.000571539
                    time_top_o:4.4222e-05
                    time_check_in_c:2.6173e-05
                    time_add_parent:1.9367e-05
                    num_neighbors:984
                    time_add_neighbors_to_o:0.000393903
        Stage2:
            total_Stage2:0.00495936
            num_len_path:100
            time_expanding_s:4.6099e-05
            timing_AStarSearchUntil:
                total_astar_search_until:0.00488956
                num_values_f_less_fmax:354
                ASU Exp:
                    total_ASUExp:0.00488758
                    time_top_o:8.5782e-05
                    time_check_in_c:6.3414e-05
                    time_add_parent:9.5985e-05
                    num_neighbors:9241
                    time_add_neighbors_to_o:0.00426044
        Stage3:
            total_Stage3:0.00435943
            num_until_goal_expanded:239
            timing_S3Exp:
                total_S3Exp: 0.00208292
                time_top_o: 4.2451e-05
                time_check_in_c: 3.0116e-05
                time_add_parent: 6.4495e-05
                num_neighbors: 2836
                time_add_neighbors_to_o: 0.00155689
    timing_PIOW_overlapping:
        total_PIOW: 8.368e-06
        num_windows: 144
        time_check_overlap: 4.362e-06
        num_overlapping_windows: 0
        time_merge_windows: 0
        time_remove_window: 0
        time_remove_window: 0
        timing_PlanIn:
            total_PlanIn:0
            num_until_goal_expanded:0
            timing_expansions:
                total_S3Exp: 0
                time_top_o: 0
                time_check_in_c: 0
                time_add_parent: 0
                num_neighbors: 0
                time_add_neighbors_to_o: 0
    num_new_collisions: 3
    timing_PIOW_new_collisions:
        total_PIOW: 0.000264478
        num_windows: 6
        time_check_overlap: 2.7e-07
        num_overlapping_windows: 0
        time_merge_windows: 0
        time_remove_window: 0
        time_remove_window: 1.806e-06
        timing_PlanIn:
            total_PlanIn:0.000259413
            num_until_goal_expanded:27
            timing_expansions:
                total_S3Exp: 0.000253273
                time_top_o: 3.851e-06
                time_check_in_c: 4.776e-06
                time_add_parent: 7.839e-06
                num_neighbors: 379
                time_add_neighbors_to_o: 0.000191399
    num_windows_should_quit: 0
    time_should_quit: 2.679e-06
    time_remove_window: 0
Complete!
