Total time: 9.99139
is_optimal: false
optimality_bound: 1.00104
successive_bounds: [1.00553, 1.00449, 1.00449, 1.00449, 1.00415, 1.00276, 1.00276, 1.00276, 1.00276, 1.00276, 1.00173, 1.00173, 1.00104, 1.00104, 1.00104, 1.00104, 1.00104, 1.00104, 1.00104, 1.00104, 1.00104, 1.00104]
successive_runtimes: [0.0118863, 0.0140793, 0.016051, 0.0179991, 0.0204652, 0.36933, 0.442719, 0.468838, 0.495281, 0.521887, 3.71839, 6.23129, 6.6193, 6.98935, 7.35446, 7.71902, 8.08543, 8.48077, 8.856, 9.22916, 9.60664, 9.99139]
num_agents: 40
time_individual_plan: 0.00757697
time_first_plan: 0.00377816
num_max_agents_in_window_first_iteration: 2
num_recWAMPF: 22
timing_recWAMPF:
    total_RecWAMPF: 9.98328
    num_windows: 374
    num_max_agents_in_window: 6
    timing_gari:
        total_GARI: 6.45319
        time_path_btw_starts: 0.00120565
        Stage1:
            total_Stage1:1.82058
            time_add_x_to_o: 1.50822
            time_clear_x: 0.29698
            timing_AStarSearchUntil:
                total_astar_search_until:0.0153585
                num_values_f_less_fmax:1778
                ASU Exp:
                    total_ASUExp:0.0153457
                    time_top_o:0.000606343
                    time_check_in_c:0.000562541
                    time_add_parent:0.000791912
                    num_neighbors:26338
                    time_add_neighbors_to_o:0.0120048
        Stage2:
            total_Stage2:0.193651
            num_len_path:372
            time_expanding_s:0.00295414
            timing_AStarSearchUntil:
                total_astar_search_until:0.190494
                num_values_f_less_fmax:4414
                ASU Exp:
                    total_ASUExp:0.190485
                    time_top_o:0.0014346
                    time_check_in_c:0.000885757
                    time_add_parent:0.00149322
                    num_neighbors:342124
                    time_add_neighbors_to_o:0.177349
        Stage3:
            total_Stage3:4.43766
            num_until_goal_expanded:2482
            timing_S3Exp:
                total_S3Exp: 0.429067
                time_top_o: 0.00100167
                time_check_in_c: 0.000392585
                time_add_parent: 0.000808768
                num_neighbors: 43320
                time_add_neighbors_to_o: 0.0204228
    timing_PIOW_overlapping:
        total_PIOW: 0.202325
        num_windows: 1649
        time_check_overlap: 7.5942e-05
        num_overlapping_windows: 2
        time_merge_windows: 3.599e-06
        time_remove_window: 8.65e-07
        time_remove_window: 3.462e-06
        timing_PlanIn:
            total_PlanIn:0.202203
            num_until_goal_expanded:3194
            timing_expansions:
                total_S3Exp: 0.202184
                time_top_o: 0.00119842
                time_check_in_c: 0.000564567
                time_add_parent: 0.00110331
                num_neighbors: 337582
                time_add_neighbors_to_o: 0.186329
    num_new_collisions: 13
    timing_PIOW_new_collisions:
        total_PIOW: 3.31411
        num_windows: 160
        time_check_overlap: 6.79e-06
        num_overlapping_windows: 3
        time_merge_windows: 0
        time_remove_window: 1.32414
        time_remove_window: 6.608e-06
        timing_PlanIn:
            total_PlanIn:3.31407
            num_until_goal_expanded:7255
            timing_expansions:
                total_S3Exp: 3.31404
                time_top_o: 0.00357719
                time_check_in_c: 0.00160395
                time_add_parent: 0.00345789
                num_neighbors: 5107169
                time_add_neighbors_to_o: 3.16142
    num_windows_should_quit: 1
    time_should_quit: 2.0496e-05
    time_remove_window: 3.09e-07
Complete!
