Total time: 0.0243825
is_optimal: true
optimality_bound: 1
successive_bounds: [1.00229, 1.00137, 1.00137, 1.00137, 1.00137, 1.00137, 1.00137, 1.00137, 1.00137, 1.00137, 1.00137, 1.00137, 1.00137, 1.00137, 1.00046, 1.00046, 1.00046, 1.00046, 1.00046, 1.00046, 1, 1]
successive_runtimes: [0.00514053, 0.00614837, 0.00676083, 0.00722593, 0.00769497, 0.00819083, 0.00870576, 0.00922335, 0.00973942, 0.0103363, 0.0110328, 0.0115818, 0.0121197, 0.0126456, 0.0134238, 0.0140369, 0.0186412, 0.020071, 0.0215961, 0.0227437, 0.0243825]
num_agents: 30
time_individual_plan: 0.00367118
time_first_plan: 0.00095606
num_max_agents_in_window_first_iteration: 2
num_recWAMPF: 21
timing_recWAMPF:
    total_RecWAMPF: 0.0201945
    num_windows: 123
    num_max_agents_in_window: 2
    timing_gari:
        total_GARI: 0.014478
        time_path_btw_starts: 0.000221898
        Stage1:
            total_Stage1:0.00168068
            time_add_x_to_o: 0.00122317
            time_clear_x: 0.000145234
            timing_AStarSearchUntil:
                total_astar_search_until:0.000306308
                num_values_f_less_fmax:177
                ASU Exp:
                    total_ASUExp:0.000303528
                    time_top_o:3.306e-05
                    time_check_in_c:2.4066e-05
                    time_add_parent:1.5574e-05
                    num_neighbors:367
                    time_add_neighbors_to_o:0.000138828
        Stage2:
            total_Stage2:0.0028268
            num_len_path:92
            time_expanding_s:4.6007e-05
            timing_AStarSearchUntil:
                total_astar_search_until:0.00275195
                num_values_f_less_fmax:209
                ASU Exp:
                    total_ASUExp:0.00274938
                    time_top_o:5.713e-05
                    time_check_in_c:3.7166e-05
                    time_add_parent:8.5135e-05
                    num_neighbors:5303
                    time_add_neighbors_to_o:0.00231144
        Stage3:
            total_Stage3:0.00972774
            num_until_goal_expanded:546
            timing_S3Exp:
                total_S3Exp: 0.00658913
                time_top_o: 0.000118413
                time_check_in_c: 8.7095e-05
                time_add_parent: 0.000132147
                num_neighbors: 10289
                time_add_neighbors_to_o: 0.00538218
    timing_PIOW_overlapping:
        total_PIOW: 1.1099e-05
        num_windows: 180
        time_check_overlap: 6.13e-06
        num_overlapping_windows: 0
        time_merge_windows: 0
        time_remove_window: 0
        time_remove_window: 0
        timing_PlanIn:
            total_PlanIn:0
            num_until_goal_expanded:0
            timing_expansions:
                total_S3Exp: 0
                time_top_o: 0
                time_check_in_c: 0
                time_add_parent: 0
                num_neighbors: 0
                time_add_neighbors_to_o: 0
    num_new_collisions: 3
    timing_PIOW_new_collisions:
        total_PIOW: 0.000550237
        num_windows: 6
        time_check_overlap: 2.33e-07
        num_overlapping_windows: 0
        time_merge_windows: 0
        time_remove_window: 0
        time_remove_window: 1.092e-06
        timing_PlanIn:
            total_PlanIn:0.00054555
            num_until_goal_expanded:79
            timing_expansions:
                total_S3Exp: 0.000539085
                time_top_o: 9.917e-06
                time_check_in_c: 1.3561e-05
                time_add_parent: 1.993e-05
                num_neighbors: 743
                time_add_neighbors_to_o: 0.000389226
    num_windows_should_quit: 0
    time_should_quit: 2.997e-06
    time_remove_window: 0
Complete!
