Total time: 0.285472
is_optimal: true
optimality_bound: 1
successive_bounds: [1.00106, 1.00106, 1.00106, 1.00106, 1.00106, 1.00106, 1.00106, 1.00106, 1.00106, 1.00106, 1.00106, 1.00106, 1.00106, 1.00106, 1, 1]
successive_runtimes: [0.00719573, 0.00850176, 0.00969204, 0.0109057, 0.0120287, 0.0131471, 0.0143106, 0.0154583, 0.0166375, 0.0197501, 0.0212211, 0.0240404, 0.0261628, 0.0275394, 0.285472]
num_agents: 30
time_individual_plan: 0.00550424
time_first_plan: 0.00116119
num_max_agents_in_window_first_iteration: 2
num_recWAMPF: 15
timing_recWAMPF:
    total_RecWAMPF: 0.279435
    num_windows: 114
    num_max_agents_in_window: 3
    timing_gari:
        total_GARI: 0.0183869
        time_path_btw_starts: 0.000177749
        Stage1:
            total_Stage1:0.00460745
            time_add_x_to_o: 0.00230904
            time_clear_x: 0.00029626
            timing_AStarSearchUntil:
                total_astar_search_until:0.00199612
                num_values_f_less_fmax:357
                ASU Exp:
                    total_ASUExp:0.00199345
                    time_top_o:9.4545e-05
                    time_check_in_c:9.0079e-05
                    time_add_parent:5.7952e-05
                    num_neighbors:4506
                    time_add_neighbors_to_o:0.0015162
        Stage2:
            total_Stage2:0.0048834
            num_len_path:83
            time_expanding_s:4.7112e-05
            timing_AStarSearchUntil:
                total_astar_search_until:0.00480769
                num_values_f_less_fmax:454
                ASU Exp:
                    total_ASUExp:0.0048053
                    time_top_o:0.000119608
                    time_check_in_c:8.5134e-05
                    time_add_parent:0.000128952
                    num_neighbors:10561
                    time_add_neighbors_to_o:0.00400283
        Stage3:
            total_Stage3:0.00870215
            num_until_goal_expanded:1123
            timing_S3Exp:
                total_S3Exp: 0.00620412
                time_top_o: 0.000248631
                time_check_in_c: 0.000140109
                time_add_parent: 0.000232312
                num_neighbors: 10691
                time_add_neighbors_to_o: 0.00447406
    timing_PIOW_overlapping:
        total_PIOW: 0.256676
        num_windows: 221
        time_check_overlap: 7.927e-06
        num_overlapping_windows: 1
        time_merge_windows: 1.135e-06
        time_remove_window: 2.86e-07
        time_remove_window: 1.085e-06
        timing_PlanIn:
            total_PlanIn:0.256658
            num_until_goal_expanded:5660
            timing_expansions:
                total_S3Exp: 0.256656
                time_top_o: 0.0036304
                time_check_in_c: 0.00117999
                time_add_parent: 0.00204841
                num_neighbors: 507044
                time_add_neighbors_to_o: 0.229107
    num_new_collisions: 4
    timing_PIOW_new_collisions:
        total_PIOW: 0.00074014
        num_windows: 12
        time_check_overlap: 4.93e-07
        num_overlapping_windows: 0
        time_merge_windows: 0
        time_remove_window: 0
        time_remove_window: 1.16e-06
        timing_PlanIn:
            total_PlanIn:0.00073471
            num_until_goal_expanded:85
            timing_expansions:
                total_S3Exp: 0.000724972
                time_top_o: 1.0874e-05
                time_check_in_c: 1.547e-05
                time_add_parent: 2.3129e-05
                num_neighbors: 924
                time_add_neighbors_to_o: 0.000520556
    num_windows_should_quit: 0
    time_should_quit: 3.447e-06
    time_remove_window: 0
Complete!
