Total time: 0.0963821
is_optimal: true
optimality_bound: 1
successive_bounds: [1.00423, 1.00282, 1.00282, 1.00282, 1.00282, 1.00282, 1.00141, 1.00141, 1.00141, 1.00141, 1.00141, 1.00141, 1.00141, 1.00141, 1.00141, 1.00141, 1.00141, 1.00141, 1.00141, 1.00141, 1, 1]
successive_runtimes: [0.00790229, 0.00885652, 0.00983289, 0.0114181, 0.0136676, 0.0170215, 0.0210275, 0.0239638, 0.0257526, 0.0277159, 0.0299676, 0.0334951, 0.0383725, 0.0444335, 0.0493178, 0.0590849, 0.0652757, 0.0724051, 0.0797328, 0.0861062, 0.0963821]
num_agents: 20
time_individual_plan: 0.00627698
time_first_plan: 0.000930776
num_max_agents_in_window_first_iteration: 2
num_recWAMPF: 21
timing_recWAMPF:
    total_RecWAMPF: 0.0894009
    num_windows: 164
    num_max_agents_in_window: 2
    timing_gari:
        total_GARI: 0.0860286
        time_path_btw_starts: 0.000815938
        Stage1:
            total_Stage1:0.0517598
            time_add_x_to_o: 0.017855
            time_clear_x: 0.00368037
            timing_AStarSearchUntil:
                total_astar_search_until:0.0302086
                num_values_f_less_fmax:4047
                ASU Exp:
                    total_ASUExp:0.0302021
                    time_top_o:0.00227768
                    time_check_in_c:0.00150529
                    time_add_parent:0.00186771
                    num_neighbors:36051
                    time_add_neighbors_to_o:0.0210856
        Stage2:
            total_Stage2:0.01049
            num_len_path:186
            time_expanding_s:0.00013891
            timing_AStarSearchUntil:
                total_astar_search_until:0.0102599
                num_values_f_less_fmax:480
                ASU Exp:
                    total_ASUExp:0.0102546
                    time_top_o:0.00021735
                    time_check_in_c:0.000149902
                    time_add_parent:0.000233268
                    num_neighbors:12960
                    time_add_neighbors_to_o:0.00876798
        Stage3:
            total_Stage3:0.0229091
            num_until_goal_expanded:750
            timing_S3Exp:
                total_S3Exp: 0.00759731
                time_top_o: 0.000307415
                time_check_in_c: 0.000194206
                time_add_parent: 0.000411764
                num_neighbors: 6843
                time_add_neighbors_to_o: 0.00464111
    timing_PIOW_overlapping:
        total_PIOW: 4.1007e-05
        num_windows: 320
        time_check_overlap: 2.3213e-05
        num_overlapping_windows: 0
        time_merge_windows: 0
        time_remove_window: 0
        time_remove_window: 0
        timing_PlanIn:
            total_PlanIn:0
            num_until_goal_expanded:0
            timing_expansions:
                total_S3Exp: 0
                time_top_o: 0
                time_check_in_c: 0
                time_add_parent: 0
                num_neighbors: 0
                time_add_neighbors_to_o: 0
    num_new_collisions: 4
    timing_PIOW_new_collisions:
        total_PIOW: 0.000630272
        num_windows: 12
        time_check_overlap: 8.26e-07
        num_overlapping_windows: 0
        time_merge_windows: 0
        time_remove_window: 0
        time_remove_window: 2.609e-06
        timing_PlanIn:
            total_PlanIn:0.000620451
            num_until_goal_expanded:56
            timing_expansions:
                total_S3Exp: 0.000610199
                time_top_o: 1.1386e-05
                time_check_in_c: 1.5136e-05
                time_add_parent: 2.3355e-05
                num_neighbors: 615
                time_add_neighbors_to_o: 0.000412376
    num_windows_should_quit: 0
    time_should_quit: 1.0235e-05
    time_remove_window: 0
Complete!
