Total time: 0.346004
is_optimal: true
optimality_bound: 1
successive_bounds: [1.0046, 1.00402, 1.00345, 1.00287, 1.0023, 1.00172, 1.00172, 1.00172, 1.00144, 1.00144, 1.00144, 1.00144, 1.00144, 1.00086, 1, 1]
successive_runtimes: [0.0124085, 0.0164164, 0.0206171, 0.0537555, 0.113506, 0.148621, 0.162002, 0.178041, 0.197367, 0.217403, 0.23882, 0.260467, 0.283402, 0.305045, 0.346004]
num_agents: 50
time_individual_plan: 0.00734518
time_first_plan: 0.00431811
num_max_agents_in_window_first_iteration: 2
num_recWAMPF: 15
timing_recWAMPF:
    total_RecWAMPF: 0.337907
    num_windows: 233
    num_max_agents_in_window: 3
    timing_gari:
        total_GARI: 0.262252
        time_path_btw_starts: 0.000890991
        Stage1:
            total_Stage1:0.142723
            time_add_x_to_o: 0.0590443
            time_clear_x: 0.0110792
            timing_AStarSearchUntil:
                total_astar_search_until:0.0725819
                num_values_f_less_fmax:16344
                ASU Exp:
                    total_ASUExp:0.0725755
                    time_top_o:0.00644259
                    time_check_in_c:0.00325141
                    time_add_parent:0.00195075
                    num_neighbors:112868
                    time_add_neighbors_to_o:0.0518218
        Stage2:
            total_Stage2:0.0113279
            num_len_path:236
            time_expanding_s:0.00059921
            timing_AStarSearchUntil:
                total_astar_search_until:0.0106137
                num_values_f_less_fmax:510
                ASU Exp:
                    total_ASUExp:0.0106083
                    time_top_o:0.00019254
                    time_check_in_c:0.000160406
                    time_add_parent:0.000306638
                    num_neighbors:17632
                    time_add_neighbors_to_o:0.00873488
        Stage3:
            total_Stage3:0.106737
            num_until_goal_expanded:6173
            timing_S3Exp:
                total_S3Exp: 0.0339819
                time_top_o: 0.00205402
                time_check_in_c: 0.00111286
                time_add_parent: 0.00225029
                num_neighbors: 39821
                time_add_neighbors_to_o: 0.0199407
    timing_PIOW_overlapping:
        total_PIOW: 0.06439
        num_windows: 957
        time_check_overlap: 4.7744e-05
        num_overlapping_windows: 4
        time_merge_windows: 6.013e-06
        time_remove_window: 1.358e-06
        time_remove_window: 5.766e-06
        timing_PlanIn:
            total_PlanIn:0.0642939
            num_until_goal_expanded:870
            timing_expansions:
                total_S3Exp: 0.0642832
                time_top_o: 0.000319756
                time_check_in_c: 0.000179394
                time_add_parent: 0.000289597
                num_neighbors: 103291
                time_add_neighbors_to_o: 0.058777
    num_new_collisions: 9
    timing_PIOW_new_collisions:
        total_PIOW: 0.00161084
        num_windows: 72
        time_check_overlap: 2.968e-06
        num_overlapping_windows: 0
        time_merge_windows: 0
        time_remove_window: 0
        time_remove_window: 4.398e-06
        timing_PlanIn:
            total_PlanIn:0.0015913
            num_until_goal_expanded:197
            timing_expansions:
                total_S3Exp: 0.00157426
                time_top_o: 2.9062e-05
                time_check_in_c: 4.0822e-05
                time_add_parent: 6.427e-05
                num_neighbors: 1837
                time_add_neighbors_to_o: 0.00109426
    num_windows_should_quit: 0
    time_should_quit: 1.8957e-05
    time_remove_window: 0
Complete!
