Total time: 0.151829
is_optimal: false
optimality_bound: 1.00158
successive_bounds: [1.0057, 1.0057, 1.00539, 1.00539, 1.00475, 1.00412, 1.00349, 1.00349, 1.00349, 1.00349, 1.00349, 1.00349, 1.00349, 1.00222, 1.00222, 1.00158, 1.00158, 1.00158, 1.00158, 1.00158, 1.00158]
successive_runtimes: [0.0153948, 0.0192156, 0.0231048, 0.0269651, 0.0307029, 0.0339222, 0.0365698, 0.0386922, 0.0408294, 0.0429928, 0.0451114, 0.0472738, 0.049435, 0.0849474, 0.105302, 0.114799, 0.122683, 0.130173, 0.137357, 0.144536, 0.151829]
num_agents: 50
time_individual_plan: 0.00917631
time_first_plan: 0.00529403
num_max_agents_in_window_first_iteration: 2
num_recWAMPF: 21
timing_recWAMPF:
    total_RecWAMPF: 0.141722
    num_windows: 379
    num_max_agents_in_window: 3
    timing_gari:
        total_GARI: 0.093158
        time_path_btw_starts: 0.00104003
        Stage1:
            total_Stage1:0.0335521
            time_add_x_to_o: 0.0203377
            time_clear_x: 0.00281924
            timing_AStarSearchUntil:
                total_astar_search_until:0.0103706
                num_values_f_less_fmax:3291
                ASU Exp:
                    total_ASUExp:0.0103603
                    time_top_o:0.000998556
                    time_check_in_c:0.000705039
                    time_add_parent:0.0004058
                    num_neighbors:16041
                    time_add_neighbors_to_o:0.00673547
        Stage2:
            total_Stage2:0.0129409
            num_len_path:384
            time_expanding_s:0.000212227
            timing_AStarSearchUntil:
                total_astar_search_until:0.0125862
                num_values_f_less_fmax:813
                ASU Exp:
                    total_ASUExp:0.0125771
                    time_top_o:0.000261754
                    time_check_in_c:0.000202233
                    time_add_parent:0.000314465
                    num_neighbors:21852
                    time_add_neighbors_to_o:0.0105642
        Stage3:
            total_Stage3:0.0455508
            num_until_goal_expanded:1987
            timing_S3Exp:
                total_S3Exp: 0.0177778
                time_top_o: 0.000538641
                time_check_in_c: 0.000320033
                time_add_parent: 0.000654277
                num_neighbors: 20094
                time_add_neighbors_to_o: 0.011317
    timing_PIOW_overlapping:
        total_PIOW: 0.0331667
        num_windows: 1755
        time_check_overlap: 7.903e-05
        num_overlapping_windows: 2
        time_merge_windows: 4.438e-06
        time_remove_window: 8.42e-07
        time_remove_window: 4.219e-06
        timing_PlanIn:
            total_PlanIn:0.0330164
            num_until_goal_expanded:518
            timing_expansions:
                total_S3Exp: 0.0330106
                time_top_o: 0.000155739
                time_check_in_c: 9.6731e-05
                time_add_parent: 0.000162379
                num_neighbors: 54024
                time_add_neighbors_to_o: 0.0301311
    num_new_collisions: 10
    timing_PIOW_new_collisions:
        total_PIOW: 0.00204638
        num_windows: 90
        time_check_overlap: 5.944e-06
        num_overlapping_windows: 0
        time_merge_windows: 0
        time_remove_window: 0
        time_remove_window: 8.13e-06
        timing_PlanIn:
            total_PlanIn:0.00201334
            num_until_goal_expanded:143
            timing_expansions:
                total_S3Exp: 0.00198606
                time_top_o: 3.34e-05
                time_check_in_c: 4.3181e-05
                time_add_parent: 6.6708e-05
                num_neighbors: 1600
                time_add_neighbors_to_o: 0.00145154
    num_windows_should_quit: 0
    time_should_quit: 1.8591e-05
    time_remove_window: 0
Complete!
