Total time: 9.53357
is_optimal: false
optimality_bound: 1.00095
successive_bounds: [1.00316, 1.00284, 1.00284, 1.00284, 1.00284, 1.00284, 1.00253, 1.00253, 1.00221, 1.00221, 1.0019, 1.0019, 1.0019, 1.0019, 1.0019, 1.0019, 1.0019, 1.0019, 1.0019, 1.0019, 1.0019, 1.00126, 1.00095, 1.00095]
successive_runtimes: [0.0125563, 0.0150781, 0.019657, 0.0240569, 0.0286755, 0.034423, 0.0406506, 0.048251, 0.0582123, 0.0668946, 0.0737802, 0.0840579, 0.0921058, 0.0993342, 0.11002, 0.747811, 1.24112, 1.77911, 2.33331, 2.88442, 3.47156, 6.81874, 7.15277, 9.53357]
num_agents: 50
time_individual_plan: 0.00706496
time_first_plan: 0.00495738
num_max_agents_in_window_first_iteration: 2
num_recWAMPF: 24
timing_recWAMPF:
    total_RecWAMPF: 9.52597
    num_windows: 389
    num_max_agents_in_window: 3
    timing_gari:
        total_GARI: 5.9975
        time_path_btw_starts: 0.00632344
        Stage1:
            total_Stage1:5.01258
            time_add_x_to_o: 0.778646
            time_clear_x: 0.306962
            timing_AStarSearchUntil:
                total_astar_search_until:1.32791
                num_values_f_less_fmax:80381
                ASU Exp:
                    total_ASUExp:1.3279
                    time_top_o:0.0820558
                    time_check_in_c:0.0277264
                    time_add_parent:0.0361994
                    num_neighbors:6698777
                    time_add_neighbors_to_o:3.67672
        Stage2:
            total_Stage2:0.0190747
            num_len_path:329
            time_expanding_s:0.000360027
            timing_AStarSearchUntil:
                total_astar_search_until:0.0185454
                num_values_f_less_fmax:1400
                ASU Exp:
                    total_ASUExp:0.0185374
                    time_top_o:0.000424852
                    time_check_in_c:0.000292016
                    time_add_parent:0.00047287
                    num_neighbors:37049
                    time_add_neighbors_to_o:0.0158198
        Stage3:
            total_Stage3:0.958531
            num_until_goal_expanded:3016
            timing_S3Exp:
                total_S3Exp: 0.0497802
                time_top_o: 0.00105853
                time_check_in_c: 0.000460515
                time_add_parent: 0.000782801
                num_neighbors: 70266
                time_add_neighbors_to_o: 0.0351471
    timing_PIOW_overlapping:
        total_PIOW: 0.631658
        num_windows: 1613
        time_check_overlap: 6.3182e-05
        num_overlapping_windows: 2
        time_merge_windows: 3.389e-06
        time_remove_window: 4.65e-07
        time_remove_window: 3.287e-06
        timing_PlanIn:
            total_PlanIn:0.63155
            num_until_goal_expanded:9252
            timing_expansions:
                total_S3Exp: 0.631545
                time_top_o: 0.00957769
                time_check_in_c: 0.00204223
                time_add_parent: 0.00441358
                num_neighbors: 1102060
                time_add_neighbors_to_o: 0.574334
    num_new_collisions: 11
    timing_PIOW_new_collisions:
        total_PIOW: 0.00239889
        num_windows: 102
        time_check_overlap: 2.902e-06
        num_overlapping_windows: 0
        time_merge_windows: 0
        time_remove_window: 0
        time_remove_window: 4.87e-06
        timing_PlanIn:
            total_PlanIn:0.00237952
            num_until_goal_expanded:236
            timing_expansions:
                total_S3Exp: 0.00235813
                time_top_o: 3.7541e-05
                time_check_in_c: 4.0507e-05
                time_add_parent: 5.8673e-05
                num_neighbors: 3796
                time_add_neighbors_to_o: 0.001863
    num_windows_should_quit: 2
    time_should_quit: 2.1497e-05
    time_remove_window: 6.94e-07
Complete!
