Total time: 0.00756177
is_optimal: true
optimality_bound: 1
successive_bounds: [1.00149, 1.00149, 1.00149, 1.00149, 1.00149, 1.00149, 1.00149, 1.00149, 1.00149, 1.00149, 1.00149, 1.00149, 1.00149, 1.00149, 1.00149, 1.00149, 1.00149, 1.00149, 1, 1]
successive_runtimes: [0.00194462, 0.00209202, 0.00222841, 0.00236396, 0.0025069, 0.00265754, 0.00280205, 0.00297943, 0.00317427, 0.0033628, 0.00355475, 0.00377792, 0.00400371, 0.00429028, 0.00458411, 0.00485483, 0.00512329, 0.00536198, 0.00756174]
num_agents: 10
time_individual_plan: 0.00129734
time_first_plan: 0.000132839
num_max_agents_in_window_first_iteration: 2
num_recWAMPF: 19
timing_recWAMPF:
    total_RecWAMPF: 0.00574745
    num_windows: 37
    num_max_agents_in_window: 2
    timing_gari:
        total_GARI: 0.0051797
        time_path_btw_starts: 0.000121154
        Stage1:
            total_Stage1:0.000866524
            time_add_x_to_o: 0.000715389
            time_clear_x: 0.000114595
            timing_AStarSearchUntil:
                total_astar_search_until:3.4474e-05
                num_values_f_less_fmax:38
                ASU Exp:
                    total_ASUExp:3.3586e-05
                    time_top_o:2.3435e-05
                    time_check_in_c:3.868e-06
                    time_add_parent:0
                    num_neighbors:0
                    time_add_neighbors_to_o:0
        Stage2:
            total_Stage2:0.00123697
            num_len_path:38
            time_expanding_s:1.5646e-05
            timing_AStarSearchUntil:
                total_astar_search_until:0.00119817
                num_values_f_less_fmax:73
                ASU Exp:
                    total_ASUExp:0.00119745
                    time_top_o:1.6586e-05
                    time_check_in_c:2.6642e-05
                    time_add_parent:5.2094e-05
                    num_neighbors:1978
                    time_add_neighbors_to_o:0.000946014
        Stage3:
            total_Stage3:0.00294909
            num_until_goal_expanded:191
            timing_S3Exp:
                total_S3Exp: 0.00234383
                time_top_o: 4.9446e-05
                time_check_in_c: 3.1973e-05
                time_add_parent: 4.4013e-05
                num_neighbors: 3941
                time_add_neighbors_to_o: 0.00195776
    timing_PIOW_overlapping:
        total_PIOW: 5.8e-07
        num_windows: 18
        time_check_overlap: 0
        num_overlapping_windows: 0
        time_merge_windows: 0
        time_remove_window: 0
        time_remove_window: 0
        timing_PlanIn:
            total_PlanIn:0
            num_until_goal_expanded:0
            timing_expansions:
                total_S3Exp: 0
                time_top_o: 0
                time_check_in_c: 0
                time_add_parent: 0
                num_neighbors: 0
                time_add_neighbors_to_o: 0
    num_new_collisions: 1
    timing_PIOW_new_collisions:
        total_PIOW: 0.000102193
        num_windows: 0
        time_check_overlap: 0
        num_overlapping_windows: 0
        time_merge_windows: 0
        time_remove_window: 0
        time_remove_window: 2.46e-07
        timing_PlanIn:
            total_PlanIn:0.000100666
            num_until_goal_expanded:8
            timing_expansions:
                total_S3Exp: 9.7624e-05
                time_top_o: 1.471e-06
                time_check_in_c: 1.864e-06
                time_add_parent: 3.112e-06
                num_neighbors: 161
                time_add_neighbors_to_o: 7.577e-05
    num_windows_should_quit: 0
    time_should_quit: 1.036e-06
    time_remove_window: 0
Complete!
