Total time: 0.00459455
is_optimal: true
optimality_bound: 1
successive_bounds: [1.00237, 1.00237, 1.00237, 1.00237, 1.00237, 1.00237, 1.00237, 1.00237, 1.00237, 1.00237, 1.00237, 1.00237, 1, 1]
successive_runtimes: [0.00228646, 0.00242423, 0.00255243, 0.00268166, 0.00281693, 0.00304404, 0.0032153, 0.00340899, 0.0036112, 0.00382893, 0.00402715, 0.00423998, 0.00459453]
num_agents: 10
time_individual_plan: 0.00163443
time_first_plan: 0.000125291
num_max_agents_in_window_first_iteration: 2
num_recWAMPF: 13
timing_recWAMPF:
    total_RecWAMPF: 0.00243145
    num_windows: 25
    num_max_agents_in_window: 2
    timing_gari:
        total_GARI: 0.00196469
        time_path_btw_starts: 5.6391e-05
        Stage1:
            total_Stage1:0.000436222
            time_add_x_to_o: 0.000258769
            time_clear_x: 2.7379e-05
            timing_AStarSearchUntil:
                total_astar_search_until:0.000148678
                num_values_f_less_fmax:13
                ASU Exp:
                    total_ASUExp:0.000148065
                    time_top_o:3.744e-06
                    time_check_in_c:4.233e-06
                    time_add_parent:4.511e-06
                    num_neighbors:310
                    time_add_neighbors_to_o:0.000116934
        Stage2:
            total_Stage2:0.000657322
            num_len_path:25
            time_expanding_s:9.194e-06
            timing_AStarSearchUntil:
                total_astar_search_until:0.00064182
                num_values_f_less_fmax:57
                ASU Exp:
                    total_ASUExp:0.000641299
                    time_top_o:1.2277e-05
                    time_check_in_c:1.1022e-05
                    time_add_parent:1.544e-05
                    num_neighbors:1394
                    time_add_neighbors_to_o:0.000538487
        Stage3:
            total_Stage3:0.000810958
            num_until_goal_expanded:44
            timing_S3Exp:
                total_S3Exp: 0.000487039
                time_top_o: 8.245e-06
                time_check_in_c: 5.207e-06
                time_add_parent: 9.708e-06
                num_neighbors: 623
                time_add_neighbors_to_o: 0.000382874
    timing_PIOW_overlapping:
        total_PIOW: 2.73e-07
        num_windows: 12
        time_check_overlap: 0
        num_overlapping_windows: 0
        time_merge_windows: 0
        time_remove_window: 0
        time_remove_window: 0
        timing_PlanIn:
            total_PlanIn:0
            num_until_goal_expanded:0
            timing_expansions:
                total_S3Exp: 0
                time_top_o: 0
                time_check_in_c: 0
                time_add_parent: 0
                num_neighbors: 0
                time_add_neighbors_to_o: 0
    num_new_collisions: 1
    timing_PIOW_new_collisions:
        total_PIOW: 8.912e-05
        num_windows: 0
        time_check_overlap: 0
        num_overlapping_windows: 0
        time_merge_windows: 0
        time_remove_window: 0
        time_remove_window: 7.07e-07
        timing_PlanIn:
            total_PlanIn:8.6728e-05
            num_until_goal_expanded:7
            timing_expansions:
                total_S3Exp: 8.3112e-05
                time_top_o: 1.365e-06
                time_check_in_c: 1.816e-06
                time_add_parent: 2.599e-06
                num_neighbors: 135
                time_add_neighbors_to_o: 6.2704e-05
    num_windows_should_quit: 0
    time_should_quit: 5.83e-07
    time_remove_window: 0
Complete!
