Total time: 1.02642
is_optimal: false
optimality_bound: 1.00673
successive_bounds: [1.00969, 1.00861, 1.00834, 1.0078, 1.0078, 1.007, 1.007, 1.007, 1.00673, 1.00673, 1.00673, 1.00673, 1.00673, 1.00673, 1.00673, 1.00673]
successive_runtimes: [0.0221146, 0.0355185, 0.0452765, 0.0522819, 0.0554824, 0.0582717, 0.0602525, 0.0615661, 0.0817794, 0.100532, 0.110224, 0.131725, 0.170092, 0.313594, 0.643587, 1.02642]
num_agents: 50
time_individual_plan: 0.0126845
time_first_plan: 0.00889825
num_max_agents_in_window_first_iteration: 2
num_recWAMPF: 16
timing_recWAMPF:
    total_RecWAMPF: 1.0132
    num_windows: 106
    num_max_agents_in_window: 4
    timing_gari:
        total_GARI: 0.955525
        time_path_btw_starts: 0.000220267
        Stage1:
            total_Stage1:0.801178
            time_add_x_to_o: 0.163387
            time_clear_x: 0.0428429
            timing_AStarSearchUntil:
                total_astar_search_until:0.594941
                num_values_f_less_fmax:4285
                ASU Exp:
                    total_ASUExp:0.594938
                    time_top_o:0.00422697
                    time_check_in_c:0.00142032
                    time_add_parent:0.00144184
                    num_neighbors:1327752
                    time_add_neighbors_to_o:0.576959
        Stage2:
            total_Stage2:0.003127
            num_len_path:79
            time_expanding_s:4.02e-05
            timing_AStarSearchUntil:
                total_astar_search_until:0.00305734
                num_values_f_less_fmax:148
                ASU Exp:
                    total_ASUExp:0.00305546
                    time_top_o:3.4976e-05
                    time_check_in_c:2.5696e-05
                    time_add_parent:4.2004e-05
                    num_neighbors:6298
                    time_add_neighbors_to_o:0.0027609
        Stage3:
            total_Stage3:0.150983
            num_until_goal_expanded:1028
            timing_S3Exp:
                total_S3Exp: 0.0444867
                time_top_o: 0.000347131
                time_check_in_c: 0.00018275
                time_add_parent: 0.000308495
                num_neighbors: 79673
                time_add_neighbors_to_o: 0.0422538
    timing_PIOW_overlapping:
        total_PIOW: 0.0329874
        num_windows: 729
        time_check_overlap: 1.5108e-05
        num_overlapping_windows: 20
        time_merge_windows: 1.329e-05
        time_remove_window: 3.028e-06
        time_remove_window: 1.2472e-05
        timing_PlanIn:
            total_PlanIn:0.0329226
            num_until_goal_expanded:752
            timing_expansions:
                total_S3Exp: 0.0328906
                time_top_o: 0.000128546
                time_check_in_c: 0.000135531
                time_add_parent: 0.000192437
                num_neighbors: 57088
                time_add_neighbors_to_o: 0.0299698
    num_new_collisions: 22
    timing_PIOW_new_collisions:
        total_PIOW: 0.00766879
        num_windows: 407
        time_check_overlap: 9.901e-06
        num_overlapping_windows: 1
        time_merge_windows: 0
        time_remove_window: 0.0305258
        time_remove_window: 7.363e-06
        timing_PlanIn:
            total_PlanIn:0.00762318
            num_until_goal_expanded:584
            timing_expansions:
                total_S3Exp: 0.00758691
                time_top_o: 7.8962e-05
                time_check_in_c: 0.000114823
                time_add_parent: 0.000145409
                num_neighbors: 13670
                time_add_neighbors_to_o: 0.00617389
    num_windows_should_quit: 0
    time_should_quit: 4.412e-06
    time_remove_window: 0
Complete!
