Total time: 0.00684342
is_optimal: true
optimality_bound: 1
successive_bounds: [1.00297, 1.00297, 1.00297, 1.00297, 1.00297, 1.00297, 1.00297, 1.00297, 1.00297, 1.00297, 1.00297, 1, 1]
successive_runtimes: [0.00215074, 0.00235959, 0.00277071, 0.00324067, 0.00370764, 0.00412139, 0.00464245, 0.00531376, 0.00600368, 0.00626391, 0.00643504, 0.0068434]
num_agents: 10
time_individual_plan: 0.00149065
time_first_plan: 0.000128826
num_max_agents_in_window_first_iteration: 2
num_recWAMPF: 12
timing_recWAMPF:
    total_RecWAMPF: 0.00481966
    num_windows: 23
    num_max_agents_in_window: 2
    timing_gari:
        total_GARI: 0.00446333
        time_path_btw_starts: 4.7297e-05
        Stage1:
            total_Stage1:0.00154149
            time_add_x_to_o: 0.000649644
            time_clear_x: 6.4174e-05
            timing_AStarSearchUntil:
                total_astar_search_until:0.000826461
                num_values_f_less_fmax:95
                ASU Exp:
                    total_ASUExp:0.000825903
                    time_top_o:2.298e-05
                    time_check_in_c:2.3199e-05
                    time_add_parent:1.9231e-05
                    num_neighbors:1810
                    time_add_neighbors_to_o:0.000676923
        Stage2:
            total_Stage2:0.00164716
            num_len_path:21
            time_expanding_s:9.26e-06
            timing_AStarSearchUntil:
                total_astar_search_until:0.00163165
                num_values_f_less_fmax:165
                ASU Exp:
                    total_ASUExp:0.00163118
                    time_top_o:3.672e-05
                    time_check_in_c:2.9514e-05
                    time_add_parent:4.4456e-05
                    num_neighbors:3750
                    time_add_neighbors_to_o:0.00135896
        Stage3:
            total_Stage3:0.00122387
            num_until_goal_expanded:54
            timing_S3Exp:
                total_S3Exp: 0.000529834
                time_top_o: 1.116e-05
                time_check_in_c: 6.861e-06
                time_add_parent: 1.1592e-05
                num_neighbors: 719
                time_add_neighbors_to_o: 0.000402968
    timing_PIOW_overlapping:
        total_PIOW: 2.48e-07
        num_windows: 11
        time_check_overlap: 0
        num_overlapping_windows: 0
        time_merge_windows: 0
        time_remove_window: 0
        time_remove_window: 0
        timing_PlanIn:
            total_PlanIn:0
            num_until_goal_expanded:0
            timing_expansions:
                total_S3Exp: 0
                time_top_o: 0
                time_check_in_c: 0
                time_add_parent: 0
                num_neighbors: 0
                time_add_neighbors_to_o: 0
    num_new_collisions: 1
    timing_PIOW_new_collisions:
        total_PIOW: 0.00010314
        num_windows: 0
        time_check_overlap: 0
        num_overlapping_windows: 0
        time_merge_windows: 0
        time_remove_window: 0
        time_remove_window: 3.02e-07
        timing_PlanIn:
            total_PlanIn:0.000101442
            num_until_goal_expanded:11
            timing_expansions:
                total_S3Exp: 9.8454e-05
                time_top_o: 2.146e-06
                time_check_in_c: 2.067e-06
                time_add_parent: 3.588e-06
                num_neighbors: 171
                time_add_neighbors_to_o: 7.1918e-05
    num_windows_should_quit: 0
    time_should_quit: 5.25e-07
    time_remove_window: 0
Complete!
