Total time: 1.32726
is_optimal: false
optimality_bound: 1.00206
successive_bounds: [1.00343, 1.00309, 1.00275, 1.00275, 1.00275, 1.00275, 1.00275, 1.00275, 1.00275, 1.00275, 1.00275, 1.00275, 1.00275, 1.00275, 1.00275, 1.00275, 1.00206]
successive_runtimes: [0.0171627, 0.0209038, 0.0238395, 0.0273709, 0.0607995, 0.145732, 0.270759, 0.399725, 0.522876, 0.639091, 0.752438, 0.860447, 0.973409, 1.0765, 1.16313, 1.24682, 1.32726]
num_agents: 50
time_individual_plan: 0.0105622
time_first_plan: 0.00588315
num_max_agents_in_window_first_iteration: 2
num_recWAMPF: 17
timing_recWAMPF:
    total_RecWAMPF: 1.31598
    num_windows: 265
    num_max_agents_in_window: 3
    timing_gari:
        total_GARI: 1.27004
        time_path_btw_starts: 0.000945874
        Stage1:
            total_Stage1:0.726408
            time_add_x_to_o: 0.230285
            time_clear_x: 0.0959343
            timing_AStarSearchUntil:
                total_astar_search_until:0.400164
                num_values_f_less_fmax:16874
                ASU Exp:
                    total_ASUExp:0.400155
                    time_top_o:0.0179155
                    time_check_in_c:0.014825
                    time_add_parent:0.008022
                    num_neighbors:553366
                    time_add_neighbors_to_o:0.331115
        Stage2:
            total_Stage2:0.0055747
            num_len_path:203
            time_expanding_s:0.000166775
            timing_AStarSearchUntil:
                total_astar_search_until:0.00525039
                num_values_f_less_fmax:301
                ASU Exp:
                    total_ASUExp:0.00524371
                    time_top_o:0.000135902
                    time_check_in_c:0.00010226
                    time_add_parent:0.000136163
                    num_neighbors:7618
                    time_add_neighbors_to_o:0.0042897
        Stage3:
            total_Stage3:0.536599
            num_until_goal_expanded:6254
            timing_S3Exp:
                total_S3Exp: 0.168797
                time_top_o: 0.00411803
                time_check_in_c: 0.00159306
                time_add_parent: 0.00317703
                num_neighbors: 217109
                time_add_neighbors_to_o: 0.135895
    timing_PIOW_overlapping:
        total_PIOW: 0.0312918
        num_windows: 1042
        time_check_overlap: 5.4681e-05
        num_overlapping_windows: 1
        time_merge_windows: 1.948e-06
        time_remove_window: 4.03e-07
        time_remove_window: 1.884e-06
        timing_PlanIn:
            total_PlanIn:0.0311955
            num_until_goal_expanded:603
            timing_expansions:
                total_S3Exp: 0.031193
                time_top_o: 0.000297267
                time_check_in_c: 0.000135484
                time_add_parent: 0.000215264
                num_neighbors: 49339
                time_add_neighbors_to_o: 0.0278413
    num_new_collisions: 9
    timing_PIOW_new_collisions:
        total_PIOW: 0.0040701
        num_windows: 72
        time_check_overlap: 3.221e-06
        num_overlapping_windows: 0
        time_merge_windows: 0
        time_remove_window: 0
        time_remove_window: 5.768e-06
        timing_PlanIn:
            total_PlanIn:0.00404776
            num_until_goal_expanded:314
            timing_expansions:
                total_S3Exp: 0.00402435
                time_top_o: 6.8858e-05
                time_check_in_c: 6.4622e-05
                time_add_parent: 9.8017e-05
                num_neighbors: 4679
                time_add_neighbors_to_o: 0.00314437
    num_windows_should_quit: 1
    time_should_quit: 2.1504e-05
    time_remove_window: 3.19e-07
Complete!
