Total time: 39.5467
is_optimal: true
optimality_bound: 1
successive_bounds: [1.02174, 1.01874, 1.00525, 1.00525, 1.00525, 1.00525, 1.003, 1.003, 1.003, 1.0015, 1.0015, 1.0015, 1.0015, 1.0015, 1.0015, 1.0015, 1.0015, 1.0015, 1.0015, 1.0015, 1.0015, 1.0015, 1.0015, 1.0015, 1.0015, 1.0015, 1.0015, 1.0015, 1.0015, 1.0015, 1.0015, 1.0015, 1.0015, 1.0015, 1.0015, 1, 1]
successive_runtimes: [0.0244811, 0.476439, 1.5248, 1.57798, 1.71061, 2.48409, 11.2085, 14.9065, 18.1129, 26.3447, 27.3549, 28.0341, 28.5667, 29.0854, 29.6069, 30.1358, 30.6565, 31.2298, 31.7232, 32.2033, 32.6783, 33.1469, 33.6135, 34.0749, 34.54, 34.9981, 35.4559, 36.0715, 36.682, 37.1349, 37.5863, 38.0288, 38.4787, 38.8226, 39.1708, 39.5467]
num_agents: 20
time_individual_plan: 0.00389531
time_first_plan: 0.0198708
num_max_agents_in_window_first_iteration: 3
num_recWAMPF: 36
timing_recWAMPF:
    total_RecWAMPF: 39.542
    num_windows: 156
    num_max_agents_in_window: 5
    timing_gari:
        total_GARI: 35.9023
        time_path_btw_starts: 0.00588991
        Stage1:
            total_Stage1:20.044
            time_add_x_to_o: 2.62571
            time_clear_x: 1.31095
            timing_AStarSearchUntil:
                total_astar_search_until:15.4328
                num_values_f_less_fmax:145521
                ASU Exp:
                    total_ASUExp:15.4328
                    time_top_o:0.215548
                    time_check_in_c:0.0848089
                    time_add_parent:0.106289
                    num_neighbors:27879909
                    time_add_neighbors_to_o:15.4429
        Stage2:
            total_Stage2:0.235718
            num_len_path:148
            time_expanding_s:0.00524269
            timing_AStarSearchUntil:
                total_astar_search_until:0.230317
                num_values_f_less_fmax:2092
                ASU Exp:
                    total_ASUExp:0.230312
                    time_top_o:0.00125277
                    time_check_in_c:0.000584401
                    time_add_parent:0.000962586
                    num_neighbors:331036
                    time_add_neighbors_to_o:0.217651
        Stage3:
            total_Stage3:15.6137
            num_until_goal_expanded:22802
            timing_S3Exp:
                total_S3Exp: 1.80978
                time_top_o: 0.0216219
                time_check_in_c: 0.00640907
                time_add_parent: 0.0148284
                num_neighbors: 2533179
                time_add_neighbors_to_o: 1.61422
    timing_PIOW_overlapping:
        total_PIOW: 0.407025
        num_windows: 184
        time_check_overlap: 1.2833e-05
        num_overlapping_windows: 2
        time_merge_windows: 5.138e-06
        time_remove_window: 7.05e-07
        time_remove_window: 5.008e-06
        timing_PlanIn:
            total_PlanIn:0.406987
            num_until_goal_expanded:3852
            timing_expansions:
                total_S3Exp: 0.406977
                time_top_o: 0.00368014
                time_check_in_c: 0.00128487
                time_add_parent: 0.00191107
                num_neighbors: 713329
                time_add_neighbors_to_o: 0.370237
    num_new_collisions: 6
    timing_PIOW_new_collisions:
        total_PIOW: 3.00021
        num_windows: 25
        time_check_overlap: 1.793e-06
        num_overlapping_windows: 2
        time_merge_windows: 0
        time_remove_window: 23.3708
        time_remove_window: 1.973e-06
        timing_PlanIn:
            total_PlanIn:3.00019
            num_until_goal_expanded:8555
            timing_expansions:
                total_S3Exp: 2.99948
                time_top_o: 0.00796443
                time_check_in_c: 0.00237692
                time_add_parent: 0.00590215
                num_neighbors: 3551781
                time_add_neighbors_to_o: 2.85251
    num_windows_should_quit: 0
    time_should_quit: 1.2502e-05
    time_remove_window: 0
Complete!
