Total time: 0.468216
is_optimal: true
optimality_bound: 1
successive_bounds: [1.00631, 1.00631, 1.00483, 1.00483, 1.00483, 1.00408, 1.00408, 1.00408, 1.00334, 1.00334, 1.0026, 1.00149, 1.00149, 1.00149, 1.00149, 1.00149, 1.00149, 1.00149, 1.00149, 1.00149, 1.00149, 1.00074, 1, 1]
successive_runtimes: [0.015451, 0.0210602, 0.0310036, 0.0410878, 0.0513266, 0.0660025, 0.0809134, 0.0987554, 0.122129, 0.150999, 0.180044, 0.200243, 0.221458, 0.246299, 0.268373, 0.292186, 0.315638, 0.338991, 0.362265, 0.385905, 0.411827, 0.439513, 0.468216]
num_agents: 40
time_individual_plan: 0.00849269
time_first_plan: 0.00560763
num_max_agents_in_window_first_iteration: 2
num_recWAMPF: 23
timing_recWAMPF:
    total_RecWAMPF: 0.458357
    num_windows: 495
    num_max_agents_in_window: 2
    timing_gari:
        total_GARI: 0.442046
        time_path_btw_starts: 0.00210891
        Stage1:
            total_Stage1:0.256032
            time_add_x_to_o: 0.0919079
            time_clear_x: 0.0285264
            timing_AStarSearchUntil:
                total_astar_search_until:0.135536
                num_values_f_less_fmax:21791
                ASU Exp:
                    total_ASUExp:0.135516
                    time_top_o:0.0194069
                    time_check_in_c:0.0126018
                    time_add_parent:0.00562882
                    num_neighbors:115373
                    time_add_neighbors_to_o:0.0815867
        Stage2:
            total_Stage2:0.0313159
            num_len_path:478
            time_expanding_s:0.00049011
            timing_AStarSearchUntil:
                total_astar_search_until:0.0304204
                num_values_f_less_fmax:1335
                ASU Exp:
                    total_ASUExp:0.0304045
                    time_top_o:0.000720345
                    time_check_in_c:0.000488518
                    time_add_parent:0.000976787
                    num_neighbors:35530
                    time_add_neighbors_to_o:0.0255529
        Stage3:
            total_Stage3:0.152352
            num_until_goal_expanded:7252
            timing_S3Exp:
                total_S3Exp: 0.0631941
                time_top_o: 0.00374056
                time_check_in_c: 0.00216118
                time_add_parent: 0.00417483
                num_neighbors: 46910
                time_add_neighbors_to_o: 0.0359365
    timing_PIOW_overlapping:
        total_PIOW: 0.000297936
        num_windows: 2662
        time_check_overlap: 0.000182923
        num_overlapping_windows: 0
        time_merge_windows: 0
        time_remove_window: 0
        time_remove_window: 0
        timing_PlanIn:
            total_PlanIn:0
            num_until_goal_expanded:0
            timing_expansions:
                total_S3Exp: 0
                time_top_o: 0
                time_check_in_c: 0
                time_add_parent: 0
                num_neighbors: 0
                time_add_neighbors_to_o: 0
    num_new_collisions: 11
    timing_PIOW_new_collisions:
        total_PIOW: 0.00325854
        num_windows: 110
        time_check_overlap: 6.675e-06
        num_overlapping_windows: 0
        time_merge_windows: 0
        time_remove_window: 0
        time_remove_window: 1.065e-05
        timing_PlanIn:
            total_PlanIn:0.00321142
            num_until_goal_expanded:264
            timing_expansions:
                total_S3Exp: 0.00317205
                time_top_o: 6.0977e-05
                time_check_in_c: 9.6764e-05
                time_add_parent: 0.000118855
                num_neighbors: 2543
                time_add_neighbors_to_o: 0.0021864
    num_windows_should_quit: 0
    time_should_quit: 5.5414e-05
    time_remove_window: 0
Complete!
