Total time: 38.7767
is_optimal: false
optimality_bound: 1.0042
successive_bounds: [1.00735, 1.0056, 1.0056, 1.0049, 1.0049, 1.0049, 1.0049, 1.0042, 1.0042]
successive_runtimes: [0.0117896, 0.0243512, 0.216181, 0.808404, 2.15346, 3.67167, 4.88233, 13.2246, 38.7767]
num_agents: 40
time_individual_plan: 0.00663972
time_first_plan: 0.00460099
num_max_agents_in_window_first_iteration: 3
num_recWAMPF: 9
timing_recWAMPF:
    total_RecWAMPF: 38.7695
    num_windows: 86
    num_max_agents_in_window: 6
    timing_gari:
        total_GARI: 31.289
        time_path_btw_starts: 0.00181644
        Stage1:
            total_Stage1:29.251
            time_add_x_to_o: 3.99672
            time_clear_x: 1.09253
            timing_AStarSearchUntil:
                total_astar_search_until:24.1618
                num_values_f_less_fmax:5741
                ASU Exp:
                    total_ASUExp:24.1618
                    time_top_o:0.0170289
                    time_check_in_c:0.626959
                    time_add_parent:0.00458696
                    num_neighbors:37144863
                    time_add_neighbors_to_o:23.4815
        Stage2:
            total_Stage2:0.0280893
            num_len_path:66
            time_expanding_s:0.000105379
            timing_AStarSearchUntil:
                total_astar_search_until:0.0279459
                num_values_f_less_fmax:176
                ASU Exp:
                    total_ASUExp:0.0279443
                    time_top_o:5.9972e-05
                    time_check_in_c:3.3985e-05
                    time_add_parent:5.872e-05
                    num_neighbors:52384
                    time_add_neighbors_to_o:0.0275396
        Stage3:
            total_Stage3:2.0079
            num_until_goal_expanded:333
            timing_S3Exp:
                total_S3Exp: 0.0543365
                time_top_o: 0.000150756
                time_check_in_c: 5.89e-05
                time_add_parent: 0.000130141
                num_neighbors: 78872
                time_add_neighbors_to_o: 0.052996
    timing_PIOW_overlapping:
        total_PIOW: 7.47235
        num_windows: 350
        time_check_overlap: 1.1771e-05
        num_overlapping_windows: 12
        time_merge_windows: 1.4996e-05
        time_remove_window: 2.695e-06
        time_remove_window: 1.4389e-05
        timing_PlanIn:
            total_PlanIn:7.47229
            num_until_goal_expanded:903
            timing_expansions:
                total_S3Exp: 7.47226
                time_top_o: 0.00144489
                time_check_in_c: 0.000248269
                time_add_parent: 0.000470725
                num_neighbors: 11531427
                time_add_neighbors_to_o: 7.18079
    num_new_collisions: 16
    timing_PIOW_new_collisions:
        total_PIOW: 0.00265275
        num_windows: 198
        time_check_overlap: 5.36e-06
        num_overlapping_windows: 1
        time_merge_windows: 0
        time_remove_window: 0.00770012
        time_remove_window: 8.851e-06
        timing_PlanIn:
            total_PlanIn:0.0026205
            num_until_goal_expanded:191
            timing_expansions:
                total_S3Exp: 0.00259385
                time_top_o: 2.857e-05
                time_check_in_c: 3.7275e-05
                time_add_parent: 5.4859e-05
                num_neighbors: 4405
                time_add_neighbors_to_o: 0.00209137
    num_windows_should_quit: 0
    time_should_quit: 5.279e-06
    time_remove_window: 0
Complete!
