Total time: 2.70343
is_optimal: false
optimality_bound: 1.00215
successive_bounds: [1.02396, 1.00461, 1.00399, 1.00338, 1.00338, 1.00338, 1.00338, 1.00338, 1.00276, 1.00276, 1.00276, 1.00276, 1.00215, 1.00215, 1.00215, 1.00215, 1.00215, 1.00215, 1.00215, 1.00215, 1.00215, 1.00215, 1.00215, 1.00215, 1.00215, 1.00215, 1.00215]
successive_runtimes: [0.0221398, 0.0578896, 0.0820819, 0.0887578, 0.090532, 0.0919503, 0.0931726, 0.0944507, 0.0967098, 0.0980084, 0.0991542, 0.100324, 0.179015, 0.290338, 0.350006, 0.403103, 0.450394, 0.494049, 0.553915, 0.619984, 0.937359, 1.35561, 1.7784, 2.12368, 2.37851, 2.56795, 2.70343]
num_agents: 50
time_individual_plan: 0.0109346
time_first_plan: 0.0106358
num_max_agents_in_window_first_iteration: 2
num_recWAMPF: 27
timing_recWAMPF:
    total_RecWAMPF: 2.69192
    num_windows: 162
    num_max_agents_in_window: 5
    timing_gari:
        total_GARI: 2.58095
        time_path_btw_starts: 0.00409377
        Stage1:
            total_Stage1:0.165772
            time_add_x_to_o: 0.110685
            time_clear_x: 0.0246017
            timing_AStarSearchUntil:
                total_astar_search_until:0.0304736
                num_values_f_less_fmax:6133
                ASU Exp:
                    total_ASUExp:0.0304691
                    time_top_o:0.00198979
                    time_check_in_c:0.00125057
                    time_add_parent:0.000676166
                    num_neighbors:56655
                    time_add_neighbors_to_o:0.0233019
        Stage2:
            total_Stage2:0.0244914
            num_len_path:110
            time_expanding_s:0.00178947
            timing_AStarSearchUntil:
                total_astar_search_until:0.0226288
                num_values_f_less_fmax:183
                ASU Exp:
                    total_ASUExp:0.0226254
                    time_top_o:7.3561e-05
                    time_check_in_c:4.1726e-05
                    time_add_parent:7.2692e-05
                    num_neighbors:39531
                    time_add_neighbors_to_o:0.0195847
        Stage3:
            total_Stage3:2.38655
            num_until_goal_expanded:6478
            timing_S3Exp:
                total_S3Exp: 1.49966
                time_top_o: 0.00441432
                time_check_in_c: 0.00104056
                time_add_parent: 0.00265296
                num_neighbors: 1824884
                time_add_neighbors_to_o: 1.37622
    timing_PIOW_overlapping:
        total_PIOW: 0.00578
        num_windows: 546
        time_check_overlap: 1.7218e-05
        num_overlapping_windows: 11
        time_merge_windows: 8.868e-06
        time_remove_window: 1.615e-06
        time_remove_window: 8.438e-06
        timing_PlanIn:
            total_PlanIn:0.00573038
            num_until_goal_expanded:509
            timing_expansions:
                total_S3Exp: 0.0057128
                time_top_o: 8.8069e-05
                time_check_in_c: 8.4802e-05
                time_add_parent: 0.00012659
                num_neighbors: 9838
                time_add_neighbors_to_o: 0.00459411
    num_new_collisions: 15
    timing_PIOW_new_collisions:
        total_PIOW: 0.0842941
        num_windows: 164
        time_check_overlap: 6.282e-06
        num_overlapping_windows: 2
        time_merge_windows: 0
        time_remove_window: 0.212805
        time_remove_window: 5.05e-06
        timing_PlanIn:
            total_PlanIn:0.0842592
            num_until_goal_expanded:1080
            timing_expansions:
                total_S3Exp: 0.0842344
                time_top_o: 0.000238786
                time_check_in_c: 0.000211184
                time_add_parent: 0.000341032
                num_neighbors: 127162
                time_add_neighbors_to_o: 0.0786958
    num_windows_should_quit: 0
    time_should_quit: 9.658e-06
    time_remove_window: 0
Complete!
