Total time: 0.0165862
is_optimal: true
optimality_bound: 1
successive_bounds: [1.00236, 1.00236, 1.00236, 1.00236, 1.00236, 1.00236, 1.00236, 1.00236, 1.00236, 1.00236, 1.00236, 1.00236, 1.00236, 1.00236, 1, 1]
successive_runtimes: [0.00698772, 0.00718165, 0.00734902, 0.00751904, 0.00769485, 0.00789165, 0.0081021, 0.00835275, 0.0086615, 0.00897728, 0.0092882, 0.00961235, 0.00996092, 0.0148979, 0.0165862]
num_agents: 10
time_individual_plan: 0.00625969
time_first_plan: 0.000193256
num_max_agents_in_window_first_iteration: 2
num_recWAMPF: 15
timing_recWAMPF:
    total_RecWAMPF: 0.00978919
    num_windows: 58
    num_max_agents_in_window: 2
    timing_gari:
        total_GARI: 0.00918383
        time_path_btw_starts: 0.000110974
        Stage1:
            total_Stage1:0.00129643
            time_add_x_to_o: 0.000506091
            time_clear_x: 5.7505e-05
            timing_AStarSearchUntil:
                total_astar_search_until:0.000729931
                num_values_f_less_fmax:74
                ASU Exp:
                    total_ASUExp:0.000728631
                    time_top_o:1.889e-05
                    time_check_in_c:1.4011e-05
                    time_add_parent:1.9172e-05
                    num_neighbors:1673
                    time_add_neighbors_to_o:0.000594116
        Stage2:
            total_Stage2:0.00111537
            num_len_path:58
            time_expanding_s:2.0705e-05
            timing_AStarSearchUntil:
                total_astar_search_until:0.00108104
                num_values_f_less_fmax:107
                ASU Exp:
                    total_ASUExp:0.00107982
                    time_top_o:2.2903e-05
                    time_check_in_c:1.8601e-05
                    time_add_parent:2.932e-05
                    num_neighbors:2476
                    time_add_neighbors_to_o:0.00089749
        Stage3:
            total_Stage3:0.00665355
            num_until_goal_expanded:546
            timing_S3Exp:
                total_S3Exp: 0.00575826
                time_top_o: 0.000152938
                time_check_in_c: 9.1377e-05
                time_add_parent: 0.000128707
                num_neighbors: 10877
                time_add_neighbors_to_o: 0.00478881
    timing_PIOW_overlapping:
        total_PIOW: 3.278e-06
        num_windows: 56
        time_check_overlap: 1.425e-06
        num_overlapping_windows: 0
        time_merge_windows: 0
        time_remove_window: 0
        time_remove_window: 0
        timing_PlanIn:
            total_PlanIn:0
            num_until_goal_expanded:0
            timing_expansions:
                total_S3Exp: 0
                time_top_o: 0
                time_check_in_c: 0
                time_add_parent: 0
                num_neighbors: 0
                time_add_neighbors_to_o: 0
    num_new_collisions: 2
    timing_PIOW_new_collisions:
        total_PIOW: 0.000148373
        num_windows: 2
        time_check_overlap: 1.02e-07
        num_overlapping_windows: 0
        time_merge_windows: 0
        time_remove_window: 0
        time_remove_window: 5.15e-07
        timing_PlanIn:
            total_PlanIn:0.000145444
            num_until_goal_expanded:14
            timing_expansions:
                total_S3Exp: 0.000140746
                time_top_o: 2.475e-06
                time_check_in_c: 3.162e-06
                time_add_parent: 4.484e-06
                num_neighbors: 242
                time_add_neighbors_to_o: 0.000106609
    num_windows_should_quit: 0
    time_should_quit: 1.444e-06
    time_remove_window: 0
Complete!
