Total time: 0.0116098
is_optimal: true
optimality_bound: 1
successive_bounds: [1.00296, 1.00296, 1.00296, 1.00296, 1.00296, 1.00296, 1.00296, 1.00296, 1.00296, 1.00296, 1.00296, 1, 1]
successive_runtimes: [0.00367954, 0.00396078, 0.00448749, 0.00527989, 0.00608219, 0.00684789, 0.00779911, 0.00886646, 0.0101018, 0.0105416, 0.0108375, 0.0116098]
num_agents: 10
time_individual_plan: 0.00266319
time_first_plan: 0.000204128
num_max_agents_in_window_first_iteration: 2
num_recWAMPF: 12
timing_recWAMPF:
    total_RecWAMPF: 0.00813126
    num_windows: 23
    num_max_agents_in_window: 2
    timing_gari:
        total_GARI: 0.00760468
        time_path_btw_starts: 0.000100027
        Stage1:
            total_Stage1:0.00257473
            time_add_x_to_o: 0.00104905
            time_clear_x: 0.000105029
            timing_AStarSearchUntil:
                total_astar_search_until:0.00141889
                num_values_f_less_fmax:96
                ASU Exp:
                    total_ASUExp:0.00141801
                    time_top_o:3.5737e-05
                    time_check_in_c:3.7972e-05
                    time_add_parent:6.6493e-05
                    num_neighbors:1770
                    time_add_neighbors_to_o:0.00112925
        Stage2:
            total_Stage2:0.0028205
            num_len_path:21
            time_expanding_s:1.5761e-05
            timing_AStarSearchUntil:
                total_astar_search_until:0.00279415
                num_values_f_less_fmax:150
                ASU Exp:
                    total_ASUExp:0.00279344
                    time_top_o:5.07e-05
                    time_check_in_c:5.3594e-05
                    time_add_parent:0.000109935
                    num_neighbors:3360
                    time_add_neighbors_to_o:0.00229368
        Stage3:
            total_Stage3:0.00210129
            num_until_goal_expanded:55
            timing_S3Exp:
                total_S3Exp: 0.00100948
                time_top_o: 1.6189e-05
                time_check_in_c: 1.5242e-05
                time_add_parent: 3.3314e-05
                num_neighbors: 674
                time_add_neighbors_to_o: 0.000740885
    timing_PIOW_overlapping:
        total_PIOW: 5.28e-07
        num_windows: 11
        time_check_overlap: 0
        num_overlapping_windows: 0
        time_merge_windows: 0
        time_remove_window: 0
        time_remove_window: 0
        timing_PlanIn:
            total_PlanIn:0
            num_until_goal_expanded:0
            timing_expansions:
                total_S3Exp: 0
                time_top_o: 0
                time_check_in_c: 0
                time_add_parent: 0
                num_neighbors: 0
                time_add_neighbors_to_o: 0
    num_new_collisions: 1
    timing_PIOW_new_collisions:
        total_PIOW: 0.00016754
        num_windows: 0
        time_check_overlap: 0
        num_overlapping_windows: 0
        time_merge_windows: 0
        time_remove_window: 0
        time_remove_window: 4.95e-07
        timing_PlanIn:
            total_PlanIn:0.000164809
            num_until_goal_expanded:11
            timing_expansions:
                total_S3Exp: 0.000159962
                time_top_o: 3.158e-06
                time_check_in_c: 4.228e-06
                time_add_parent: 8.484e-06
                num_neighbors: 145
                time_add_neighbors_to_o: 0.000113653
    num_windows_should_quit: 0
    time_should_quit: 1.147e-06
    time_remove_window: 0
Complete!
