Total time: 0.216236
is_optimal: false
optimality_bound: 1.00232
successive_bounds: [1.00386, 1.00386, 1.00386, 1.00386, 1.00386, 1.00386, 1.00309, 1.00309, 1.00232]
successive_runtimes: [0.0273745, 0.0335423, 0.0403653, 0.0471319, 0.0540355, 0.0609023, 0.0681116, 0.0739139, 0.216236]
num_agents: 40
time_individual_plan: 0.0191075
time_first_plan: 0.0066374
num_max_agents_in_window_first_iteration: 2
num_recWAMPF: 9
timing_recWAMPF:
    total_RecWAMPF: 0.195492
    num_windows: 100
    num_max_agents_in_window: 3
    timing_gari:
        total_GARI: 0.0429243
        time_path_btw_starts: 0.000711416
        Stage1:
            total_Stage1:0.0159588
            time_add_x_to_o: 0.00772424
            time_clear_x: 0.00109618
            timing_AStarSearchUntil:
                total_astar_search_until:0.00712478
                num_values_f_less_fmax:939
                ASU Exp:
                    total_ASUExp:0.00711873
                    time_top_o:0.00056531
                    time_check_in_c:0.000435133
                    time_add_parent:0.000284802
                    num_neighbors:3659
                    time_add_neighbors_to_o:0.0046169
        Stage2:
            total_Stage2:0.00993988
            num_len_path:98
            time_expanding_s:0.000178632
            timing_AStarSearchUntil:
                total_astar_search_until:0.00969193
                num_values_f_less_fmax:257
                ASU Exp:
                    total_ASUExp:0.0096864
                    time_top_o:0.000143444
                    time_check_in_c:0.000165861
                    time_add_parent:0.000321046
                    num_neighbors:6194
                    time_add_neighbors_to_o:0.00809811
        Stage3:
            total_Stage3:0.0162583
            num_until_goal_expanded:898
            timing_S3Exp:
                total_S3Exp: 0.0123869
                time_top_o: 0.000499503
                time_check_in_c: 0.000372544
                time_add_parent: 0.00062843
                num_neighbors: 6252
                time_add_neighbors_to_o: 0.00784351
    timing_PIOW_overlapping:
        total_PIOW: 0.13862
        num_windows: 285
        time_check_overlap: 2.5063e-05
        num_overlapping_windows: 1
        time_merge_windows: 5.989e-06
        time_remove_window: 6.03e-07
        time_remove_window: 5.876e-06
        timing_PlanIn:
            total_PlanIn:0.138566
            num_until_goal_expanded:2166
            timing_expansions:
                total_S3Exp: 0.13856
                time_top_o: 0.00175291
                time_check_in_c: 0.000984897
                time_add_parent: 0.00218356
                num_neighbors: 114736
                time_add_neighbors_to_o: 0.119525
    num_new_collisions: 6
    timing_PIOW_new_collisions:
        total_PIOW: 0.00321192
        num_windows: 30
        time_check_overlap: 2.627e-06
        num_overlapping_windows: 0
        time_merge_windows: 0
        time_remove_window: 0
        time_remove_window: 6.649e-06
        timing_PlanIn:
            total_PlanIn:0.00318244
            num_until_goal_expanded:110
            timing_expansions:
                total_S3Exp: 0.00314863
                time_top_o: 4.6032e-05
                time_check_in_c: 7.8952e-05
                time_add_parent: 0.000152399
                num_neighbors: 1205
                time_add_neighbors_to_o: 0.00214482
    num_windows_should_quit: 0
    time_should_quit: 8.681e-06
    time_remove_window: 0
Complete!
