Total time: 0.306085
is_optimal: true
optimality_bound: 1
successive_bounds: [1.00639, 1.00639, 1.00639, 1.00639, 1.00639, 1.00639, 1.00639, 1.00639, 1.00639, 1.00639, 1.00639, 1.00639, 1.00639, 1.00639, 1.00639, 1.00319, 1.00319, 1.00319, 1.00319, 1, 1]
successive_runtimes: [0.00344005, 0.0103634, 0.0177375, 0.0250437, 0.0326511, 0.0405416, 0.048257, 0.0560052, 0.0641175, 0.0718616, 0.079899, 0.0880279, 0.0966023, 0.105497, 0.115116, 0.146039, 0.167347, 0.189487, 0.211369, 0.306084]
num_agents: 10
time_individual_plan: 0.00114032
time_first_plan: 0.00177896
num_max_agents_in_window_first_iteration: 3
num_recWAMPF: 20
timing_recWAMPF:
    total_RecWAMPF: 0.304419
    num_windows: 39
    num_max_agents_in_window: 3
    timing_gari:
        total_GARI: 0.302188
        time_path_btw_starts: 0.000114243
        Stage1:
            total_Stage1:0.151919
            time_add_x_to_o: 0.0295791
            time_clear_x: 0.00400289
            timing_AStarSearchUntil:
                total_astar_search_until:0.118334
                num_values_f_less_fmax:5607
                ASU Exp:
                    total_ASUExp:0.118333
                    time_top_o:0.00274125
                    time_check_in_c:0.00139437
                    time_add_parent:0.00213161
                    num_neighbors:237780
                    time_add_neighbors_to_o:0.105777
        Stage2:
            total_Stage2:0.00819743
            num_len_path:38
            time_expanding_s:1.8792e-05
            timing_AStarSearchUntil:
                total_astar_search_until:0.0081624
                num_values_f_less_fmax:117
                ASU Exp:
                    total_ASUExp:0.00816151
                    time_top_o:4.3059e-05
                    time_check_in_c:1.9023e-05
                    time_add_parent:2.8902e-05
                    num_neighbors:20820
                    time_add_neighbors_to_o:0.00791415
        Stage3:
            total_Stage3:0.141947
            num_until_goal_expanded:4037
            timing_S3Exp:
                total_S3Exp: 0.0753603
                time_top_o: 0.00163098
                time_check_in_c: 0.000590861
                time_add_parent: 0.00143071
                num_neighbors: 175411
                time_add_neighbors_to_o: 0.0669702
    timing_PIOW_overlapping:
        total_PIOW: 8.48e-07
        num_windows: 19
        time_check_overlap: 0
        num_overlapping_windows: 0
        time_merge_windows: 0
        time_remove_window: 0
        time_remove_window: 0
        timing_PlanIn:
            total_PlanIn:0
            num_until_goal_expanded:0
            timing_expansions:
                total_S3Exp: 0
                time_top_o: 0
                time_check_in_c: 0
                time_add_parent: 0
                num_neighbors: 0
                time_add_neighbors_to_o: 0
    num_new_collisions: 2
    timing_PIOW_new_collisions:
        total_PIOW: 0.00173685
        num_windows: 1
        time_check_overlap: 1.38e-07
        num_overlapping_windows: 1
        time_merge_windows: 0
        time_remove_window: 0.0017861
        time_remove_window: 3.94e-07
        timing_PlanIn:
            total_PlanIn:0.00173325
            num_until_goal_expanded:51
            timing_expansions:
                total_S3Exp: 0.00172639
                time_top_o: 8.912e-06
                time_check_in_c: 9.508e-06
                time_add_parent: 1.4724e-05
                num_neighbors: 3498
                time_add_neighbors_to_o: 0.00152707
    num_windows_should_quit: 0
    time_should_quit: 1.834e-06
    time_remove_window: 0
Complete!
