Total time: 25.7166
is_optimal: false
optimality_bound: 1.00306
successive_bounds: [1.00581, 1.0052, 1.00459, 1.00459, 1.00459, 1.00459, 1.00367, 1.00367, 1.00367, 1.00367, 1.00306]
successive_runtimes: [0.014233, 0.024842, 0.0347565, 0.0465135, 0.0669925, 0.0989431, 0.138816, 0.193739, 0.288126, 3.82961, 25.7166]
num_agents: 50
time_individual_plan: 0.00626802
time_first_plan: 0.00731843
num_max_agents_in_window_first_iteration: 3
num_recWAMPF: 11
timing_recWAMPF:
    total_RecWAMPF: 25.7096
    num_windows: 231
    num_max_agents_in_window: 5
    timing_gari:
        total_GARI: 22.1418
        time_path_btw_starts: 0.00186343
        Stage1:
            total_Stage1:15.7846
            time_add_x_to_o: 1.20574
            time_clear_x: 0.22244
            timing_AStarSearchUntil:
                total_astar_search_until:14.3564
                num_values_f_less_fmax:27160
                ASU Exp:
                    total_ASUExp:14.3563
                    time_top_o:0.050089
                    time_check_in_c:0.100569
                    time_add_parent:0.0128201
                    num_neighbors:21514561
                    time_add_neighbors_to_o:14.1394
        Stage2:
            total_Stage2:0.111427
            num_len_path:232
            time_expanding_s:0.000136991
            timing_AStarSearchUntil:
                total_astar_search_until:0.111185
                num_values_f_less_fmax:752
                ASU Exp:
                    total_ASUExp:0.11118
                    time_top_o:0.000302445
                    time_check_in_c:0.000173105
                    time_add_parent:0.000278567
                    num_neighbors:193515
                    time_add_neighbors_to_o:0.10934
        Stage3:
            total_Stage3:6.2387
            num_until_goal_expanded:17546
            timing_S3Exp:
                total_S3Exp: 5.87675
                time_top_o: 0.0209472
                time_check_in_c: 0.00548752
                time_add_parent: 0.0113091
                num_neighbors: 8163630
                time_add_neighbors_to_o: 5.80203
    timing_PIOW_overlapping:
        total_PIOW: 0.188913
        num_windows: 1244
        time_check_overlap: 5.5563e-05
        num_overlapping_windows: 2
        time_merge_windows: 4.121e-06
        time_remove_window: 8.41e-07
        time_remove_window: 3.991e-06
        timing_PlanIn:
            total_PlanIn:0.188809
            num_until_goal_expanded:546
            timing_expansions:
                total_S3Exp: 0.188803
                time_top_o: 0.000279954
                time_check_in_c: 0.00014055
                time_add_parent: 0.000263281
                num_neighbors: 269468
                time_add_neighbors_to_o: 0.178975
    num_new_collisions: 15
    timing_PIOW_new_collisions:
        total_PIOW: 3.37036
        num_windows: 221
        time_check_overlap: 9.132e-06
        num_overlapping_windows: 4
        time_merge_windows: 0
        time_remove_window: 0.950522
        time_remove_window: 9.498e-06
        timing_PlanIn:
            total_PlanIn:3.37031
            num_until_goal_expanded:5131
            timing_expansions:
                total_S3Exp: 3.37028
                time_top_o: 0.00761806
                time_check_in_c: 0.00173674
                time_add_parent: 0.00282092
                num_neighbors: 4877199
                time_add_neighbors_to_o: 3.19555
    num_windows_should_quit: 0
    time_should_quit: 1.8148e-05
    time_remove_window: 0
Complete!
