Total time: 1.14506
is_optimal: false
optimality_bound: 1.01298
successive_bounds: [1.01391, 1.01344, 1.01344, 1.01344, 1.01298, 1.01298]
successive_runtimes: [0.191848, 0.461159, 0.598508, 0.782347, 0.983815, 1.14506]
num_agents: 60
time_individual_plan: 0.00703891
time_first_plan: 0.18429
num_max_agents_in_window_first_iteration: 2
num_recWAMPF: 6
timing_recWAMPF:
    total_RecWAMPF: 1.1375
    num_windows: 59
    num_max_agents_in_window: 4
    timing_gari:
        total_GARI: 0.793608
        time_path_btw_starts: 0.00368403
        Stage1:
            total_Stage1:0.56181
            time_add_x_to_o: 0.179112
            time_clear_x: 0.0511193
            timing_AStarSearchUntil:
                total_astar_search_until:0.331573
                num_values_f_less_fmax:1691
                ASU Exp:
                    total_ASUExp:0.331571
                    time_top_o:0.00234973
                    time_check_in_c:0.0170518
                    time_add_parent:0.000844931
                    num_neighbors:644710
                    time_add_neighbors_to_o:0.301925
        Stage2:
            total_Stage2:0.0107243
            num_len_path:42
            time_expanding_s:3.2774e-05
            timing_AStarSearchUntil:
                total_astar_search_until:0.0106681
                num_values_f_less_fmax:69
                ASU Exp:
                    total_ASUExp:0.0106671
                    time_top_o:2.7701e-05
                    time_check_in_c:1.534e-05
                    time_add_parent:2.6576e-05
                    num_neighbors:15434
                    time_add_neighbors_to_o:0.0104952
        Stage3:
            total_Stage3:0.217378
            num_until_goal_expanded:625
            timing_S3Exp:
                total_S3Exp: 0.0993719
                time_top_o: 0.000420147
                time_check_in_c: 0.000140751
                time_add_parent: 0.000274891
                num_neighbors: 156306
                time_add_neighbors_to_o: 0.0925878
    timing_PIOW_overlapping:
        total_PIOW: 0.153952
        num_windows: 286
        time_check_overlap: 8.73e-06
        num_overlapping_windows: 14
        time_merge_windows: 1.6052e-05
        time_remove_window: 3.31e-06
        time_remove_window: 1.5458e-05
        timing_PlanIn:
            total_PlanIn:0.153896
            num_until_goal_expanded:4675
            timing_expansions:
                total_S3Exp: 0.153868
                time_top_o: 0.00114316
                time_check_in_c: 0.000963581
                time_add_parent: 0.00121169
                num_neighbors: 317025
                time_add_neighbors_to_o: 0.138121
    num_new_collisions: 18
    timing_PIOW_new_collisions:
        total_PIOW: 0.178979
        num_windows: 278
        time_check_overlap: 7.43e-06
        num_overlapping_windows: 0
        time_merge_windows: 0
        time_remove_window: 0
        time_remove_window: 1.1977e-05
        timing_PlanIn:
            total_PlanIn:0.178935
            num_until_goal_expanded:13594
            timing_expansions:
                total_S3Exp: 0.173291
                time_top_o: 0.00307285
                time_check_in_c: 0.00239381
                time_add_parent: 0.00305789
                num_neighbors: 367534
                time_add_neighbors_to_o: 0.143771
    num_windows_should_quit: 0
    time_should_quit: 5.671e-06
    time_remove_window: 0
Complete!
