Total time: 1.58066
is_optimal: false
optimality_bound: 1.0022
successive_bounds: [1.00721, 1.00565, 1.00565, 1.00439, 1.00439, 1.00408, 1.00408, 1.00345, 1.00345, 1.00345, 1.00345, 1.00314, 1.00314, 1.00314, 1.00251, 1.00251, 1.0022, 1.0022, 1.0022]
successive_runtimes: [0.0187646, 0.0309954, 0.040029, 0.0572075, 0.0851833, 0.108776, 0.13721, 0.1794, 0.202627, 0.216796, 0.237835, 0.271894, 0.305087, 0.341947, 0.37374, 0.402693, 0.431607, 0.974587, 1.58066]
num_agents: 50
time_individual_plan: 0.0133384
time_first_plan: 0.00489969
num_max_agents_in_window_first_iteration: 2
num_recWAMPF: 19
timing_recWAMPF:
    total_RecWAMPF: 1.56679
    num_windows: 298
    num_max_agents_in_window: 3
    timing_gari:
        total_GARI: 0.996517
        time_path_btw_starts: 0.00502238
        Stage1:
            total_Stage1:0.725416
            time_add_x_to_o: 0.164722
            time_clear_x: 0.0338335
            timing_AStarSearchUntil:
                total_astar_search_until:0.526842
                num_values_f_less_fmax:17626
                ASU Exp:
                    total_ASUExp:0.526834
                    time_top_o:0.0183394
                    time_check_in_c:0.0066854
                    time_add_parent:0.00503672
                    num_neighbors:977217
                    time_add_neighbors_to_o:0.477349
        Stage2:
            total_Stage2:0.0206469
            num_len_path:244
            time_expanding_s:0.000137505
            timing_AStarSearchUntil:
                total_astar_search_until:0.0203823
                num_values_f_less_fmax:792
                ASU Exp:
                    total_ASUExp:0.0203761
                    time_top_o:0.000256215
                    time_check_in_c:0.000144731
                    time_add_parent:0.000253923
                    num_neighbors:46332
                    time_add_neighbors_to_o:0.0186984
        Stage3:
            total_Stage3:0.238299
            num_until_goal_expanded:1601
            timing_S3Exp:
                total_S3Exp: 0.0191352
                time_top_o: 0.00044346
                time_check_in_c: 0.000288168
                time_add_parent: 0.000528219
                num_neighbors: 30276
                time_add_neighbors_to_o: 0.0153156
    timing_PIOW_overlapping:
        total_PIOW: 0.552239
        num_windows: 1386
        time_check_overlap: 5.223e-05
        num_overlapping_windows: 10
        time_merge_windows: 1.0818e-05
        time_remove_window: 2.259e-06
        time_remove_window: 1.0367e-05
        timing_PlanIn:
            total_PlanIn:0.55213
            num_until_goal_expanded:9742
            timing_expansions:
                total_S3Exp: 0.552109
                time_top_o: 0.00872526
                time_check_in_c: 0.00222173
                time_add_parent: 0.00420933
                num_neighbors: 1012031
                time_add_neighbors_to_o: 0.49823
    num_new_collisions: 16
    timing_PIOW_new_collisions:
        total_PIOW: 0.00156279
        num_windows: 222
        time_check_overlap: 5.664e-06
        num_overlapping_windows: 0
        time_merge_windows: 0
        time_remove_window: 0
        time_remove_window: 4.093e-06
        timing_PlanIn:
            total_PlanIn:0.00153625
            num_until_goal_expanded:202
            timing_expansions:
                total_S3Exp: 0.00151172
                time_top_o: 2.4285e-05
                time_check_in_c: 3.2935e-05
                time_add_parent: 7.0925e-05
                num_neighbors: 2372
                time_add_neighbors_to_o: 0.00109206
    num_windows_should_quit: 0
    time_should_quit: 1.951e-05
    time_remove_window: 0
Complete!
