Total time: 47.3011
is_optimal: false
optimality_bound: 1.00032
successive_bounds: [1.00516, 1.00451, 1.00355, 1.00355, 1.00322, 1.00258, 1.00258, 1.00193, 1.00161, 1.00161, 1.00097, 1.00097, 1.00097, 1.00097, 1.00097, 1.00097, 1.00097, 1.00097, 1.00032, 1.00032, 1.00032]
successive_runtimes: [0.021225, 0.0270675, 0.0321265, 0.0383282, 0.0473102, 0.0645602, 0.108202, 0.428931, 0.595792, 0.645682, 0.820452, 1.12371, 1.42057, 1.80334, 2.23973, 4.89721, 9.59688, 13.7695, 20.7601, 33.6174, 47.3011]
num_agents: 50
time_individual_plan: 0.0135557
time_first_plan: 0.00673453
num_max_agents_in_window_first_iteration: 2
num_recWAMPF: 21
timing_recWAMPF:
    total_RecWAMPF: 47.2866
    num_windows: 468
    num_max_agents_in_window: 4
    timing_gari:
        total_GARI: 47.1321
        time_path_btw_starts: 0.00323101
        Stage1:
            total_Stage1:33.6035
            time_add_x_to_o: 3.85472
            time_clear_x: 1.13596
            timing_AStarSearchUntil:
                total_astar_search_until:28.6128
                num_values_f_less_fmax:60728
                ASU Exp:
                    total_ASUExp:28.6128
                    time_top_o:0.17788
                    time_check_in_c:0.0586911
                    time_add_parent:0.0910214
                    num_neighbors:23893361
                    time_add_neighbors_to_o:28.0278
        Stage2:
            total_Stage2:3.30353
            num_len_path:455
            time_expanding_s:0.00149874
            timing_AStarSearchUntil:
                total_astar_search_until:3.30163
                num_values_f_less_fmax:4705
                ASU Exp:
                    total_ASUExp:3.30162
                    time_top_o:0.0134687
                    time_check_in_c:0.0036486
                    time_add_parent:0.00609249
                    num_neighbors:2077335
                    time_add_neighbors_to_o:3.24744
        Stage3:
            total_Stage3:10.2216
            num_until_goal_expanded:5576
            timing_S3Exp:
                total_S3Exp: 2.42382
                time_top_o: 0.0130153
                time_check_in_c: 0.00414363
                time_add_parent: 0.00745373
                num_neighbors: 1812344
                time_add_neighbors_to_o: 2.34395
    timing_PIOW_overlapping:
        total_PIOW: 0.00951329
        num_windows: 2642
        time_check_overlap: 0.000207353
        num_overlapping_windows: 2
        time_merge_windows: 6.156e-06
        time_remove_window: 1.063e-06
        time_remove_window: 5.959e-06
        timing_PlanIn:
            total_PlanIn:0.00916637
            num_until_goal_expanded:156
            timing_expansions:
                total_S3Exp: 0.00915725
                time_top_o: 6.849e-05
                time_check_in_c: 4.7096e-05
                time_add_parent: 8.453e-05
                num_neighbors: 9315
                time_add_neighbors_to_o: 0.00811734
    num_new_collisions: 14
    timing_PIOW_new_collisions:
        total_PIOW: 0.127413
        num_windows: 184
        time_check_overlap: 1.3418e-05
        num_overlapping_windows: 1
        time_merge_windows: 0
        time_remove_window: 0.696901
        time_remove_window: 2.6116e-05
        timing_PlanIn:
            total_PlanIn:0.127326
            num_until_goal_expanded:369
            timing_expansions:
                total_S3Exp: 0.12726
                time_top_o: 0.000390072
                time_check_in_c: 0.000214059
                time_add_parent: 0.000366956
                num_neighbors: 110978
                time_add_neighbors_to_o: 0.119372
    num_windows_should_quit: 0
    time_should_quit: 6.9536e-05
    time_remove_window: 0
Complete!
