Total time: 0.467397
is_optimal: false
optimality_bound: 1.00153
successive_bounds: [1.00384, 1.00384, 1.00384, 1.00384, 1.0023, 1.00153]
successive_runtimes: [0.0128107, 0.0160827, 0.0295131, 0.0876733, 0.25015, 0.467397]
num_agents: 40
time_individual_plan: 0.00890633
time_first_plan: 0.00337661
num_max_agents_in_window_first_iteration: 2
num_recWAMPF: 6
timing_recWAMPF:
    total_RecWAMPF: 0.457961
    num_windows: 89
    num_max_agents_in_window: 4
    timing_gari:
        total_GARI: 0.431249
        time_path_btw_starts: 0.000187011
        Stage1:
            total_Stage1:0.372896
            time_add_x_to_o: 0.0839679
            time_clear_x: 0.0207594
            timing_AStarSearchUntil:
                total_astar_search_until:0.268163
                num_values_f_less_fmax:3939
                ASU Exp:
                    total_ASUExp:0.268161
                    time_top_o:0.00274809
                    time_check_in_c:0.0014404
                    time_add_parent:0.0183909
                    num_neighbors:547253
                    time_add_neighbors_to_o:0.238866
        Stage2:
            total_Stage2:0.0257725
            num_len_path:78
            time_expanding_s:4.5264e-05
            timing_AStarSearchUntil:
                total_astar_search_until:0.0256975
                num_values_f_less_fmax:231
                ASU Exp:
                    total_ASUExp:0.0256958
                    time_top_o:7.6627e-05
                    time_check_in_c:4.5049e-05
                    time_add_parent:6.8625e-05
                    num_neighbors:58868
                    time_add_neighbors_to_o:0.0251919
        Stage3:
            total_Stage3:0.0323783
            num_until_goal_expanded:1157
            timing_S3Exp:
                total_S3Exp: 0.00688217
                time_top_o: 0.000262792
                time_check_in_c: 0.000177776
                time_add_parent: 0.000330916
                num_neighbors: 10242
                time_add_neighbors_to_o: 0.00492437
    timing_PIOW_overlapping:
        total_PIOW: 0.0108212
        num_windows: 353
        time_check_overlap: 1.2046e-05
        num_overlapping_windows: 2
        time_merge_windows: 2.075e-06
        time_remove_window: 3.75e-07
        time_remove_window: 1.972e-06
        timing_PlanIn:
            total_PlanIn:0.0107964
            num_until_goal_expanded:96
            timing_expansions:
                total_S3Exp: 0.0107924
                time_top_o: 2.0265e-05
                time_check_in_c: 1.7946e-05
                time_add_parent: 2.9592e-05
                num_neighbors: 21162
                time_add_neighbors_to_o: 0.0100237
    num_new_collisions: 11
    timing_PIOW_new_collisions:
        total_PIOW: 0.0114167
        num_windows: 108
        time_check_overlap: 3.838e-06
        num_overlapping_windows: 2
        time_merge_windows: 1.04e-06
        time_remove_window: 0.239731
        time_remove_window: 3.307e-06
        timing_PlanIn:
            total_PlanIn:0.0113954
            num_until_goal_expanded:369
            timing_expansions:
                total_S3Exp: 0.0113701
                time_top_o: 7.1394e-05
                time_check_in_c: 6.4132e-05
                time_add_parent: 9.6419e-05
                num_neighbors: 18400
                time_add_neighbors_to_o: 0.0102119
    num_windows_should_quit: 0
    time_should_quit: 5.491e-06
    time_remove_window: 0
Complete!
