Total time: 0.155646
is_optimal: true
optimality_bound: 1
successive_bounds: [1.00423, 1.00282, 1.00282, 1.00282, 1.00282, 1.00282, 1.00141, 1.00141, 1.00141, 1.00141, 1.00141, 1.00141, 1.00141, 1.00141, 1.00141, 1.00141, 1.00141, 1.00141, 1.00141, 1.00141, 1, 1]
successive_runtimes: [0.0149652, 0.0178583, 0.0204907, 0.025006, 0.0308011, 0.0387061, 0.0463335, 0.0504414, 0.054573, 0.0591669, 0.0639687, 0.0694285, 0.0760761, 0.0831178, 0.0908493, 0.0996754, 0.109754, 0.11961, 0.131204, 0.140707, 0.155646]
num_agents: 20
time_individual_plan: 0.0107472
time_first_plan: 0.00260057
num_max_agents_in_window_first_iteration: 2
num_recWAMPF: 21
timing_recWAMPF:
    total_RecWAMPF: 0.143271
    num_windows: 164
    num_max_agents_in_window: 2
    timing_gari:
        total_GARI: 0.135837
        time_path_btw_starts: 0.00114755
        Stage1:
            total_Stage1:0.081153
            time_add_x_to_o: 0.025238
            time_clear_x: 0.00459067
            timing_AStarSearchUntil:
                total_astar_search_until:0.0513036
                num_values_f_less_fmax:4047
                ASU Exp:
                    total_ASUExp:0.0512939
                    time_top_o:0.00288328
                    time_check_in_c:0.00223392
                    time_add_parent:0.00217028
                    num_neighbors:36051
                    time_add_neighbors_to_o:0.0380655
        Stage2:
            total_Stage2:0.0207286
            num_len_path:186
            time_expanding_s:0.000223484
            timing_AStarSearchUntil:
                total_astar_search_until:0.0203946
                num_values_f_less_fmax:480
                ASU Exp:
                    total_ASUExp:0.0203863
                    time_top_o:0.000305074
                    time_check_in_c:0.000293667
                    time_add_parent:0.000632445
                    num_neighbors:12960
                    time_add_neighbors_to_o:0.017215
        Stage3:
            total_Stage3:0.0327098
            num_until_goal_expanded:750
            timing_S3Exp:
                total_S3Exp: 0.0142759
                time_top_o: 0.00043834
                time_check_in_c: 0.000345076
                time_add_parent: 0.000592816
                num_neighbors: 6831
                time_add_neighbors_to_o: 0.00906485
    timing_PIOW_overlapping:
        total_PIOW: 5.0276e-05
        num_windows: 320
        time_check_overlap: 3.0163e-05
        num_overlapping_windows: 0
        time_merge_windows: 0
        time_remove_window: 0
        time_remove_window: 0
        timing_PlanIn:
            total_PlanIn:0
            num_until_goal_expanded:0
            timing_expansions:
                total_S3Exp: 0
                time_top_o: 0
                time_check_in_c: 0
                time_add_parent: 0
                num_neighbors: 0
                time_add_neighbors_to_o: 0
    num_new_collisions: 4
    timing_PIOW_new_collisions:
        total_PIOW: 0.00179458
        num_windows: 12
        time_check_overlap: 1.969e-06
        num_overlapping_windows: 0
        time_merge_windows: 0
        time_remove_window: 0
        time_remove_window: 3.806e-06
        timing_PlanIn:
            total_PlanIn:0.00177637
            num_until_goal_expanded:56
            timing_expansions:
                total_S3Exp: 0.00175208
                time_top_o: 3.4863e-05
                time_check_in_c: 4.0775e-05
                time_add_parent: 8.0111e-05
                num_neighbors: 615
                time_add_neighbors_to_o: 0.00119867
    num_windows_should_quit: 0
    time_should_quit: 1.1032e-05
    time_remove_window: 0
Complete!
