Total time: 0.061352
is_optimal: true
optimality_bound: 1
successive_bounds: [1.00301, 1.002, 1.001, 1.001, 1.001, 1.001, 1.001, 1.001, 1.001, 1.001, 1.001, 1.001, 1.001, 1.001, 1.001, 1.001, 1.001, 1.001, 1.001, 1.001, 1.001, 1.001, 1.001, 1.001, 1.001, 1.001, 1, 1]
successive_runtimes: [0.00571501, 0.00677539, 0.00778535, 0.00873826, 0.00979874, 0.0109121, 0.012084, 0.0133216, 0.0144472, 0.0155704, 0.0178578, 0.018958, 0.0199184, 0.0208553, 0.0218316, 0.0228037, 0.0237422, 0.0246656, 0.0256184, 0.0301844, 0.0368184, 0.0438882, 0.0481911, 0.0539313, 0.0576434, 0.0597439, 0.0613519]
num_agents: 30
time_individual_plan: 0.00431314
time_first_plan: 0.000873518
num_max_agents_in_window_first_iteration: 2
num_recWAMPF: 27
timing_recWAMPF:
    total_RecWAMPF: 0.0565065
    num_windows: 159
    num_max_agents_in_window: 2
    timing_gari:
        total_GARI: 0.0494672
        time_path_btw_starts: 0.000333579
        Stage1:
            total_Stage1:0.0222921
            time_add_x_to_o: 0.00889234
            time_clear_x: 0.00124535
            timing_AStarSearchUntil:
                total_astar_search_until:0.0121462
                num_values_f_less_fmax:3308
                ASU Exp:
                    total_ASUExp:0.0121425
                    time_top_o:0.000913988
                    time_check_in_c:0.000554483
                    time_add_parent:0.000323744
                    num_neighbors:25022
                    time_add_neighbors_to_o:0.00896002
        Stage2:
            total_Stage2:0.00658786
            num_len_path:149
            time_expanding_s:5.9072e-05
            timing_AStarSearchUntil:
                total_astar_search_until:0.00648783
                num_values_f_less_fmax:526
                ASU Exp:
                    total_ASUExp:0.0064846
                    time_top_o:0.000134308
                    time_check_in_c:0.000111183
                    time_add_parent:0.000136296
                    num_neighbors:14210
                    time_add_neighbors_to_o:0.0055375
        Stage3:
            total_Stage3:0.0202293
            num_until_goal_expanded:1724
            timing_S3Exp:
                total_S3Exp: 0.0117755
                time_top_o: 0.000478873
                time_check_in_c: 0.000279297
                time_add_parent: 0.000504746
                num_neighbors: 21576
                time_add_neighbors_to_o: 0.00805028
    timing_PIOW_overlapping:
        total_PIOW: 1.4934e-05
        num_windows: 234
        time_check_overlap: 8.348e-06
        num_overlapping_windows: 0
        time_merge_windows: 0
        time_remove_window: 0
        time_remove_window: 0
        timing_PlanIn:
            total_PlanIn:0
            num_until_goal_expanded:0
            timing_expansions:
                total_S3Exp: 0
                time_top_o: 0
                time_check_in_c: 0
                time_add_parent: 0
                num_neighbors: 0
                time_add_neighbors_to_o: 0
    num_new_collisions: 3
    timing_PIOW_new_collisions:
        total_PIOW: 0.000394507
        num_windows: 6
        time_check_overlap: 3.18e-07
        num_overlapping_windows: 0
        time_merge_windows: 0
        time_remove_window: 0
        time_remove_window: 1.005e-06
        timing_PlanIn:
            total_PlanIn:0.000390185
            num_until_goal_expanded:60
            timing_expansions:
                total_S3Exp: 0.00038191
                time_top_o: 7.481e-06
                time_check_in_c: 1.091e-05
                time_add_parent: 1.5962e-05
                num_neighbors: 582
                time_add_neighbors_to_o: 0.00025502
    num_windows_should_quit: 0
    time_should_quit: 4.39e-06
    time_remove_window: 0
Complete!
