Total time: 1.1521
is_optimal: false
optimality_bound: 1.00308
successive_bounds: [1.02412, 1.00757, 1.00477, 1.00477, 1.00393, 1.00365, 1.00308, 1.00308]
successive_runtimes: [0.0306771, 0.0780287, 0.10806, 0.128734, 0.146388, 0.204077, 1.06819, 1.1521]
num_agents: 50
time_individual_plan: 0.0152717
time_first_plan: 0.0145692
num_max_agents_in_window_first_iteration: 3
num_recWAMPF: 8
timing_recWAMPF:
    total_RecWAMPF: 1.13599
    num_windows: 168
    num_max_agents_in_window: 4
    timing_gari:
        total_GARI: 0.187947
        time_path_btw_starts: 0.000767371
        Stage1:
            total_Stage1:0.0550648
            time_add_x_to_o: 0.015152
            time_clear_x: 0.0016223
            timing_AStarSearchUntil:
                total_astar_search_until:0.0382792
                num_values_f_less_fmax:4572
                ASU Exp:
                    total_ASUExp:0.0382745
                    time_top_o:0.00205319
                    time_check_in_c:0.00106021
                    time_add_parent:0.000917854
                    num_neighbors:57054
                    time_add_neighbors_to_o:0.0303699
        Stage2:
            total_Stage2:0.0126211
            num_len_path:150
            time_expanding_s:0.000192437
            timing_AStarSearchUntil:
                total_astar_search_until:0.0123442
                num_values_f_less_fmax:381
                ASU Exp:
                    total_ASUExp:0.0123404
                    time_top_o:0.000189943
                    time_check_in_c:0.000114387
                    time_add_parent:0.000177648
                    num_neighbors:20561
                    time_add_neighbors_to_o:0.0111621
        Stage3:
            total_Stage3:0.11842
            num_until_goal_expanded:974
            timing_S3Exp:
                total_S3Exp: 0.0232701
                time_top_o: 0.000425269
                time_check_in_c: 0.000186332
                time_add_parent: 0.000403132
                num_neighbors: 32530
                time_add_neighbors_to_o: 0.0200357
    timing_PIOW_overlapping:
        total_PIOW: 0.924067
        num_windows: 1286
        time_check_overlap: 5.8047e-05
        num_overlapping_windows: 17
        time_merge_windows: 3.2235e-05
        time_remove_window: 8.254e-06
        time_remove_window: 3.0667e-05
        timing_PlanIn:
            total_PlanIn:0.923875
            num_until_goal_expanded:3703
            timing_expansions:
                total_S3Exp: 0.92379
                time_top_o: 0.00332431
                time_check_in_c: 0.00107275
                time_add_parent: 0.00211752
                num_neighbors: 1058951
                time_add_neighbors_to_o: 0.873012
    num_new_collisions: 23
    timing_PIOW_new_collisions:
        total_PIOW: 0.0158242
        num_windows: 445
        time_check_overlap: 1.6318e-05
        num_overlapping_windows: 2
        time_merge_windows: 0
        time_remove_window: 0.159325
        time_remove_window: 2.3712e-05
        timing_PlanIn:
            total_PlanIn:0.0157157
            num_until_goal_expanded:747
            timing_expansions:
                total_S3Exp: 0.0156435
                time_top_o: 0.000137848
                time_check_in_c: 0.000156325
                time_add_parent: 0.000233961
                num_neighbors: 21239
                time_add_neighbors_to_o: 0.0133201
    num_windows_should_quit: 0
    time_should_quit: 1.6575e-05
    time_remove_window: 0
Complete!
