Total time: 0.0937541
is_optimal: false
optimality_bound: 1.00095
successive_bounds: [1.00413, 1.00413, 1.00159, 1.00159, 1.00159, 1.00159, 1.00159, 1.00159, 1.00159, 1.00095]
successive_runtimes: [0.0376945, 0.0423478, 0.0473883, 0.0516368, 0.0557351, 0.0599198, 0.0651659, 0.0695568, 0.0814411, 0.093754]
num_agents: 40
time_individual_plan: 0.00753554
time_first_plan: 0.0296316
num_max_agents_in_window_first_iteration: 3
num_recWAMPF: 10
timing_recWAMPF:
    total_RecWAMPF: 0.0856884
    num_windows: 167
    num_max_agents_in_window: 3
    timing_gari:
        total_GARI: 0.0443308
        time_path_btw_starts: 0.000417509
        Stage1:
            total_Stage1:0.00848694
            time_add_x_to_o: 0.00687822
            time_clear_x: 0.000677622
            timing_AStarSearchUntil:
                total_astar_search_until:0.000921976
                num_values_f_less_fmax:460
                ASU Exp:
                    total_ASUExp:0.000918444
                    time_top_o:8.9285e-05
                    time_check_in_c:5.4163e-05
                    time_add_parent:3.1928e-05
                    num_neighbors:1316
                    time_add_neighbors_to_o:0.000527201
        Stage2:
            total_Stage2:0.00300557
            num_len_path:147
            time_expanding_s:0.000186058
            timing_AStarSearchUntil:
                total_astar_search_until:0.00276229
                num_values_f_less_fmax:187
                ASU Exp:
                    total_ASUExp:0.00275895
                    time_top_o:5.4144e-05
                    time_check_in_c:3.6194e-05
                    time_add_parent:8.3038e-05
                    num_neighbors:6047
                    time_add_neighbors_to_o:0.00233227
        Stage3:
            total_Stage3:0.0319742
            num_until_goal_expanded:1275
            timing_S3Exp:
                total_S3Exp: 0.00791187
                time_top_o: 0.000258105
                time_check_in_c: 0.000179115
                time_add_parent: 0.000298596
                num_neighbors: 10448
                time_add_neighbors_to_o: 0.00518864
    timing_PIOW_overlapping:
        total_PIOW: 0.00762823
        num_windows: 709
        time_check_overlap: 2.4595e-05
        num_overlapping_windows: 1
        time_merge_windows: 1.704e-06
        time_remove_window: 2.25e-07
        time_remove_window: 1.653e-06
        timing_PlanIn:
            total_PlanIn:0.00758387
            num_until_goal_expanded:298
            timing_expansions:
                total_S3Exp: 0.00758153
                time_top_o: 6.4623e-05
                time_check_in_c: 4.781e-05
                time_add_parent: 8.4603e-05
                num_neighbors: 13253
                time_add_neighbors_to_o: 0.00662917
    num_new_collisions: 10
    timing_PIOW_new_collisions:
        total_PIOW: 0.0279574
        num_windows: 76
        time_check_overlap: 2.83e-06
        num_overlapping_windows: 1
        time_merge_windows: 0
        time_remove_window: 0.00971055
        time_remove_window: 4.041e-06
        timing_PlanIn:
            total_PlanIn:0.0279358
            num_until_goal_expanded:634
            timing_expansions:
                total_S3Exp: 0.0278982
                time_top_o: 0.000199606
                time_check_in_c: 0.000122208
                time_add_parent: 0.000169423
                num_neighbors: 50229
                time_add_neighbors_to_o: 0.0253249
    num_windows_should_quit: 0
    time_should_quit: 7.722e-06
    time_remove_window: 0
Complete!
