Total time: 0.452611
is_optimal: false
optimality_bound: 1.00676
successive_bounds: [1.00892, 1.00892, 1.00892, 1.00892, 1.00892, 1.00892, 1.00892, 1.00811, 1.00757, 1.0073, 1.0073, 1.0073, 1.0073, 1.0073, 1.00676, 1.00676, 1.00676, 1.00676]
successive_runtimes: [0.0237417, 0.0376267, 0.0427881, 0.047888, 0.0529752, 0.0588747, 0.0660742, 0.0744024, 0.0838949, 0.133578, 0.189355, 0.234401, 0.273542, 0.306961, 0.343038, 0.376655, 0.416015, 0.452611]
num_agents: 50
time_individual_plan: 0.009738
time_first_plan: 0.0133565
num_max_agents_in_window_first_iteration: 3
num_recWAMPF: 18
timing_recWAMPF:
    total_RecWAMPF: 0.442219
    num_windows: 136
    num_max_agents_in_window: 4
    timing_gari:
        total_GARI: 0.362621
        time_path_btw_starts: 0.000833378
        Stage1:
            total_Stage1:0.0762383
            time_add_x_to_o: 0.0508445
            time_clear_x: 0.010499
            timing_AStarSearchUntil:
                total_astar_search_until:0.0148828
                num_values_f_less_fmax:511
                ASU Exp:
                    total_ASUExp:0.0148784
                    time_top_o:0.000270576
                    time_check_in_c:0.000125516
                    time_add_parent:0.000533602
                    num_neighbors:28379
                    time_add_neighbors_to_o:0.0131598
        Stage2:
            total_Stage2:0.011332
            num_len_path:111
            time_expanding_s:0.000812992
            timing_AStarSearchUntil:
                total_astar_search_until:0.0104516
                num_values_f_less_fmax:231
                ASU Exp:
                    total_ASUExp:0.0104483
                    time_top_o:9.7011e-05
                    time_check_in_c:7.0245e-05
                    time_add_parent:0.000471418
                    num_neighbors:18357
                    time_add_neighbors_to_o:0.0092772
        Stage3:
            total_Stage3:0.273598
            num_until_goal_expanded:2290
            timing_S3Exp:
                total_S3Exp: 0.15264
                time_top_o: 0.00116806
                time_check_in_c: 0.000542863
                time_add_parent: 0.000845364
                num_neighbors: 200885
                time_add_neighbors_to_o: 0.145286
    timing_PIOW_overlapping:
        total_PIOW: 0.0166928
        num_windows: 412
        time_check_overlap: 1.7434e-05
        num_overlapping_windows: 14
        time_merge_windows: 1.3545e-05
        time_remove_window: 3.026e-06
        time_remove_window: 1.2711e-05
        timing_PlanIn:
            total_PlanIn:0.016627
            num_until_goal_expanded:735
            timing_expansions:
                total_S3Exp: 0.0165957
                time_top_o: 0.000152777
                time_check_in_c: 0.000154905
                time_add_parent: 0.000233597
                num_neighbors: 23673
                time_add_neighbors_to_o: 0.0140097
    num_new_collisions: 19
    timing_PIOW_new_collisions:
        total_PIOW: 0.0471815
        num_windows: 307
        time_check_overlap: 1.0474e-05
        num_overlapping_windows: 2
        time_merge_windows: 0
        time_remove_window: 0.108671
        time_remove_window: 1.2918e-05
        timing_PlanIn:
            total_PlanIn:0.0471234
            num_until_goal_expanded:891
            timing_expansions:
                total_S3Exp: 0.0470848
                time_top_o: 0.000231147
                time_check_in_c: 0.000202645
                time_add_parent: 0.000296436
                num_neighbors: 63785
                time_add_neighbors_to_o: 0.0425342
    num_windows_should_quit: 0
    time_should_quit: 1.0891e-05
    time_remove_window: 0
Complete!
