Total time: 0.0281464
is_optimal: false
optimality_bound: 1.00091
successive_bounds: [1.00273, 1.00227, 1.00227, 1.00227, 1.00182, 1.00182, 1.00182, 1.00182, 1.00182, 1.00091]
successive_runtimes: [0.00694007, 0.0077013, 0.00842071, 0.00923887, 0.0101991, 0.0109503, 0.0117146, 0.0131629, 0.0140638, 0.0281464]
num_agents: 40
time_individual_plan: 0.00528387
time_first_plan: 0.00112746
num_max_agents_in_window_first_iteration: 2
num_recWAMPF: 10
timing_recWAMPF:
    total_RecWAMPF: 0.0223319
    num_windows: 93
    num_max_agents_in_window: 3
    timing_gari:
        total_GARI: 0.0155102
        time_path_btw_starts: 0.000164991
        Stage1:
            total_Stage1:0.000604181
            time_add_x_to_o: 0.000517138
            time_clear_x: 7.8981e-05
            timing_AStarSearchUntil:
                total_astar_search_until:3.608e-06
                num_values_f_less_fmax:0
                ASU Exp:
                    total_ASUExp:1.657e-06
                    time_top_o:0
                    time_check_in_c:0
                    time_add_parent:0
                    num_neighbors:0
                    time_add_neighbors_to_o:0
        Stage2:
            total_Stage2:0.0121673
            num_len_path:97
            time_expanding_s:3.9466e-05
            timing_AStarSearchUntil:
                total_astar_search_until:0.0121064
                num_values_f_less_fmax:1062
                ASU Exp:
                    total_ASUExp:0.0121046
                    time_top_o:0.000305054
                    time_check_in_c:0.000202962
                    time_add_parent:0.000287429
                    num_neighbors:25291
                    time_add_neighbors_to_o:0.0102404
        Stage3:
            total_Stage3:0.0025628
            num_until_goal_expanded:164
            timing_S3Exp:
                total_S3Exp: 0.00158091
                time_top_o: 2.8944e-05
                time_check_in_c: 1.9108e-05
                time_add_parent: 3.5733e-05
                num_neighbors: 2322
                time_add_neighbors_to_o: 0.00121631
    timing_PIOW_overlapping:
        total_PIOW: 0.00220897
        num_windows: 222
        time_check_overlap: 6.55e-06
        num_overlapping_windows: 1
        time_merge_windows: 1.101e-06
        time_remove_window: 1.41e-07
        time_remove_window: 1.052e-06
        timing_PlanIn:
            total_PlanIn:0.0021947
            num_until_goal_expanded:51
            timing_expansions:
                total_S3Exp: 0.00219284
                time_top_o: 1.1619e-05
                time_check_in_c: 8.413e-06
                time_add_parent: 1.3098e-05
                num_neighbors: 3196
                time_add_neighbors_to_o: 0.00200075
    num_new_collisions: 5
    timing_PIOW_new_collisions:
        total_PIOW: 0.000410289
        num_windows: 20
        time_check_overlap: 6.98e-07
        num_overlapping_windows: 0
        time_merge_windows: 0
        time_remove_window: 0
        time_remove_window: 1.518e-06
        timing_PlanIn:
            total_PlanIn:0.00040344
            num_until_goal_expanded:29
            timing_expansions:
                total_S3Exp: 0.00039468
                time_top_o: 4.307e-06
                time_check_in_c: 4.926e-06
                time_add_parent: 8.531e-06
                num_neighbors: 574
                time_add_neighbors_to_o: 0.000325898
    num_windows_should_quit: 0
    time_should_quit: 2.729e-06
    time_remove_window: 0
Complete!
