Total time: 413.186
is_optimal: true
optimality_bound: 1
successive_bounds: [1.00551, 1.00477, 1.00477, 1.00477, 1.0033, 1.0033, 1.00257, 1.00257, 1.00257, 1.00257, 1.00257, 1.00257, 1.00257, 1.00184, 1.00184, 1.0011, 1.0011, 1.00037, 1.00037, 1.00037, 1.00037, 1, 1]
successive_runtimes: [0.0331783, 0.0437453, 0.0564881, 0.0715011, 0.0880195, 0.10528, 0.122902, 0.140499, 0.15774, 0.174804, 0.192058, 0.209579, 0.227278, 0.243488, 0.251291, 0.288811, 0.300793, 56.0122, 79.12, 90.0847, 101.22, 413.186]
num_agents: 40
time_individual_plan: 0.0223818
time_first_plan: 0.00912839
num_max_agents_in_window_first_iteration: 2
num_recWAMPF: 22
timing_recWAMPF:
    total_RecWAMPF: 413.162
    num_windows: 299
    num_max_agents_in_window: 5
    timing_gari:
        total_GARI: 357.434
        time_path_btw_starts: 0.00711886
        Stage1:
            total_Stage1:0.97804
            time_add_x_to_o: 0.750304
            time_clear_x: 0.187285
            timing_AStarSearchUntil:
                total_astar_search_until:0.0404201
                num_values_f_less_fmax:14317
                ASU Exp:
                    total_ASUExp:0.0404057
                    time_top_o:0.00782459
                    time_check_in_c:0.00456713
                    time_add_parent:0.00204044
                    num_neighbors:18864
                    time_add_neighbors_to_o:0.0176231
        Stage2:
            total_Stage2:0.0792025
            num_len_path:316
            time_expanding_s:0.00418917
            timing_AStarSearchUntil:
                total_astar_search_until:0.0748124
                num_values_f_less_fmax:2041
                ASU Exp:
                    total_ASUExp:0.0748005
                    time_top_o:0.00112842
                    time_check_in_c:0.000795718
                    time_add_parent:0.00335
                    num_neighbors:55534
                    time_add_neighbors_to_o:0.0488092
        Stage3:
            total_Stage3:356.37
            num_until_goal_expanded:145510
            timing_S3Exp:
                total_S3Exp: 310.433
                time_top_o: 0.467338
                time_check_in_c: 0.0882103
                time_add_parent: 0.188368
                num_neighbors: 277571564
                time_add_neighbors_to_o: 308.638
    timing_PIOW_overlapping:
        total_PIOW: 0.00298739
        num_windows: 1030
        time_check_overlap: 7.4947e-05
        num_overlapping_windows: 1
        time_merge_windows: 4.382e-06
        time_remove_window: 5.71e-07
        time_remove_window: 4.258e-06
        timing_PlanIn:
            total_PlanIn:0.00285878
            num_until_goal_expanded:36
            timing_expansions:
                total_S3Exp: 0.00285317
                time_top_o: 1.8406e-05
                time_check_in_c: 2.0458e-05
                time_add_parent: 4.3674e-05
                num_neighbors: 1396
                time_add_neighbors_to_o: 0.00247136
    num_new_collisions: 9
    timing_PIOW_new_collisions:
        total_PIOW: 55.7043
        num_windows: 68
        time_check_overlap: 6.171e-06
        num_overlapping_windows: 2
        time_merge_windows: 0
        time_remove_window: 0.627091
        time_remove_window: 8.411e-06
        timing_PlanIn:
            total_PlanIn:55.7042
            num_until_goal_expanded:38782
            timing_expansions:
                total_S3Exp: 55.7042
                time_top_o: 0.0901074
                time_check_in_c: 0.0193894
                time_add_parent: 0.0505451
                num_neighbors: 49212909
                time_add_neighbors_to_o: 53.571
    num_windows_should_quit: 0
    time_should_quit: 2.7503e-05
    time_remove_window: 0
Complete!
