Total time: 0.00694161
is_optimal: true
optimality_bound: 1
successive_bounds: [1.00296, 1.00296, 1.00296, 1.00296, 1.00296, 1.00296, 1.00296, 1.00296, 1.00296, 1.00296, 1.00296, 1, 1]
successive_runtimes: [0.00255475, 0.0027161, 0.00299924, 0.00343003, 0.00387639, 0.00427694, 0.00477491, 0.00537164, 0.00611976, 0.00637467, 0.00654229, 0.00694159]
num_agents: 10
time_individual_plan: 0.00186094
time_first_plan: 0.000118051
num_max_agents_in_window_first_iteration: 2
num_recWAMPF: 12
timing_recWAMPF:
    total_RecWAMPF: 0.00450298
    num_windows: 23
    num_max_agents_in_window: 2
    timing_gari:
        total_GARI: 0.0041548
        time_path_btw_starts: 4.743e-05
        Stage1:
            total_Stage1:0.00140685
            time_add_x_to_o: 0.000605428
            time_clear_x: 6.1142e-05
            timing_AStarSearchUntil:
                total_astar_search_until:0.000739034
                num_values_f_less_fmax:96
                ASU Exp:
                    total_ASUExp:0.000738501
                    time_top_o:2.2774e-05
                    time_check_in_c:1.8381e-05
                    time_add_parent:3.2576e-05
                    num_neighbors:1770
                    time_add_neighbors_to_o:0.000584484
        Stage2:
            total_Stage2:0.00150737
            num_len_path:21
            time_expanding_s:9.218e-06
            timing_AStarSearchUntil:
                total_astar_search_until:0.00149225
                num_values_f_less_fmax:150
                ASU Exp:
                    total_ASUExp:0.00149176
                    time_top_o:3.3854e-05
                    time_check_in_c:2.5832e-05
                    time_add_parent:3.7378e-05
                    num_neighbors:3360
                    time_add_neighbors_to_o:0.00121993
        Stage3:
            total_Stage3:0.00118968
            num_until_goal_expanded:55
            timing_S3Exp:
                total_S3Exp: 0.000532462
                time_top_o: 1.1128e-05
                time_check_in_c: 7.372e-06
                time_add_parent: 1.1931e-05
                num_neighbors: 674
                time_add_neighbors_to_o: 0.000406233
    timing_PIOW_overlapping:
        total_PIOW: 2.65e-07
        num_windows: 11
        time_check_overlap: 0
        num_overlapping_windows: 0
        time_merge_windows: 0
        time_remove_window: 0
        time_remove_window: 0
        timing_PlanIn:
            total_PlanIn:0
            num_until_goal_expanded:0
            timing_expansions:
                total_S3Exp: 0
                time_top_o: 0
                time_check_in_c: 0
                time_add_parent: 0
                num_neighbors: 0
                time_add_neighbors_to_o: 0
    num_new_collisions: 1
    timing_PIOW_new_collisions:
        total_PIOW: 9.2034e-05
        num_windows: 0
        time_check_overlap: 0
        num_overlapping_windows: 0
        time_merge_windows: 0
        time_remove_window: 0
        time_remove_window: 3.02e-07
        timing_PlanIn:
            total_PlanIn:9.033e-05
            num_until_goal_expanded:11
            timing_expansions:
                total_S3Exp: 8.5835e-05
                time_top_o: 2.041e-06
                time_check_in_c: 2.336e-06
                time_add_parent: 3.67e-06
                num_neighbors: 145
                time_add_neighbors_to_o: 6.009e-05
    num_windows_should_quit: 0
    time_should_quit: 5.77e-07
    time_remove_window: 0
Complete!
