Total time: 0.293592
is_optimal: true
optimality_bound: 1
successive_bounds: [1.02494, 1.02341, 1.02341, 1.02341, 1.02341, 1.02341, 1.02341, 1.02341, 1.02341, 1.02341, 1.02341, 1.02341, 1.02341, 1.02341, 1.02341, 1.02341, 1.02341, 1.02341, 1.02341, 1.02341, 1.02341, 1.02341, 1.02341, 1.02341, 1.02341, 1.02341, 1.02341, 1.02341, 1.02341, 1.02341, 1.02341, 1.02341, 1]
successive_runtimes: [0.13065, 0.254999, 0.256519, 0.25763, 0.258674, 0.259761, 0.260839, 0.261954, 0.263016, 0.264113, 0.265123, 0.268518, 0.270183, 0.271333, 0.272252, 0.273408, 0.27433, 0.275189, 0.276066, 0.276936, 0.277826, 0.278732, 0.279639, 0.28059, 0.284559, 0.287304, 0.28852, 0.289484, 0.290611, 0.291693, 0.29274, 0.293592]
num_agents: 40
time_individual_plan: 0.00782203
time_first_plan: 0.122117
num_max_agents_in_window_first_iteration: 3
num_recWAMPF: 32
timing_recWAMPF:
    total_RecWAMPF: 0.285045
    num_windows: 70
    num_max_agents_in_window: 3
    timing_gari:
        total_GARI: 0.0254418
        time_path_btw_starts: 0.000179062
        Stage1:
            total_Stage1:0.000518754
            time_add_x_to_o: 0.000451708
            time_clear_x: 5.6082e-05
            timing_AStarSearchUntil:
                total_astar_search_until:5.384e-06
                num_values_f_less_fmax:0
                ASU Exp:
                    total_ASUExp:3.101e-06
                    time_top_o:0
                    time_check_in_c:0
                    time_add_parent:0
                    num_neighbors:0
                    time_add_neighbors_to_o:0
        Stage2:
            total_Stage2:0.00191744
            num_len_path:35
            time_expanding_s:3.1627e-05
            timing_AStarSearchUntil:
                total_astar_search_until:0.00184144
                num_values_f_less_fmax:40
                ASU Exp:
                    total_ASUExp:0.00183966
                    time_top_o:2.4568e-05
                    time_check_in_c:1.7366e-05
                    time_add_parent:4.734e-05
                    num_neighbors:3254
                    time_add_neighbors_to_o:0.0016269
        Stage3:
            total_Stage3:0.0228029
            num_until_goal_expanded:421
            timing_S3Exp:
                total_S3Exp: 0.00362422
                time_top_o: 0.00015154
                time_check_in_c: 8.3172e-05
                time_add_parent: 0.000164046
                num_neighbors: 2579
                time_add_neighbors_to_o: 0.00193346
    timing_PIOW_overlapping:
        total_PIOW: 0.123588
        num_windows: 65
        time_check_overlap: 1.33e-06
        num_overlapping_windows: 6
        time_merge_windows: 1.0576e-05
        time_remove_window: 2.04e-06
        time_remove_window: 1.0164e-05
        timing_PlanIn:
            total_PlanIn:0.123558
            num_until_goal_expanded:1774
            timing_expansions:
                total_S3Exp: 0.123528
                time_top_o: 0.000919525
                time_check_in_c: 0.000701283
                time_add_parent: 0.00116185
                num_neighbors: 155345
                time_add_neighbors_to_o: 0.110202
    num_new_collisions: 8
    timing_PIOW_new_collisions:
        total_PIOW: 0.120221
        num_windows: 57
        time_check_overlap: 2.477e-06
        num_overlapping_windows: 1
        time_merge_windows: 0
        time_remove_window: 0.0109582
        time_remove_window: 2.963e-06
        timing_PlanIn:
            total_PlanIn:0.120201
            num_until_goal_expanded:1688
            timing_expansions:
                total_S3Exp: 0.120182
                time_top_o: 0.000897749
                time_check_in_c: 0.000722482
                time_add_parent: 0.00118021
                num_neighbors: 146170
                time_add_neighbors_to_o: 0.10726
    num_windows_should_quit: 1
    time_should_quit: 1.4188e-05
    time_remove_window: 3.36e-07
Complete!
