Total time: 0.116813
is_optimal: false
optimality_bound: 1.00159
successive_bounds: [1.00238, 1.00238, 1.00238, 1.00238, 1.00238, 1.00238, 1.00238, 1.00238, 1.00238, 1.00238, 1.00159, 1.00159, 1.00159, 1.00159, 1.00159, 1.00159, 1.00159, 1.00159, 1.00159, 1.00159, 1.00159, 1.00159]
successive_runtimes: [0.00769896, 0.0176138, 0.0243142, 0.0301772, 0.0357671, 0.0418741, 0.0487615, 0.05498, 0.0599194, 0.0639751, 0.0788294, 0.0890645, 0.0924761, 0.0955779, 0.0980053, 0.100412, 0.102787, 0.105221, 0.107639, 0.110118, 0.11277, 0.116813]
num_agents: 40
time_individual_plan: 0.00546586
time_first_plan: 0.00169326
num_max_agents_in_window_first_iteration: 2
num_recWAMPF: 22
timing_recWAMPF:
    total_RecWAMPF: 0.110802
    num_windows: 49
    num_max_agents_in_window: 4
    timing_gari:
        total_GARI: 0.0804191
        time_path_btw_starts: 0.000116171
        Stage1:
            total_Stage1:0.0266379
            time_add_x_to_o: 0.018458
            time_clear_x: 0.0024016
            timing_AStarSearchUntil:
                total_astar_search_until:0.00577518
                num_values_f_less_fmax:491
                ASU Exp:
                    total_ASUExp:0.00577374
                    time_top_o:0.00017905
                    time_check_in_c:0.000187366
                    time_add_parent:2.9717e-05
                    num_neighbors:12953
                    time_add_neighbors_to_o:0.00512956
        Stage2:
            total_Stage2:0.00618709
            num_len_path:29
            time_expanding_s:1.4992e-05
            timing_AStarSearchUntil:
                total_astar_search_until:0.00615478
                num_values_f_less_fmax:76
                ASU Exp:
                    total_ASUExp:0.00615371
                    time_top_o:2.6767e-05
                    time_check_in_c:1.3963e-05
                    time_add_parent:2.3161e-05
                    num_neighbors:15078
                    time_add_neighbors_to_o:0.00575923
        Stage3:
            total_Stage3:0.0474683
            num_until_goal_expanded:569
            timing_S3Exp:
                total_S3Exp: 0.0212028
                time_top_o: 0.000196566
                time_check_in_c: 0.00011119
                time_add_parent: 0.000263468
                num_neighbors: 40369
                time_add_neighbors_to_o: 0.0196687
    timing_PIOW_overlapping:
        total_PIOW: 0.00927499
        num_windows: 47
        time_check_overlap: 5.71e-07
        num_overlapping_windows: 5
        time_merge_windows: 4.737e-06
        time_remove_window: 7.25e-07
        time_remove_window: 4.527e-06
        timing_PlanIn:
            total_PlanIn:0.00926323
            num_until_goal_expanded:193
            timing_expansions:
                total_S3Exp: 0.00925494
                time_top_o: 4.4003e-05
                time_check_in_c: 3.3004e-05
                time_add_parent: 5.0596e-05
                num_neighbors: 17485
                time_add_neighbors_to_o: 0.00841082
    num_new_collisions: 7
    timing_PIOW_new_collisions:
        total_PIOW: 0.0115217
        num_windows: 31
        time_check_overlap: 1.113e-06
        num_overlapping_windows: 1
        time_merge_windows: 0
        time_remove_window: 0.068113
        time_remove_window: 2.289e-06
        timing_PlanIn:
            total_PlanIn:0.0115092
            num_until_goal_expanded:121
            timing_expansions:
                total_S3Exp: 0.0114964
                time_top_o: 2.4073e-05
                time_check_in_c: 2.5516e-05
                time_add_parent: 3.3628e-05
                num_neighbors: 17600
                time_add_neighbors_to_o: 0.0107662
    num_windows_should_quit: 0
    time_should_quit: 2.515e-06
    time_remove_window: 0
Complete!
