Total time: 0.675244
is_optimal: false
optimality_bound: 1.00352
successive_bounds: [1.02819, 1.00705, 1.00512, 1.00416, 1.00416, 1.00416, 1.00352, 1.00352, 1.00352, 1.00352, 1.00352, 1.00352, 1.00352, 1.00352, 1.00352, 1.00352, 1.00352, 1.00352, 1.00352, 1.00352]
successive_runtimes: [0.023094, 0.0661753, 0.106901, 0.278936, 0.3708, 0.567694, 0.591623, 0.603789, 0.609352, 0.615158, 0.620955, 0.626712, 0.633546, 0.640213, 0.646424, 0.652108, 0.658058, 0.663196, 0.669058, 0.675243]
num_agents: 50
time_individual_plan: 0.0118318
time_first_plan: 0.0106033
num_max_agents_in_window_first_iteration: 2
num_recWAMPF: 20
timing_recWAMPF:
    total_RecWAMPF: 0.662744
    num_windows: 219
    num_max_agents_in_window: 4
    timing_gari:
        total_GARI: 0.448635
        time_path_btw_starts: 0.00106101
        Stage1:
            total_Stage1:0.276753
            time_add_x_to_o: 0.0899199
            time_clear_x: 0.0211016
            timing_AStarSearchUntil:
                total_astar_search_until:0.165712
                num_values_f_less_fmax:5939
                ASU Exp:
                    total_ASUExp:0.165705
                    time_top_o:0.00310527
                    time_check_in_c:0.00280749
                    time_add_parent:0.00107851
                    num_neighbors:238091
                    time_add_neighbors_to_o:0.152864
        Stage2:
            total_Stage2:0.0214753
            num_len_path:187
            time_expanding_s:0.000574188
            timing_AStarSearchUntil:
                total_astar_search_until:0.0207649
                num_values_f_less_fmax:261
                ASU Exp:
                    total_ASUExp:0.0207592
                    time_top_o:0.000130672
                    time_check_in_c:8.5233e-05
                    time_add_parent:0.000148097
                    num_neighbors:37214
                    time_add_neighbors_to_o:0.0197271
        Stage3:
            total_Stage3:0.149274
            num_until_goal_expanded:1335
            timing_S3Exp:
                total_S3Exp: 0.063615
                time_top_o: 0.00062187
                time_check_in_c: 0.000431274
                time_add_parent: 0.000829287
                num_neighbors: 85403
                time_add_neighbors_to_o: 0.0586318
    timing_PIOW_overlapping:
        total_PIOW: 0.192277
        num_windows: 873
        time_check_overlap: 4.5786e-05
        num_overlapping_windows: 11
        time_merge_windows: 2.3133e-05
        time_remove_window: 4.035e-06
        time_remove_window: 2.2284e-05
        timing_PlanIn:
            total_PlanIn:0.192146
            num_until_goal_expanded:1148
            timing_expansions:
                total_S3Exp: 0.192112
                time_top_o: 0.000525386
                time_check_in_c: 0.000301495
                time_add_parent: 0.000462285
                num_neighbors: 268926
                time_add_neighbors_to_o: 0.17941
    num_new_collisions: 15
    timing_PIOW_new_collisions:
        total_PIOW: 0.0079559
        num_windows: 210
        time_check_overlap: 7.776e-06
        num_overlapping_windows: 0
        time_merge_windows: 0
        time_remove_window: 0
        time_remove_window: 9.705e-06
        timing_PlanIn:
            total_PlanIn:0.00791556
            num_until_goal_expanded:600
            timing_expansions:
                total_S3Exp: 0.00788755
                time_top_o: 0.000102547
                time_check_in_c: 0.000128329
                time_add_parent: 0.000186186
                num_neighbors: 11921
                time_add_neighbors_to_o: 0.0063735
    num_windows_should_quit: 0
    time_should_quit: 2.0111e-05
    time_remove_window: 0
Complete!
