Total time: 0.0903758
is_optimal: true
optimality_bound: 1
successive_bounds: [1.0029, 1.0029, 1.00248, 1.00248, 1.00248, 1.00248, 1.00248, 1.00248, 1.00248, 1.00248, 1.00248, 1.00248, 1.00248, 1.00165, 1.00165, 1.00165, 1.00165, 1.00165, 1.00165, 1.00083, 1.00083, 1, 1]
successive_runtimes: [0.00725476, 0.00821909, 0.00931945, 0.0102568, 0.0111949, 0.012182, 0.013226, 0.014836, 0.0159067, 0.0170484, 0.0183831, 0.0195876, 0.020811, 0.0515478, 0.0581672, 0.0614782, 0.0647317, 0.0687947, 0.07459, 0.0788899, 0.0825684, 0.0903758]
num_agents: 30
time_individual_plan: 0.00534702
time_first_plan: 0.00115247
num_max_agents_in_window_first_iteration: 2
num_recWAMPF: 22
timing_recWAMPF:
    total_RecWAMPF: 0.0842679
    num_windows: 172
    num_max_agents_in_window: 2
    timing_gari:
        total_GARI: 0.078053
        time_path_btw_starts: 0.000874946
        Stage1:
            total_Stage1:0.0125375
            time_add_x_to_o: 0.00753732
            time_clear_x: 0.000819232
            timing_AStarSearchUntil:
                total_astar_search_until:0.00416941
                num_values_f_less_fmax:1097
                ASU Exp:
                    total_ASUExp:0.00416477
                    time_top_o:0.000314783
                    time_check_in_c:0.000219557
                    time_add_parent:0.000160913
                    num_neighbors:6218
                    time_add_neighbors_to_o:0.00291653
        Stage2:
            total_Stage2:0.0320761
            num_len_path:179
            time_expanding_s:0.000123388
            timing_AStarSearchUntil:
                total_astar_search_until:0.031893
                num_values_f_less_fmax:2189
                ASU Exp:
                    total_ASUExp:0.031889
                    time_top_o:0.00103257
                    time_check_in_c:0.000566275
                    time_add_parent:0.000746179
                    num_neighbors:54751
                    time_add_neighbors_to_o:0.0268359
        Stage3:
            total_Stage3:0.0325294
            num_until_goal_expanded:864
            timing_S3Exp:
                total_S3Exp: 0.00559864
                time_top_o: 0.000218267
                time_check_in_c: 0.000134789
                time_add_parent: 0.000275067
                num_neighbors: 7636
                time_add_neighbors_to_o: 0.00346417
    timing_PIOW_overlapping:
        total_PIOW: 2.8126e-05
        num_windows: 336
        time_check_overlap: 1.5228e-05
        num_overlapping_windows: 0
        time_merge_windows: 0
        time_remove_window: 0
        time_remove_window: 0
        timing_PlanIn:
            total_PlanIn:0
            num_until_goal_expanded:0
            timing_expansions:
                total_S3Exp: 0
                time_top_o: 0
                time_check_in_c: 0
                time_add_parent: 0
                num_neighbors: 0
                time_add_neighbors_to_o: 0
    num_new_collisions: 4
    timing_PIOW_new_collisions:
        total_PIOW: 0.000526655
        num_windows: 12
        time_check_overlap: 5.36e-07
        num_overlapping_windows: 0
        time_merge_windows: 0
        time_remove_window: 0
        time_remove_window: 1.25e-06
        timing_PlanIn:
            total_PlanIn:0.000519864
            num_until_goal_expanded:55
            timing_expansions:
                total_S3Exp: 0.000510627
                time_top_o: 8.785e-06
                time_check_in_c: 1.0768e-05
                time_add_parent: 1.756e-05
                num_neighbors: 633
                time_add_neighbors_to_o: 0.000368558
    num_windows_should_quit: 0
    time_should_quit: 1.964e-05
    time_remove_window: 0
Complete!
