Total time: 0.103971
is_optimal: true
optimality_bound: 1
successive_bounds: [1.00339, 1.00339, 1.00339, 1.00254, 1.00254, 1.00254, 1.0017, 1.0017, 1.0017, 1.0017, 1.0017, 1.0017, 1, 1]
successive_runtimes: [0.00643002, 0.0103635, 0.0130365, 0.0177868, 0.0232659, 0.0308348, 0.0387913, 0.0456032, 0.0531387, 0.0637661, 0.0761381, 0.0907377, 0.10397]
num_agents: 30
time_individual_plan: 0.00317188
time_first_plan: 0.00312376
num_max_agents_in_window_first_iteration: 3
num_recWAMPF: 13
timing_recWAMPF:
    total_RecWAMPF: 0.100657
    num_windows: 125
    num_max_agents_in_window: 3
    timing_gari:
        total_GARI: 0.0942921
        time_path_btw_starts: 0.000642102
        Stage1:
            total_Stage1:0.0663903
            time_add_x_to_o: 0.0254366
            time_clear_x: 0.00345333
            timing_AStarSearchUntil:
                total_astar_search_until:0.0374862
                num_values_f_less_fmax:2165
                ASU Exp:
                    total_ASUExp:0.0374809
                    time_top_o:0.00106745
                    time_check_in_c:0.00109505
                    time_add_parent:0.000582053
                    num_neighbors:54677
                    time_add_neighbors_to_o:0.0323341
        Stage2:
            total_Stage2:0.00760059
            num_len_path:127
            time_expanding_s:0.000129462
            timing_AStarSearchUntil:
                total_astar_search_until:0.0073906
                num_values_f_less_fmax:202
                ASU Exp:
                    total_ASUExp:0.00738627
                    time_top_o:9.8332e-05
                    time_check_in_c:8.1146e-05
                    time_add_parent:0.000139646
                    num_neighbors:7898
                    time_add_neighbors_to_o:0.00656846
        Stage3:
            total_Stage3:0.019612
            num_until_goal_expanded:816
            timing_S3Exp:
                total_S3Exp: 0.00828034
                time_top_o: 0.000327671
                time_check_in_c: 0.000206522
                time_add_parent: 0.00045046
                num_neighbors: 6343
                time_add_neighbors_to_o: 0.00511849
    timing_PIOW_overlapping:
        total_PIOW: 3.872e-05
        num_windows: 300
        time_check_overlap: 2.387e-05
        num_overlapping_windows: 0
        time_merge_windows: 0
        time_remove_window: 0
        time_remove_window: 0
        timing_PlanIn:
            total_PlanIn:0
            num_until_goal_expanded:0
            timing_expansions:
                total_S3Exp: 0
                time_top_o: 0
                time_check_in_c: 0
                time_add_parent: 0
                num_neighbors: 0
                time_add_neighbors_to_o: 0
    num_new_collisions: 6
    timing_PIOW_new_collisions:
        total_PIOW: 0.00242776
        num_windows: 31
        time_check_overlap: 1.596e-06
        num_overlapping_windows: 1
        time_merge_windows: 0
        time_remove_window: 0.00496372
        time_remove_window: 6.21e-06
        timing_PlanIn:
            total_PlanIn:0.00241008
            num_until_goal_expanded:167
            timing_expansions:
                total_S3Exp: 0.00238898
                time_top_o: 3.1801e-05
                time_check_in_c: 3.579e-05
                time_add_parent: 5.4628e-05
                num_neighbors: 2961
                time_add_neighbors_to_o: 0.0018677
    num_windows_should_quit: 0
    time_should_quit: 1.155e-05
    time_remove_window: 0
Complete!
