Total time: 0.845714
is_optimal: false
optimality_bound: 1.00308
successive_bounds: [1.02412, 1.00757, 1.00477, 1.00477, 1.00393, 1.00365, 1.00308, 1.00308]
successive_runtimes: [0.0253428, 0.0612023, 0.0845065, 0.100532, 0.113797, 0.154862, 0.779288, 0.845714]
num_agents: 50
time_individual_plan: 0.0114364
time_first_plan: 0.0133761
num_max_agents_in_window_first_iteration: 3
num_recWAMPF: 8
timing_recWAMPF:
    total_RecWAMPF: 0.833745
    num_windows: 168
    num_max_agents_in_window: 4
    timing_gari:
        total_GARI: 0.143243
        time_path_btw_starts: 0.00052308
        Stage1:
            total_Stage1:0.0420668
            time_add_x_to_o: 0.0117886
            time_clear_x: 0.00111149
            timing_AStarSearchUntil:
                total_astar_search_until:0.0291584
                num_values_f_less_fmax:4572
                ASU Exp:
                    total_ASUExp:0.0291545
                    time_top_o:0.00125298
                    time_check_in_c:0.000737189
                    time_add_parent:0.000619726
                    num_neighbors:57054
                    time_add_neighbors_to_o:0.0233389
        Stage2:
            total_Stage2:0.0095602
            num_len_path:150
            time_expanding_s:0.000145375
            timing_AStarSearchUntil:
                total_astar_search_until:0.00936113
                num_values_f_less_fmax:381
                ASU Exp:
                    total_ASUExp:0.00935801
                    time_top_o:0.000115569
                    time_check_in_c:7.0063e-05
                    time_add_parent:0.000122285
                    num_neighbors:20561
                    time_add_neighbors_to_o:0.00854596
        Stage3:
            total_Stage3:0.0902336
            num_until_goal_expanded:974
            timing_S3Exp:
                total_S3Exp: 0.0169467
                time_top_o: 0.000252556
                time_check_in_c: 0.000158674
                time_add_parent: 0.000268263
                num_neighbors: 32530
                time_add_neighbors_to_o: 0.0146944
    timing_PIOW_overlapping:
        total_PIOW: 0.667993
        num_windows: 1286
        time_check_overlap: 3.6369e-05
        num_overlapping_windows: 17
        time_merge_windows: 2.2484e-05
        time_remove_window: 4.48e-06
        time_remove_window: 2.1629e-05
        timing_PlanIn:
            total_PlanIn:0.66787
            num_until_goal_expanded:3703
            timing_expansions:
                total_S3Exp: 0.667815
                time_top_o: 0.00198886
                time_check_in_c: 0.000761906
                time_add_parent: 0.0014805
                num_neighbors: 1058951
                time_add_neighbors_to_o: 0.630657
    num_new_collisions: 23
    timing_PIOW_new_collisions:
        total_PIOW: 0.0127751
        num_windows: 445
        time_check_overlap: 1.1085e-05
        num_overlapping_windows: 2
        time_merge_windows: 0
        time_remove_window: 0.12301
        time_remove_window: 1.6248e-05
        timing_PlanIn:
            total_PlanIn:0.0127044
            num_until_goal_expanded:747
            timing_expansions:
                total_S3Exp: 0.0126672
                time_top_o: 0.000106662
                time_check_in_c: 0.000131227
                time_add_parent: 0.000193754
                num_neighbors: 21239
                time_add_neighbors_to_o: 0.0106498
    num_windows_should_quit: 0
    time_should_quit: 1.1483e-05
    time_remove_window: 0
Complete!
