Total time: 0.0750874
is_optimal: true
optimality_bound: 1
successive_bounds: [1.00629, 1.00629, 1.00524, 1.00524, 1.0042, 1.0042, 1.0042, 1.0042, 1.00315, 1.00315, 1.00315, 1.0021, 1.00105, 1.00105, 1.00105, 1.00105, 1.00105, 1.00105, 1.00105, 1.00105, 1.00105, 1.00105, 1.00105, 1.00105, 1.00105, 1.00105, 1.00105, 1, 1]
successive_runtimes: [0.00577751, 0.00820349, 0.0108723, 0.0138019, 0.0161784, 0.018105, 0.0200137, 0.0222745, 0.0246611, 0.027074, 0.0296411, 0.0431493, 0.0483094, 0.0500218, 0.0515973, 0.0532931, 0.0549364, 0.0564431, 0.0578557, 0.0592525, 0.0607113, 0.0621136, 0.063523, 0.0649622, 0.0663548, 0.06781, 0.0692233, 0.0750873]
num_agents: 30
time_individual_plan: 0.0033617
time_first_plan: 0.0018973
num_max_agents_in_window_first_iteration: 2
num_recWAMPF: 28
timing_recWAMPF:
    total_RecWAMPF: 0.0712028
    num_windows: 328
    num_max_agents_in_window: 3
    timing_gari:
        total_GARI: 0.05796
        time_path_btw_starts: 0.000918229
        Stage1:
            total_Stage1:0.0143352
            time_add_x_to_o: 0.00742349
            time_clear_x: 0.00104265
            timing_AStarSearchUntil:
                total_astar_search_until:0.00585299
                num_values_f_less_fmax:4125
                ASU Exp:
                    total_ASUExp:0.00584547
                    time_top_o:0.00091775
                    time_check_in_c:0.000529545
                    time_add_parent:0.000399249
                    num_neighbors:7104
                    time_add_neighbors_to_o:0.00266682
        Stage2:
            total_Stage2:0.0156212
            num_len_path:303
            time_expanding_s:0.000264764
            timing_AStarSearchUntil:
                total_astar_search_until:0.0152581
                num_values_f_less_fmax:1176
                ASU Exp:
                    total_ASUExp:0.0152512
                    time_top_o:0.000350835
                    time_check_in_c:0.000229469
                    time_add_parent:0.000322207
                    num_neighbors:30810
                    time_add_neighbors_to_o:0.0130854
        Stage3:
            total_Stage3:0.027038
            num_until_goal_expanded:1975
            timing_S3Exp:
                total_S3Exp: 0.00944939
                time_top_o: 0.000437152
                time_check_in_c: 0.000278653
                time_add_parent: 0.000543589
                num_neighbors: 13278
                time_add_neighbors_to_o: 0.00561308
    timing_PIOW_overlapping:
        total_PIOW: 0.00493996
        num_windows: 967
        time_check_overlap: 3.1739e-05
        num_overlapping_windows: 1
        time_merge_windows: 1.746e-06
        time_remove_window: 1.42e-07
        time_remove_window: 1.695e-06
        timing_PlanIn:
            total_PlanIn:0.00488217
            num_until_goal_expanded:118
            timing_expansions:
                total_S3Exp: 0.00488019
                time_top_o: 2.756e-05
                time_check_in_c: 1.9293e-05
                time_add_parent: 3.0305e-05
                num_neighbors: 7780
                time_add_neighbors_to_o: 0.00441793
    num_new_collisions: 6
    timing_PIOW_new_collisions:
        total_PIOW: 0.00103529
        num_windows: 30
        time_check_overlap: 9.74e-07
        num_overlapping_windows: 0
        time_merge_windows: 0
        time_remove_window: 0
        time_remove_window: 2.617e-06
        timing_PlanIn:
            total_PlanIn:0.0010255
            num_until_goal_expanded:148
            timing_expansions:
                total_S3Exp: 0.00101508
                time_top_o: 1.7838e-05
                time_check_in_c: 2.5743e-05
                time_add_parent: 3.6622e-05
                num_neighbors: 1459
                time_add_neighbors_to_o: 0.000724421
    num_windows_should_quit: 0
    time_should_quit: 9.432e-06
    time_remove_window: 0
Complete!
