Total time: 0.0661223
is_optimal: true
optimality_bound: 1
successive_bounds: [1.00248, 1.00248, 1.00165, 1.00165, 1.00165, 1.00165, 1.00165, 1.00165, 1.00165, 1.00165, 1.00165, 1.00165, 1.00083, 1.00083, 1.00083, 1.00083, 1.00083, 1.00083, 1.00083, 1.00083, 1.00083, 1.00083, 1.00083, 1.00083, 1.00083, 1.00083, 1.00083, 1.00083, 1.00083, 1.00083, 1.00083, 1, 1]
successive_runtimes: [0.00662863, 0.00740469, 0.00825416, 0.0089536, 0.00966866, 0.0104357, 0.011262, 0.0126001, 0.0134517, 0.0142912, 0.0151799, 0.016043, 0.0281995, 0.030797, 0.0320429, 0.0333057, 0.0346641, 0.0360221, 0.0374626, 0.0391888, 0.0405632, 0.0420007, 0.0434736, 0.0449145, 0.0467355, 0.0485494, 0.0511892, 0.0534833, 0.055711, 0.0577012, 0.0611381, 0.0661223]
num_agents: 30
time_individual_plan: 0.00513315
time_first_plan: 0.000978397
num_max_agents_in_window_first_iteration: 2
num_recWAMPF: 32
timing_recWAMPF:
    total_RecWAMPF: 0.0604672
    num_windows: 252
    num_max_agents_in_window: 2
    timing_gari:
        total_GARI: 0.0513135
        time_path_btw_starts: 0.000623445
        Stage1:
            total_Stage1:0.0129556
            time_add_x_to_o: 0.00493457
            time_clear_x: 0.000632066
            timing_AStarSearchUntil:
                total_astar_search_until:0.0073761
                num_values_f_less_fmax:1383
                ASU Exp:
                    total_ASUExp:0.00737042
                    time_top_o:0.00037766
                    time_check_in_c:0.000243142
                    time_add_parent:0.000253629
                    num_neighbors:14603
                    time_add_neighbors_to_o:0.00568804
        Stage2:
            total_Stage2:0.0165445
            num_len_path:286
            time_expanding_s:0.000152663
            timing_AStarSearchUntil:
                total_astar_search_until:0.0163267
                num_values_f_less_fmax:1310
                ASU Exp:
                    total_ASUExp:0.0163216
                    time_top_o:0.000371907
                    time_check_in_c:0.000260821
                    time_add_parent:0.00036542
                    num_neighbors:32478
                    time_add_neighbors_to_o:0.0139271
        Stage3:
            total_Stage3:0.0211553
            num_until_goal_expanded:930
            timing_S3Exp:
                total_S3Exp: 0.00515142
                time_top_o: 0.000188738
                time_check_in_c: 0.000115819
                time_add_parent: 0.000239172
                num_neighbors: 8236
                time_add_neighbors_to_o: 0.00314557
    timing_PIOW_overlapping:
        total_PIOW: 3.0338e-05
        num_windows: 496
        time_check_overlap: 1.8081e-05
        num_overlapping_windows: 0
        time_merge_windows: 0
        time_remove_window: 0
        time_remove_window: 0
        timing_PlanIn:
            total_PlanIn:0
            num_until_goal_expanded:0
            timing_expansions:
                total_S3Exp: 0
                time_top_o: 0
                time_check_in_c: 0
                time_add_parent: 0
                num_neighbors: 0
                time_add_neighbors_to_o: 0
    num_new_collisions: 4
    timing_PIOW_new_collisions:
        total_PIOW: 0.000331633
        num_windows: 12
        time_check_overlap: 5.25e-07
        num_overlapping_windows: 0
        time_merge_windows: 0
        time_remove_window: 0
        time_remove_window: 1.199e-06
        timing_PlanIn:
            total_PlanIn:0.000325901
            num_until_goal_expanded:35
            timing_expansions:
                total_S3Exp: 0.000318532
                time_top_o: 5.044e-06
                time_check_in_c: 6.168e-06
                time_add_parent: 9.818e-06
                num_neighbors: 463
                time_add_neighbors_to_o: 0.000241421
    num_windows_should_quit: 0
    time_should_quit: 7.168e-06
    time_remove_window: 0
Complete!
