Total time: 10.5605
is_optimal: false
optimality_bound: 1.00216
successive_bounds: [1.00378, 1.00324, 1.0027, 1.0027, 1.0027, 1.00216, 1.00216, 1.00216, 1.00216, 1.00216, 1.00216, 1.00216, 1.00216]
successive_runtimes: [0.0094767, 0.0102922, 0.0140358, 0.0205649, 0.0263833, 0.135988, 0.337463, 0.649916, 1.01502, 1.41736, 2.00729, 3.1851, 10.5605]
num_agents: 30
time_individual_plan: 0.00774447
time_first_plan: 0.00105477
num_max_agents_in_window_first_iteration: 2
num_recWAMPF: 13
timing_recWAMPF:
    total_RecWAMPF: 10.552
    num_windows: 92
    num_max_agents_in_window: 5
    timing_gari:
        total_GARI: 5.38083
        time_path_btw_starts: 0.00377497
        Stage1:
            total_Stage1:3.36211
            time_add_x_to_o: 0.861011
            time_clear_x: 0.378676
            timing_AStarSearchUntil:
                total_astar_search_until:2.12241
                num_values_f_less_fmax:17781
                ASU Exp:
                    total_ASUExp:2.12241
                    time_top_o:0.0304624
                    time_check_in_c:0.00789605
                    time_add_parent:0.00661064
                    num_neighbors:3678121
                    time_add_neighbors_to_o:2.05056
        Stage2:
            total_Stage2:0.473102
            num_len_path:99
            time_expanding_s:0.000106016
            timing_AStarSearchUntil:
                total_astar_search_until:0.472935
                num_values_f_less_fmax:1852
                ASU Exp:
                    total_ASUExp:0.472933
                    time_top_o:0.0022589
                    time_check_in_c:0.000630102
                    time_add_parent:0.00130569
                    num_neighbors:729115
                    time_add_neighbors_to_o:0.464519
        Stage3:
            total_Stage3:1.54181
            num_until_goal_expanded:14055
            timing_S3Exp:
                total_S3Exp: 0.851607
                time_top_o: 0.0186636
                time_check_in_c: 0.00490903
                time_add_parent: 0.0084119
                num_neighbors: 1366012
                time_add_neighbors_to_o: 0.795228
    timing_PIOW_overlapping:
        total_PIOW: 0.107894
        num_windows: 181
        time_check_overlap: 9.818e-06
        num_overlapping_windows: 3
        time_merge_windows: 3.958e-06
        time_remove_window: 7.56e-07
        time_remove_window: 3.764e-06
        timing_PlanIn:
            total_PlanIn:0.107864
            num_until_goal_expanded:544
            timing_expansions:
                total_S3Exp: 0.107856
                time_top_o: 0.000367935
                time_check_in_c: 0.000147286
                time_add_parent: 0.000236169
                num_neighbors: 169422
                time_add_neighbors_to_o: 0.100534
    num_new_collisions: 7
    timing_PIOW_new_collisions:
        total_PIOW: 5.06068
        num_windows: 35
        time_check_overlap: 1.985e-06
        num_overlapping_windows: 1
        time_merge_windows: 0
        time_remove_window: 5.50148
        time_remove_window: 2.176e-06
        timing_PlanIn:
            total_PlanIn:5.06066
            num_until_goal_expanded:7897
            timing_expansions:
                total_S3Exp: 5.06064
                time_top_o: 0.014847
                time_check_in_c: 0.00277948
                time_add_parent: 0.0058312
                num_neighbors: 6729735
                time_add_neighbors_to_o: 4.79459
    num_windows_should_quit: 0
    time_should_quit: 5.294e-06
    time_remove_window: 0
Complete!
