Total time: 0.038895
is_optimal: true
optimality_bound: 1
successive_bounds: [1.00396, 1.00308, 1.00308, 1.00308, 1.00308, 1.00308, 1.00308, 1.00308, 1.0022, 1.00088, 1, 1]
successive_runtimes: [0.00654453, 0.0081938, 0.00977445, 0.0113468, 0.0129047, 0.0146018, 0.0162659, 0.0180011, 0.0255181, 0.0358351, 0.038895]
num_agents: 30
time_individual_plan: 0.00443157
time_first_plan: 0.00142728
num_max_agents_in_window_first_iteration: 2
num_recWAMPF: 11
timing_recWAMPF:
    total_RecWAMPF: 0.0337751
    num_windows: 105
    num_max_agents_in_window: 3
    timing_gari:
        total_GARI: 0.0258794
        time_path_btw_starts: 0.000450787
        Stage1:
            total_Stage1:0.00790617
            time_add_x_to_o: 0.00441729
            time_clear_x: 0.00066411
            timing_AStarSearchUntil:
                total_astar_search_until:0.00281848
                num_values_f_less_fmax:2119
                ASU Exp:
                    total_ASUExp:0.00281562
                    time_top_o:0.000518769
                    time_check_in_c:0.000259764
                    time_add_parent:0.000142116
                    num_neighbors:2945
                    time_add_neighbors_to_o:0.00127216
        Stage2:
            total_Stage2:0.00988893
            num_len_path:119
            time_expanding_s:6.3614e-05
            timing_AStarSearchUntil:
                total_astar_search_until:0.00979513
                num_values_f_less_fmax:680
                ASU Exp:
                    total_ASUExp:0.0097925
                    time_top_o:0.000241008
                    time_check_in_c:0.000151283
                    time_add_parent:0.000204951
                    num_neighbors:17182
                    time_add_neighbors_to_o:0.0084138
        Stage3:
            total_Stage3:0.00761649
            num_until_goal_expanded:1027
            timing_S3Exp:
                total_S3Exp: 0.00494631
                time_top_o: 0.000261477
                time_check_in_c: 0.000155381
                time_add_parent: 0.000311551
                num_neighbors: 7163
                time_add_neighbors_to_o: 0.00313141
    timing_PIOW_overlapping:
        total_PIOW: 2.0037e-05
        num_windows: 250
        time_check_overlap: 1.137e-05
        num_overlapping_windows: 0
        time_merge_windows: 0
        time_remove_window: 0
        time_remove_window: 0
        timing_PlanIn:
            total_PlanIn:0
            num_until_goal_expanded:0
            timing_expansions:
                total_S3Exp: 0
                time_top_o: 0
                time_check_in_c: 0
                time_add_parent: 0
                num_neighbors: 0
                time_add_neighbors_to_o: 0
    num_new_collisions: 6
    timing_PIOW_new_collisions:
        total_PIOW: 0.0052283
        num_windows: 29
        time_check_overlap: 1.647e-06
        num_overlapping_windows: 1
        time_merge_windows: 0
        time_remove_window: 0.0317421
        time_remove_window: 4.657e-06
        timing_PlanIn:
            total_PlanIn:0.00521238
            num_until_goal_expanded:138
            timing_expansions:
                total_S3Exp: 0.00519422
                time_top_o: 2.9544e-05
                time_check_in_c: 3.0696e-05
                time_add_parent: 4.445e-05
                num_neighbors: 6965
                time_add_neighbors_to_o: 0.00465224
    num_windows_should_quit: 0
    time_should_quit: 3.829e-06
    time_remove_window: 0
Complete!
