Total time: 58.9734
is_optimal: false
optimality_bound: 1.00523
successive_bounds: [1.01466, 1.0068, 1.0068, 1.00628, 1.00628, 1.00628, 1.00628, 1.00628, 1.00602, 1.00576, 1.00576, 1.00576, 1.00576, 1.00576, 1.00576, 1.00576, 1.00523, 1.00523, 1.00523, 1.00523, 1.00523, 1.00523, 1.00523, 1.00523, 1.00523, 1.00523, 1.00523, 1.00523, 1.00523, 1.00523]
successive_runtimes: [0.0370324, 0.0953362, 0.162034, 0.225116, 0.251713, 0.256023, 0.259883, 0.263571, 0.267047, 0.272615, 4.08284, 4.75063, 5.37809, 5.96914, 6.59172, 7.17656, 7.75094, 8.31469, 8.97006, 9.54106, 10.1204, 10.6965, 11.2709, 11.912, 39.4801, 44.4351, 47.9336, 51.9918, 56.0317, 58.9734]
num_agents: 60
time_individual_plan: 0.016074
time_first_plan: 0.0202217
num_max_agents_in_window_first_iteration: 3
num_recWAMPF: 30
timing_recWAMPF:
    total_RecWAMPF: 58.9565
    num_windows: 248
    num_max_agents_in_window: 4
    timing_gari:
        total_GARI: 27.9983
        time_path_btw_starts: 0.00676087
        Stage1:
            total_Stage1:0.404027
            time_add_x_to_o: 0.269015
            time_clear_x: 0.0596889
            timing_AStarSearchUntil:
                total_astar_search_until:0.075299
                num_values_f_less_fmax:8181
                ASU Exp:
                    total_ASUExp:0.0752886
                    time_top_o:0.00443933
                    time_check_in_c:0.00293002
                    time_add_parent:0.0013605
                    num_neighbors:111533
                    time_add_neighbors_to_o:0.0587513
        Stage2:
            total_Stage2:0.0276502
            num_len_path:178
            time_expanding_s:0.00100125
            timing_AStarSearchUntil:
                total_astar_search_until:0.0264531
                num_values_f_less_fmax:284
                ASU Exp:
                    total_ASUExp:0.0264462
                    time_top_o:0.000199172
                    time_check_in_c:0.000118569
                    time_add_parent:0.00112825
                    num_neighbors:29364
                    time_add_neighbors_to_o:0.0193443
        Stage3:
            total_Stage3:27.5594
            num_until_goal_expanded:6927
            timing_S3Exp:
                total_S3Exp: 0.264881
                time_top_o: 0.00341761
                time_check_in_c: 0.00145544
                time_add_parent: 0.00299034
                num_neighbors: 189841
                time_add_neighbors_to_o: 0.167298
    timing_PIOW_overlapping:
        total_PIOW: 0.0280494
        num_windows: 942
        time_check_overlap: 5.8654e-05
        num_overlapping_windows: 12
        time_merge_windows: 2.3658e-05
        time_remove_window: 3.548e-06
        time_remove_window: 2.2479e-05
        timing_PlanIn:
            total_PlanIn:0.0279037
            num_until_goal_expanded:1050
            timing_expansions:
                total_S3Exp: 0.0278681
                time_top_o: 0.000287607
                time_check_in_c: 0.0002405
                time_add_parent: 0.000362243
                num_neighbors: 37587
                time_add_neighbors_to_o: 0.0238195
    num_new_collisions: 22
    timing_PIOW_new_collisions:
        total_PIOW: 30.9016
        num_windows: 342
        time_check_overlap: 1.6063e-05
        num_overlapping_windows: 7
        time_merge_windows: 0
        time_remove_window: 12.822
        time_remove_window: 1.568e-05
        timing_PlanIn:
            total_PlanIn:30.9015
            num_until_goal_expanded:63768
            timing_expansions:
                total_S3Exp: 30.9014
                time_top_o: 0.105354
                time_check_in_c: 0.0364228
                time_add_parent: 0.0609105
                num_neighbors: 29777920
                time_add_neighbors_to_o: 29.5346
    num_windows_should_quit: 1
    time_should_quit: 4.058e-05
    time_remove_window: 3.21e-07
Complete!
