Total time: 0.169997
is_optimal: false
optimality_bound: 1.00372
successive_bounds: [1.00526, 1.00526, 1.00526, 1.00434, 1.00434, 1.00434, 1.00434, 1.00372, 1.00372, 1.00372, 1.00372, 1.00372, 1.00372, 1.00372, 1.00372, 1.00372, 1.00372, 1.00372, 1.00372, 1.00372, 1.00372, 1.00372, 1.00372, 1.00372, 1.00372, 1.00372, 1.00372, 1.00372]
successive_runtimes: [0.0112684, 0.0147748, 0.0189912, 0.0259198, 0.0275015, 0.0286831, 0.0297808, 0.0325461, 0.0337717, 0.0349069, 0.0360151, 0.0371288, 0.0539202, 0.0714391, 0.0773502, 0.082485, 0.0876738, 0.0937514, 0.103674, 0.111344, 0.11857, 0.125655, 0.132768, 0.139958, 0.14717, 0.154356, 0.162919, 0.169997]
num_agents: 50
time_individual_plan: 0.00666026
time_first_plan: 0.00386154
num_max_agents_in_window_first_iteration: 2
num_recWAMPF: 28
timing_recWAMPF:
    total_RecWAMPF: 0.162583
    num_windows: 96
    num_max_agents_in_window: 4
    timing_gari:
        total_GARI: 0.123472
        time_path_btw_starts: 0.000232884
        Stage1:
            total_Stage1:0.0205989
            time_add_x_to_o: 0.0165912
            time_clear_x: 0.00281697
            timing_AStarSearchUntil:
                total_astar_search_until:0.00118442
                num_values_f_less_fmax:730
                ASU Exp:
                    total_ASUExp:0.00118147
                    time_top_o:0.000178624
                    time_check_in_c:0.000128457
                    time_add_parent:3.6268e-05
                    num_neighbors:1274
                    time_add_neighbors_to_o:0.000541516
        Stage2:
            total_Stage2:0.00605345
            num_len_path:65
            time_expanding_s:3.6667e-05
            timing_AStarSearchUntil:
                total_astar_search_until:0.00597642
                num_values_f_less_fmax:110
                ASU Exp:
                    total_ASUExp:0.00597413
                    time_top_o:3.6278e-05
                    time_check_in_c:5.376e-05
                    time_add_parent:4.6833e-05
                    num_neighbors:12289
                    time_add_neighbors_to_o:0.00524144
        Stage3:
            total_Stage3:0.0965642
            num_until_goal_expanded:906
            timing_S3Exp:
                total_S3Exp: 0.0312892
                time_top_o: 0.000265122
                time_check_in_c: 0.000163952
                time_add_parent: 0.000317257
                num_neighbors: 36501
                time_add_neighbors_to_o: 0.0288232
    timing_PIOW_overlapping:
        total_PIOW: 0.0062281
        num_windows: 240
        time_check_overlap: 7.378e-06
        num_overlapping_windows: 8
        time_merge_windows: 7.653e-06
        time_remove_window: 1.523e-06
        time_remove_window: 7.159e-06
        timing_PlanIn:
            total_PlanIn:0.00619358
            num_until_goal_expanded:304
            timing_expansions:
                total_S3Exp: 0.00617542
                time_top_o: 6.1044e-05
                time_check_in_c: 6.6271e-05
                time_add_parent: 9.2191e-05
                num_neighbors: 7788
                time_add_neighbors_to_o: 0.00524512
    num_new_collisions: 10
    timing_PIOW_new_collisions:
        total_PIOW: 0.017169
        num_windows: 73
        time_check_overlap: 3.132e-06
        num_overlapping_windows: 1
        time_merge_windows: 0
        time_remove_window: 0.0385271
        time_remove_window: 6.602e-06
        timing_PlanIn:
            total_PlanIn:0.0171329
            num_until_goal_expanded:233
            timing_expansions:
                total_S3Exp: 0.0171121
                time_top_o: 4.6655e-05
                time_check_in_c: 5.0275e-05
                time_add_parent: 7.642e-05
                num_neighbors: 22875
                time_add_neighbors_to_o: 0.0158612
    num_windows_should_quit: 0
    time_should_quit: 5.28e-06
    time_remove_window: 0
Complete!
