Total time: 0.15202
is_optimal: false
optimality_bound: 1.00335
successive_bounds: [1.00484, 1.00484, 1.0041, 1.00335, 1.00335, 1.00335, 1.00335, 1.00335, 1.0041, 1.00335, 1.00335]
successive_runtimes: [0.00989109, 0.0137134, 0.0181427, 0.0245658, 0.0339895, 0.0460478, 0.0578112, 0.0820277, 0.105381, 0.129747, 0.15202]
num_agents: 40
time_individual_plan: 0.00531733
time_first_plan: 0.00403725
num_max_agents_in_window_first_iteration: 3
num_recWAMPF: 11
timing_recWAMPF:
    total_RecWAMPF: 0.146163
    num_windows: 189
    num_max_agents_in_window: 3
    timing_gari:
        total_GARI: 0.131019
        time_path_btw_starts: 0.000644537
        Stage1:
            total_Stage1:0.0679875
            time_add_x_to_o: 0.028782
            time_clear_x: 0.00399122
            timing_AStarSearchUntil:
                total_astar_search_until:0.0352038
                num_values_f_less_fmax:8624
                ASU Exp:
                    total_ASUExp:0.0351996
                    time_top_o:0.0024071
                    time_check_in_c:0.00174382
                    time_add_parent:0.00193071
                    num_neighbors:68484
                    time_add_neighbors_to_o:0.0261319
        Stage2:
            total_Stage2:0.00684583
            num_len_path:176
            time_expanding_s:0.000100751
            timing_AStarSearchUntil:
                total_astar_search_until:0.00668611
                num_values_f_less_fmax:292
                ASU Exp:
                    total_ASUExp:0.00668223
                    time_top_o:7.9649e-05
                    time_check_in_c:7.7154e-05
                    time_add_parent:8.7576e-05
                    num_neighbors:15320
                    time_add_neighbors_to_o:0.00606407
        Stage3:
            total_Stage3:0.0555076
            num_until_goal_expanded:4759
            timing_S3Exp:
                total_S3Exp: 0.0435852
                time_top_o: 0.00131912
                time_check_in_c: 0.000721504
                time_add_parent: 0.00144767
                num_neighbors: 86978
                time_add_neighbors_to_o: 0.0353256
    timing_PIOW_overlapping:
        total_PIOW: 4.4852e-05
        num_windows: 810
        time_check_overlap: 2.6551e-05
        num_overlapping_windows: 0
        time_merge_windows: 0
        time_remove_window: 0
        time_remove_window: 0
        timing_PlanIn:
            total_PlanIn:0
            num_until_goal_expanded:0
            timing_expansions:
                total_S3Exp: 0
                time_top_o: 0
                time_check_in_c: 0
                time_add_parent: 0
                num_neighbors: 0
                time_add_neighbors_to_o: 0
    num_new_collisions: 12
    timing_PIOW_new_collisions:
        total_PIOW: 0.00858158
        num_windows: 142
        time_check_overlap: 5.167e-06
        num_overlapping_windows: 3
        time_merge_windows: 0
        time_remove_window: 0.214171
        time_remove_window: 4.107e-06
        timing_PlanIn:
            total_PlanIn:0.00855529
            num_until_goal_expanded:430
            timing_expansions:
                total_S3Exp: 0.00853134
                time_top_o: 7.7991e-05
                time_check_in_c: 8.091e-05
                time_add_parent: 0.000115038
                num_neighbors: 14381
                time_add_neighbors_to_o: 0.00729097
    num_windows_should_quit: 0
    time_should_quit: 8.059e-06
    time_remove_window: 0
Complete!
