Total time: 0.107562
is_optimal: true
optimality_bound: 1
successive_bounds: [1.00184, 1.00147, 1.00147, 1.00147, 1.00147, 1.00147, 1.00147, 1.00147, 1.00147, 1.00147, 1.00147, 1.00147, 1.00147, 1.00147, 1.00147, 1.00147, 1.00074, 1.00074, 1, 1]
successive_runtimes: [0.00868194, 0.0104806, 0.0124552, 0.0147712, 0.0191234, 0.0228768, 0.0267309, 0.0311905, 0.0366853, 0.0426652, 0.0486586, 0.0548641, 0.0613062, 0.0680871, 0.0758969, 0.0836645, 0.0920948, 0.0963167, 0.107562]
num_agents: 40
time_individual_plan: 0.00573064
time_first_plan: 0.00241724
num_max_agents_in_window_first_iteration: 2
num_recWAMPF: 19
timing_recWAMPF:
    total_RecWAMPF: 0.101293
    num_windows: 222
    num_max_agents_in_window: 3
    timing_gari:
        total_GARI: 0.0841926
        time_path_btw_starts: 0.000537972
        Stage1:
            total_Stage1:0.0425948
            time_add_x_to_o: 0.0163042
            time_clear_x: 0.00234298
            timing_AStarSearchUntil:
                total_astar_search_until:0.0239352
                num_values_f_less_fmax:10815
                ASU Exp:
                    total_ASUExp:0.0239299
                    time_top_o:0.00293246
                    time_check_in_c:0.00168052
                    time_add_parent:0.00119831
                    num_neighbors:38437
                    time_add_neighbors_to_o:0.0140567
        Stage2:
            total_Stage2:0.00891596
            num_len_path:235
            time_expanding_s:0.00011709
            timing_AStarSearchUntil:
                total_astar_search_until:0.00873676
                num_values_f_less_fmax:644
                ASU Exp:
                    total_ASUExp:0.00873233
                    time_top_o:0.000173445
                    time_check_in_c:0.000130948
                    time_add_parent:0.000272147
                    num_neighbors:19180
                    time_add_neighbors_to_o:0.00742979
        Stage3:
            total_Stage3:0.0321028
            num_until_goal_expanded:4014
            timing_S3Exp:
                total_S3Exp: 0.0195331
                time_top_o: 0.00102738
                time_check_in_c: 0.000628008
                time_add_parent: 0.00114772
                num_neighbors: 28993
                time_add_neighbors_to_o: 0.0122539
    timing_PIOW_overlapping:
        total_PIOW: 3.9965e-05
        num_windows: 648
        time_check_overlap: 2.3821e-05
        num_overlapping_windows: 0
        time_merge_windows: 0
        time_remove_window: 0
        time_remove_window: 0
        timing_PlanIn:
            total_PlanIn:0
            num_until_goal_expanded:0
            timing_expansions:
                total_S3Exp: 0
                time_top_o: 0
                time_check_in_c: 0
                time_add_parent: 0
                num_neighbors: 0
                time_add_neighbors_to_o: 0
    num_new_collisions: 8
    timing_PIOW_new_collisions:
        total_PIOW: 0.00708197
        num_windows: 57
        time_check_overlap: 2.27e-06
        num_overlapping_windows: 2
        time_merge_windows: 0
        time_remove_window: 0.120703
        time_remove_window: 2.143e-06
        timing_PlanIn:
            total_PlanIn:0.00706671
            num_until_goal_expanded:304
            timing_expansions:
                total_S3Exp: 0.0070512
                time_top_o: 5.9304e-05
                time_check_in_c: 5.5211e-05
                time_add_parent: 8.5057e-05
                num_neighbors: 11554
                time_add_neighbors_to_o: 0.0061297
    num_windows_should_quit: 0
    time_should_quit: 7.713e-06
    time_remove_window: 0
Complete!
