Total time: 5.83901
is_optimal: false
optimality_bound: 1.00071
successive_bounds: [1.00566, 1.00496, 1.00283, 1.00283, 1.00212, 1.00071, 1.00071, 1.00071, 1.00071, 1.00071, 1.00071, 1.00071, 1.00071]
successive_runtimes: [0.0122439, 0.628757, 1.09323, 1.2915, 1.52432, 1.69775, 2.1462, 2.52144, 2.81971, 3.445, 4.05152, 4.82216, 5.83901]
num_agents: 40
time_individual_plan: 0.00794059
time_first_plan: 0.00377116
num_max_agents_in_window_first_iteration: 3
num_recWAMPF: 13
timing_recWAMPF:
    total_RecWAMPF: 5.83053
    num_windows: 134
    num_max_agents_in_window: 4
    timing_gari:
        total_GARI: 5.19553
        time_path_btw_starts: 0.00570096
        Stage1:
            total_Stage1:2.30306
            time_add_x_to_o: 0.30976
            time_clear_x: 0.0661729
            timing_AStarSearchUntil:
                total_astar_search_until:1.92711
                num_values_f_less_fmax:42415
                ASU Exp:
                    total_ASUExp:1.9271
                    time_top_o:0.0420738
                    time_check_in_c:0.0165485
                    time_add_parent:0.0220978
                    num_neighbors:3412896
                    time_add_neighbors_to_o:1.78609
        Stage2:
            total_Stage2:0.883996
            num_len_path:146
            time_expanding_s:0.000516724
            timing_AStarSearchUntil:
                total_astar_search_until:0.883405
                num_values_f_less_fmax:17353
                ASU Exp:
                    total_ASUExp:0.883402
                    time_top_o:0.0153811
                    time_check_in_c:0.00292086
                    time_add_parent:0.00745036
                    num_neighbors:1737895
                    time_add_neighbors_to_o:0.832926
        Stage3:
            total_Stage3:2.00274
            num_until_goal_expanded:4378
            timing_S3Exp:
                total_S3Exp: 0.163237
                time_top_o: 0.00302302
                time_check_in_c: 0.000733424
                time_add_parent: 0.00163998
                num_neighbors: 307671
                time_add_neighbors_to_o: 0.151463
    timing_PIOW_overlapping:
        total_PIOW: 0.020932
        num_windows: 350
        time_check_overlap: 2.4187e-05
        num_overlapping_windows: 1
        time_merge_windows: 2.587e-06
        time_remove_window: 4.8e-07
        time_remove_window: 2.534e-06
        timing_PlanIn:
            total_PlanIn:0.0208927
            num_until_goal_expanded:138
            timing_expansions:
                total_S3Exp: 0.0208899
                time_top_o: 3.9275e-05
                time_check_in_c: 2.912e-05
                time_add_parent: 4.2117e-05
                num_neighbors: 38559
                time_add_neighbors_to_o: 0.0195461
    num_new_collisions: 8
    timing_PIOW_new_collisions:
        total_PIOW: 0.606947
        num_windows: 51
        time_check_overlap: 2.404e-06
        num_overlapping_windows: 2
        time_merge_windows: 0
        time_remove_window: 0.0332833
        time_remove_window: 3.099e-06
        timing_PlanIn:
            total_PlanIn:0.60693
            num_until_goal_expanded:14167
            timing_expansions:
                total_S3Exp: 0.606912
                time_top_o: 0.0126234
                time_check_in_c: 0.00348366
                time_add_parent: 0.0063547
                num_neighbors: 1287732
                time_add_neighbors_to_o: 0.534215
    num_windows_should_quit: 0
    time_should_quit: 1.1641e-05
    time_remove_window: 0
Complete!
