Total time: 3.62409
is_optimal: true
optimality_bound: 1
successive_bounds: [1.00256, 1.00256, 1.00256, 1.00256, 1.00256, 1.00256, 1.00256, 1.00256, 1.00256, 1.00256, 1.00256, 1.00256, 1.00256, 1.00256, 1.00256, 1.00256, 1.00256, 1.00256, 1.00256, 1.00256, 1.00256, 1.00256, 1.00256, 1.00256, 1, 1]
successive_runtimes: [0.00303055, 0.00389206, 0.00481184, 0.0060662, 0.00751489, 0.00892698, 0.0104339, 0.0121907, 0.013947, 0.0183389, 0.0244687, 0.0306963, 0.0358259, 0.055959, 0.117208, 0.215398, 0.340415, 0.510106, 0.752459, 1.14387, 1.64225, 2.12285, 2.56937, 3.05825, 3.62409]
num_agents: 10
time_individual_plan: 0.00218064
time_first_plan: 0.000319481
num_max_agents_in_window_first_iteration: 2
num_recWAMPF: 25
timing_recWAMPF:
    total_RecWAMPF: 3.62138
    num_windows: 49
    num_max_agents_in_window: 3
    timing_gari:
        total_GARI: 3.60481
        time_path_btw_starts: 0.000727576
        Stage1:
            total_Stage1:2.79394
            time_add_x_to_o: 0.706349
            time_clear_x: 0.315077
            timing_AStarSearchUntil:
                total_astar_search_until:1.77251
                num_values_f_less_fmax:66705
                ASU Exp:
                    total_ASUExp:1.7725
                    time_top_o:0.0629208
                    time_check_in_c:0.0245476
                    time_add_parent:0.0436419
                    num_neighbors:3352142
                    time_add_neighbors_to_o:1.53221
        Stage2:
            total_Stage2:0.00372112
            num_len_path:43
            time_expanding_s:2.9721e-05
            timing_AStarSearchUntil:
                total_astar_search_until:0.00366295
                num_values_f_less_fmax:214
                ASU Exp:
                    total_ASUExp:0.00366178
                    time_top_o:6.1236e-05
                    time_check_in_c:4.1971e-05
                    time_add_parent:0.000227207
                    num_neighbors:7305
                    time_add_neighbors_to_o:0.00310515
        Stage3:
            total_Stage3:0.80641
            num_until_goal_expanded:10927
            timing_S3Exp:
                total_S3Exp: 0.169432
                time_top_o: 0.00577391
                time_check_in_c: 0.00275351
                time_add_parent: 0.00582686
                num_neighbors: 266138
                time_add_neighbors_to_o: 0.12758
    timing_PIOW_overlapping:
        total_PIOW: 9.53e-07
        num_windows: 24
        time_check_overlap: 0
        num_overlapping_windows: 0
        time_merge_windows: 0
        time_remove_window: 0
        time_remove_window: 0
        timing_PlanIn:
            total_PlanIn:0
            num_until_goal_expanded:0
            timing_expansions:
                total_S3Exp: 0
                time_top_o: 0
                time_check_in_c: 0
                time_add_parent: 0
                num_neighbors: 0
                time_add_neighbors_to_o: 0
    num_new_collisions: 2
    timing_PIOW_new_collisions:
        total_PIOW: 0.0158767
        num_windows: 1
        time_check_overlap: 1.75e-07
        num_overlapping_windows: 1
        time_merge_windows: 0
        time_remove_window: 0.0408991
        time_remove_window: 4.72e-07
        timing_PlanIn:
            total_PlanIn:0.0158725
            num_until_goal_expanded:366
            timing_expansions:
                total_S3Exp: 0.0158657
                time_top_o: 7.8628e-05
                time_check_in_c: 6.3153e-05
                time_add_parent: 9.5533e-05
                num_neighbors: 33388
                time_add_neighbors_to_o: 0.0142985
    num_windows_should_quit: 0
    time_should_quit: 1.997e-06
    time_remove_window: 0
Complete!
