Total time: 0.00658369
is_optimal: true
optimality_bound: 1
successive_bounds: [1.00152, 1.00152, 1.00152, 1.00152, 1.00152, 1.00152, 1.00152, 1.00152, 1.00152, 1.00152, 1.00152, 1.00152, 1.00152, 1.00152, 1.00152, 1.00152, 1.00152, 1.00152, 1, 1]
successive_runtimes: [0.00290866, 0.00310851, 0.00330095, 0.0034954, 0.00369615, 0.00390182, 0.00410578, 0.00431514, 0.00452725, 0.00471045, 0.00490675, 0.00507214, 0.00523396, 0.00539902, 0.0055665, 0.00573458, 0.00592403, 0.00609409, 0.00658366]
num_agents: 20
time_individual_plan: 0.0021484
time_first_plan: 0.000239269
num_max_agents_in_window_first_iteration: 2
num_recWAMPF: 19
timing_recWAMPF:
    total_RecWAMPF: 0.00391175
    num_windows: 37
    num_max_agents_in_window: 2
    timing_gari:
        total_GARI: 0.00211416
        time_path_btw_starts: 6.1007e-05
        Stage1:
            total_Stage1:0.000174414
            time_add_x_to_o: 0.000154808
            time_clear_x: 1.61e-05
            timing_AStarSearchUntil:
                total_astar_search_until:1.653e-06
                num_values_f_less_fmax:0
                ASU Exp:
                    total_ASUExp:7.69e-07
                    time_top_o:0
                    time_check_in_c:0
                    time_add_parent:0
                    num_neighbors:0
                    time_add_neighbors_to_o:0
        Stage2:
            total_Stage2:0.000520667
            num_len_path:26
            time_expanding_s:1.1523e-05
            timing_AStarSearchUntil:
                total_astar_search_until:0.000500058
                num_values_f_less_fmax:42
                ASU Exp:
                    total_ASUExp:0.00049931
                    time_top_o:1.0533e-05
                    time_check_in_c:8.049e-06
                    time_add_parent:1.3357e-05
                    num_neighbors:1050
                    time_add_neighbors_to_o:0.000416364
        Stage3:
            total_Stage3:0.00135278
            num_until_goal_expanded:87
            timing_S3Exp:
                total_S3Exp: 0.000772426
                time_top_o: 1.6701e-05
                time_check_in_c: 1.1813e-05
                time_add_parent: 1.9125e-05
                num_neighbors: 1106
                time_add_neighbors_to_o: 0.000578493
    timing_PIOW_overlapping:
        total_PIOW: 4.19e-07
        num_windows: 18
        time_check_overlap: 0
        num_overlapping_windows: 0
        time_merge_windows: 0
        time_remove_window: 0
        time_remove_window: 0
        timing_PlanIn:
            total_PlanIn:0
            num_until_goal_expanded:0
            timing_expansions:
                total_S3Exp: 0
                time_top_o: 0
                time_check_in_c: 0
                time_add_parent: 0
                num_neighbors: 0
                time_add_neighbors_to_o: 0
    num_new_collisions: 1
    timing_PIOW_new_collisions:
        total_PIOW: 0.000144135
        num_windows: 0
        time_check_overlap: 0
        num_overlapping_windows: 0
        time_merge_windows: 0
        time_remove_window: 0
        time_remove_window: 2.97e-07
        timing_PlanIn:
            total_PlanIn:0.000142264
            num_until_goal_expanded:10
            timing_expansions:
                total_S3Exp: 0.000139257
                time_top_o: 2.157e-06
                time_check_in_c: 2.329e-06
                time_add_parent: 3.315e-06
                num_neighbors: 210
                time_add_neighbors_to_o: 0.000112735
    num_windows_should_quit: 0
    time_should_quit: 1.046e-06
    time_remove_window: 0
Complete!
