Total time: 1.38676
is_optimal: true
optimality_bound: 1
successive_bounds: [1.00487, 1.00373, 1.00373, 1.00373, 1.00315, 1.00315, 1.00201, 1.00201, 1.00201, 1.00201, 1.00172, 1.00172, 1.00172, 1.00115, 1.00115, 1.00115, 1.00115, 1.00115, 1.00115, 1.00115, 1.00057, 1, 1]
successive_runtimes: [0.0162084, 0.0218513, 0.0271464, 0.0472402, 0.0852313, 0.110892, 0.123022, 0.137227, 0.231249, 0.282398, 0.485793, 0.594816, 0.695269, 0.790175, 0.856947, 0.940194, 1.02007, 1.09027, 1.16194, 1.23229, 1.31049, 1.38676]
num_agents: 50
time_individual_plan: 0.00865969
time_first_plan: 0.00702328
num_max_agents_in_window_first_iteration: 3
num_recWAMPF: 22
timing_recWAMPF:
    total_RecWAMPF: 1.37757
    num_windows: 377
    num_max_agents_in_window: 5
    timing_gari:
        total_GARI: 1.26209
        time_path_btw_starts: 0.00660893
        Stage1:
            total_Stage1:0.219654
            time_add_x_to_o: 0.107934
            time_clear_x: 0.0209886
            timing_AStarSearchUntil:
                total_astar_search_until:0.0906912
                num_values_f_less_fmax:23881
                ASU Exp:
                    total_ASUExp:0.0906808
                    time_top_o:0.00784047
                    time_check_in_c:0.00458254
                    time_add_parent:0.004541
                    num_neighbors:158385
                    time_add_neighbors_to_o:0.0639308
        Stage2:
            total_Stage2:0.0313611
            num_len_path:343
            time_expanding_s:0.000610434
            timing_AStarSearchUntil:
                total_astar_search_until:0.030542
                num_values_f_less_fmax:719
                ASU Exp:
                    total_ASUExp:0.0305341
                    time_top_o:0.000244124
                    time_check_in_c:0.000170953
                    time_add_parent:0.000220868
                    num_neighbors:60952
                    time_add_neighbors_to_o:0.0287039
        Stage3:
            total_Stage3:1.00425
            num_until_goal_expanded:13695
            timing_S3Exp:
                total_S3Exp: 0.389084
                time_top_o: 0.00450036
                time_check_in_c: 0.00217403
                time_add_parent: 0.00459755
                num_neighbors: 588495
                time_add_neighbors_to_o: 0.355683
    timing_PIOW_overlapping:
        total_PIOW: 0.0162451
        num_windows: 1658
        time_check_overlap: 7.8831e-05
        num_overlapping_windows: 2
        time_merge_windows: 3.276e-06
        time_remove_window: 5.72e-07
        time_remove_window: 3.175e-06
        timing_PlanIn:
            total_PlanIn:0.01612
            num_until_goal_expanded:291
            timing_expansions:
                total_S3Exp: 0.0161155
                time_top_o: 9.4965e-05
                time_check_in_c: 5.2848e-05
                time_add_parent: 7.6204e-05
                num_neighbors: 32606
                time_add_neighbors_to_o: 0.0146471
    num_new_collisions: 13
    timing_PIOW_new_collisions:
        total_PIOW: 0.0809347
        num_windows: 142
        time_check_overlap: 5.415e-06
        num_overlapping_windows: 3
        time_merge_windows: 0
        time_remove_window: 0.324226
        time_remove_window: 5.386e-06
        timing_PlanIn:
            total_PlanIn:0.0809047
            num_until_goal_expanded:380
            timing_expansions:
                total_S3Exp: 0.0808717
                time_top_o: 8.222e-05
                time_check_in_c: 7.0867e-05
                time_add_parent: 0.000103083
                num_neighbors: 92488
                time_add_neighbors_to_o: 0.0777089
    num_windows_should_quit: 0
    time_should_quit: 2.6526e-05
    time_remove_window: 0
Complete!
