Total time: 0.274337
is_optimal: false
optimality_bound: 1.00159
successive_bounds: [1.00238, 1.00238, 1.00238, 1.00238, 1.00238, 1.00238, 1.00238, 1.00238, 1.00238, 1.00238, 1.00159, 1.00159, 1.00159, 1.00159, 1.00159, 1.00159, 1.00159, 1.00159, 1.00159, 1.00159, 1.00159, 1.00159]
successive_runtimes: [0.0131414, 0.0331024, 0.0457818, 0.0593427, 0.0721718, 0.0878068, 0.104357, 0.117306, 0.132002, 0.143222, 0.180249, 0.202078, 0.208224, 0.216289, 0.222323, 0.230207, 0.234858, 0.239636, 0.244889, 0.259654, 0.266245, 0.274337]
num_agents: 40
time_individual_plan: 0.00929495
time_first_plan: 0.00274976
num_max_agents_in_window_first_iteration: 2
num_recWAMPF: 22
timing_recWAMPF:
    total_RecWAMPF: 0.263922
    num_windows: 49
    num_max_agents_in_window: 4
    timing_gari:
        total_GARI: 0.210208
        time_path_btw_starts: 0.000221412
        Stage1:
            total_Stage1:0.0641212
            time_add_x_to_o: 0.0438965
            time_clear_x: 0.00871344
            timing_AStarSearchUntil:
                total_astar_search_until:0.0115027
                num_values_f_less_fmax:491
                ASU Exp:
                    total_ASUExp:0.0114992
                    time_top_o:0.000612003
                    time_check_in_c:0.000381407
                    time_add_parent:8.2145e-05
                    num_neighbors:12953
                    time_add_neighbors_to_o:0.0098564
        Stage2:
            total_Stage2:0.0141084
            num_len_path:29
            time_expanding_s:4.2225e-05
            timing_AStarSearchUntil:
                total_astar_search_until:0.0140219
                num_values_f_less_fmax:76
                ASU Exp:
                    total_ASUExp:0.0140201
                    time_top_o:0.000111889
                    time_check_in_c:4.3155e-05
                    time_add_parent:7.8213e-05
                    num_neighbors:15078
                    time_add_neighbors_to_o:0.0126444
        Stage3:
            total_Stage3:0.131732
            num_until_goal_expanded:569
            timing_S3Exp:
                total_S3Exp: 0.0452557
                time_top_o: 0.000532157
                time_check_in_c: 0.000238438
                time_add_parent: 0.000675718
                num_neighbors: 40369
                time_add_neighbors_to_o: 0.0414761
    timing_PIOW_overlapping:
        total_PIOW: 0.0190635
        num_windows: 47
        time_check_overlap: 1.433e-06
        num_overlapping_windows: 5
        time_merge_windows: 1.2361e-05
        time_remove_window: 2.154e-06
        time_remove_window: 1.1976e-05
        timing_PlanIn:
            total_PlanIn:0.0190287
            num_until_goal_expanded:193
            timing_expansions:
                total_S3Exp: 0.0190102
                time_top_o: 0.000170874
                time_check_in_c: 8.383e-05
                time_add_parent: 0.000130858
                num_neighbors: 17485
                time_add_neighbors_to_o: 0.0170768
    num_new_collisions: 7
    timing_PIOW_new_collisions:
        total_PIOW: 0.0228905
        num_windows: 31
        time_check_overlap: 4.351e-06
        num_overlapping_windows: 1
        time_merge_windows: 0
        time_remove_window: 0.159885
        time_remove_window: 7.931e-06
        timing_PlanIn:
            total_PlanIn:0.0228433
            num_until_goal_expanded:121
            timing_expansions:
                total_S3Exp: 0.0228068
                time_top_o: 8.0683e-05
                time_check_in_c: 6.751e-05
                time_add_parent: 0.000135826
                num_neighbors: 17600
                time_add_neighbors_to_o: 0.0208985
    num_windows_should_quit: 0
    time_should_quit: 7.486e-06
    time_remove_window: 0
Complete!
