Total time: 59.0405
is_optimal: false
optimality_bound: 1.00206
successive_bounds: [1.0175, 1.00643, 1.00643, 1.00437, 1.00386, 1.0036, 1.00309, 1.00309, 1.00283, 1.00283, 1.00283, 1.00283, 1.00283, 1.00206, 1.00206, 1.00206]
successive_runtimes: [0.0283935, 0.0606189, 0.083276, 0.0937472, 0.104871, 0.240635, 0.6826, 1.45822, 3.33914, 6.49617, 10.5036, 15.1883, 23.2126, 32.7837, 45.3073, 59.0405]
num_agents: 50
time_individual_plan: 0.016589
time_first_plan: 0.010858
num_max_agents_in_window_first_iteration: 2
num_recWAMPF: 16
timing_recWAMPF:
    total_RecWAMPF: 59.023
    num_windows: 296
    num_max_agents_in_window: 4
    timing_gari:
        total_GARI: 58.2552
        time_path_btw_starts: 0.0053719
        Stage1:
            total_Stage1:41.1776
            time_add_x_to_o: 8.2768
            time_clear_x: 3.79975
            timing_AStarSearchUntil:
                total_astar_search_until:29.101
                num_values_f_less_fmax:128549
                ASU Exp:
                    total_ASUExp:29.101
                    time_top_o:0.321208
                    time_check_in_c:0.155573
                    time_add_parent:0.178068
                    num_neighbors:33722999
                    time_add_neighbors_to_o:28.1504
        Stage2:
            total_Stage2:0.0869249
            num_len_path:315
            time_expanding_s:0.00206122
            timing_AStarSearchUntil:
                total_astar_search_until:0.08466
                num_values_f_less_fmax:1147
                ASU Exp:
                    total_ASUExp:0.0846522
                    time_top_o:0.000684496
                    time_check_in_c:0.000362579
                    time_add_parent:0.000776827
                    num_neighbors:121272
                    time_add_neighbors_to_o:0.0800833
        Stage3:
            total_Stage3:16.9848
            num_until_goal_expanded:16962
            timing_S3Exp:
                total_S3Exp: 6.32128
                time_top_o: 0.0544
                time_check_in_c: 0.00920846
                time_add_parent: 0.0121045
                num_neighbors: 7282601
                time_add_neighbors_to_o: 6.18071
    timing_PIOW_overlapping:
        total_PIOW: 0.0299448
        num_windows: 1736
        time_check_overlap: 0.000100579
        num_overlapping_windows: 9
        time_merge_windows: 1.5899e-05
        time_remove_window: 2.805e-06
        time_remove_window: 1.5303e-05
        timing_PlanIn:
            total_PlanIn:0.0297441
            num_until_goal_expanded:697
            timing_expansions:
                total_S3Exp: 0.0297172
                time_top_o: 0.00022498
                time_check_in_c: 0.000170126
                time_add_parent: 0.000251955
                num_neighbors: 41942
                time_add_neighbors_to_o: 0.026247
    num_new_collisions: 21
    timing_PIOW_new_collisions:
        total_PIOW: 0.722819
        num_windows: 331
        time_check_overlap: 1.8455e-05
        num_overlapping_windows: 6
        time_merge_windows: 0
        time_remove_window: 70.7598
        time_remove_window: 1.0436e-05
        timing_PlanIn:
            total_PlanIn:0.722716
            num_until_goal_expanded:2252
            timing_expansions:
                total_S3Exp: 0.72261
                time_top_o: 0.00217147
                time_check_in_c: 0.000692788
                time_add_parent: 0.00132663
                num_neighbors: 787598
                time_add_neighbors_to_o: 0.685909
    num_windows_should_quit: 0
    time_should_quit: 2.9754e-05
    time_remove_window: 0
Complete!
