Total time: 3.02512
is_optimal: false
optimality_bound: 1.00087
successive_bounds: [1.00611, 1.00552, 1.00262, 1.00262, 1.00233, 1.00233, 1.00204, 1.00204, 1.00204, 1.00087, 1.00087]
successive_runtimes: [0.0185714, 0.0313132, 2.17831, 2.24581, 2.33703, 2.43978, 2.55893, 2.67018, 2.77686, 2.89599, 3.02512]
num_agents: 50
time_individual_plan: 0.00903761
time_first_plan: 0.00884123
num_max_agents_in_window_first_iteration: 3
num_recWAMPF: 11
timing_recWAMPF:
    total_RecWAMPF: 3.01538
    num_windows: 204
    num_max_agents_in_window: 4
    timing_gari:
        total_GARI: 0.863757
        time_path_btw_starts: 0.00179305
        Stage1:
            total_Stage1:0.387062
            time_add_x_to_o: 0.156489
            time_clear_x: 0.0625999
            timing_AStarSearchUntil:
                total_astar_search_until:0.167954
                num_values_f_less_fmax:8384
                ASU Exp:
                    total_ASUExp:0.167946
                    time_top_o:0.00539096
                    time_check_in_c:0.00522862
                    time_add_parent:0.00921239
                    num_neighbors:217546
                    time_add_neighbors_to_o:0.130405
        Stage2:
            total_Stage2:0.0299444
            num_len_path:209
            time_expanding_s:0.000165631
            timing_AStarSearchUntil:
                total_astar_search_until:0.0296578
                num_values_f_less_fmax:1407
                ASU Exp:
                    total_ASUExp:0.0296523
                    time_top_o:0.000557015
                    time_check_in_c:0.000353344
                    time_add_parent:0.000505549
                    num_neighbors:45666
                    time_add_neighbors_to_o:0.0263071
        Stage3:
            total_Stage3:0.441584
            num_until_goal_expanded:5900
            timing_S3Exp:
                total_S3Exp: 0.344827
                time_top_o: 0.00407263
                time_check_in_c: 0.00176335
                time_add_parent: 0.00351313
                num_neighbors: 546160
                time_add_neighbors_to_o: 0.32376
    timing_PIOW_overlapping:
        total_PIOW: 0.00563257
        num_windows: 971
        time_check_overlap: 5.0379e-05
        num_overlapping_windows: 1
        time_merge_windows: 2.363e-06
        time_remove_window: 5.67e-07
        time_remove_window: 2.291e-06
        timing_PlanIn:
            total_PlanIn:0.00554356
            num_until_goal_expanded:86
            timing_expansions:
                total_S3Exp: 0.00554063
                time_top_o: 3.1842e-05
                time_check_in_c: 2.2142e-05
                time_add_parent: 3.2538e-05
                num_neighbors: 7670
                time_add_neighbors_to_o: 0.00501264
    num_new_collisions: 15
    timing_PIOW_new_collisions:
        total_PIOW: 2.13455
        num_windows: 241
        time_check_overlap: 9.394e-06
        num_overlapping_windows: 5
        time_merge_windows: 3.706e-06
        time_remove_window: 0.109304
        time_remove_window: 1.3131e-05
        timing_PlanIn:
            total_PlanIn:2.13444
            num_until_goal_expanded:99863
            timing_expansions:
                total_S3Exp: 0.102688
                time_top_o: 0.0385068
                time_check_in_c: 0.0291937
                time_add_parent: 0.0363116
                num_neighbors: 2672270
                time_add_neighbors_to_o: 1.54885
    num_windows_should_quit: 0
    time_should_quit: 1.8701e-05
    time_remove_window: 0
Complete!
