Total time: 0.0316498
is_optimal: true
optimality_bound: 1
successive_bounds: [1.00284, 1.00284, 1.00284, 1.00284, 1.00284, 1.00284, 1.00284, 1.00284, 1.00284, 1.00284, 1.00284, 1.00284, 1.00284, 1.00284, 1.00284, 1.00284, 1.00284, 1.00284, 1.00284, 1.00284, 1, 1]
successive_runtimes: [0.0019485, 0.00205836, 0.00216027, 0.00226128, 0.00236411, 0.00250902, 0.00266191, 0.00277715, 0.0028998, 0.00302287, 0.0031497, 0.00328092, 0.00342117, 0.00355545, 0.00373843, 0.00387342, 0.00478997, 0.00509935, 0.00538943, 0.00569057, 0.0316497]
num_agents: 10
time_individual_plan: 0.00128312
time_first_plan: 0.000154503
num_max_agents_in_window_first_iteration: 2
num_recWAMPF: 21
timing_recWAMPF:
    total_RecWAMPF: 0.029853
    num_windows: 41
    num_max_agents_in_window: 2
    timing_gari:
        total_GARI: 0.0292126
        time_path_btw_starts: 9.4883e-05
        Stage1:
            total_Stage1:0.000282848
            time_add_x_to_o: 0.000253394
            time_clear_x: 2.5315e-05
            timing_AStarSearchUntil:
                total_astar_search_until:1.91e-06
                num_values_f_less_fmax:0
                ASU Exp:
                    total_ASUExp:1.031e-06
                    time_top_o:0
                    time_check_in_c:0
                    time_add_parent:0
                    num_neighbors:0
                    time_add_neighbors_to_o:0
        Stage2:
            total_Stage2:0.0261475
            num_len_path:61
            time_expanding_s:2.1992e-05
            timing_AStarSearchUntil:
                total_astar_search_until:0.0261155
                num_values_f_less_fmax:2133
                ASU Exp:
                    total_ASUExp:0.0261146
                    time_top_o:0.000666731
                    time_check_in_c:0.000407281
                    time_add_parent:0.000558893
                    num_neighbors:54996
                    time_add_neighbors_to_o:0.0224339
        Stage3:
            total_Stage3:0.00268121
            num_until_goal_expanded:163
            timing_S3Exp:
                total_S3Exp: 0.00115586
                time_top_o: 3.5036e-05
                time_check_in_c: 2.4054e-05
                time_add_parent: 4.6619e-05
                num_neighbors: 1975
                time_add_neighbors_to_o: 0.000827244
    timing_PIOW_overlapping:
        total_PIOW: 4.8e-07
        num_windows: 20
        time_check_overlap: 0
        num_overlapping_windows: 0
        time_merge_windows: 0
        time_remove_window: 0
        time_remove_window: 0
        timing_PlanIn:
            total_PlanIn:0
            num_until_goal_expanded:0
            timing_expansions:
                total_S3Exp: 0
                time_top_o: 0
                time_check_in_c: 0
                time_add_parent: 0
                num_neighbors: 0
                time_add_neighbors_to_o: 0
    num_new_collisions: 1
    timing_PIOW_new_collisions:
        total_PIOW: 0.000117245
        num_windows: 0
        time_check_overlap: 0
        num_overlapping_windows: 0
        time_merge_windows: 0
        time_remove_window: 0
        time_remove_window: 2.67e-07
        timing_PlanIn:
            total_PlanIn:0.000115478
            num_until_goal_expanded:8
            timing_expansions:
                total_S3Exp: 0.000112334
                time_top_o: 1.726e-06
                time_check_in_c: 1.937e-06
                time_add_parent: 2.938e-06
                num_neighbors: 160
                time_add_neighbors_to_o: 9.0048e-05
    num_windows_should_quit: 0
    time_should_quit: 1.343e-06
    time_remove_window: 0
Complete!
