Total time: 12.1286
is_optimal: false
optimality_bound: 1.00072
successive_bounds: [1.00323, 1.00323, 1.00323, 1.00287, 1.00287, 1.00287, 1.00287, 1.00215, 1.00215, 1.00215, 1.00215, 1.00215, 1.00215, 1.00215, 1.00215, 1.00144, 1.00144, 1.00144, 1.00072, 1.00072, 1.00072, 1.00072]
successive_runtimes: [0.00855605, 0.00975433, 0.0110391, 0.0123202, 0.01415, 0.0155808, 0.0169398, 0.0887976, 0.387351, 0.848793, 1.31361, 1.7443, 2.14255, 2.54967, 3.06916, 3.66656, 4.94045, 5.83523, 7.80075, 8.49352, 9.30623, 12.1286]
num_agents: 40
time_individual_plan: 0.00645624
time_first_plan: 0.00153029
num_max_agents_in_window_first_iteration: 2
num_recWAMPF: 22
timing_recWAMPF:
    total_RecWAMPF: 12.1215
    num_windows: 158
    num_max_agents_in_window: 3
    timing_gari:
        total_GARI: 9.80274
        time_path_btw_starts: 0.0924077
        Stage1:
            total_Stage1:7.14795
            time_add_x_to_o: 1.53468
            time_clear_x: 0.710512
            timing_AStarSearchUntil:
                total_astar_search_until:2.94527
                num_values_f_less_fmax:151577
                ASU Exp:
                    total_ASUExp:2.94526
                    time_top_o:0.158897
                    time_check_in_c:0.0685865
                    time_add_parent:0.0745343
                    num_neighbors:8733231
                    time_add_neighbors_to_o:4.43325
        Stage2:
            total_Stage2:0.158104
            num_len_path:138
            time_expanding_s:9.8857e-05
            timing_AStarSearchUntil:
                total_astar_search_until:0.157915
                num_values_f_less_fmax:2424
                ASU Exp:
                    total_ASUExp:0.157912
                    time_top_o:0.00140321
                    time_check_in_c:0.000869708
                    time_add_parent:0.00126625
                    num_neighbors:310704
                    time_add_neighbors_to_o:0.150739
        Stage3:
            total_Stage3:2.40424
            num_until_goal_expanded:19596
            timing_S3Exp:
                total_S3Exp: 0.986662
                time_top_o: 0.0249071
                time_check_in_c: 0.00779321
                time_add_parent: 0.0101798
                num_neighbors: 1924492
                time_add_neighbors_to_o: 0.90872
    timing_PIOW_overlapping:
        total_PIOW: 0.187294
        num_windows: 309
        time_check_overlap: 2.2749e-05
        num_overlapping_windows: 2
        time_merge_windows: 3.302e-06
        time_remove_window: 6.57e-07
        time_remove_window: 3.2e-06
        timing_PlanIn:
            total_PlanIn:0.187252
            num_until_goal_expanded:3112
            timing_expansions:
                total_S3Exp: 0.187247
                time_top_o: 0.00143749
                time_check_in_c: 0.00059972
                time_add_parent: 0.000961523
                num_neighbors: 396406
                time_add_neighbors_to_o: 0.169906
    num_new_collisions: 5
    timing_PIOW_new_collisions:
        total_PIOW: 0.000566441
        num_windows: 20
        time_check_overlap: 6.68e-07
        num_overlapping_windows: 0
        time_merge_windows: 0
        time_remove_window: 0
        time_remove_window: 3.259e-06
        timing_PlanIn:
            total_PlanIn:0.000557659
            num_until_goal_expanded:48
            timing_expansions:
                total_S3Exp: 0.000547172
                time_top_o: 7.028e-06
                time_check_in_c: 9.536e-06
                time_add_parent: 1.3222e-05
                num_neighbors: 857
                time_add_neighbors_to_o: 0.000435383
    num_windows_should_quit: 0
    time_should_quit: 7.637e-06
    time_remove_window: 0
Complete!
