Total time: 1.27831
is_optimal: true
optimality_bound: 1
successive_bounds: [1.00444, 1.00444, 1.00389, 1.00278, 1.00167, 1.00167, 1.00167, 1.00167, 1.00167, 1.00167, 1.00167, 1.00111, 1.00111, 1.00111, 1.00056, 1.00056, 1, 1]
successive_runtimes: [0.0161408, 0.0186991, 0.0307213, 0.0463738, 0.0607179, 0.0714576, 0.0830842, 0.111024, 0.129213, 0.147976, 0.168439, 0.198974, 0.220482, 0.242002, 0.962988, 1.10715, 1.27831]
num_agents: 50
time_individual_plan: 0.0114977
time_first_plan: 0.00392889
num_max_agents_in_window_first_iteration: 2
num_recWAMPF: 17
timing_recWAMPF:
    total_RecWAMPF: 1.2661
    num_windows: 261
    num_max_agents_in_window: 3
    timing_gari:
        total_GARI: 0.546894
        time_path_btw_starts: 0.00150689
        Stage1:
            total_Stage1:0.169703
            time_add_x_to_o: 0.0560182
            time_clear_x: 0.00733479
            timing_AStarSearchUntil:
                total_astar_search_until:0.106329
                num_values_f_less_fmax:3424
                ASU Exp:
                    total_ASUExp:0.106321
                    time_top_o:0.00223166
                    time_check_in_c:0.000701199
                    time_add_parent:0.00117389
                    num_neighbors:187086
                    time_add_neighbors_to_o:0.098022
        Stage2:
            total_Stage2:0.0382686
            num_len_path:300
            time_expanding_s:0.000431723
            timing_AStarSearchUntil:
                total_astar_search_until:0.0377058
                num_values_f_less_fmax:1751
                ASU Exp:
                    total_ASUExp:0.0376996
                    time_top_o:0.000680645
                    time_check_in_c:0.000402789
                    time_add_parent:0.000652018
                    num_neighbors:64897
                    time_add_neighbors_to_o:0.0336069
        Stage3:
            total_Stage3:0.337345
            num_until_goal_expanded:2337
            timing_S3Exp:
                total_S3Exp: 0.0526107
                time_top_o: 0.00106393
                time_check_in_c: 0.000450527
                time_add_parent: 0.00104972
                num_neighbors: 100695
                time_add_neighbors_to_o: 0.0439051
    timing_PIOW_overlapping:
        total_PIOW: 0.704805
        num_windows: 1016
        time_check_overlap: 5.0753e-05
        num_overlapping_windows: 2
        time_merge_windows: 3.609e-06
        time_remove_window: 5.69e-07
        time_remove_window: 3.478e-06
        timing_PlanIn:
            total_PlanIn:0.704672
            num_until_goal_expanded:8417
            timing_expansions:
                total_S3Exp: 0.704667
                time_top_o: 0.00514894
                time_check_in_c: 0.00212333
                time_add_parent: 0.00497381
                num_neighbors: 931585
                time_add_neighbors_to_o: 0.649093
    num_new_collisions: 9
    timing_PIOW_new_collisions:
        total_PIOW: 0.00129457
        num_windows: 72
        time_check_overlap: 2.976e-06
        num_overlapping_windows: 0
        time_merge_windows: 0
        time_remove_window: 0
        time_remove_window: 4.978e-06
        timing_PlanIn:
            total_PlanIn:0.00127476
            num_until_goal_expanded:106
            timing_expansions:
                total_S3Exp: 0.00125612
                time_top_o: 1.9074e-05
                time_check_in_c: 2.3207e-05
                time_add_parent: 3.539e-05
                num_neighbors: 1549
                time_add_neighbors_to_o: 0.000971144
    num_windows_should_quit: 0
    time_should_quit: 1.6695e-05
    time_remove_window: 0
Complete!
