Total time: 0.84122
is_optimal: false
optimality_bound: 1.00308
successive_bounds: [1.02412, 1.00757, 1.00477, 1.00477, 1.00393, 1.00365, 1.00308, 1.00308]
successive_runtimes: [0.0247215, 0.0597123, 0.0825172, 0.098427, 0.111629, 0.152492, 0.775143, 0.84122]
num_agents: 50
time_individual_plan: 0.0110399
time_first_plan: 0.0130946
num_max_agents_in_window_first_iteration: 3
num_recWAMPF: 8
timing_recWAMPF:
    total_RecWAMPF: 0.82959
    num_windows: 168
    num_max_agents_in_window: 4
    timing_gari:
        total_GARI: 0.141523
        time_path_btw_starts: 0.000547681
        Stage1:
            total_Stage1:0.0410861
            time_add_x_to_o: 0.0116949
            time_clear_x: 0.00110032
            timing_AStarSearchUntil:
                total_astar_search_until:0.0282829
                num_values_f_less_fmax:4572
                ASU Exp:
                    total_ASUExp:0.0282794
                    time_top_o:0.00122356
                    time_check_in_c:0.000708135
                    time_add_parent:0.000614052
                    num_neighbors:57054
                    time_add_neighbors_to_o:0.0228027
        Stage2:
            total_Stage2:0.00959244
            num_len_path:150
            time_expanding_s:0.000148102
            timing_AStarSearchUntil:
                total_astar_search_until:0.00939106
                num_values_f_less_fmax:381
                ASU Exp:
                    total_ASUExp:0.00938769
                    time_top_o:0.000114661
                    time_check_in_c:7.0675e-05
                    time_add_parent:0.000125735
                    num_neighbors:20561
                    time_add_neighbors_to_o:0.00858822
        Stage3:
            total_Stage3:0.0894536
            num_until_goal_expanded:974
            timing_S3Exp:
                total_S3Exp: 0.0166029
                time_top_o: 0.000249073
                time_check_in_c: 0.000139872
                time_add_parent: 0.000263902
                num_neighbors: 32530
                time_add_neighbors_to_o: 0.0143722
    timing_PIOW_overlapping:
        total_PIOW: 0.665921
        num_windows: 1286
        time_check_overlap: 3.7402e-05
        num_overlapping_windows: 17
        time_merge_windows: 2.3852e-05
        time_remove_window: 4.145e-06
        time_remove_window: 2.2897e-05
        timing_PlanIn:
            total_PlanIn:0.665795
            num_until_goal_expanded:3703
            timing_expansions:
                total_S3Exp: 0.66574
                time_top_o: 0.00200232
                time_check_in_c: 0.000756966
                time_add_parent: 0.00137618
                num_neighbors: 1058951
                time_add_neighbors_to_o: 0.628938
    num_new_collisions: 23
    timing_PIOW_new_collisions:
        total_PIOW: 0.0124787
        num_windows: 445
        time_check_overlap: 1.0961e-05
        num_overlapping_windows: 2
        time_merge_windows: 0
        time_remove_window: 0.120472
        time_remove_window: 1.3671e-05
        timing_PlanIn:
            total_PlanIn:0.0124107
            num_until_goal_expanded:747
            timing_expansions:
                total_S3Exp: 0.0123721
                time_top_o: 0.000108786
                time_check_in_c: 0.000126477
                time_add_parent: 0.000194295
                num_neighbors: 21239
                time_add_neighbors_to_o: 0.0105691
    num_windows_should_quit: 0
    time_should_quit: 1.147e-05
    time_remove_window: 0
Complete!
