Total time: 0.03442
is_optimal: true
optimality_bound: 1
successive_bounds: [1.00456, 1.00456, 1.00456, 1.00456, 1.00304, 1.00304, 1.00304, 1, 1]
successive_runtimes: [0.00335016, 0.00417364, 0.00501049, 0.0058297, 0.00656487, 0.00703672, 0.00746503, 0.03442]
num_agents: 20
time_individual_plan: 0.00220447
time_first_plan: 0.000631721
num_max_agents_in_window_first_iteration: 2
num_recWAMPF: 8
timing_recWAMPF:
    total_RecWAMPF: 0.0317
    num_windows: 43
    num_max_agents_in_window: 3
    timing_gari:
        total_GARI: 0.00377323
        time_path_btw_starts: 9.8718e-05
        Stage1:
            total_Stage1:0.00133218
            time_add_x_to_o: 0.000782439
            time_clear_x: 9.4759e-05
            timing_AStarSearchUntil:
                total_astar_search_until:0.000452804
                num_values_f_less_fmax:375
                ASU Exp:
                    total_ASUExp:0.000451838
                    time_top_o:7.1365e-05
                    time_check_in_c:4.0644e-05
                    time_add_parent:3.5274e-05
                    num_neighbors:580
                    time_add_neighbors_to_o:0.000208998
        Stage2:
            total_Stage2:0.000914373
            num_len_path:41
            time_expanding_s:1.748e-05
            timing_AStarSearchUntil:
                total_astar_search_until:0.000886481
                num_values_f_less_fmax:71
                ASU Exp:
                    total_ASUExp:0.00088557
                    time_top_o:1.6154e-05
                    time_check_in_c:1.2234e-05
                    time_add_parent:2.08e-05
                    num_neighbors:1865
                    time_add_neighbors_to_o:0.00075914
        Stage3:
            total_Stage3:0.00142211
            num_until_goal_expanded:194
            timing_S3Exp:
                total_S3Exp: 0.000983673
                time_top_o: 3.5818e-05
                time_check_in_c: 2.3213e-05
                time_add_parent: 4.7966e-05
                num_neighbors: 1543
                time_add_neighbors_to_o: 0.000658232
    timing_PIOW_overlapping:
        total_PIOW: 0.0265533
        num_windows: 66
        time_check_overlap: 2.118e-06
        num_overlapping_windows: 2
        time_merge_windows: 2.333e-06
        time_remove_window: 2.52e-07
        time_remove_window: 2.23e-06
        timing_PlanIn:
            total_PlanIn:0.02654
            num_until_goal_expanded:396
            timing_expansions:
                total_S3Exp: 0.0265255
                time_top_o: 9.2159e-05
                time_check_in_c: 7.7045e-05
                time_add_parent: 0.000108802
                num_neighbors: 45516
                time_add_neighbors_to_o: 0.0244717
    num_new_collisions: 3
    timing_PIOW_new_collisions:
        total_PIOW: 0.000398827
        num_windows: 6
        time_check_overlap: 3.12e-07
        num_overlapping_windows: 0
        time_merge_windows: 0
        time_remove_window: 0
        time_remove_window: 8.74e-07
        timing_PlanIn:
            total_PlanIn:0.00039441
            num_until_goal_expanded:48
            timing_expansions:
                total_S3Exp: 0.000387678
                time_top_o: 6.615e-06
                time_check_in_c: 9.615e-06
                time_add_parent: 1.3395e-05
                num_neighbors: 559
                time_add_neighbors_to_o: 0.000283908
    num_windows_should_quit: 0
    time_should_quit: 1.061e-06
    time_remove_window: 0
Complete!
