Total time: 3.56469
is_optimal: false
optimality_bound: 1.00215
successive_bounds: [1.02396, 1.00461, 1.00399, 1.00338, 1.00338, 1.00338, 1.00338, 1.00338, 1.00276, 1.00276, 1.00276, 1.00276, 1.00215, 1.00215, 1.00215, 1.00215, 1.00215, 1.00215, 1.00215, 1.00215, 1.00215, 1.00215, 1.00215, 1.00215, 1.00215, 1.00215, 1.00215]
successive_runtimes: [0.0278332, 0.0743598, 0.109667, 0.117731, 0.122101, 0.124287, 0.125696, 0.126997, 0.129355, 0.130689, 0.13179, 0.132864, 0.24162, 0.385563, 0.463444, 0.536884, 0.599054, 0.655358, 0.73425, 0.820501, 1.25086, 1.81766, 2.36885, 2.8171, 3.149, 3.38837, 3.56469]
num_agents: 50
time_individual_plan: 0.0153164
time_first_plan: 0.0118254
num_max_agents_in_window_first_iteration: 2
num_recWAMPF: 27
timing_recWAMPF:
    total_RecWAMPF: 3.54868
    num_windows: 162
    num_max_agents_in_window: 5
    timing_gari:
        total_GARI: 3.40746
        time_path_btw_starts: 0.00571467
        Stage1:
            total_Stage1:0.222702
            time_add_x_to_o: 0.146902
            time_clear_x: 0.0360545
            timing_AStarSearchUntil:
                total_astar_search_until:0.0397315
                num_values_f_less_fmax:6133
                ASU Exp:
                    total_ASUExp:0.0397252
                    time_top_o:0.00303745
                    time_check_in_c:0.00184998
                    time_add_parent:0.000991563
                    num_neighbors:56655
                    time_add_neighbors_to_o:0.029546
        Stage2:
            total_Stage2:0.0327629
            num_len_path:110
            time_expanding_s:0.00301236
            timing_AStarSearchUntil:
                total_astar_search_until:0.0296427
                num_values_f_less_fmax:183
                ASU Exp:
                    total_ASUExp:0.0296383
                    time_top_o:0.000110973
                    time_check_in_c:5.6268e-05
                    time_add_parent:0.000108982
                    num_neighbors:39531
                    time_add_neighbors_to_o:0.0257757
        Stage3:
            total_Stage3:3.14623
            num_until_goal_expanded:6478
            timing_S3Exp:
                total_S3Exp: 1.94241
                time_top_o: 0.00704973
                time_check_in_c: 0.00165623
                time_add_parent: 0.00381113
                num_neighbors: 1824884
                time_add_neighbors_to_o: 1.78287
    timing_PIOW_overlapping:
        total_PIOW: 0.00708511
        num_windows: 546
        time_check_overlap: 2.2022e-05
        num_overlapping_windows: 11
        time_merge_windows: 1.0829e-05
        time_remove_window: 2.166e-06
        time_remove_window: 1.0225e-05
        timing_PlanIn:
            total_PlanIn:0.00701875
            num_until_goal_expanded:509
            timing_expansions:
                total_S3Exp: 0.00699574
                time_top_o: 0.000114729
                time_check_in_c: 0.000103856
                time_add_parent: 0.000150904
                num_neighbors: 9838
                time_add_neighbors_to_o: 0.00561693
    num_new_collisions: 15
    timing_PIOW_new_collisions:
        total_PIOW: 0.116238
        num_windows: 164
        time_check_overlap: 7.641e-06
        num_overlapping_windows: 2
        time_merge_windows: 0
        time_remove_window: 0.283202
        time_remove_window: 6.16e-06
        timing_PlanIn:
            total_PlanIn:0.11619
            num_until_goal_expanded:1080
            timing_expansions:
                total_S3Exp: 0.116158
                time_top_o: 0.000339649
                time_check_in_c: 0.00028302
                time_add_parent: 0.000472454
                num_neighbors: 127162
                time_add_neighbors_to_o: 0.108647
    num_windows_should_quit: 0
    time_should_quit: 1.9434e-05
    time_remove_window: 0
Complete!
