Total time: 0.00806419
is_optimal: true
optimality_bound: 1
successive_bounds: [1.00143, 1.00143, 1.00143, 1.00143, 1.00143, 1.00143, 1.00143, 1.00143, 1.00143, 1.00143, 1.00143, 1.00143, 1.00143, 1.00143, 1.00143, 1, 1]
successive_runtimes: [0.00406088, 0.00431912, 0.00456458, 0.00480686, 0.00504222, 0.00528303, 0.00552341, 0.0057701, 0.00600676, 0.00631259, 0.00655361, 0.00682118, 0.007119, 0.00744306, 0.0077548, 0.00806418]
num_agents: 20
time_individual_plan: 0.00330648
time_first_plan: 0.000227026
num_max_agents_in_window_first_iteration: 2
num_recWAMPF: 16
timing_recWAMPF:
    total_RecWAMPF: 0.00422812
    num_windows: 31
    num_max_agents_in_window: 2
    timing_gari:
        total_GARI: 0.00264561
        time_path_btw_starts: 5.3456e-05
        Stage1:
            total_Stage1:0.000965127
            time_add_x_to_o: 0.000559509
            time_clear_x: 8.0442e-05
            timing_AStarSearchUntil:
                total_astar_search_until:0.000323388
                num_values_f_less_fmax:167
                ASU Exp:
                    total_ASUExp:0.000322593
                    time_top_o:3.6767e-05
                    time_check_in_c:1.9839e-05
                    time_add_parent:8.904e-06
                    num_neighbors:606
                    time_add_neighbors_to_o:0.000202248
        Stage2:
            total_Stage2:0.000547349
            num_len_path:30
            time_expanding_s:1.0299e-05
            timing_AStarSearchUntil:
                total_astar_search_until:0.000528885
                num_values_f_less_fmax:45
                ASU Exp:
                    total_ASUExp:0.000528186
                    time_top_o:9.571e-06
                    time_check_in_c:3.748e-05
                    time_add_parent:1.4854e-05
                    num_neighbors:1190
                    time_add_neighbors_to_o:0.000420127
        Stage3:
            total_Stage3:0.00107495
            num_until_goal_expanded:158
            timing_S3Exp:
                total_S3Exp: 0.000714819
                time_top_o: 2.9715e-05
                time_check_in_c: 2.0892e-05
                time_add_parent: 4.5349e-05
                num_neighbors: 1409
                time_add_neighbors_to_o: 0.000433715
    timing_PIOW_overlapping:
        total_PIOW: 3.57e-07
        num_windows: 15
        time_check_overlap: 0
        num_overlapping_windows: 0
        time_merge_windows: 0
        time_remove_window: 0
        time_remove_window: 0
        timing_PlanIn:
            total_PlanIn:0
            num_until_goal_expanded:0
            timing_expansions:
                total_S3Exp: 0
                time_top_o: 0
                time_check_in_c: 0
                time_add_parent: 0
                num_neighbors: 0
                time_add_neighbors_to_o: 0
    num_new_collisions: 1
    timing_PIOW_new_collisions:
        total_PIOW: 0.000117557
        num_windows: 0
        time_check_overlap: 0
        num_overlapping_windows: 0
        time_merge_windows: 0
        time_remove_window: 0
        time_remove_window: 3.22e-07
        timing_PlanIn:
            total_PlanIn:0.000115746
            num_until_goal_expanded:13
            timing_expansions:
                total_S3Exp: 0.00011134
                time_top_o: 2.128e-06
                time_check_in_c: 2.8e-06
                time_add_parent: 4.037e-06
                num_neighbors: 143
                time_add_neighbors_to_o: 6.5058e-05
    num_windows_should_quit: 0
    time_should_quit: 8.99e-07
    time_remove_window: 0
Complete!
