Total time: 0.0899915
is_optimal: false
optimality_bound: 1.00481
successive_bounds: [1.00674, 1.00674, 1.00546, 1.00481, 1.00481, 1.00481]
successive_runtimes: [0.0145795, 0.0183506, 0.0384639, 0.0656607, 0.0778252, 0.0899915]
num_agents: 50
time_individual_plan: 0.0101638
time_first_plan: 0.00382705
num_max_agents_in_window_first_iteration: 2
num_recWAMPF: 6
timing_recWAMPF:
    total_RecWAMPF: 0.079237
    num_windows: 132
    num_max_agents_in_window: 3
    timing_gari:
        total_GARI: 0.056861
        time_path_btw_starts: 0.000292257
        Stage1:
            total_Stage1:0.0308712
            time_add_x_to_o: 0.00798108
            time_clear_x: 0.000821115
            timing_AStarSearchUntil:
                total_astar_search_until:0.0220622
                num_values_f_less_fmax:2582
                ASU Exp:
                    total_ASUExp:0.0220596
                    time_top_o:0.00066838
                    time_check_in_c:0.000415958
                    time_add_parent:0.000445365
                    num_neighbors:52038
                    time_add_neighbors_to_o:0.0191881
        Stage2:
            total_Stage2:0.0137393
            num_len_path:118
            time_expanding_s:5.5425e-05
            timing_AStarSearchUntil:
                total_astar_search_until:0.0136475
                num_values_f_less_fmax:563
                ASU Exp:
                    total_ASUExp:0.0136451
                    time_top_o:0.000169956
                    time_check_in_c:9.7642e-05
                    time_add_parent:0.000157101
                    num_neighbors:32106
                    time_add_neighbors_to_o:0.0125459
        Stage3:
            total_Stage3:0.0119405
            num_until_goal_expanded:894
            timing_S3Exp:
                total_S3Exp: 0.00477083
                time_top_o: 0.0001859
                time_check_in_c: 0.000124418
                time_add_parent: 0.000240372
                num_neighbors: 7911
                time_add_neighbors_to_o: 0.00331504
    timing_PIOW_overlapping:
        total_PIOW: 3.6575e-05
        num_windows: 720
        time_check_overlap: 2.1083e-05
        num_overlapping_windows: 0
        time_merge_windows: 0
        time_remove_window: 0
        time_remove_window: 0
        timing_PlanIn:
            total_PlanIn:0
            num_until_goal_expanded:0
            timing_expansions:
                total_S3Exp: 0
                time_top_o: 0
                time_check_in_c: 0
                time_add_parent: 0
                num_neighbors: 0
                time_add_neighbors_to_o: 0
    num_new_collisions: 13
    timing_PIOW_new_collisions:
        total_PIOW: 0.0164184
        num_windows: 164
        time_check_overlap: 4.69e-06
        num_overlapping_windows: 1
        time_merge_windows: 0
        time_remove_window: 0.0229068
        time_remove_window: 4.081e-06
        timing_PlanIn:
            total_PlanIn:0.0163953
            num_until_goal_expanded:681
            timing_expansions:
                total_S3Exp: 0.0163737
                time_top_o: 0.000186649
                time_check_in_c: 0.000113861
                time_add_parent: 0.000170588
                num_neighbors: 35688
                time_add_neighbors_to_o: 0.0141669
    num_windows_should_quit: 0
    time_should_quit: 7.744e-06
    time_remove_window: 0
Complete!
