Total time: 1.1388
is_optimal: true
optimality_bound: 1
successive_bounds: [1.00554, 1.00554, 1.00554, 1.00554, 1.00554, 1.00554, 1.00554, 1.00554, 1.0052, 1.0052, 1.0052, 1.0052, 1.00381, 1.00381, 1.00312, 1.00312, 1.00312, 1.00312, 1.00312, 1.00312, 1.00243, 1.00243, 1.00243, 1.00243, 1.00243, 0.99411, 1]
successive_runtimes: [0.00952714, 0.0126184, 0.0155865, 0.0187093, 0.0219864, 0.0255131, 0.0379768, 0.0586744, 0.0978643, 0.135756, 0.166459, 0.202492, 0.256252, 0.298578, 0.360766, 0.434441, 0.489993, 0.548801, 0.611058, 0.674804, 0.74324, 0.813938, 0.886898, 0.964854, 1.04377, 1.1388]
num_agents: 40
time_individual_plan: 0.00509084
time_first_plan: 0.00390981
num_max_agents_in_window_first_iteration: 2
num_recWAMPF: 26
timing_recWAMPF:
    total_RecWAMPF: 1.13317
    num_windows: 419
    num_max_agents_in_window: 3
    timing_gari:
        total_GARI: 1.10687
        time_path_btw_starts: 0.00179636
        Stage1:
            total_Stage1:0.462973
            time_add_x_to_o: 0.206102
            time_clear_x: 0.055997
            timing_AStarSearchUntil:
                total_astar_search_until:0.200841
                num_values_f_less_fmax:19661
                ASU Exp:
                    total_ASUExp:0.200827
                    time_top_o:0.0102542
                    time_check_in_c:0.00525765
                    time_add_parent:0.00706172
                    num_neighbors:366885
                    time_add_neighbors_to_o:0.160857
        Stage2:
            total_Stage2:0.0822477
            num_len_path:451
            time_expanding_s:0.000316484
            timing_AStarSearchUntil:
                total_astar_search_until:0.0817477
                num_values_f_less_fmax:5611
                ASU Exp:
                    total_ASUExp:0.0817385
                    time_top_o:0.00170769
                    time_check_in_c:0.00117597
                    time_add_parent:0.00164991
                    num_neighbors:162798
                    time_add_neighbors_to_o:0.0715164
        Stage3:
            total_Stage3:0.559754
            num_until_goal_expanded:10357
            timing_S3Exp:
                total_S3Exp: 0.161418
                time_top_o: 0.00483652
                time_check_in_c: 0.00206608
                time_add_parent: 0.00470891
                num_neighbors: 257881
                time_add_neighbors_to_o: 0.132012
    timing_PIOW_overlapping:
        total_PIOW: 0.00984025
        num_windows: 1694
        time_check_overlap: 7.4757e-05
        num_overlapping_windows: 1
        time_merge_windows: 1.37e-06
        time_remove_window: 1.54e-07
        time_remove_window: 1.318e-06
        timing_PlanIn:
            total_PlanIn:0.00972231
            num_until_goal_expanded:214
            timing_expansions:
                total_S3Exp: 0.00972017
                time_top_o: 5.4788e-05
                time_check_in_c: 3.6796e-05
                time_add_parent: 6.064e-05
                num_neighbors: 18624
                time_add_neighbors_to_o: 0.00879801
    num_new_collisions: 9
    timing_PIOW_new_collisions:
        total_PIOW: 0.00147952
        num_windows: 72
        time_check_overlap: 2.075e-06
        num_overlapping_windows: 0
        time_merge_windows: 0
        time_remove_window: 0
        time_remove_window: 6.418e-06
        timing_PlanIn:
            total_PlanIn:0.00146197
            num_until_goal_expanded:202
            timing_expansions:
                total_S3Exp: 0.00144694
                time_top_o: 4.9763e-05
                time_check_in_c: 3.5589e-05
                time_add_parent: 5.0169e-05
                num_neighbors: 1987
                time_add_neighbors_to_o: 0.00101272
    num_windows_should_quit: 0
    time_should_quit: 2.1864e-05
    time_remove_window: 0
Complete!
