Total time: 25.2869
is_optimal: false
optimality_bound: 1.00244
successive_bounds: [1.00854, 1.00528, 1.00366, 1.00325, 1.00244, 1.00244, 1.00244, 1.00244, 1.00244, 1.00244, 1.00244, 1.00244, 1.00244, 1.00244, 1.00244, 1.00244, 1.00244]
successive_runtimes: [0.0303489, 0.0375153, 0.0425924, 0.0622543, 0.0832799, 0.113236, 0.146967, 0.187528, 0.233755, 0.300647, 0.488338, 0.636756, 1.52411, 9.7359, 13.7084, 19.4049, 25.2869]
num_agents: 40
time_individual_plan: 0.0219895
time_first_plan: 0.00700954
num_max_agents_in_window_first_iteration: 2
num_recWAMPF: 17
timing_recWAMPF:
    total_RecWAMPF: 25.2636
    num_windows: 226
    num_max_agents_in_window: 4
    timing_gari:
        total_GARI: 24.3906
        time_path_btw_starts: 0.00120812
        Stage1:
            total_Stage1:17.439
            time_add_x_to_o: 0.0340172
            time_clear_x: 0.0157739
            timing_AStarSearchUntil:
                total_astar_search_until:17.2364
                num_values_f_less_fmax:5560
                ASU Exp:
                    total_ASUExp:17.2364
                    time_top_o:0.0270043
                    time_check_in_c:0.00252511
                    time_add_parent:0
                    num_neighbors:0
                    time_add_neighbors_to_o:0
        Stage2:
            total_Stage2:4.9037
            num_len_path:217
            time_expanding_s:0.00385949
            timing_AStarSearchUntil:
                total_astar_search_until:4.80573
                num_values_f_less_fmax:4270
                ASU Exp:
                    total_ASUExp:4.80572
                    time_top_o:0.00503436
                    time_check_in_c:0.00175998
                    time_add_parent:0.00407366
                    num_neighbors:95731
                    time_add_neighbors_to_o:0.0644966
        Stage3:
            total_Stage3:2.01441
            num_until_goal_expanded:15955
            timing_S3Exp:
                total_S3Exp: 1.34486
                time_top_o: 0.0177802
                time_check_in_c: 0.00567389
                time_add_parent: 0.0129638
                num_neighbors: 1945493
                time_add_neighbors_to_o: 1.24645
    timing_PIOW_overlapping:
        total_PIOW: 0.855433
        num_windows: 768
        time_check_overlap: 5.2635e-05
        num_overlapping_windows: 2
        time_merge_windows: 4.681e-06
        time_remove_window: 6.01e-07
        time_remove_window: 4.49e-06
        timing_PlanIn:
            total_PlanIn:0.84685
            num_until_goal_expanded:11706
            timing_expansions:
                total_S3Exp: 0.846839
                time_top_o: 0.015004
                time_check_in_c: 0.00400432
                time_add_parent: 0.0101702
                num_neighbors: 1201306
                time_add_neighbors_to_o: 0.737776
    num_new_collisions: 8
    timing_PIOW_new_collisions:
        total_PIOW: 0.00305641
        num_windows: 28
        time_check_overlap: 3.709e-06
        num_overlapping_windows: 0
        time_merge_windows: 0
        time_remove_window: 0
        time_remove_window: 2.595e-06
        timing_PlanIn:
            total_PlanIn:0.0030125
            num_until_goal_expanded:209
            timing_expansions:
                total_S3Exp: 0.00297327
                time_top_o: 8.8689e-05
                time_check_in_c: 0.000107739
                time_add_parent: 0.000240611
                num_neighbors: 1472
                time_add_neighbors_to_o: 0.00178027
    num_windows_should_quit: 0
    time_should_quit: 5.396e-06
    time_remove_window: 0
Complete!
