Total time: 0.0603222
is_optimal: true
optimality_bound: 1
successive_bounds: [1.00422, 1.00352, 1.00352, 1.00246, 1.00246, 1.00246, 1.00211, 1.00141, 1.00141, 1.00141, 1.00141, 1, 1]
successive_runtimes: [0.0232602, 0.0284193, 0.0326212, 0.0360742, 0.0401553, 0.0434757, 0.0459727, 0.0483209, 0.0506099, 0.054395, 0.0568607, 0.0603222]
num_agents: 50
time_individual_plan: 0.0153234
time_first_plan: 0.00694358
num_max_agents_in_window_first_iteration: 2
num_recWAMPF: 12
timing_recWAMPF:
    total_RecWAMPF: 0.0440027
    num_windows: 168
    num_max_agents_in_window: 3
    timing_gari:
        total_GARI: 0.0270332
        time_path_btw_starts: 0.000537869
        Stage1:
            total_Stage1:0.00871044
            time_add_x_to_o: 0.00537312
            time_clear_x: 0.000808722
            timing_AStarSearchUntil:
                total_astar_search_until:0.00251875
                num_values_f_less_fmax:1246
                ASU Exp:
                    total_ASUExp:0.00251431
                    time_top_o:0.000356125
                    time_check_in_c:0.000287696
                    time_add_parent:8.4534e-05
                    num_neighbors:2504
                    time_add_neighbors_to_o:0.001222
        Stage2:
            total_Stage2:0.00512918
            num_len_path:160
            time_expanding_s:0.000126118
            timing_AStarSearchUntil:
                total_astar_search_until:0.00495453
                num_values_f_less_fmax:321
                ASU Exp:
                    total_ASUExp:0.00495059
                    time_top_o:8.7526e-05
                    time_check_in_c:7.6968e-05
                    time_add_parent:0.000120279
                    num_neighbors:9205
                    time_add_neighbors_to_o:0.00420821
        Stage3:
            total_Stage3:0.0126212
            num_until_goal_expanded:1045
            timing_S3Exp:
                total_S3Exp: 0.00916808
                time_top_o: 0.00029258
                time_check_in_c: 0.000163512
                time_add_parent: 0.000292191
                num_neighbors: 15252
                time_add_neighbors_to_o: 0.0068654
    timing_PIOW_overlapping:
        total_PIOW: 0.00220769
        num_windows: 596
        time_check_overlap: 1.9778e-05
        num_overlapping_windows: 1
        time_merge_windows: 1.483e-06
        time_remove_window: 1.61e-07
        time_remove_window: 1.424e-06
        timing_PlanIn:
            total_PlanIn:0.00216912
            num_until_goal_expanded:75
            timing_expansions:
                total_S3Exp: 0.0021668
                time_top_o: 1.5263e-05
                time_check_in_c: 1.3414e-05
                time_add_parent: 2.1431e-05
                num_neighbors: 3226
                time_add_neighbors_to_o: 0.00187116
    num_new_collisions: 8
    timing_PIOW_new_collisions:
        total_PIOW: 0.00235421
        num_windows: 56
        time_check_overlap: 2.837e-06
        num_overlapping_windows: 0
        time_merge_windows: 0
        time_remove_window: 0
        time_remove_window: 4.51e-06
        timing_PlanIn:
            total_PlanIn:0.0023317
            num_until_goal_expanded:203
            timing_expansions:
                total_S3Exp: 0.00230689
                time_top_o: 4.1692e-05
                time_check_in_c: 6.1947e-05
                time_add_parent: 9.2306e-05
                num_neighbors: 1758
                time_add_neighbors_to_o: 0.00164268
    num_windows_should_quit: 0
    time_should_quit: 6.015e-06
    time_remove_window: 0
Complete!
