Total time: 6.22753
is_optimal: true
optimality_bound: 1
successive_bounds: [1.00082, 1.00082, 1.00082, 1.00082, 1.00082, 1.00082, 1.00082, 1.00082, 1.00082, 1.00082, 1.00082, 1.00082, 1.00082, 1.00082, 1.00082, 1.00082, 1.00082, 1.00082, 1.00082, 1.00082, 1.00082, 1.00082, 1.00082, 1.00082, 1.00082, 1.00082, 1.00082, 1.00082, 1.00082, 1.00082, 1.00082, 1.00082, 1.00082, 1.00082, 1.00082, 1.00082, 1.00082, 1, 1]
successive_runtimes: [0.00644404, 0.00695798, 0.00785267, 0.00873604, 0.00974768, 0.0106583, 0.0119319, 0.0138187, 0.0155133, 0.0234744, 0.0341068, 0.0700299, 0.121692, 0.194981, 0.240526, 0.413459, 0.507217, 0.692095, 0.819935, 0.961139, 1.28629, 1.46405, 1.63057, 1.81666, 1.98887, 2.15211, 2.31086, 2.71327, 3.16356, 3.40098, 3.63105, 3.89126, 4.45031, 4.73758, 5.03065, 5.31524, 5.59891, 6.22753]
num_agents: 20
time_individual_plan: 0.00520271
time_first_plan: 0.000489496
num_max_agents_in_window_first_iteration: 3
num_recWAMPF: 38
timing_recWAMPF:
    total_RecWAMPF: 6.22157
    num_windows: 75
    num_max_agents_in_window: 4
    timing_gari:
        total_GARI: 5.92461
        time_path_btw_starts: 0.000261635
        Stage1:
            total_Stage1:0.618312
            time_add_x_to_o: 0.186373
            time_clear_x: 0.0394287
            timing_AStarSearchUntil:
                total_astar_search_until:0.392499
                num_values_f_less_fmax:9161
                ASU Exp:
                    total_ASUExp:0.392495
                    time_top_o:0.00873324
                    time_check_in_c:0.00318624
                    time_add_parent:0.00389303
                    num_neighbors:665695
                    time_add_neighbors_to_o:0.362412
        Stage2:
            total_Stage2:0.212143
            num_len_path:72
            time_expanding_s:4.9422e-05
            timing_AStarSearchUntil:
                total_astar_search_until:0.212044
                num_values_f_less_fmax:3004
                ASU Exp:
                    total_ASUExp:0.212042
                    time_top_o:0.00189891
                    time_check_in_c:0.000672356
                    time_add_parent:0.00162082
                    num_neighbors:309501
                    time_add_neighbors_to_o:0.202648
        Stage3:
            total_Stage3:5.09386
            num_until_goal_expanded:14451
            timing_S3Exp:
                total_S3Exp: 1.01287
                time_top_o: 0.0196552
                time_check_in_c: 0.00459906
                time_add_parent: 0.00833563
                num_neighbors: 1367424
                time_add_neighbors_to_o: 0.952277
    timing_PIOW_overlapping:
        total_PIOW: 3.676e-06
        num_windows: 37
        time_check_overlap: 0
        num_overlapping_windows: 0
        time_merge_windows: 0
        time_remove_window: 0
        time_remove_window: 0
        timing_PlanIn:
            total_PlanIn:0
            num_until_goal_expanded:0
            timing_expansions:
                total_S3Exp: 0
                time_top_o: 0
                time_check_in_c: 0
                time_add_parent: 0
                num_neighbors: 0
                time_add_neighbors_to_o: 0
    num_new_collisions: 3
    timing_PIOW_new_collisions:
        total_PIOW: 0.293103
        num_windows: 2
        time_check_overlap: 2.1e-07
        num_overlapping_windows: 2
        time_merge_windows: 0
        time_remove_window: 5.94396
        time_remove_window: 8.42e-07
        timing_PlanIn:
            total_PlanIn:0.293092
            num_until_goal_expanded:3008
            timing_expansions:
                total_S3Exp: 0.293082
                time_top_o: 0.00178432
                time_check_in_c: 0.000840984
                time_add_parent: 0.00135054
                num_neighbors: 389010
                time_add_neighbors_to_o: 0.270527
    num_windows_should_quit: 0
    time_should_quit: 4.73e-06
    time_remove_window: 0
Complete!
