Total time: 49.325
is_optimal: false
optimality_bound: 1.00162
successive_bounds: [1.00406, 1.00244, 1.00217, 1.00217, 1.00189, 1.00189, 1.00189, 1.00162, 1.00162, 1.00162]
successive_runtimes: [0.0217562, 0.0276612, 0.0374413, 0.0472056, 0.0549226, 7.63804, 14.9276, 22.8989, 29.1237, 49.325]
num_agents: 60
time_individual_plan: 0.0143109
time_first_plan: 0.00671131
num_max_agents_in_window_first_iteration: 2
num_recWAMPF: 10
timing_recWAMPF:
    total_RecWAMPF: 49.31
    num_windows: 177
    num_max_agents_in_window: 4
    timing_gari:
        total_GARI: 41.7161
        time_path_btw_starts: 0.000663838
        Stage1:
            total_Stage1:18.1847
            time_add_x_to_o: 4.42712
            time_clear_x: 1.87601
            timing_AStarSearchUntil:
                total_astar_search_until:11.8815
                num_values_f_less_fmax:51032
                ASU Exp:
                    total_ASUExp:11.8815
                    time_top_o:0.108658
                    time_check_in_c:0.0546308
                    time_add_parent:0.0252613
                    num_neighbors:13884001
                    time_add_neighbors_to_o:11.3806
        Stage2:
            total_Stage2:0.0118448
            num_len_path:163
            time_expanding_s:0.000114994
            timing_AStarSearchUntil:
                total_astar_search_until:0.0116465
                num_values_f_less_fmax:602
                ASU Exp:
                    total_ASUExp:0.0116422
                    time_top_o:0.000213116
                    time_check_in_c:0.000156227
                    time_add_parent:0.000249497
                    num_neighbors:17892
                    time_add_neighbors_to_o:0.010128
        Stage3:
            total_Stage3:23.5182
            num_until_goal_expanded:36398
            timing_S3Exp:
                total_S3Exp: 14.1365
                time_top_o: 0.120129
                time_check_in_c: 0.0286289
                time_add_parent: 0.03777
                num_neighbors: 13990088
                time_add_neighbors_to_o: 13.8231
    timing_PIOW_overlapping:
        total_PIOW: 7.57895
        num_windows: 838
        time_check_overlap: 4.1108e-05
        num_overlapping_windows: 4
        time_merge_windows: 9.23e-06
        time_remove_window: 2.148e-06
        time_remove_window: 8.869e-06
        timing_PlanIn:
            total_PlanIn:7.57885
            num_until_goal_expanded:16563
            timing_expansions:
                total_S3Exp: 7.57884
                time_top_o: 0.0277398
                time_check_in_c: 0.00928338
                time_add_parent: 0.0168061
                num_neighbors: 7632751
                time_add_neighbors_to_o: 7.20144
    num_new_collisions: 12
    timing_PIOW_new_collisions:
        total_PIOW: 0.00245922
        num_windows: 132
        time_check_overlap: 4.748e-06
        num_overlapping_windows: 0
        time_merge_windows: 0
        time_remove_window: 0
        time_remove_window: 6.568e-06
        timing_PlanIn:
            total_PlanIn:0.00243082
            num_until_goal_expanded:295
            timing_expansions:
                total_S3Exp: 0.00240795
                time_top_o: 4.5412e-05
                time_check_in_c: 6.3101e-05
                time_add_parent: 0.000101627
                num_neighbors: 2830
                time_add_neighbors_to_o: 0.00167975
    num_windows_should_quit: 0
    time_should_quit: 1.3592e-05
    time_remove_window: 0
Complete!
