Total time: 321.166
is_optimal: false
optimality_bound: 1.00407
successive_bounds: [1.00581, 1.00523, 1.00465, 1.00465, 1.00465, 1.00465, 1.00407, 1.00407, 1.00407]
successive_runtimes: [0.121331, 5.41841, 19.08, 20.7614, 23.8771, 91.7527, 159.975, 238.993, 321.166]
num_agents: 60
time_individual_plan: 0.0507906
time_first_plan: 0.0691855
num_max_agents_in_window_first_iteration: 4
num_recWAMPF: 9
timing_recWAMPF:
    total_RecWAMPF: 321.113
    num_windows: 222
    num_max_agents_in_window: 5
    timing_gari:
        total_GARI: 314.319
        time_path_btw_starts: 0.000866338
        Stage1:
            total_Stage1:269.864
            time_add_x_to_o: 0.083672
            time_clear_x: 0.0508265
            timing_AStarSearchUntil:
                total_astar_search_until:267.946
                num_values_f_less_fmax:16343
                ASU Exp:
                    total_ASUExp:267.946
                    time_top_o:0.0610226
                    time_check_in_c:0.00927379
                    time_add_parent:0
                    num_neighbors:0
                    time_add_neighbors_to_o:0
        Stage2:
            total_Stage2:31.6612
            num_len_path:203
            time_expanding_s:0.0042824
            timing_AStarSearchUntil:
                total_astar_search_until:29.9182
                num_values_f_less_fmax:2638
                ASU Exp:
                    total_ASUExp:29.9182
                    time_top_o:0.00681563
                    time_check_in_c:0.00147617
                    time_add_parent:0.00716252
                    num_neighbors:127827
                    time_add_neighbors_to_o:0.146373
        Stage3:
            total_Stage3:12.204
            num_until_goal_expanded:49321
            timing_S3Exp:
                total_S3Exp: 3.13834
                time_top_o: 0.0503733
                time_check_in_c: 0.0134378
                time_add_parent: 0.0453622
                num_neighbors: 3737951
                time_add_neighbors_to_o: 2.75885
    timing_PIOW_overlapping:
        total_PIOW: 5.281
        num_windows: 1366
        time_check_overlap: 7.0488e-05
        num_overlapping_windows: 1
        time_merge_windows: 2.067e-06
        time_remove_window: 4.54e-07
        time_remove_window: 1.974e-06
        timing_PlanIn:
            total_PlanIn:5.20956
            num_until_goal_expanded:13353
            timing_expansions:
                total_S3Exp: 5.20956
                time_top_o: 0.0176802
                time_check_in_c: 0.00444925
                time_add_parent: 0.0135877
                num_neighbors: 6754334
                time_add_neighbors_to_o: 4.87606
    num_new_collisions: 18
    timing_PIOW_new_collisions:
        total_PIOW: 1.49221
        num_windows: 153
        time_check_overlap: 1.274e-05
        num_overlapping_windows: 4
        time_merge_windows: 7.528e-06
        time_remove_window: 9.31e-07
        time_remove_window: 4.174e-06
        timing_PlanIn:
            total_PlanIn:1.47372
            num_until_goal_expanded:34669
            timing_expansions:
                total_S3Exp: 1.47356
                time_top_o: 0.0422838
                time_check_in_c: 0.014034
                time_add_parent: 0.0360205
                num_neighbors: 1829897
                time_add_neighbors_to_o: 1.19673
    num_windows_should_quit: 0
    time_should_quit: 5.433e-06
    time_remove_window: 0
Complete!
