Total time: 0.685686
is_optimal: true
optimality_bound: 1
successive_bounds: [1.00543, 1.00543, 1.00543, 1.00543, 1.00543, 1.00543, 1.00543, 1.00346, 1.00296, 1.00296, 1.00198, 1.00099, 1.00099, 1.00099, 1.00099, 1.00099, 1, 1]
successive_runtimes: [0.00591605, 0.00688428, 0.00781593, 0.00885132, 0.00981322, 0.0114426, 0.0127911, 0.100216, 0.223223, 0.301875, 0.375522, 0.453202, 0.498755, 0.544237, 0.590321, 0.636997, 0.685686]
num_agents: 30
time_individual_plan: 0.00396855
time_first_plan: 0.00120475
num_max_agents_in_window_first_iteration: 2
num_recWAMPF: 17
timing_recWAMPF:
    total_RecWAMPF: 0.680969
    num_windows: 192
    num_max_agents_in_window: 4
    timing_gari:
        total_GARI: 0.591111
        time_path_btw_starts: 0.00108736
        Stage1:
            total_Stage1:0.208107
            time_add_x_to_o: 0.120746
            time_clear_x: 0.0264869
            timing_AStarSearchUntil:
                total_astar_search_until:0.0608597
                num_values_f_less_fmax:680
                ASU Exp:
                    total_ASUExp:0.0608544
                    time_top_o:0.000681344
                    time_check_in_c:0.0123671
                    time_add_parent:0.000368093
                    num_neighbors:83885
                    time_add_neighbors_to_o:0.0451804
        Stage2:
            total_Stage2:0.0213449
            num_len_path:174
            time_expanding_s:0.000759369
            timing_AStarSearchUntil:
                total_astar_search_until:0.0204995
                num_values_f_less_fmax:615
                ASU Exp:
                    total_ASUExp:0.0204949
                    time_top_o:0.000232846
                    time_check_in_c:0.00013434
                    time_add_parent:0.000224744
                    num_neighbors:37747
                    time_add_neighbors_to_o:0.0189768
        Stage3:
            total_Stage3:0.360201
            num_until_goal_expanded:599
            timing_S3Exp:
                total_S3Exp: 0.0336026
                time_top_o: 0.000184231
                time_check_in_c: 0.000115899
                time_add_parent: 0.000241625
                num_neighbors: 31470
                time_add_neighbors_to_o: 0.0264183
    timing_PIOW_overlapping:
        total_PIOW: 0.0858536
        num_windows: 571
        time_check_overlap: 3.1681e-05
        num_overlapping_windows: 2
        time_merge_windows: 6.774e-06
        time_remove_window: 7.02e-07
        time_remove_window: 6.652e-06
        timing_PlanIn:
            total_PlanIn:0.0857887
            num_until_goal_expanded:223
            timing_expansions:
                total_S3Exp: 0.0857833
                time_top_o: 0.000126491
                time_check_in_c: 5.2654e-05
                time_add_parent: 8.0903e-05
                num_neighbors: 126733
                time_add_neighbors_to_o: 0.0811558
    num_new_collisions: 7
    timing_PIOW_new_collisions:
        total_PIOW: 0.000664278
        num_windows: 42
        time_check_overlap: 2.063e-06
        num_overlapping_windows: 0
        time_merge_windows: 0
        time_remove_window: 0
        time_remove_window: 3.83e-06
        timing_PlanIn:
            total_PlanIn:0.000649685
            num_until_goal_expanded:48
            timing_expansions:
                total_S3Exp: 0.000637142
                time_top_o: 8.365e-06
                time_check_in_c: 9.002e-06
                time_add_parent: 1.5545e-05
                num_neighbors: 860
                time_add_neighbors_to_o: 0.000497937
    num_windows_should_quit: 0
    time_should_quit: 1.0054e-05
    time_remove_window: 0
Complete!
