Total time: 0.321023
is_optimal: true
optimality_bound: 1
successive_bounds: [1.00355, 1.00284, 1.00213, 1.00213, 1.00213, 1.00213, 1.00142, 1.00071, 1.00071, 1.00071, 1.00071, 1.00071, 1.00071, 1.00071, 1.00071, 1.00071, 1.00071, 1.00071, 1.00071, 1.00071, 1.00071, 1, 1]
successive_runtimes: [0.0178501, 0.0227322, 0.0270544, 0.0350626, 0.0450077, 0.0586163, 0.0808746, 0.0986703, 0.104246, 0.108348, 0.114828, 0.122421, 0.22228, 0.265696, 0.270356, 0.278725, 0.285539, 0.293294, 0.299689, 0.308533, 0.315572, 0.321023]
num_agents: 40
time_individual_plan: 0.00995255
time_first_plan: 0.00655334
num_max_agents_in_window_first_iteration: 2
num_recWAMPF: 22
timing_recWAMPF:
    total_RecWAMPF: 0.309703
    num_windows: 199
    num_max_agents_in_window: 3
    timing_gari:
        total_GARI: 0.191765
        time_path_btw_starts: 0.00127915
        Stage1:
            total_Stage1:0.081164
            time_add_x_to_o: 0.0483187
            time_clear_x: 0.00732015
            timing_AStarSearchUntil:
                total_astar_search_until:0.0254931
                num_values_f_less_fmax:1867
                ASU Exp:
                    total_ASUExp:0.025483
                    time_top_o:0.00128339
                    time_check_in_c:0.000567488
                    time_add_parent:0.000866556
                    num_neighbors:19988
                    time_add_neighbors_to_o:0.0194117
        Stage2:
            total_Stage2:0.0251721
            num_len_path:192
            time_expanding_s:0.000358464
            timing_AStarSearchUntil:
                total_astar_search_until:0.0246507
                num_values_f_less_fmax:855
                ASU Exp:
                    total_ASUExp:0.0246432
                    time_top_o:0.000522325
                    time_check_in_c:0.000336806
                    time_add_parent:0.000543146
                    num_neighbors:24741
                    time_add_neighbors_to_o:0.0185993
        Stage3:
            total_Stage3:0.0834978
            num_until_goal_expanded:883
            timing_S3Exp:
                total_S3Exp: 0.0193489
                time_top_o: 0.000510114
                time_check_in_c: 0.000253517
                time_add_parent: 0.000513917
                num_neighbors: 11734
                time_add_neighbors_to_o: 0.0102893
    timing_PIOW_overlapping:
        total_PIOW: 0.0966285
        num_windows: 513
        time_check_overlap: 4.2491e-05
        num_overlapping_windows: 3
        time_merge_windows: 2.3047e-05
        time_remove_window: 2.711e-06
        time_remove_window: 2.2738e-05
        timing_PlanIn:
            total_PlanIn:0.096517
            num_until_goal_expanded:746
            timing_expansions:
                total_S3Exp: 0.0964991
                time_top_o: 0.000610695
                time_check_in_c: 0.000308657
                time_add_parent: 0.000613974
                num_neighbors: 80111
                time_add_neighbors_to_o: 0.0884744
    num_new_collisions: 7
    timing_PIOW_new_collisions:
        total_PIOW: 0.00610913
        num_windows: 46
        time_check_overlap: 3.478e-06
        num_overlapping_windows: 1
        time_merge_windows: 0
        time_remove_window: 0.0326946
        time_remove_window: 1.3164e-05
        timing_PlanIn:
            total_PlanIn:0.00606849
            num_until_goal_expanded:213
            timing_expansions:
                total_S3Exp: 0.00602207
                time_top_o: 0.000101443
                time_check_in_c: 0.000120471
                time_add_parent: 0.000194274
                num_neighbors: 3455
                time_add_neighbors_to_o: 0.00449328
    num_windows_should_quit: 0
    time_should_quit: 3.2332e-05
    time_remove_window: 0
Complete!
