Total time: 0.0316821
is_optimal: true
optimality_bound: 1
successive_bounds: [1.00284, 1.00284, 1.00284, 1.00284, 1.00284, 1.00284, 1.00284, 1.00284, 1.00284, 1.00284, 1.00284, 1.00284, 1.00284, 1.00284, 1.00284, 1.00284, 1.00284, 1.00284, 1.00284, 1.00284, 1, 1]
successive_runtimes: [0.00196551, 0.00207708, 0.00217882, 0.00227844, 0.00238035, 0.00249754, 0.00261091, 0.00272564, 0.00284813, 0.00296912, 0.0030954, 0.00322553, 0.00336613, 0.00349983, 0.00363606, 0.0037712, 0.0047305, 0.00507351, 0.00536627, 0.00571563, 0.0316821]
num_agents: 10
time_individual_plan: 0.00122509
time_first_plan: 0.000153392
num_max_agents_in_window_first_iteration: 2
num_recWAMPF: 21
timing_recWAMPF:
    total_RecWAMPF: 0.0298672
    num_windows: 41
    num_max_agents_in_window: 2
    timing_gari:
        total_GARI: 0.0292151
        time_path_btw_starts: 9.924e-05
        Stage1:
            total_Stage1:0.000278519
            time_add_x_to_o: 0.000249657
            time_clear_x: 2.5e-05
            timing_AStarSearchUntil:
                total_astar_search_until:1.72e-06
                num_values_f_less_fmax:0
                ASU Exp:
                    total_ASUExp:7.58e-07
                    time_top_o:0
                    time_check_in_c:0
                    time_add_parent:0
                    num_neighbors:0
                    time_add_neighbors_to_o:0
        Stage2:
            total_Stage2:0.0261985
            num_len_path:61
            time_expanding_s:2.2023e-05
            timing_AStarSearchUntil:
                total_astar_search_until:0.0261663
                num_values_f_less_fmax:2133
                ASU Exp:
                    total_ASUExp:0.0261655
                    time_top_o:0.000667674
                    time_check_in_c:0.000404049
                    time_add_parent:0.000544088
                    num_neighbors:54996
                    time_add_neighbors_to_o:0.0225029
        Stage3:
            total_Stage3:0.0026322
            num_until_goal_expanded:163
            timing_S3Exp:
                total_S3Exp: 0.00121922
                time_top_o: 3.564e-05
                time_check_in_c: 2.3832e-05
                time_add_parent: 8.7103e-05
                num_neighbors: 1975
                time_add_neighbors_to_o: 0.000834546
    timing_PIOW_overlapping:
        total_PIOW: 6.78e-07
        num_windows: 20
        time_check_overlap: 0
        num_overlapping_windows: 0
        time_merge_windows: 0
        time_remove_window: 0
        time_remove_window: 0
        timing_PlanIn:
            total_PlanIn:0
            num_until_goal_expanded:0
            timing_expansions:
                total_S3Exp: 0
                time_top_o: 0
                time_check_in_c: 0
                time_add_parent: 0
                num_neighbors: 0
                time_add_neighbors_to_o: 0
    num_new_collisions: 1
    timing_PIOW_new_collisions:
        total_PIOW: 0.000116304
        num_windows: 0
        time_check_overlap: 0
        num_overlapping_windows: 0
        time_merge_windows: 0
        time_remove_window: 0
        time_remove_window: 2.92e-07
        timing_PlanIn:
            total_PlanIn:0.000114718
            num_until_goal_expanded:8
            timing_expansions:
                total_S3Exp: 0.00011148
                time_top_o: 1.679e-06
                time_check_in_c: 1.784e-06
                time_add_parent: 2.895e-06
                num_neighbors: 160
                time_add_neighbors_to_o: 8.9584e-05
    num_windows_should_quit: 0
    time_should_quit: 1.17e-06
    time_remove_window: 0
Complete!
