Total time: 0.0435323
is_optimal: true
optimality_bound: 1
successive_bounds: [1.00139, 1.00139, 1.00139, 1.00139, 1.00139, 1.00139, 1.00139, 1.00139, 1.00139, 1.00139, 1.00139, 1.00139, 1.00139, 1.00139, 1.00139, 1.00139, 1.00139, 1, 1]
successive_runtimes: [0.00458463, 0.00494183, 0.00530805, 0.00573482, 0.00622251, 0.0069527, 0.00758714, 0.00817164, 0.00870566, 0.0102625, 0.0115145, 0.0125072, 0.013337, 0.0144167, 0.0224626, 0.030379, 0.0381594, 0.0435323]
num_agents: 20
time_individual_plan: 0.00354542
time_first_plan: 0.000329737
num_max_agents_in_window_first_iteration: 2
num_recWAMPF: 18
timing_recWAMPF:
    total_RecWAMPF: 0.0392734
    num_windows: 70
    num_max_agents_in_window: 2
    timing_gari:
        total_GARI: 0.0373865
        time_path_btw_starts: 0.000204275
        Stage1:
            total_Stage1:0.021589
            time_add_x_to_o: 0.00751408
            time_clear_x: 0.00103632
            timing_AStarSearchUntil:
                total_astar_search_until:0.0130338
                num_values_f_less_fmax:2385
                ASU Exp:
                    total_ASUExp:0.0130318
                    time_top_o:0.000934808
                    time_check_in_c:0.000551172
                    time_add_parent:0.000455419
                    num_neighbors:22633
                    time_add_neighbors_to_o:0.00973488
        Stage2:
            total_Stage2:0.00994715
            num_len_path:83
            time_expanding_s:3.8972e-05
            timing_AStarSearchUntil:
                total_astar_search_until:0.0098857
                num_values_f_less_fmax:701
                ASU Exp:
                    total_ASUExp:0.00988396
                    time_top_o:0.00024028
                    time_check_in_c:0.000178168
                    time_add_parent:0.000230781
                    num_neighbors:17082
                    time_add_neighbors_to_o:0.0083811
        Stage3:
            total_Stage3:0.00563306
            num_until_goal_expanded:245
            timing_S3Exp:
                total_S3Exp: 0.00206034
                time_top_o: 6.3283e-05
                time_check_in_c: 3.7707e-05
                time_add_parent: 7.6564e-05
                num_neighbors: 2535
                time_add_neighbors_to_o: 0.00113304
    timing_PIOW_overlapping:
        total_PIOW: 5.443e-06
        num_windows: 68
        time_check_overlap: 2.3e-06
        num_overlapping_windows: 0
        time_merge_windows: 0
        time_remove_window: 0
        time_remove_window: 0
        timing_PlanIn:
            total_PlanIn:0
            num_until_goal_expanded:0
            timing_expansions:
                total_S3Exp: 0
                time_top_o: 0
                time_check_in_c: 0
                time_add_parent: 0
                num_neighbors: 0
                time_add_neighbors_to_o: 0
    num_new_collisions: 2
    timing_PIOW_new_collisions:
        total_PIOW: 0.000188278
        num_windows: 2
        time_check_overlap: 1.75e-07
        num_overlapping_windows: 0
        time_merge_windows: 0
        time_remove_window: 0
        time_remove_window: 6.74e-07
        timing_PlanIn:
            total_PlanIn:0.000184274
            num_until_goal_expanded:15
            timing_expansions:
                total_S3Exp: 0.000179264
                time_top_o: 3.065e-06
                time_check_in_c: 3.476e-06
                time_add_parent: 6.029e-06
                num_neighbors: 217
                time_add_neighbors_to_o: 0.000112227
    num_windows_should_quit: 0
    time_should_quit: 2.35e-06
    time_remove_window: 0
Complete!
