Total time: 0.743345
is_optimal: true
optimality_bound: 1
successive_bounds: [1.0048, 1.0048, 1.0048, 1.0032, 1.0032, 1.0032, 1.00267, 1.00213, 1.00213, 1.00213, 1.00213, 1.00213, 1.00213, 1.00107, 1.00107, 1.00107, 1.00107, 1.00107, 1.00107, 1.00107, 1.00107, 1.00107, 1, 1]
successive_runtimes: [0.0055999, 0.00646762, 0.00867678, 0.012024, 0.0157437, 0.0195804, 0.0231105, 0.096086, 0.171234, 0.206581, 0.244697, 0.310011, 0.400048, 0.438923, 0.473186, 0.506407, 0.539732, 0.573031, 0.606533, 0.640041, 0.676001, 0.709493, 0.743345]
num_agents: 30
time_individual_plan: 0.00386911
time_first_plan: 0.00108822
num_max_agents_in_window_first_iteration: 2
num_recWAMPF: 23
timing_recWAMPF:
    total_RecWAMPF: 0.738824
    num_windows: 243
    num_max_agents_in_window: 5
    timing_gari:
        total_GARI: 0.661033
        time_path_btw_starts: 0.00152425
        Stage1:
            total_Stage1:0.144616
            time_add_x_to_o: 0.116795
            time_clear_x: 0.02776
            timing_AStarSearchUntil:
                total_astar_search_until:4.3322e-05
                num_values_f_less_fmax:30
                ASU Exp:
                    total_ASUExp:3.5456e-05
                    time_top_o:1.6413e-05
                    time_check_in_c:4.984e-06
                    time_add_parent:0
                    num_neighbors:0
                    time_add_neighbors_to_o:0
        Stage2:
            total_Stage2:0.09513
            num_len_path:217
            time_expanding_s:0.00324045
            timing_AStarSearchUntil:
                total_astar_search_until:0.0917261
                num_values_f_less_fmax:292
                ASU Exp:
                    total_ASUExp:0.09172
                    time_top_o:0.000172459
                    time_check_in_c:8.6204e-05
                    time_add_parent:0.00016807
                    num_neighbors:160597
                    time_add_neighbors_to_o:0.087854
        Stage3:
            total_Stage3:0.4197
            num_until_goal_expanded:734
            timing_S3Exp:
                total_S3Exp: 0.0570634
                time_top_o: 0.000261362
                time_check_in_c: 0.000139995
                time_add_parent: 0.000297772
                num_neighbors: 88121
                time_add_neighbors_to_o: 0.0540839
    timing_PIOW_overlapping:
        total_PIOW: 0.0176826
        num_windows: 666
        time_check_overlap: 3.1642e-05
        num_overlapping_windows: 3
        time_merge_windows: 4.501e-06
        time_remove_window: 7.94e-07
        time_remove_window: 4.304e-06
        timing_PlanIn:
            total_PlanIn:0.0176151
            num_until_goal_expanded:77
            timing_expansions:
                total_S3Exp: 0.0176046
                time_top_o: 2.6225e-05
                time_check_in_c: 1.9168e-05
                time_add_parent: 2.9564e-05
                num_neighbors: 22655
                time_add_neighbors_to_o: 0.016568
    num_new_collisions: 9
    timing_PIOW_new_collisions:
        total_PIOW: 0.0562568
        num_windows: 67
        time_check_overlap: 2.905e-06
        num_overlapping_windows: 1
        time_merge_windows: 0
        time_remove_window: 0.0408784
        time_remove_window: 7.495e-06
        timing_PlanIn:
            total_PlanIn:0.0562317
            num_until_goal_expanded:95
            timing_expansions:
                total_S3Exp: 0.0562115
                time_top_o: 3.3251e-05
                time_check_in_c: 2.6837e-05
                time_add_parent: 4.5101e-05
                num_neighbors: 70635
                time_add_neighbors_to_o: 0.0536365
    num_windows_should_quit: 0
    time_should_quit: 2.0606e-05
    time_remove_window: 0
Complete!
