Total time: 0.00384291
is_optimal: true
optimality_bound: 1
successive_bounds: [1.00297, 1.00297, 1.00297, 1.00297, 1.00297, 1.00297, 1.00297, 1.00297, 1.00297, 1.00297, 1.00297, 1.00297, 1.00297, 1.00297, 1, 1]
successive_runtimes: [0.00189173, 0.00202147, 0.0021405, 0.00226129, 0.00238799, 0.00252516, 0.00266025, 0.00279906, 0.00294252, 0.00304273, 0.00313499, 0.00322953, 0.00333314, 0.0034308, 0.00384289]
num_agents: 10
time_individual_plan: 0.00125123
time_first_plan: 0.000108866
num_max_agents_in_window_first_iteration: 2
num_recWAMPF: 15
timing_recWAMPF:
    total_RecWAMPF: 0.00205811
    num_windows: 29
    num_max_agents_in_window: 2
    timing_gari:
        total_GARI: 0.00167381
        time_path_btw_starts: 4.9301e-05
        Stage1:
            total_Stage1:0.000144382
            time_add_x_to_o: 0.00012688
            time_clear_x: 1.4633e-05
            timing_AStarSearchUntil:
                total_astar_search_until:1.291e-06
                num_values_f_less_fmax:0
                ASU Exp:
                    total_ASUExp:6.28e-07
                    time_top_o:0
                    time_check_in_c:0
                    time_add_parent:0
                    num_neighbors:0
                    time_add_neighbors_to_o:0
        Stage2:
            total_Stage2:0.000466831
            num_len_path:22
            time_expanding_s:1.334e-05
            timing_AStarSearchUntil:
                total_astar_search_until:0.000446333
                num_values_f_less_fmax:38
                ASU Exp:
                    total_ASUExp:0.000445758
                    time_top_o:8.755e-06
                    time_check_in_c:6.884e-06
                    time_add_parent:1.2807e-05
                    num_neighbors:940
                    time_add_neighbors_to_o:0.000372707
        Stage3:
            total_Stage3:0.00100936
            num_until_goal_expanded:71
            timing_S3Exp:
                total_S3Exp: 0.000675774
                time_top_o: 1.3174e-05
                time_check_in_c: 9.341e-06
                time_add_parent: 1.3928e-05
                num_neighbors: 935
                time_add_neighbors_to_o: 0.00052833
    timing_PIOW_overlapping:
        total_PIOW: 3.33e-07
        num_windows: 14
        time_check_overlap: 0
        num_overlapping_windows: 0
        time_merge_windows: 0
        time_remove_window: 0
        time_remove_window: 0
        timing_PlanIn:
            total_PlanIn:0
            num_until_goal_expanded:0
            timing_expansions:
                total_S3Exp: 0
                time_top_o: 0
                time_check_in_c: 0
                time_add_parent: 0
                num_neighbors: 0
                time_add_neighbors_to_o: 0
    num_new_collisions: 1
    timing_PIOW_new_collisions:
        total_PIOW: 8.3701e-05
        num_windows: 0
        time_check_overlap: 0
        num_overlapping_windows: 0
        time_merge_windows: 0
        time_remove_window: 0
        time_remove_window: 2.78e-07
        timing_PlanIn:
            total_PlanIn:8.1867e-05
            num_until_goal_expanded:7
            timing_expansions:
                total_S3Exp: 7.8885e-05
                time_top_o: 1.694e-06
                time_check_in_c: 1.57e-06
                time_add_parent: 2.397e-06
                num_neighbors: 120
                time_add_neighbors_to_o: 5.8619e-05
    num_windows_should_quit: 0
    time_should_quit: 6.59e-07
    time_remove_window: 0
Complete!
