Total time: 0.0559718
is_optimal: true
optimality_bound: 1
successive_bounds: [1.00133, 1.00133, 1.00133, 1.00133, 1.00133, 1.00133, 1.00133, 1.00133, 1.00133, 1.00133, 1.00133, 1.00133, 1.00133, 1.00133, 1.00133, 1.00133, 1.00133, 1.00133, 1.00133, 1, 1]
successive_runtimes: [0.00402074, 0.00455549, 0.00512889, 0.00565175, 0.00618462, 0.00674124, 0.00729251, 0.0078297, 0.00842216, 0.00901681, 0.0140538, 0.0228282, 0.0304652, 0.036653, 0.0392142, 0.0417497, 0.0443716, 0.0484352, 0.0529989, 0.0559718]
num_agents: 20
time_individual_plan: 0.00308574
time_first_plan: 0.000298631
num_max_agents_in_window_first_iteration: 2
num_recWAMPF: 20
timing_recWAMPF:
    total_RecWAMPF: 0.0522446
    num_windows: 39
    num_max_agents_in_window: 2
    timing_gari:
        total_GARI: 0.0503101
        time_path_btw_starts: 0.000118276
        Stage1:
            total_Stage1:0.0289253
            time_add_x_to_o: 0.0120499
            time_clear_x: 0.00319543
            timing_AStarSearchUntil:
                total_astar_search_until:0.013677
                num_values_f_less_fmax:3335
                ASU Exp:
                    total_ASUExp:0.0136755
                    time_top_o:0.00159272
                    time_check_in_c:0.000917363
                    time_add_parent:0.000299935
                    num_neighbors:22140
                    time_add_neighbors_to_o:0.00939702
        Stage2:
            total_Stage2:0.00839298
            num_len_path:49
            time_expanding_s:2.0699e-05
            timing_AStarSearchUntil:
                total_astar_search_until:0.00835639
                num_values_f_less_fmax:517
                ASU Exp:
                    total_ASUExp:0.00835545
                    time_top_o:0.000161063
                    time_check_in_c:0.000112126
                    time_add_parent:0.000172941
                    num_neighbors:15348
                    time_add_neighbors_to_o:0.00733461
        Stage3:
            total_Stage3:0.0128632
            num_until_goal_expanded:720
            timing_S3Exp:
                total_S3Exp: 0.00429717
                time_top_o: 0.000238627
                time_check_in_c: 0.000133151
                time_add_parent: 0.000347307
                num_neighbors: 5413
                time_add_neighbors_to_o: 0.00247714
    timing_PIOW_overlapping:
        total_PIOW: 1.725e-06
        num_windows: 19
        time_check_overlap: 0
        num_overlapping_windows: 0
        time_merge_windows: 0
        time_remove_window: 0
        time_remove_window: 0
        timing_PlanIn:
            total_PlanIn:0
            num_until_goal_expanded:0
            timing_expansions:
                total_S3Exp: 0
                time_top_o: 0
                time_check_in_c: 0
                time_add_parent: 0
                num_neighbors: 0
                time_add_neighbors_to_o: 0
    num_new_collisions: 1
    timing_PIOW_new_collisions:
        total_PIOW: 0.000169417
        num_windows: 0
        time_check_overlap: 0
        num_overlapping_windows: 0
        time_merge_windows: 0
        time_remove_window: 0
        time_remove_window: 3.5e-07
        timing_PlanIn:
            total_PlanIn:0.000167305
            num_until_goal_expanded:24
            timing_expansions:
                total_S3Exp: 0.000164078
                time_top_o: 4.044e-06
                time_check_in_c: 5.247e-06
                time_add_parent: 8.968e-06
                num_neighbors: 198
                time_add_neighbors_to_o: 0.00010298
    num_windows_should_quit: 0
    time_should_quit: 1.401e-06
    time_remove_window: 0
Complete!
