Total time: 40.4464
is_optimal: true
optimality_bound: 1
successive_bounds: [1.00326, 1.00326, 1.00326, 1.00217, 1.00217, 1.00217, 1.00217, 1.00163, 1.00109, 1.00109, 1.00109, 1.00109, 1, 1]
successive_runtimes: [0.00678613, 0.0206102, 0.0594197, 0.374626, 1.28592, 3.39325, 7.38535, 13.0201, 16.2454, 18.7379, 23.7312, 31.7512, 40.4464]
num_agents: 30
time_individual_plan: 0.00389379
time_first_plan: 0.00236711
num_max_agents_in_window_first_iteration: 3
num_recWAMPF: 13
timing_recWAMPF:
    total_RecWAMPF: 40.442
    num_windows: 55
    num_max_agents_in_window: 5
    timing_gari:
        total_GARI: 40.0438
        time_path_btw_starts: 0.000157042
        Stage1:
            total_Stage1:29.3231
            time_add_x_to_o: 5.21687
            time_clear_x: 2.38485
            timing_AStarSearchUntil:
                total_astar_search_until:21.7214
                num_values_f_less_fmax:129211
                ASU Exp:
                    total_ASUExp:21.7214
                    time_top_o:0.203895
                    time_check_in_c:0.0867171
                    time_add_parent:0.0462606
                    num_neighbors:40878128
                    time_add_neighbors_to_o:20.7519
        Stage2:
            total_Stage2:0.0435973
            num_len_path:48
            time_expanding_s:4.6381e-05
            timing_AStarSearchUntil:
                total_astar_search_until:0.0435132
                num_values_f_less_fmax:124
                ASU Exp:
                    total_ASUExp:0.043512
                    time_top_o:7.3048e-05
                    time_check_in_c:2.9961e-05
                    time_add_parent:4.9886e-05
                    num_neighbors:84593
                    time_add_neighbors_to_o:0.0431317
        Stage3:
            total_Stage3:10.6769
            num_until_goal_expanded:54924
            timing_S3Exp:
                total_S3Exp: 7.3478
                time_top_o: 0.051389
                time_check_in_c: 0.0181401
                time_add_parent: 0.0350416
                num_neighbors: 14382199
                time_add_neighbors_to_o: 7.15073
    timing_PIOW_overlapping:
        total_PIOW: 0.392627
        num_windows: 63
        time_check_overlap: 3.385e-06
        num_overlapping_windows: 2
        time_merge_windows: 3.36e-06
        time_remove_window: 7.68e-07
        time_remove_window: 3.259e-06
        timing_PlanIn:
            total_PlanIn:0.392613
            num_until_goal_expanded:1349
            timing_expansions:
                total_S3Exp: 0.392608
                time_top_o: 0.00107829
                time_check_in_c: 0.000323968
                time_add_parent: 0.000502615
                num_neighbors: 756981
                time_add_neighbors_to_o: 0.368652
    num_new_collisions: 5
    timing_PIOW_new_collisions:
        total_PIOW: 0.00196502
        num_windows: 11
        time_check_overlap: 7.27e-07
        num_overlapping_windows: 1
        time_merge_windows: 0
        time_remove_window: 0.00469797
        time_remove_window: 1.386e-06
        timing_PlanIn:
            total_PlanIn:0.00195743
            num_until_goal_expanded:103
            timing_expansions:
                total_S3Exp: 0.00194504
                time_top_o: 1.4469e-05
                time_check_in_c: 1.7601e-05
                time_add_parent: 2.7273e-05
                num_neighbors: 3797
                time_add_neighbors_to_o: 0.00163625
    num_windows_should_quit: 0
    time_should_quit: 2.572e-06
    time_remove_window: 0
Complete!
