Total time: 208.398
is_optimal: false
optimality_bound: 1.004
successive_bounds: [1.00801, 1.00585, 1.00524, 1.00524, 1.00524, 1.00524, 1.00462, 1.004, 1.004, 1.004]
successive_runtimes: [0.0669035, 0.0854807, 0.151583, 0.192373, 0.249651, 0.340406, 0.451361, 2.65212, 5.10365, 208.398]
num_agents: 50
time_individual_plan: 0.0493702
time_first_plan: 0.0159774
num_max_agents_in_window_first_iteration: 2
num_recWAMPF: 10
timing_recWAMPF:
    total_RecWAMPF: 208.347
    num_windows: 117
    num_max_agents_in_window: 5
    timing_gari:
        total_GARI: 5.75009
        time_path_btw_starts: 0.000611885
        Stage1:
            total_Stage1:3.09851
            time_add_x_to_o: 0.698262
            time_clear_x: 0.230931
            timing_AStarSearchUntil:
                total_astar_search_until:2.1693
                num_values_f_less_fmax:12879
                ASU Exp:
                    total_ASUExp:2.1693
                    time_top_o:0.0247758
                    time_check_in_c:0.0228359
                    time_add_parent:0.0125722
                    num_neighbors:2583301
                    time_add_neighbors_to_o:2.0588
        Stage2:
            total_Stage2:0.0204069
            num_len_path:111
            time_expanding_s:0.000113863
            timing_AStarSearchUntil:
                total_astar_search_until:0.0202226
                num_values_f_less_fmax:432
                ASU Exp:
                    total_ASUExp:0.0202182
                    time_top_o:0.000195879
                    time_check_in_c:0.000174518
                    time_add_parent:0.000409415
                    num_neighbors:21988
                    time_add_neighbors_to_o:0.0182441
        Stage3:
            total_Stage3:2.63051
            num_until_goal_expanded:8581
            timing_S3Exp:
                total_S3Exp: 1.74387
                time_top_o: 0.0132404
                time_check_in_c: 0.00296582
                time_add_parent: 0.0074848
                num_neighbors: 1930361
                time_add_neighbors_to_o: 1.63988
    timing_PIOW_overlapping:
        total_PIOW: 2.13266
        num_windows: 451
        time_check_overlap: 2.8414e-05
        num_overlapping_windows: 8
        time_merge_windows: 1.9602e-05
        time_remove_window: 2.716e-06
        time_remove_window: 1.8951e-05
        timing_PlanIn:
            total_PlanIn:2.13257
            num_until_goal_expanded:6757
            timing_expansions:
                total_S3Exp: 2.13253
                time_top_o: 0.011032
                time_check_in_c: 0.00302089
                time_add_parent: 0.00677209
                num_neighbors: 2385157
                time_add_neighbors_to_o: 1.9982
    num_new_collisions: 14
    timing_PIOW_new_collisions:
        total_PIOW: 200.448
        num_windows: 152
        time_check_overlap: 1.1782e-05
        num_overlapping_windows: 1
        time_merge_windows: 0
        time_remove_window: 7.95857
        time_remove_window: 1.3645e-05
        timing_PlanIn:
            total_PlanIn:200.448
            num_until_goal_expanded:105832
            timing_expansions:
                total_S3Exp: 200.448
                time_top_o: 0.330093
                time_check_in_c: 0.0699419
                time_add_parent: 0.124972
                num_neighbors: 216650788
                time_add_neighbors_to_o: 191.639
    num_windows_should_quit: 0
    time_should_quit: 1.1441e-05
    time_remove_window: 0
Complete!
