Total time: 0.0486115
is_optimal: true
optimality_bound: 1
successive_bounds: [1.00155, 1.00155, 1.00155, 1.00155, 1.00155, 1.00155, 1.00155, 1.00155, 1.00155, 1.00155, 1.00155, 1.00155, 1.00155, 1.00155, 1.00155, 1.00155, 1.00155, 1.00155, 1.00155, 1, 1]
successive_runtimes: [0.00566207, 0.00589726, 0.00614203, 0.00637016, 0.00662533, 0.00686999, 0.00713565, 0.00782955, 0.00819532, 0.010377, 0.0111136, 0.0118496, 0.0125761, 0.0135174, 0.0145665, 0.0157965, 0.0178157, 0.0196776, 0.0432433, 0.0486115]
num_agents: 20
time_individual_plan: 0.00465913
time_first_plan: 0.000321341
num_max_agents_in_window_first_iteration: 2
num_recWAMPF: 20
timing_recWAMPF:
    total_RecWAMPF: 0.0432654
    num_windows: 39
    num_max_agents_in_window: 2
    timing_gari:
        total_GARI: 0.0414253
        time_path_btw_starts: 0.000132766
        Stage1:
            total_Stage1:0.00726394
            time_add_x_to_o: 0.00252235
            time_clear_x: 0.000276389
            timing_AStarSearchUntil:
                total_astar_search_until:0.00446123
                num_values_f_less_fmax:474
                ASU Exp:
                    total_ASUExp:0.00445998
                    time_top_o:0.000241328
                    time_check_in_c:0.000120583
                    time_add_parent:0.000150089
                    num_neighbors:7246
                    time_add_neighbors_to_o:0.0034389
        Stage2:
            total_Stage2:0.00203214
            num_len_path:40
            time_expanding_s:2.1269e-05
            timing_AStarSearchUntil:
                total_astar_search_until:0.00199227
                num_values_f_less_fmax:139
                ASU Exp:
                    total_ASUExp:0.00199113
                    time_top_o:4.3965e-05
                    time_check_in_c:2.968e-05
                    time_add_parent:4.5874e-05
                    num_neighbors:3343
                    time_add_neighbors_to_o:0.00169505
        Stage3:
            total_Stage3:0.0319869
            num_until_goal_expanded:1743
            timing_S3Exp:
                total_S3Exp: 0.025465
                time_top_o: 0.0012092
                time_check_in_c: 0.000463288
                time_add_parent: 0.000761912
                num_neighbors: 35630
                time_add_neighbors_to_o: 0.0204577
    timing_PIOW_overlapping:
        total_PIOW: 1.349e-06
        num_windows: 19
        time_check_overlap: 0
        num_overlapping_windows: 0
        time_merge_windows: 0
        time_remove_window: 0
        time_remove_window: 0
        timing_PlanIn:
            total_PlanIn:0
            num_until_goal_expanded:0
            timing_expansions:
                total_S3Exp: 0
                time_top_o: 0
                time_check_in_c: 0
                time_add_parent: 0
                num_neighbors: 0
                time_add_neighbors_to_o: 0
    num_new_collisions: 1
    timing_PIOW_new_collisions:
        total_PIOW: 0.000222779
        num_windows: 0
        time_check_overlap: 0
        num_overlapping_windows: 0
        time_merge_windows: 0
        time_remove_window: 0
        time_remove_window: 4.28e-07
        timing_PlanIn:
            total_PlanIn:0.000220248
            num_until_goal_expanded:12
            timing_expansions:
                total_S3Exp: 0.000216717
                time_top_o: 3.134e-06
                time_check_in_c: 3.022e-06
                time_add_parent: 4.866e-06
                num_neighbors: 217
                time_add_neighbors_to_o: 0.000177901
    num_windows_should_quit: 0
    time_should_quit: 1.815e-06
    time_remove_window: 0
Complete!
