Total time: 35.6236
is_optimal: false
optimality_bound: 1.00359
successive_bounds: [1.00695, 1.00599, 1.00503, 1.00359]
successive_runtimes: [0.0311366, 0.110312, 0.276732, 35.6236]
num_agents: 60
time_individual_plan: 0.00969596
time_first_plan: 0.0209284
num_max_agents_in_window_first_iteration: 3
num_recWAMPF: 4
timing_recWAMPF:
    total_RecWAMPF: 35.6134
    num_windows: 100
    num_max_agents_in_window: 6
    timing_gari:
        total_GARI: 0.478303
        time_path_btw_starts: 0.000243029
        Stage1:
            total_Stage1:0.383997
            time_add_x_to_o: 0.0714903
            time_clear_x: 0.0264253
            timing_AStarSearchUntil:
                total_astar_search_until:0.286076
                num_values_f_less_fmax:14696
                ASU Exp:
                    total_ASUExp:0.286073
                    time_top_o:0.0105123
                    time_check_in_c:0.00493817
                    time_add_parent:0.0031366
                    num_neighbors:607492
                    time_add_neighbors_to_o:0.250214
        Stage2:
            total_Stage2:0.0100523
            num_len_path:93
            time_expanding_s:5.2028e-05
            timing_AStarSearchUntil:
                total_astar_search_until:0.00996964
                num_values_f_less_fmax:256
                ASU Exp:
                    total_ASUExp:0.00996777
                    time_top_o:7.6956e-05
                    time_check_in_c:5.2561e-05
                    time_add_parent:0.000102626
                    num_neighbors:21654
                    time_add_neighbors_to_o:0.00943199
        Stage3:
            total_Stage3:0.0839934
            num_until_goal_expanded:4307
            timing_S3Exp:
                total_S3Exp: 0.0592885
                time_top_o: 0.00161027
                time_check_in_c: 0.000748068
                time_add_parent: 0.00173016
                num_neighbors: 117942
                time_add_neighbors_to_o: 0.0502853
    timing_PIOW_overlapping:
        total_PIOW: 0.213169
        num_windows: 652
        time_check_overlap: 1.7629e-05
        num_overlapping_windows: 2
        time_merge_windows: 3.952e-06
        time_remove_window: 7.62e-07
        time_remove_window: 3.853e-06
        timing_PlanIn:
            total_PlanIn:0.213128
            num_until_goal_expanded:712
            timing_expansions:
                total_S3Exp: 0.213121
                time_top_o: 0.000312487
                time_check_in_c: 0.000182829
                time_add_parent: 0.000272657
                num_neighbors: 418486
                time_add_neighbors_to_o: 0.2006
    num_new_collisions: 19
    timing_PIOW_new_collisions:
        total_PIOW: 34.9089
        num_windows: 363
        time_check_overlap: 9.212e-06
        num_overlapping_windows: 4
        time_merge_windows: 0
        time_remove_window: 5.11883
        time_remove_window: 9.913e-06
        timing_PlanIn:
            total_PlanIn:34.9088
            num_until_goal_expanded:10483
            timing_expansions:
                total_S3Exp: 34.9088
                time_top_o: 0.0126665
                time_check_in_c: 0.00351331
                time_add_parent: 0.00527494
                num_neighbors: 61069786
                time_add_neighbors_to_o: 33.348
    num_windows_should_quit: 0
    time_should_quit: 8.438e-06
    time_remove_window: 0
Complete!
