Total time: 0.0344647
is_optimal: true
optimality_bound: 1
successive_bounds: [1.00396, 1.00308, 1.00308, 1.00308, 1.00308, 1.00308, 1.00308, 1.00308, 1.0022, 1.00088, 1, 1]
successive_runtimes: [0.00578748, 0.00730262, 0.0087933, 0.0102541, 0.0117033, 0.0133191, 0.0148646, 0.016478, 0.0230479, 0.0319446, 0.0344647]
num_agents: 30
time_individual_plan: 0.00379596
time_first_plan: 0.0014623
num_max_agents_in_window_first_iteration: 2
num_recWAMPF: 11
timing_recWAMPF:
    total_RecWAMPF: 0.0301374
    num_windows: 105
    num_max_agents_in_window: 3
    timing_gari:
        total_GARI: 0.022439
        time_path_btw_starts: 0.000336445
        Stage1:
            total_Stage1:0.00676043
            time_add_x_to_o: 0.00381796
            time_clear_x: 0.000541263
            timing_AStarSearchUntil:
                total_astar_search_until:0.00239595
                num_values_f_less_fmax:2119
                ASU Exp:
                    total_ASUExp:0.00239359
                    time_top_o:0.000434463
                    time_check_in_c:0.000231922
                    time_add_parent:0.00012199
                    num_neighbors:2945
                    time_add_neighbors_to_o:0.00107511
        Stage2:
            total_Stage2:0.00864771
            num_len_path:119
            time_expanding_s:5.5754e-05
            timing_AStarSearchUntil:
                total_astar_search_until:0.0085662
                num_values_f_less_fmax:680
                ASU Exp:
                    total_ASUExp:0.00856409
                    time_top_o:0.000170345
                    time_check_in_c:0.000133108
                    time_add_parent:0.000195
                    num_neighbors:17182
                    time_add_neighbors_to_o:0.00737467
        Stage3:
            total_Stage3:0.00668088
            num_until_goal_expanded:1027
            timing_S3Exp:
                total_S3Exp: 0.0044203
                time_top_o: 0.000218649
                time_check_in_c: 0.000137284
                time_add_parent: 0.000280772
                num_neighbors: 7163
                time_add_neighbors_to_o: 0.00281748
    timing_PIOW_overlapping:
        total_PIOW: 1.4756e-05
        num_windows: 250
        time_check_overlap: 8.794e-06
        num_overlapping_windows: 0
        time_merge_windows: 0
        time_remove_window: 0
        time_remove_window: 0
        timing_PlanIn:
            total_PlanIn:0
            num_until_goal_expanded:0
            timing_expansions:
                total_S3Exp: 0
                time_top_o: 0
                time_check_in_c: 0
                time_add_parent: 0
                num_neighbors: 0
                time_add_neighbors_to_o: 0
    num_new_collisions: 6
    timing_PIOW_new_collisions:
        total_PIOW: 0.0044844
        num_windows: 29
        time_check_overlap: 1.096e-06
        num_overlapping_windows: 1
        time_merge_windows: 0
        time_remove_window: 0.0283923
        time_remove_window: 4.055e-06
        timing_PlanIn:
            total_PlanIn:0.00447224
            num_until_goal_expanded:138
            timing_expansions:
                total_S3Exp: 0.00446133
                time_top_o: 2.3541e-05
                time_check_in_c: 2.5826e-05
                time_add_parent: 5.2596e-05
                num_neighbors: 6965
                time_add_neighbors_to_o: 0.00400603
    num_windows_should_quit: 0
    time_should_quit: 3.246e-06
    time_remove_window: 0
Complete!
