Total time: 3.46149
is_optimal: false
optimality_bound: 1.00063
successive_bounds: [1.00505, 1.00505, 1.00505, 1.00442, 1.00442, 1.00442, 1.00442, 1.00316, 1.00316, 1.00316, 1.00316, 1.00316, 1.00316, 1.00316, 1.00316, 1.00316, 1.00316, 1.00316, 1.00316, 1.00316, 1.00316, 1.00316, 1.00316, 1.00063]
successive_runtimes: [0.00594079, 0.0077785, 0.00968658, 0.0130625, 0.0179049, 0.0227381, 0.0268347, 0.0312097, 0.0719509, 0.155588, 0.302841, 0.548243, 0.876962, 1.28478, 1.70611, 2.0356, 2.3372, 2.58812, 2.78701, 2.94187, 3.07283, 3.19802, 3.32283, 3.46149]
num_agents: 30
time_individual_plan: 0.00412453
time_first_plan: 0.00129261
num_max_agents_in_window_first_iteration: 2
num_recWAMPF: 24
timing_recWAMPF:
    total_RecWAMPF: 3.45684
    num_windows: 173
    num_max_agents_in_window: 3
    timing_gari:
        total_GARI: 3.40992
        time_path_btw_starts: 0.00678921
        Stage1:
            total_Stage1:1.93505
            time_add_x_to_o: 0.586651
            time_clear_x: 0.284862
            timing_AStarSearchUntil:
                total_astar_search_until:1.06353
                num_values_f_less_fmax:49484
                ASU Exp:
                    total_ASUExp:1.06352
                    time_top_o:0.0481375
                    time_check_in_c:0.017002
                    time_add_parent:0.0102228
                    num_neighbors:2037143
                    time_add_neighbors_to_o:0.946316
        Stage2:
            total_Stage2:0.0690434
            num_len_path:145
            time_expanding_s:8.5728e-05
            timing_AStarSearchUntil:
                total_astar_search_until:0.0688775
                num_values_f_less_fmax:1232
                ASU Exp:
                    total_ASUExp:0.0688735
                    time_top_o:0.000619183
                    time_check_in_c:0.000255288
                    time_add_parent:0.000461319
                    num_neighbors:130201
                    time_add_neighbors_to_o:0.0656516
        Stage3:
            total_Stage3:1.3985
            num_until_goal_expanded:14713
            timing_S3Exp:
                total_S3Exp: 0.263213
                time_top_o: 0.00780961
                time_check_in_c: 0.00249821
                time_add_parent: 0.00806815
                num_neighbors: 428584
                time_add_neighbors_to_o: 0.187901
    timing_PIOW_overlapping:
        total_PIOW: 0.0401182
        num_windows: 355
        time_check_overlap: 1.7104e-05
        num_overlapping_windows: 3
        time_merge_windows: 4.063e-06
        time_remove_window: 6.84e-07
        time_remove_window: 3.917e-06
        timing_PlanIn:
            total_PlanIn:0.0400815
            num_until_goal_expanded:956
            timing_expansions:
                total_S3Exp: 0.0400747
                time_top_o: 0.000308681
                time_check_in_c: 0.000166577
                time_add_parent: 0.000248217
                num_neighbors: 81729
                time_add_neighbors_to_o: 0.0359248
    num_new_collisions: 6
    timing_PIOW_new_collisions:
        total_PIOW: 0.000692765
        num_windows: 30
        time_check_overlap: 1.037e-06
        num_overlapping_windows: 0
        time_merge_windows: 0
        time_remove_window: 0
        time_remove_window: 2.056e-06
        timing_PlanIn:
            total_PlanIn:0.000684377
            num_until_goal_expanded:105
            timing_expansions:
                total_S3Exp: 0.000675175
                time_top_o: 1.2579e-05
                time_check_in_c: 1.8299e-05
                time_add_parent: 2.6819e-05
                num_neighbors: 986
                time_add_neighbors_to_o: 0.000458147
    num_windows_should_quit: 1
    time_should_quit: 9.593e-06
    time_remove_window: 6.11e-07
Complete!
