Total time: 0.123978
is_optimal: true
optimality_bound: 1
successive_bounds: [1.0034, 1.00243, 1.00049, 1.00049, 1.00049, 1.00049, 1.00049, 1.00049, 1.00049, 1.00049, 1.00049, 1.00049, 1.00049, 1.00049, 1.00049, 1.00049, 1.00049, 1.00049, 1.00049, 1.00049, 1.00049, 1.00049, 1.00049, 1, 1]
successive_runtimes: [0.00766535, 0.00899889, 0.0102127, 0.0107549, 0.0113339, 0.0118447, 0.0123245, 0.0128024, 0.0132432, 0.0137725, 0.0142291, 0.0146802, 0.015184, 0.0156609, 0.0161402, 0.0166007, 0.0171469, 0.0176401, 0.0181335, 0.0186302, 0.0450751, 0.0473437, 0.109067, 0.123978]
num_agents: 30
time_individual_plan: 0.00603486
time_first_plan: 0.00109812
num_max_agents_in_window_first_iteration: 2
num_recWAMPF: 24
timing_recWAMPF:
    total_RecWAMPF: 0.117407
    num_windows: 141
    num_max_agents_in_window: 3
    timing_gari:
        total_GARI: 0.0855752
        time_path_btw_starts: 0.00025972
        Stage1:
            total_Stage1:0.00243745
            time_add_x_to_o: 0.0015829
            time_clear_x: 0.000177198
            timing_AStarSearchUntil:
                total_astar_search_until:0.000670088
                num_values_f_less_fmax:260
                ASU Exp:
                    total_ASUExp:0.000667098
                    time_top_o:5.2902e-05
                    time_check_in_c:3.4327e-05
                    time_add_parent:2.6427e-05
                    num_neighbors:1023
                    time_add_neighbors_to_o:0.000388279
        Stage2:
            total_Stage2:0.00183596
            num_len_path:131
            time_expanding_s:6.2934e-05
            timing_AStarSearchUntil:
                total_astar_search_until:0.00173687
                num_values_f_less_fmax:157
                ASU Exp:
                    total_ASUExp:0.00173406
                    time_top_o:4.124e-05
                    time_check_in_c:2.8079e-05
                    time_add_parent:5.1125e-05
                    num_neighbors:3866
                    time_add_neighbors_to_o:0.00140912
        Stage3:
            total_Stage3:0.0810223
            num_until_goal_expanded:1331
            timing_S3Exp:
                total_S3Exp: 0.0618204
                time_top_o: 0.000577656
                time_check_in_c: 0.000257551
                time_add_parent: 0.000515843
                num_neighbors: 107160
                time_add_neighbors_to_o: 0.0583176
    timing_PIOW_overlapping:
        total_PIOW: 1.3764e-05
        num_windows: 207
        time_check_overlap: 8.148e-06
        num_overlapping_windows: 0
        time_merge_windows: 0
        time_remove_window: 0
        time_remove_window: 0
        timing_PlanIn:
            total_PlanIn:0
            num_until_goal_expanded:0
            timing_expansions:
                total_S3Exp: 0
                time_top_o: 0
                time_check_in_c: 0
                time_add_parent: 0
                num_neighbors: 0
                time_add_neighbors_to_o: 0
    num_new_collisions: 4
    timing_PIOW_new_collisions:
        total_PIOW: 0.0263395
        num_windows: 11
        time_check_overlap: 9.02e-07
        num_overlapping_windows: 1
        time_merge_windows: 0
        time_remove_window: 0.0200344
        time_remove_window: 1.271e-06
        timing_PlanIn:
            total_PlanIn:0.0263312
            num_until_goal_expanded:641
            timing_expansions:
                total_S3Exp: 0.0263226
                time_top_o: 0.000213434
                time_check_in_c: 0.000108153
                time_add_parent: 0.000166623
                num_neighbors: 52828
                time_add_neighbors_to_o: 0.023713
    num_windows_should_quit: 0
    time_should_quit: 4.945e-06
    time_remove_window: 0
Complete!
