Total time: 0.113721
is_optimal: false
optimality_bound: 1.00435
successive_bounds: [1.00689, 1.00653, 1.00508, 1.00508, 1.00435]
successive_runtimes: [0.0180106, 0.03773, 0.0684041, 0.0908508, 0.113721]
num_agents: 40
time_individual_plan: 0.00823331
time_first_plan: 0.00877264
num_max_agents_in_window_first_iteration: 3
num_recWAMPF: 5
timing_recWAMPF:
    total_RecWAMPF: 0.104481
    num_windows: 107
    num_max_agents_in_window: 4
    timing_gari:
        total_GARI: 0.088014
        time_path_btw_starts: 0.00185292
        Stage1:
            total_Stage1:0.0610393
            time_add_x_to_o: 0.0188246
            time_clear_x: 0.00290206
            timing_AStarSearchUntil:
                total_astar_search_until:0.0393049
                num_values_f_less_fmax:3198
                ASU Exp:
                    total_ASUExp:0.0393013
                    time_top_o:0.00120713
                    time_check_in_c:0.000568077
                    time_add_parent:0.00065192
                    num_neighbors:75794
                    time_add_neighbors_to_o:0.0341171
        Stage2:
            total_Stage2:0.00823532
            num_len_path:105
            time_expanding_s:5.3741e-05
            timing_AStarSearchUntil:
                total_astar_search_until:0.00814217
                num_values_f_less_fmax:256
                ASU Exp:
                    total_ASUExp:0.00813954
                    time_top_o:8.388e-05
                    time_check_in_c:6.5539e-05
                    time_add_parent:8.7423e-05
                    num_neighbors:15264
                    time_add_neighbors_to_o:0.00754852
        Stage3:
            total_Stage3:0.0168635
            num_until_goal_expanded:1062
            timing_S3Exp:
                total_S3Exp: 0.0110733
                time_top_o: 0.000309942
                time_check_in_c: 0.00018402
                time_add_parent: 0.00043432
                num_neighbors: 18487
                time_add_neighbors_to_o: 0.00884375
    timing_PIOW_overlapping:
        total_PIOW: 0.00578463
        num_windows: 587
        time_check_overlap: 2.5392e-05
        num_overlapping_windows: 1
        time_merge_windows: 2.562e-06
        time_remove_window: 3.12e-07
        time_remove_window: 2.487e-06
        timing_PlanIn:
            total_PlanIn:0.00573488
            num_until_goal_expanded:67
            timing_expansions:
                total_S3Exp: 0.00573186
                time_top_o: 1.9876e-05
                time_check_in_c: 1.5242e-05
                time_add_parent: 2.0127e-05
                num_neighbors: 8825
                time_add_neighbors_to_o: 0.00529058
    num_new_collisions: 14
    timing_PIOW_new_collisions:
        total_PIOW: 0.00572322
        num_windows: 184
        time_check_overlap: 1.1129e-05
        num_overlapping_windows: 2
        time_merge_windows: 0
        time_remove_window: 0.0796979
        time_remove_window: 8.147e-06
        timing_PlanIn:
            total_PlanIn:0.00567224
            num_until_goal_expanded:289
            timing_expansions:
                total_S3Exp: 0.00563136
                time_top_o: 6.7537e-05
                time_check_in_c: 9.1727e-05
                time_add_parent: 0.00012769
                num_neighbors: 5730
                time_add_neighbors_to_o: 0.00447186
    num_windows_should_quit: 0
    time_should_quit: 7.275e-06
    time_remove_window: 0
Complete!
