Total time: 0.0160388
is_optimal: true
optimality_bound: 1
successive_bounds: [1.00116, 1.00116, 1.00116, 1.00116, 1.00116, 1.00116, 1.00116, 1.00116, 1.00116, 1.00116, 1.00116, 1.00116, 1.00116, 1.00116, 1.00116, 1.00116, 1.00116, 1.00116, 1, 1]
successive_runtimes: [0.00465193, 0.00520973, 0.00572625, 0.00625497, 0.00684106, 0.00737669, 0.00791165, 0.00844865, 0.008986, 0.00952199, 0.0101598, 0.0107719, 0.0114281, 0.0121099, 0.0128487, 0.0135549, 0.0143107, 0.0150162, 0.0160388]
num_agents: 30
time_individual_plan: 0.00343946
time_first_plan: 0.000585691
num_max_agents_in_window_first_iteration: 2
num_recWAMPF: 19
timing_recWAMPF:
    total_RecWAMPF: 0.0119683
    num_windows: 74
    num_max_agents_in_window: 2
    timing_gari:
        total_GARI: 0.00821474
        time_path_btw_starts: 0.000193279
        Stage1:
            total_Stage1:0.00317966
            time_add_x_to_o: 0.0014908
            time_clear_x: 0.000246372
            timing_AStarSearchUntil:
                total_astar_search_until:0.00143774
                num_values_f_less_fmax:599
                ASU Exp:
                    total_ASUExp:0.00143578
                    time_top_o:0.000154436
                    time_check_in_c:0.000109163
                    time_add_parent:4.2926e-05
                    num_neighbors:1935
                    time_add_neighbors_to_o:0.000871829
        Stage2:
            total_Stage2:0.00133722
            num_len_path:72
            time_expanding_s:3.3974e-05
            timing_AStarSearchUntil:
                total_astar_search_until:0.00128163
                num_values_f_less_fmax:90
                ASU Exp:
                    total_ASUExp:0.00127987
                    time_top_o:2.5689e-05
                    time_check_in_c:2.6306e-05
                    time_add_parent:3.7616e-05
                    num_neighbors:2490
                    time_add_neighbors_to_o:0.00108096
        Stage3:
            total_Stage3:0.00349176
            num_until_goal_expanded:411
            timing_S3Exp:
                total_S3Exp: 0.00221278
                time_top_o: 9.6752e-05
                time_check_in_c: 6.0624e-05
                time_add_parent: 0.000121852
                num_neighbors: 3248
                time_add_neighbors_to_o: 0.0013949
    timing_PIOW_overlapping:
        total_PIOW: 5.912e-06
        num_windows: 72
        time_check_overlap: 2.581e-06
        num_overlapping_windows: 0
        time_merge_windows: 0
        time_remove_window: 0
        time_remove_window: 0
        timing_PlanIn:
            total_PlanIn:0
            num_until_goal_expanded:0
            timing_expansions:
                total_S3Exp: 0
                time_top_o: 0
                time_check_in_c: 0
                time_add_parent: 0
                num_neighbors: 0
                time_add_neighbors_to_o: 0
    num_new_collisions: 2
    timing_PIOW_new_collisions:
        total_PIOW: 0.000264083
        num_windows: 2
        time_check_overlap: 1.48e-07
        num_overlapping_windows: 0
        time_merge_windows: 0
        time_remove_window: 0
        time_remove_window: 6.42e-07
        timing_PlanIn:
            total_PlanIn:0.000260667
            num_until_goal_expanded:30
            timing_expansions:
                total_S3Exp: 0.000255772
                time_top_o: 4.919e-06
                time_check_in_c: 6.585e-06
                time_add_parent: 1.095e-05
                num_neighbors: 318
                time_add_neighbors_to_o: 0.000175396
    num_windows_should_quit: 0
    time_should_quit: 2.446e-06
    time_remove_window: 0
Complete!
