Total time: 0.0099958
is_optimal: true
optimality_bound: 1
successive_bounds: [1.00109, 1.00109, 1.00109, 1.00109, 1.00109, 1.00109, 1.00109, 1, 1]
successive_runtimes: [0.00409959, 0.00474832, 0.00539352, 0.00609884, 0.00694436, 0.0078223, 0.00892237, 0.00999578]
num_agents: 30
time_individual_plan: 0.00309799
time_first_plan: 0.000486398
num_max_agents_in_window_first_iteration: 2
num_recWAMPF: 8
timing_recWAMPF:
    total_RecWAMPF: 0.00638105
    num_windows: 15
    num_max_agents_in_window: 2
    timing_gari:
        total_GARI: 0.00454423
        time_path_btw_starts: 3.1816e-05
        Stage1:
            total_Stage1:0.00284134
            time_add_x_to_o: 0.00100539
            time_clear_x: 0.000141355
            timing_AStarSearchUntil:
                total_astar_search_until:0.00169364
                num_values_f_less_fmax:536
                ASU Exp:
                    total_ASUExp:0.00169327
                    time_top_o:0.000124755
                    time_check_in_c:7.6703e-05
                    time_add_parent:0.000119372
                    num_neighbors:2971
                    time_add_neighbors_to_o:0.00108958
        Stage2:
            total_Stage2:0.00044328
            num_len_path:14
            time_expanding_s:5.254e-06
            timing_AStarSearchUntil:
                total_astar_search_until:0.000433917
                num_values_f_less_fmax:35
                ASU Exp:
                    total_ASUExp:0.000433587
                    time_top_o:7.854e-06
                    time_check_in_c:6.698e-06
                    time_add_parent:8.372e-06
                    num_neighbors:1032
                    time_add_neighbors_to_o:0.000375331
        Stage3:
            total_Stage3:0.00122537
            num_until_goal_expanded:160
            timing_S3Exp:
                total_S3Exp: 0.000940615
                time_top_o: 3.8616e-05
                time_check_in_c: 2.2143e-05
                time_add_parent: 4.56e-05
                num_neighbors: 1748
                time_add_neighbors_to_o: 0.000679051
    timing_PIOW_overlapping:
        total_PIOW: 1.89e-07
        num_windows: 7
        time_check_overlap: 0
        num_overlapping_windows: 0
        time_merge_windows: 0
        time_remove_window: 0
        time_remove_window: 0
        timing_PlanIn:
            total_PlanIn:0
            num_until_goal_expanded:0
            timing_expansions:
                total_S3Exp: 0
                time_top_o: 0
                time_check_in_c: 0
                time_add_parent: 0
                num_neighbors: 0
                time_add_neighbors_to_o: 0
    num_new_collisions: 1
    timing_PIOW_new_collisions:
        total_PIOW: 0.000210284
        num_windows: 0
        time_check_overlap: 0
        num_overlapping_windows: 0
        time_merge_windows: 0
        time_remove_window: 0
        time_remove_window: 3.8e-07
        timing_PlanIn:
            total_PlanIn:0.000208501
            num_until_goal_expanded:25
            timing_expansions:
                total_S3Exp: 0.000205626
                time_top_o: 3.815e-06
                time_check_in_c: 4.691e-06
                time_add_parent: 7.059e-06
                num_neighbors: 313
                time_add_neighbors_to_o: 0.000148471
    num_windows_should_quit: 0
    time_should_quit: 5.14e-07
    time_remove_window: 0
Complete!
