Total time: 9.82729
is_optimal: false
optimality_bound: 1.00071
successive_bounds: [1.01242, 1.00532, 1.00461, 1.00461, 1.00461, 1.0039, 1.0039, 1.00355, 1.00355, 1.00355, 1.00355, 1.00284, 1.00284, 1.00284, 1.00213, 1.00142, 1.00142, 1.00142, 1.00071, 1.00071, 1.00071, 1.00071, 1.00071, 1.00071, 1.00071, 1.00071]
successive_runtimes: [0.0181684, 0.0308856, 0.0420183, 0.0478222, 0.0535406, 0.0599662, 0.0665031, 0.0899897, 0.106779, 0.118424, 0.129886, 0.141515, 0.15294, 0.164969, 0.176899, 0.18734, 0.196016, 0.258998, 0.279907, 0.316562, 0.345647, 5.2381, 6.04155, 7.05672, 8.38998, 9.82728]
num_agents: 40
time_individual_plan: 0.00673965
time_first_plan: 0.0108884
num_max_agents_in_window_first_iteration: 3
num_recWAMPF: 26
timing_recWAMPF:
    total_RecWAMPF: 9.82
    num_windows: 370
    num_max_agents_in_window: 4
    timing_gari:
        total_GARI: 4.91646
        time_path_btw_starts: 0.00193263
        Stage1:
            total_Stage1:0.171876
            time_add_x_to_o: 0.0766712
            time_clear_x: 0.00999047
            timing_AStarSearchUntil:
                total_astar_search_until:0.0851899
                num_values_f_less_fmax:10339
                ASU Exp:
                    total_ASUExp:0.0851801
                    time_top_o:0.0034476
                    time_check_in_c:0.00233773
                    time_add_parent:0.00171223
                    num_neighbors:161017
                    time_add_neighbors_to_o:0.0722119
        Stage2:
            total_Stage2:0.0191297
            num_len_path:314
            time_expanding_s:0.000214499
            timing_AStarSearchUntil:
                total_astar_search_until:0.018743
                num_values_f_less_fmax:674
                ASU Exp:
                    total_ASUExp:0.0187355
                    time_top_o:0.000252902
                    time_check_in_c:0.000195155
                    time_add_parent:0.000299467
                    num_neighbors:38517
                    time_add_neighbors_to_o:0.0164656
        Stage3:
            total_Stage3:4.72139
            num_until_goal_expanded:17853
            timing_S3Exp:
                total_S3Exp: 0.769444
                time_top_o: 0.0141884
                time_check_in_c: 0.00381055
                time_add_parent: 0.00834973
                num_neighbors: 1409641
                time_add_neighbors_to_o: 0.712204
    timing_PIOW_overlapping:
        total_PIOW: 0.0155528
        num_windows: 1324
        time_check_overlap: 6.7596e-05
        num_overlapping_windows: 1
        time_merge_windows: 1.973e-06
        time_remove_window: 3.38e-07
        time_remove_window: 1.919e-06
        timing_PlanIn:
            total_PlanIn:0.0154501
            num_until_goal_expanded:443
            timing_expansions:
                total_S3Exp: 0.0154481
                time_top_o: 0.000116932
                time_check_in_c: 7.4335e-05
                time_add_parent: 0.000119234
                num_neighbors: 25301
                time_add_neighbors_to_o: 0.0138091
    num_new_collisions: 10
    timing_PIOW_new_collisions:
        total_PIOW: 4.87522
        num_windows: 83
        time_check_overlap: 3.702e-06
        num_overlapping_windows: 2
        time_merge_windows: 0
        time_remove_window: 0.38166
        time_remove_window: 2.693e-06
        timing_PlanIn:
            total_PlanIn:4.8752
            num_until_goal_expanded:12293
            timing_expansions:
                total_S3Exp: 4.87517
                time_top_o: 0.0117091
                time_check_in_c: 0.00298518
                time_add_parent: 0.00650147
                num_neighbors: 6534265
                time_add_neighbors_to_o: 4.66687
    num_windows_should_quit: 0
    time_should_quit: 2.1757e-05
    time_remove_window: 0
Complete!
