Total time: 0.244209
is_optimal: true
optimality_bound: 1
successive_bounds: [1.02798, 1.00271, 1.00181, 1.00181, 1.00181, 1.00181, 1.00181, 1.00181, 1.00181, 1.00181, 1.00181, 1.00181, 1.00181, 1.00181, 1.00181, 1.00181, 1.00181, 1.00181, 1.00181, 1.00181, 1.00181, 1.00181, 1]
successive_runtimes: [0.111496, 0.2174, 0.2268, 0.231422, 0.232265, 0.233127, 0.233971, 0.234743, 0.235579, 0.236455, 0.237117, 0.237768, 0.238408, 0.239047, 0.239688, 0.24033, 0.240969, 0.241607, 0.242245, 0.242917, 0.243554, 0.244209]
num_agents: 20
time_individual_plan: 0.00248207
time_first_plan: 0.108485
num_max_agents_in_window_first_iteration: 2
num_recWAMPF: 22
timing_recWAMPF:
    total_RecWAMPF: 0.241195
    num_windows: 46
    num_max_agents_in_window: 3
    timing_gari:
        total_GARI: 0.0654817
        time_path_btw_starts: 6.7627e-05
        Stage1:
            total_Stage1:0.0535622
            time_add_x_to_o: 0.0164907
            time_clear_x: 0.00279164
            timing_AStarSearchUntil:
                total_astar_search_until:0.0065302
                num_values_f_less_fmax:5241
                ASU Exp:
                    total_ASUExp:0.00652912
                    time_top_o:0.00217724
                    time_check_in_c:0.00105672
                    time_add_parent:0.000710498
                    num_neighbors:66863
                    time_add_neighbors_to_o:0.025247
        Stage2:
            total_Stage2:0.00137989
            num_len_path:22
            time_expanding_s:1.1674e-05
            timing_AStarSearchUntil:
                total_astar_search_until:0.00135458
                num_values_f_less_fmax:22
                ASU Exp:
                    total_ASUExp:0.0013536
                    time_top_o:8.508e-06
                    time_check_in_c:5.823e-06
                    time_add_parent:1.0682e-05
                    num_neighbors:3325
                    time_add_neighbors_to_o:0.00120455
        Stage3:
            total_Stage3:0.010465
            num_until_goal_expanded:154
            timing_S3Exp:
                total_S3Exp: 0.000688502
                time_top_o: 4.2927e-05
                time_check_in_c: 1.8499e-05
                time_add_parent: 4.2797e-05
                num_neighbors: 679
                time_add_neighbors_to_o: 0.000244295
    timing_PIOW_overlapping:
        total_PIOW: 0.00724416
        num_windows: 29
        time_check_overlap: 6.65e-07
        num_overlapping_windows: 2
        time_merge_windows: 3.238e-06
        time_remove_window: 3.71e-07
        time_remove_window: 3.081e-06
        timing_PlanIn:
            total_PlanIn:0.00723652
            num_until_goal_expanded:212
            timing_expansions:
                total_S3Exp: 0.00723057
                time_top_o: 4.7869e-05
                time_check_in_c: 8.0076e-05
                time_add_parent: 6.7742e-05
                num_neighbors: 13746
                time_add_neighbors_to_o: 0.00618979
    num_new_collisions: 3
    timing_PIOW_new_collisions:
        total_PIOW: 0.108258
        num_windows: 6
        time_check_overlap: 4.17e-07
        num_overlapping_windows: 0
        time_merge_windows: 0
        time_remove_window: 0
        time_remove_window: 1.986e-06
        timing_PlanIn:
            total_PlanIn:0.108251
            num_until_goal_expanded:8842
            timing_expansions:
                total_S3Exp: 0.105512
                time_top_o: 0.00190773
                time_check_in_c: 0.00144138
                time_add_parent: 0.0019621
                num_neighbors: 222783
                time_add_neighbors_to_o: 0.0870257
    num_windows_should_quit: 1
    time_should_quit: 1.701e-06
    time_remove_window: 4.7e-07
Complete!
