Total time: 1.6326
is_optimal: true
optimality_bound: 1
successive_bounds: [1.00444, 1.00444, 1.00389, 1.00278, 1.00167, 1.00167, 1.00167, 1.00167, 1.00167, 1.00167, 1.00167, 1.00111, 1.00111, 1.00111, 1.00056, 1.00056, 1, 1]
successive_runtimes: [0.0171964, 0.0198, 0.036314, 0.0536003, 0.0751174, 0.0882664, 0.102295, 0.143024, 0.163897, 0.185774, 0.214204, 0.252027, 0.281096, 0.310593, 1.2421, 1.4191, 1.6326]
num_agents: 50
time_individual_plan: 0.0124282
time_first_plan: 0.00405563
num_max_agents_in_window_first_iteration: 2
num_recWAMPF: 17
timing_recWAMPF:
    total_RecWAMPF: 1.61944
    num_windows: 261
    num_max_agents_in_window: 3
    timing_gari:
        total_GARI: 0.690473
        time_path_btw_starts: 0.00191312
        Stage1:
            total_Stage1:0.2224
            time_add_x_to_o: 0.0716743
            time_clear_x: 0.0158933
            timing_AStarSearchUntil:
                total_astar_search_until:0.134805
                num_values_f_less_fmax:3424
                ASU Exp:
                    total_ASUExp:0.134795
                    time_top_o:0.00353426
                    time_check_in_c:0.0010073
                    time_add_parent:0.00155021
                    num_neighbors:187086
                    time_add_neighbors_to_o:0.122874
        Stage2:
            total_Stage2:0.0460754
            num_len_path:300
            time_expanding_s:0.00135576
            timing_AStarSearchUntil:
                total_astar_search_until:0.0444838
                num_values_f_less_fmax:1751
                ASU Exp:
                    total_ASUExp:0.0444766
                    time_top_o:0.000851166
                    time_check_in_c:0.000461043
                    time_add_parent:0.000759754
                    num_neighbors:64897
                    time_add_neighbors_to_o:0.0395991
        Stage3:
            total_Stage3:0.41998
            num_until_goal_expanded:2337
            timing_S3Exp:
                total_S3Exp: 0.0658436
                time_top_o: 0.00145912
                time_check_in_c: 0.000515674
                time_add_parent: 0.0013553
                num_neighbors: 100695
                time_add_neighbors_to_o: 0.0534255
    timing_PIOW_overlapping:
        total_PIOW: 0.913519
        num_windows: 1016
        time_check_overlap: 6.3042e-05
        num_overlapping_windows: 2
        time_merge_windows: 4.192e-06
        time_remove_window: 2.566e-06
        time_remove_window: 3.973e-06
        timing_PlanIn:
            total_PlanIn:0.913397
            num_until_goal_expanded:8417
            timing_expansions:
                total_S3Exp: 0.913389
                time_top_o: 0.00754164
                time_check_in_c: 0.00308975
                time_add_parent: 0.00642312
                num_neighbors: 931585
                time_add_neighbors_to_o: 0.845224
    num_new_collisions: 9
    timing_PIOW_new_collisions:
        total_PIOW: 0.00131182
        num_windows: 72
        time_check_overlap: 2.907e-06
        num_overlapping_windows: 0
        time_merge_windows: 0
        time_remove_window: 0
        time_remove_window: 4.471e-06
        timing_PlanIn:
            total_PlanIn:0.00129204
            num_until_goal_expanded:106
            timing_expansions:
                total_S3Exp: 0.00127352
                time_top_o: 1.9337e-05
                time_check_in_c: 2.455e-05
                time_add_parent: 3.62e-05
                num_neighbors: 1549
                time_add_neighbors_to_o: 0.000981518
    num_windows_should_quit: 0
    time_should_quit: 2.4155e-05
    time_remove_window: 0
Complete!
