Total time: 216.136
is_optimal: false
optimality_bound: 1.00091
successive_bounds: [1.00356, 1.00274, 1.00255, 1.00219, 1.00219, 1.00201, 1.00191, 1.00182, 1.00173, 1.00173, 1.00173, 1.00173, 1.00173, 1.00173, 1.00173, 1.00155, 1.00155, 1.00155, 1.00155, 1.00155, 1.00155, 1.00155, 1.00155, 1.00146, 1.00128, 1.00128, 1.00109, 1.00109, 1.00109, 1.00109, 1.00109, 1.00109, 1.00109, 1.00109, 1.00109, 1.00109, 1.00109, 1.00091]
successive_runtimes: [28.7002, 164.674, 205.18, 205.29, 205.427, 205.668, 205.818, 205.884, 205.923, 205.954, 205.985, 206.017, 206.089, 206.161, 206.222, 206.298, 206.365, 206.433, 206.506, 206.673, 206.767, 207.296, 207.772, 209.575, 210.125, 210.946, 211.413, 211.885, 212.343, 212.796, 213.183, 213.551, 213.926, 214.304, 214.674, 215.054, 215.442, 216.136]
num_agents: 80
time_individual_plan: 0.119817
time_first_plan: 28.5795
num_max_agents_in_window_first_iteration: 4
num_recWAMPF: 38
timing_recWAMPF:
    total_RecWAMPF: 216.015
    num_windows: 660
    num_max_agents_in_window: 4
    timing_gari:
        total_GARI: 168.979
        time_path_btw_starts: 0.00313966
        Stage1:
            total_Stage1:159.391
            time_add_x_to_o: 4.89638
            time_clear_x: 1.12869
            timing_AStarSearchUntil:
                total_astar_search_until:40.0574
                num_values_f_less_fmax:501348
                ASU Exp:
                    total_ASUExp:40.0574
                    time_top_o:1.3249
                    time_check_in_c:0.465289
                    time_add_parent:0.520986
                    num_neighbors:186644552
                    time_add_neighbors_to_o:148.69
        Stage2:
            total_Stage2:0.128698
            num_len_path:625
            time_expanding_s:0.00127581
            timing_AStarSearchUntil:
                total_astar_search_until:0.126934
                num_values_f_less_fmax:5277
                ASU Exp:
                    total_ASUExp:0.126914
                    time_top_o:0.00243971
                    time_check_in_c:0.00192494
                    time_add_parent:0.00431819
                    num_neighbors:144524
                    time_add_neighbors_to_o:0.105887
        Stage3:
            total_Stage3:9.45552
            num_until_goal_expanded:37625
            timing_S3Exp:
                total_S3Exp: 2.4127
                time_top_o: 0.0328809
                time_check_in_c: 0.0131705
                time_add_parent: 0.0294803
                num_neighbors: 2781363
                time_add_neighbors_to_o: 2.18331
    timing_PIOW_overlapping:
        total_PIOW: 0.240087
        num_windows: 3655
        time_check_overlap: 0.000185038
        num_overlapping_windows: 16
        time_merge_windows: 3.3222e-05
        time_remove_window: 5.042e-06
        time_remove_window: 3.2329e-05
        timing_PlanIn:
            total_PlanIn:0.239705
            num_until_goal_expanded:2297
            timing_expansions:
                total_S3Exp: 0.239648
                time_top_o: 0.000858235
                time_check_in_c: 0.000741883
                time_add_parent: 0.00153975
                num_neighbors: 292158
                time_add_neighbors_to_o: 0.218981
    num_new_collisions: 28
    timing_PIOW_new_collisions:
        total_PIOW: 28.5473
        num_windows: 649
        time_check_overlap: 2.2134e-05
        num_overlapping_windows: 4
        time_merge_windows: 0
        time_remove_window: 375.091
        time_remove_window: 2.3695e-05
        timing_PlanIn:
            total_PlanIn:28.5472
            num_until_goal_expanded:80651
            timing_expansions:
                total_S3Exp: 28.5471
                time_top_o: 0.148236
                time_check_in_c: 0.0563771
                time_add_parent: 0.0886164
                num_neighbors: 33092046
                time_add_neighbors_to_o: 26.7649
    num_windows_should_quit: 0
    time_should_quit: 8.3229e-05
    time_remove_window: 0
Complete!
