Total time: 0.15369
is_optimal: true
optimality_bound: 1
successive_bounds: [1.00472, 1.00394, 1.00315, 1.00236, 1.00197, 1.00197, 1.00157, 1.00157, 1.00157, 1.00157, 1.00157, 1.00157, 1.00157, 1.00157, 1.00157, 1.00079, 1.00079, 1.00079, 1.00079, 1.00079, 1.00079, 1.00079, 1.00079, 1.00079, 1.00079, 1.00079, 1, 1]
successive_runtimes: [0.00786225, 0.00973219, 0.0114487, 0.0128583, 0.0143703, 0.0156539, 0.0179764, 0.020775, 0.0240912, 0.0266001, 0.0290122, 0.0312006, 0.0335918, 0.0360115, 0.0385613, 0.0480292, 0.0505585, 0.0526119, 0.0544906, 0.0563647, 0.0583109, 0.0603642, 0.0624103, 0.0654489, 0.0674996, 0.06953, 0.15369]
num_agents: 40
time_individual_plan: 0.00520747
time_first_plan: 0.00212699
num_max_agents_in_window_first_iteration: 2
num_recWAMPF: 27
timing_recWAMPF:
    total_RecWAMPF: 0.147951
    num_windows: 371
    num_max_agents_in_window: 2
    timing_gari:
        total_GARI: 0.11511
        time_path_btw_starts: 0.000848527
        Stage1:
            total_Stage1:0.0188559
            time_add_x_to_o: 0.00769093
            time_clear_x: 0.000965461
            timing_AStarSearchUntil:
                total_astar_search_until:0.0101813
                num_values_f_less_fmax:2310
                ASU Exp:
                    total_ASUExp:0.0101733
                    time_top_o:0.000608263
                    time_check_in_c:0.000376253
                    time_add_parent:0.000274424
                    num_neighbors:20173
                    time_add_neighbors_to_o:0.00765884
        Stage2:
            total_Stage2:0.071225
            num_len_path:374
            time_expanding_s:0.000184146
            timing_AStarSearchUntil:
                total_astar_search_until:0.00995629
                num_values_f_less_fmax:5842
                ASU Exp:
                    total_ASUExp:0.00993572
                    time_top_o:0.00239962
                    time_check_in_c:0.00117426
                    time_add_parent:0.00173279
                    num_neighbors:138758
                    time_add_neighbors_to_o:0.0596316
        Stage3:
            total_Stage3:0.0241294
            num_until_goal_expanded:922
            timing_S3Exp:
                total_S3Exp: 0.00804644
                time_top_o: 0.000194807
                time_check_in_c: 0.000123111
                time_add_parent: 0.000229442
                num_neighbors: 12083
                time_add_neighbors_to_o: 0.00554593
    timing_PIOW_overlapping:
        total_PIOW: 7.0857e-05
        num_windows: 1274
        time_check_overlap: 4.2099e-05
        num_overlapping_windows: 0
        time_merge_windows: 0
        time_remove_window: 0
        time_remove_window: 0
        timing_PlanIn:
            total_PlanIn:0
            num_until_goal_expanded:0
            timing_expansions:
                total_S3Exp: 0
                time_top_o: 0
                time_check_in_c: 0
                time_add_parent: 0
                num_neighbors: 0
                time_add_neighbors_to_o: 0
    num_new_collisions: 7
    timing_PIOW_new_collisions:
        total_PIOW: 0.000800669
        num_windows: 42
        time_check_overlap: 1.262e-06
        num_overlapping_windows: 0
        time_merge_windows: 0
        time_remove_window: 0
        time_remove_window: 2.755e-06
        timing_PlanIn:
            total_PlanIn:0.000790457
            num_until_goal_expanded:101
            timing_expansions:
                total_S3Exp: 0.000778623
                time_top_o: 1.2565e-05
                time_check_in_c: 1.9422e-05
                time_add_parent: 2.7199e-05
                num_neighbors: 1115
                time_add_neighbors_to_o: 0.000567658
    num_windows_should_quit: 0
    time_should_quit: 1.3845e-05
    time_remove_window: 0
Complete!
