Total time: 2.20883
is_optimal: false
optimality_bound: 1.0022
successive_bounds: [1.00688, 1.00578, 1.00578, 1.0044, 1.0044, 1.00303, 1.00248, 1.00248, 1.0022]
successive_runtimes: [0.0160806, 0.0218796, 0.0284067, 0.0399618, 0.0514679, 0.0648262, 0.355141, 1.18625, 2.20883]
num_agents: 50
time_individual_plan: 0.00994287
time_first_plan: 0.00547607
num_max_agents_in_window_first_iteration: 2
num_recWAMPF: 9
timing_recWAMPF:
    total_RecWAMPF: 2.19823
    num_windows: 212
    num_max_agents_in_window: 4
    timing_gari:
        total_GARI: 1.90159
        time_path_btw_starts: 0.00129021
        Stage1:
            total_Stage1:1.49892
            time_add_x_to_o: 0.438199
            time_clear_x: 0.230763
            timing_AStarSearchUntil:
                total_astar_search_until:0.829936
                num_values_f_less_fmax:8743
                ASU Exp:
                    total_ASUExp:0.82993
                    time_top_o:0.0101965
                    time_check_in_c:0.00812656
                    time_add_parent:0.00197331
                    num_neighbors:1346891
                    time_add_neighbors_to_o:0.783155
        Stage2:
            total_Stage2:0.0091596
            num_len_path:203
            time_expanding_s:0.000195849
            timing_AStarSearchUntil:
                total_astar_search_until:0.00888407
                num_values_f_less_fmax:412
                ASU Exp:
                    total_ASUExp:0.00887939
                    time_top_o:0.000128614
                    time_check_in_c:8.9262e-05
                    time_add_parent:0.000152215
                    num_neighbors:16697
                    time_add_neighbors_to_o:0.00796396
        Stage3:
            total_Stage3:0.390629
            num_until_goal_expanded:3087
            timing_S3Exp:
                total_S3Exp: 0.228235
                time_top_o: 0.00194504
                time_check_in_c: 0.000730425
                time_add_parent: 0.00111973
                num_neighbors: 389551
                time_add_neighbors_to_o: 0.219885
    timing_PIOW_overlapping:
        total_PIOW: 0.28624
        num_windows: 1286
        time_check_overlap: 5.1646e-05
        num_overlapping_windows: 3
        time_merge_windows: 5.403e-06
        time_remove_window: 1.024e-06
        time_remove_window: 5.217e-06
        timing_PlanIn:
            total_PlanIn:0.286139
            num_until_goal_expanded:595
            timing_expansions:
                total_S3Exp: 0.286131
                time_top_o: 0.000621917
                time_check_in_c: 0.000258471
                time_add_parent: 0.000384166
                num_neighbors: 412241
                time_add_neighbors_to_o: 0.270466
    num_new_collisions: 15
    timing_PIOW_new_collisions:
        total_PIOW: 0.00268183
        num_windows: 218
        time_check_overlap: 7.83e-06
        num_overlapping_windows: 1
        time_merge_windows: 0
        time_remove_window: 0.0209433
        time_remove_window: 1.2013e-05
        timing_PlanIn:
            total_PlanIn:0.00263849
            num_until_goal_expanded:243
            timing_expansions:
                total_S3Exp: 0.00261176
                time_top_o: 3.8482e-05
                time_check_in_c: 4.6596e-05
                time_add_parent: 7.1836e-05
                num_neighbors: 3349
                time_add_neighbors_to_o: 0.00201242
    num_windows_should_quit: 0
    time_should_quit: 1.2367e-05
    time_remove_window: 0
Complete!
