Total time: 0.0663182
is_optimal: true
optimality_bound: 1
successive_bounds: [1.00248, 1.00248, 1.00165, 1.00165, 1.00165, 1.00165, 1.00165, 1.00165, 1.00165, 1.00165, 1.00165, 1.00165, 1.00083, 1.00083, 1.00083, 1.00083, 1.00083, 1.00083, 1.00083, 1.00083, 1.00083, 1.00083, 1.00083, 1.00083, 1.00083, 1.00083, 1.00083, 1.00083, 1.00083, 1.00083, 1.00083, 1, 1]
successive_runtimes: [0.00654774, 0.00732481, 0.0081826, 0.00888372, 0.00960445, 0.0103725, 0.0111902, 0.0125471, 0.0134034, 0.0142512, 0.0151488, 0.0160216, 0.0281904, 0.0308109, 0.032071, 0.033349, 0.0347219, 0.0360898, 0.0374512, 0.0392301, 0.0406174, 0.0420728, 0.0435592, 0.0450115, 0.0468527, 0.0486844, 0.0513618, 0.0535773, 0.0558524, 0.0578708, 0.0613371, 0.0663182]
num_agents: 30
time_individual_plan: 0.00500798
time_first_plan: 0.00101294
num_max_agents_in_window_first_iteration: 2
num_recWAMPF: 32
timing_recWAMPF:
    total_RecWAMPF: 0.0607787
    num_windows: 252
    num_max_agents_in_window: 2
    timing_gari:
        total_GARI: 0.0515295
        time_path_btw_starts: 0.000623498
        Stage1:
            total_Stage1:0.01299
            time_add_x_to_o: 0.00499692
            time_clear_x: 0.000635231
            timing_AStarSearchUntil:
                total_astar_search_until:0.00734486
                num_values_f_less_fmax:1383
                ASU Exp:
                    total_ASUExp:0.00733882
                    time_top_o:0.000374355
                    time_check_in_c:0.000259331
                    time_add_parent:0.000257619
                    num_neighbors:14603
                    time_add_neighbors_to_o:0.00563617
        Stage2:
            total_Stage2:0.0165147
            num_len_path:286
            time_expanding_s:0.0001544
            timing_AStarSearchUntil:
                total_astar_search_until:0.016298
                num_values_f_less_fmax:1310
                ASU Exp:
                    total_ASUExp:0.0162925
                    time_top_o:0.000375211
                    time_check_in_c:0.00024279
                    time_add_parent:0.000369472
                    num_neighbors:32478
                    time_add_neighbors_to_o:0.0139257
        Stage3:
            total_Stage3:0.0213667
            num_until_goal_expanded:930
            timing_S3Exp:
                total_S3Exp: 0.00522473
                time_top_o: 0.000188438
                time_check_in_c: 0.000116938
                time_add_parent: 0.000237469
                num_neighbors: 8236
                time_add_neighbors_to_o: 0.00323893
    timing_PIOW_overlapping:
        total_PIOW: 3.0044e-05
        num_windows: 496
        time_check_overlap: 1.7375e-05
        num_overlapping_windows: 0
        time_merge_windows: 0
        time_remove_window: 0
        time_remove_window: 0
        timing_PlanIn:
            total_PlanIn:0
            num_until_goal_expanded:0
            timing_expansions:
                total_S3Exp: 0
                time_top_o: 0
                time_check_in_c: 0
                time_add_parent: 0
                num_neighbors: 0
                time_add_neighbors_to_o: 0
    num_new_collisions: 4
    timing_PIOW_new_collisions:
        total_PIOW: 0.000349616
        num_windows: 12
        time_check_overlap: 5.18e-07
        num_overlapping_windows: 0
        time_merge_windows: 0
        time_remove_window: 0
        time_remove_window: 1.159e-06
        timing_PlanIn:
            total_PlanIn:0.000343943
            num_until_goal_expanded:35
            timing_expansions:
                total_S3Exp: 0.000336421
                time_top_o: 4.89e-06
                time_check_in_c: 1.8997e-05
                time_add_parent: 1.005e-05
                num_neighbors: 463
                time_add_neighbors_to_o: 0.000245969
    num_windows_should_quit: 0
    time_should_quit: 6.568e-06
    time_remove_window: 0
Complete!
