Total time: 56.3556
is_optimal: false
optimality_bound: 1.00594
successive_bounds: [1.00775, 1.00723, 1.00671, 1.0062, 1.0062, 1.00594, 1.00594]
successive_runtimes: [0.0258705, 0.0447183, 0.20496, 0.618871, 1.47957, 7.25415, 56.3556]
num_agents: 60
time_individual_plan: 0.0105516
time_first_plan: 0.0146483
num_max_agents_in_window_first_iteration: 3
num_recWAMPF: 7
timing_recWAMPF:
    total_RecWAMPF: 56.3444
    num_windows: 177
    num_max_agents_in_window: 6
    timing_gari:
        total_GARI: 50.423
        time_path_btw_starts: 0.000813728
        Stage1:
            total_Stage1:48.2732
            time_add_x_to_o: 1.85249
            time_clear_x: 0.327442
            timing_AStarSearchUntil:
                total_astar_search_until:46.0932
                num_values_f_less_fmax:12021
                ASU Exp:
                    total_ASUExp:46.0932
                    time_top_o:0.0345569
                    time_check_in_c:0.34223
                    time_add_parent:0.0100714
                    num_neighbors:57201575
                    time_add_neighbors_to_o:45.5362
        Stage2:
            total_Stage2:0.0542274
            num_len_path:161
            time_expanding_s:0.000119707
            timing_AStarSearchUntil:
                total_astar_search_until:0.054015
                num_values_f_less_fmax:374
                ASU Exp:
                    total_ASUExp:0.0540105
                    time_top_o:0.000186766
                    time_check_in_c:9.8783e-05
                    time_add_parent:0.000157636
                    num_neighbors:77613
                    time_add_neighbors_to_o:0.0529344
        Stage3:
            total_Stage3:2.09471
            num_until_goal_expanded:2637
            timing_S3Exp:
                total_S3Exp: 1.52499
                time_top_o: 0.00228137
                time_check_in_c: 0.000728169
                time_add_parent: 0.00130797
                num_neighbors: 1779443
                time_add_neighbors_to_o: 1.51485
    timing_PIOW_overlapping:
        total_PIOW: 0.695958
        num_windows: 1315
        time_check_overlap: 6.5487e-05
        num_overlapping_windows: 9
        time_merge_windows: 1.779e-05
        time_remove_window: 3.933e-06
        time_remove_window: 1.7129e-05
        timing_PlanIn:
            total_PlanIn:0.695809
            num_until_goal_expanded:1191
            timing_expansions:
                total_S3Exp: 0.69578
                time_top_o: 0.000886661
                time_check_in_c: 0.000402058
                time_add_parent: 0.000617636
                num_neighbors: 1002966
                time_add_neighbors_to_o: 0.657611
    num_new_collisions: 26
    timing_PIOW_new_collisions:
        total_PIOW: 5.21263
        num_windows: 538
        time_check_overlap: 2.3868e-05
        num_overlapping_windows: 6
        time_merge_windows: 0
        time_remove_window: 15.8993
        time_remove_window: 2.0783e-05
        timing_PlanIn:
            total_PlanIn:5.21251
            num_until_goal_expanded:1247
            timing_expansions:
                total_S3Exp: 5.21242
                time_top_o: 0.00145057
                time_check_in_c: 0.000609229
                time_add_parent: 0.000882642
                num_neighbors: 6625401
                time_add_neighbors_to_o: 4.98861
    num_windows_should_quit: 0
    time_should_quit: 2.0311e-05
    time_remove_window: 0
Complete!
