Total time: 0.0355183
is_optimal: false
optimality_bound: 1.00161
successive_bounds: [1.00644, 1.00402, 1.00402, 1.00161, 1.00161, 1.00161, 1.00161, 1.00161, 1.00161, 1.00161, 1.00161, 1.00161, 1.00161]
successive_runtimes: [0.00882787, 0.00985547, 0.0108751, 0.015638, 0.0190058, 0.0205942, 0.0223782, 0.02431, 0.0261613, 0.0282483, 0.0306958, 0.0330656, 0.0355183]
num_agents: 20
time_individual_plan: 0.00724224
time_first_plan: 0.00101881
num_max_agents_in_window_first_iteration: 2
num_recWAMPF: 13
timing_recWAMPF:
    total_RecWAMPF: 0.0277067
    num_windows: 130
    num_max_agents_in_window: 3
    timing_gari:
        total_GARI: 0.0216132
        time_path_btw_starts: 0.000466378
        Stage1:
            total_Stage1:0.00554985
            time_add_x_to_o: 0.00405402
            time_clear_x: 0.000525497
            timing_AStarSearchUntil:
                total_astar_search_until:0.000963476
                num_values_f_less_fmax:188
                ASU Exp:
                    total_ASUExp:0.00096019
                    time_top_o:4.9828e-05
                    time_check_in_c:5.7288e-05
                    time_add_parent:4.681e-05
                    num_neighbors:1903
                    time_add_neighbors_to_o:0.000691368
        Stage2:
            total_Stage2:0.00370935
            num_len_path:129
            time_expanding_s:0.000119739
            timing_AStarSearchUntil:
                total_astar_search_until:0.00355352
                num_values_f_less_fmax:222
                ASU Exp:
                    total_ASUExp:0.0035507
                    time_top_o:5.7142e-05
                    time_check_in_c:4.2102e-05
                    time_add_parent:6.9268e-05
                    num_neighbors:7848
                    time_add_neighbors_to_o:0.00310401
        Stage3:
            total_Stage3:0.0116474
            num_until_goal_expanded:1115
            timing_S3Exp:
                total_S3Exp: 0.00675531
                time_top_o: 0.000262309
                time_check_in_c: 0.00014745
                time_add_parent: 0.000260897
                num_neighbors: 9904
                time_add_neighbors_to_o: 0.00488842
    timing_PIOW_overlapping:
        total_PIOW: 0.00379982
        num_windows: 330
        time_check_overlap: 1.219e-05
        num_overlapping_windows: 1
        time_merge_windows: 1.178e-06
        time_remove_window: 1.59e-07
        time_remove_window: 1.119e-06
        timing_PlanIn:
            total_PlanIn:0.00377616
            num_until_goal_expanded:73
            timing_expansions:
                total_S3Exp: 0.00377376
                time_top_o: 1.7926e-05
                time_check_in_c: 1.3187e-05
                time_add_parent: 2.1586e-05
                num_neighbors: 6323
                time_add_neighbors_to_o: 0.00343155
    num_new_collisions: 6
    timing_PIOW_new_collisions:
        total_PIOW: 0.000658652
        num_windows: 30
        time_check_overlap: 1.133e-06
        num_overlapping_windows: 0
        time_merge_windows: 0
        time_remove_window: 0
        time_remove_window: 1.801e-06
        timing_PlanIn:
            total_PlanIn:0.000649368
            num_until_goal_expanded:82
            timing_expansions:
                total_S3Exp: 0.000638401
                time_top_o: 1.1692e-05
                time_check_in_c: 1.529e-05
                time_add_parent: 2.3301e-05
                num_neighbors: 982
                time_add_neighbors_to_o: 0.000463615
    num_windows_should_quit: 0
    time_should_quit: 3.599e-06
    time_remove_window: 0
Complete!
