Total time: 0.0845201
is_optimal: true
optimality_bound: 1
successive_bounds: [1.00123, 1.00123, 1.00123, 1.00123, 1.00123, 1, 1]
successive_runtimes: [0.00611717, 0.00639877, 0.00667075, 0.0198653, 0.0418042, 0.0845201]
num_agents: 20
time_individual_plan: 0.00510365
time_first_plan: 0.000488264
num_max_agents_in_window_first_iteration: 2
num_recWAMPF: 6
timing_recWAMPF:
    total_RecWAMPF: 0.0788899
    num_windows: 17
    num_max_agents_in_window: 3
    timing_gari:
        total_GARI: 0.0649508
        time_path_btw_starts: 4.6424e-05
        Stage1:
            total_Stage1:0.0493782
            time_add_x_to_o: 0.0108784
            time_clear_x: 0.00252437
            timing_AStarSearchUntil:
                total_astar_search_until:0.0359742
                num_values_f_less_fmax:1439
                ASU Exp:
                    total_ASUExp:0.0359737
                    time_top_o:0.00072738
                    time_check_in_c:0.000277682
                    time_add_parent:0.000380302
                    num_neighbors:78515
                    time_add_neighbors_to_o:0.0329109
        Stage2:
            total_Stage2:0.00124044
            num_len_path:17
            time_expanding_s:7.685e-06
            timing_AStarSearchUntil:
                total_astar_search_until:0.00122742
                num_values_f_less_fmax:32
                ASU Exp:
                    total_ASUExp:0.00122708
                    time_top_o:9.464e-06
                    time_check_in_c:5.814e-06
                    time_add_parent:9.715e-06
                    num_neighbors:2765
                    time_add_neighbors_to_o:0.00115807
        Stage3:
            total_Stage3:0.014283
            num_until_goal_expanded:533
            timing_S3Exp:
                total_S3Exp: 0.00857502
                time_top_o: 0.000175415
                time_check_in_c: 7.5251e-05
                time_add_parent: 0.000137354
                num_neighbors: 16795
                time_add_neighbors_to_o: 0.00755921
    timing_PIOW_overlapping:
        total_PIOW: 0.012898
        num_windows: 15
        time_check_overlap: 4.11e-07
        num_overlapping_windows: 1
        time_merge_windows: 1.038e-06
        time_remove_window: 1.33e-07
        time_remove_window: 9.85e-07
        timing_PlanIn:
            total_PlanIn:0.0128942
            num_until_goal_expanded:448
            timing_expansions:
                total_S3Exp: 0.0128921
                time_top_o: 0.000126389
                time_check_in_c: 7.7163e-05
                time_add_parent: 0.000122607
                num_neighbors: 24636
                time_add_neighbors_to_o: 0.0112956
    num_new_collisions: 2
    timing_PIOW_new_collisions:
        total_PIOW: 0.000174545
        num_windows: 2
        time_check_overlap: 1.71e-07
        num_overlapping_windows: 0
        time_merge_windows: 0
        time_remove_window: 0
        time_remove_window: 6.38e-07
        timing_PlanIn:
            total_PlanIn:0.000171431
            num_until_goal_expanded:12
            timing_expansions:
                total_S3Exp: 0.000166548
                time_top_o: 2.213e-06
                time_check_in_c: 2.551e-06
                time_add_parent: 4.151e-06
                num_neighbors: 224
                time_add_neighbors_to_o: 0.000134682
    num_windows_should_quit: 0
    time_should_quit: 4.36e-07
    time_remove_window: 0
Complete!
