Total time: 0.04364
is_optimal: true
optimality_bound: 1
successive_bounds: [1.00139, 1.00139, 1.00139, 1.00139, 1.00139, 1.00139, 1.00139, 1.00139, 1.00139, 1.00139, 1.00139, 1.00139, 1.00139, 1.00139, 1.00139, 1.00139, 1.00139, 1, 1]
successive_runtimes: [0.00436203, 0.00476308, 0.00510955, 0.00551285, 0.00592864, 0.00662734, 0.00723325, 0.00779131, 0.00835887, 0.0098537, 0.0110501, 0.0120831, 0.0128985, 0.0138608, 0.02185, 0.0298272, 0.037948, 0.04364]
num_agents: 20
time_individual_plan: 0.00335549
time_first_plan: 0.000314415
num_max_agents_in_window_first_iteration: 2
num_recWAMPF: 18
timing_recWAMPF:
    total_RecWAMPF: 0.0395883
    num_windows: 70
    num_max_agents_in_window: 2
    timing_gari:
        total_GARI: 0.0376243
        time_path_btw_starts: 0.00021077
        Stage1:
            total_Stage1:0.0218032
            time_add_x_to_o: 0.00754068
            time_clear_x: 0.00105999
            timing_AStarSearchUntil:
                total_astar_search_until:0.0131979
                num_values_f_less_fmax:2385
                ASU Exp:
                    total_ASUExp:0.013196
                    time_top_o:0.000969458
                    time_check_in_c:0.000574613
                    time_add_parent:0.000473456
                    num_neighbors:22633
                    time_add_neighbors_to_o:0.00981651
        Stage2:
            total_Stage2:0.00984924
            num_len_path:83
            time_expanding_s:3.7177e-05
            timing_AStarSearchUntil:
                total_astar_search_until:0.00978953
                num_values_f_less_fmax:701
                ASU Exp:
                    total_ASUExp:0.0097879
                    time_top_o:0.000240014
                    time_check_in_c:0.000205806
                    time_add_parent:0.000247724
                    num_neighbors:17082
                    time_add_neighbors_to_o:0.00824258
        Stage3:
            total_Stage3:0.00574863
            num_until_goal_expanded:245
            timing_S3Exp:
                total_S3Exp: 0.00204031
                time_top_o: 6.1438e-05
                time_check_in_c: 3.767e-05
                time_add_parent: 7.5077e-05
                num_neighbors: 2535
                time_add_neighbors_to_o: 0.0010981
    timing_PIOW_overlapping:
        total_PIOW: 5.414e-06
        num_windows: 68
        time_check_overlap: 2.306e-06
        num_overlapping_windows: 0
        time_merge_windows: 0
        time_remove_window: 0
        time_remove_window: 0
        timing_PlanIn:
            total_PlanIn:0
            num_until_goal_expanded:0
            timing_expansions:
                total_S3Exp: 0
                time_top_o: 0
                time_check_in_c: 0
                time_add_parent: 0
                num_neighbors: 0
                time_add_neighbors_to_o: 0
    num_new_collisions: 2
    timing_PIOW_new_collisions:
        total_PIOW: 0.000179395
        num_windows: 2
        time_check_overlap: 2.26e-07
        num_overlapping_windows: 0
        time_merge_windows: 0
        time_remove_window: 0
        time_remove_window: 6.97e-07
        timing_PlanIn:
            total_PlanIn:0.000175467
            num_until_goal_expanded:15
            timing_expansions:
                total_S3Exp: 0.000170633
                time_top_o: 2.963e-06
                time_check_in_c: 3.748e-06
                time_add_parent: 6.362e-06
                num_neighbors: 217
                time_add_neighbors_to_o: 0.000106536
    num_windows_should_quit: 0
    time_should_quit: 2.804e-06
    time_remove_window: 0
Complete!
