Total time: 0.0559346
is_optimal: true
optimality_bound: 1
successive_bounds: [1.00423, 1.00282, 1.00282, 1.00282, 1.00282, 1.00282, 1.00141, 1.00141, 1.00141, 1.00141, 1.00141, 1.00141, 1.00141, 1.00141, 1.00141, 1.00141, 1.00141, 1.00141, 1.00141, 1.00141, 1, 1]
successive_runtimes: [0.00463692, 0.00550538, 0.00623353, 0.00750723, 0.00929709, 0.0116525, 0.0140556, 0.0153855, 0.0167976, 0.0182791, 0.0199496, 0.0217815, 0.0238998, 0.0264649, 0.0291716, 0.0326311, 0.0362002, 0.0399771, 0.044984, 0.0492593, 0.0559346]
num_agents: 20
time_individual_plan: 0.0034105
time_first_plan: 0.000711227
num_max_agents_in_window_first_iteration: 2
num_recWAMPF: 21
timing_recWAMPF:
    total_RecWAMPF: 0.0520057
    num_windows: 164
    num_max_agents_in_window: 2
    timing_gari:
        total_GARI: 0.0491892
        time_path_btw_starts: 0.000533833
        Stage1:
            total_Stage1:0.029594
            time_add_x_to_o: 0.00960333
            time_clear_x: 0.00152443
            timing_AStarSearchUntil:
                total_astar_search_until:0.0184574
                num_values_f_less_fmax:4047
                ASU Exp:
                    total_ASUExp:0.0184539
                    time_top_o:0.00117294
                    time_check_in_c:0.000789499
                    time_add_parent:0.000721275
                    num_neighbors:36051
                    time_add_neighbors_to_o:0.0135131
        Stage2:
            total_Stage2:0.0066335
            num_len_path:186
            time_expanding_s:9.3287e-05
            timing_AStarSearchUntil:
                total_astar_search_until:0.00649559
                num_values_f_less_fmax:480
                ASU Exp:
                    total_ASUExp:0.00649232
                    time_top_o:0.00014631
                    time_check_in_c:0.000122745
                    time_add_parent:0.000128301
                    num_neighbors:12960
                    time_add_neighbors_to_o:0.00554204
        Stage3:
            total_Stage3:0.0124047
            num_until_goal_expanded:750
            timing_S3Exp:
                total_S3Exp: 0.00458737
                time_top_o: 0.00019182
                time_check_in_c: 0.000106998
                time_add_parent: 0.000209992
                num_neighbors: 6843
                time_add_neighbors_to_o: 0.0029425
    timing_PIOW_overlapping:
        total_PIOW: 1.9633e-05
        num_windows: 320
        time_check_overlap: 1.1207e-05
        num_overlapping_windows: 0
        time_merge_windows: 0
        time_remove_window: 0
        time_remove_window: 0
        timing_PlanIn:
            total_PlanIn:0
            num_until_goal_expanded:0
            timing_expansions:
                total_S3Exp: 0
                time_top_o: 0
                time_check_in_c: 0
                time_add_parent: 0
                num_neighbors: 0
                time_add_neighbors_to_o: 0
    num_new_collisions: 4
    timing_PIOW_new_collisions:
        total_PIOW: 0.000433193
        num_windows: 12
        time_check_overlap: 4.61e-07
        num_overlapping_windows: 0
        time_merge_windows: 0
        time_remove_window: 0
        time_remove_window: 2.3e-06
        timing_PlanIn:
            total_PlanIn:0.000426681
            num_until_goal_expanded:56
            timing_expansions:
                total_S3Exp: 0.000418558
                time_top_o: 7.545e-06
                time_check_in_c: 1.0146e-05
                time_add_parent: 1.5666e-05
                num_neighbors: 615
                time_add_neighbors_to_o: 0.000282896
    num_windows_should_quit: 0
    time_should_quit: 5.299e-06
    time_remove_window: 0
Complete!
