Total time: 0.458483
is_optimal: true
optimality_bound: 1
successive_bounds: [1.0125, 1.00441, 1.00257, 1.00257, 1.00257, 1.00257, 1.00257, 1.00257, 1.00257, 1.00257, 1.00221, 1.00221, 1.00221, 1.00221, 1.00221, 1.00221, 1.00221, 1.00221, 1.00221, 1.00221, 1.00221, 1.00221, 1.00221, 1.00221, 1.00221, 1.00221, 1.00221, 1.00221, 1.00221, 1.00221, 1.00221, 1.00221, 1.00221, 1]
successive_runtimes: [0.01372, 0.0319826, 0.054167, 0.0737982, 0.109791, 0.127246, 0.142923, 0.158294, 0.176295, 0.194537, 0.223952, 0.237051, 0.248596, 0.259151, 0.270612, 0.281134, 0.291617, 0.302128, 0.31262, 0.323075, 0.33355, 0.343956, 0.354421, 0.364827, 0.375222, 0.385671, 0.396091, 0.40649, 0.416933, 0.427323, 0.437692, 0.448077, 0.458482]
num_agents: 40
time_individual_plan: 0.00902435
time_first_plan: 0.00407439
num_max_agents_in_window_first_iteration: 2
num_recWAMPF: 33
timing_recWAMPF:
    total_RecWAMPF: 0.448824
    num_windows: 107
    num_max_agents_in_window: 3
    timing_gari:
        total_GARI: 0.39189
        time_path_btw_starts: 0.000907205
        Stage1:
            total_Stage1:0.110292
            time_add_x_to_o: 0.0434403
            time_clear_x: 0.00699397
            timing_AStarSearchUntil:
                total_astar_search_until:0.059849
                num_values_f_less_fmax:4044
                ASU Exp:
                    total_ASUExp:0.0598458
                    time_top_o:0.00195201
                    time_check_in_c:0.00196507
                    time_add_parent:0.000770896
                    num_neighbors:117649
                    time_add_neighbors_to_o:0.0507166
        Stage2:
            total_Stage2:0.00524804
            num_len_path:76
            time_expanding_s:6.5021e-05
            timing_AStarSearchUntil:
                total_astar_search_until:0.00512281
                num_values_f_less_fmax:171
                ASU Exp:
                    total_ASUExp:0.00512041
                    time_top_o:5.5549e-05
                    time_check_in_c:0.000110657
                    time_add_parent:6.7342e-05
                    num_neighbors:9079
                    time_add_neighbors_to_o:0.00458359
        Stage3:
            total_Stage3:0.275297
            num_until_goal_expanded:956
            timing_S3Exp:
                total_S3Exp: 0.0283351
                time_top_o: 0.000388781
                time_check_in_c: 0.000177827
                time_add_parent: 0.000380198
                num_neighbors: 41001
                time_add_neighbors_to_o: 0.0252256
    timing_PIOW_overlapping:
        total_PIOW: 0.0400028
        num_windows: 207
        time_check_overlap: 6.553e-06
        num_overlapping_windows: 7
        time_merge_windows: 1.0259e-05
        time_remove_window: 1.802e-06
        time_remove_window: 9.868e-06
        timing_PlanIn:
            total_PlanIn:0.0399637
            num_until_goal_expanded:793
            timing_expansions:
                total_S3Exp: 0.039946
                time_top_o: 0.000234145
                time_check_in_c: 0.000165679
                time_add_parent: 0.000243024
                num_neighbors: 68860
                time_add_neighbors_to_o: 0.03597
    num_new_collisions: 8
    timing_PIOW_new_collisions:
        total_PIOW: 0.00295843
        num_windows: 54
        time_check_overlap: 2.359e-06
        num_overlapping_windows: 0
        time_merge_windows: 0
        time_remove_window: 0
        time_remove_window: 5.66e-06
        timing_PlanIn:
            total_PlanIn:0.00294066
            num_until_goal_expanded:268
            timing_expansions:
                total_S3Exp: 0.00292387
                time_top_o: 4.4186e-05
                time_check_in_c: 5.7594e-05
                time_add_parent: 7.7555e-05
                num_neighbors: 4525
                time_add_neighbors_to_o: 0.00230411
    num_windows_should_quit: 1
    time_should_quit: 7.611e-06
    time_remove_window: 2.87e-07
Complete!
