Total time: 0.841055
is_optimal: false
optimality_bound: 1.00308
successive_bounds: [1.02412, 1.00757, 1.00477, 1.00477, 1.00393, 1.00365, 1.00308, 1.00308]
successive_runtimes: [0.0246421, 0.0595566, 0.082543, 0.0985172, 0.111655, 0.152583, 0.77488, 0.841055]
num_agents: 50
time_individual_plan: 0.0109791
time_first_plan: 0.0130733
num_max_agents_in_window_first_iteration: 3
num_recWAMPF: 8
timing_recWAMPF:
    total_RecWAMPF: 0.829483
    num_windows: 168
    num_max_agents_in_window: 4
    timing_gari:
        total_GARI: 0.14152
        time_path_btw_starts: 0.00050279
        Stage1:
            total_Stage1:0.0410085
            time_add_x_to_o: 0.011754
            time_clear_x: 0.00109055
            timing_AStarSearchUntil:
                total_astar_search_until:0.0281556
                num_values_f_less_fmax:4572
                ASU Exp:
                    total_ASUExp:0.028152
                    time_top_o:0.00123625
                    time_check_in_c:0.000705438
                    time_add_parent:0.000631538
                    num_neighbors:57054
                    time_add_neighbors_to_o:0.0226829
        Stage2:
            total_Stage2:0.00963757
            num_len_path:150
            time_expanding_s:0.000145255
            timing_AStarSearchUntil:
                total_astar_search_until:0.0094396
                num_values_f_less_fmax:381
                ASU Exp:
                    total_ASUExp:0.00943647
                    time_top_o:0.000113793
                    time_check_in_c:6.9665e-05
                    time_add_parent:0.000123564
                    num_neighbors:20561
                    time_add_neighbors_to_o:0.00864762
        Stage3:
            total_Stage3:0.0895301
            num_until_goal_expanded:974
            timing_S3Exp:
                total_S3Exp: 0.0166475
                time_top_o: 0.00024747
                time_check_in_c: 0.000141498
                time_add_parent: 0.000263718
                num_neighbors: 32530
                time_add_neighbors_to_o: 0.0144507
    timing_PIOW_overlapping:
        total_PIOW: 0.665804
        num_windows: 1286
        time_check_overlap: 3.5971e-05
        num_overlapping_windows: 17
        time_merge_windows: 2.4894e-05
        time_remove_window: 3.77e-06
        time_remove_window: 2.4e-05
        timing_PlanIn:
            total_PlanIn:0.66568
            num_until_goal_expanded:3703
            timing_expansions:
                total_S3Exp: 0.665625
                time_top_o: 0.00197915
                time_check_in_c: 0.00079229
                time_add_parent: 0.00136981
                num_neighbors: 1058951
                time_add_neighbors_to_o: 0.628649
    num_new_collisions: 23
    timing_PIOW_new_collisions:
        total_PIOW: 0.0124067
        num_windows: 445
        time_check_overlap: 1.0714e-05
        num_overlapping_windows: 2
        time_merge_windows: 0
        time_remove_window: 0.120443
        time_remove_window: 1.6898e-05
        timing_PlanIn:
            total_PlanIn:0.0123353
            num_until_goal_expanded:747
            timing_expansions:
                total_S3Exp: 0.012298
                time_top_o: 0.000103529
                time_check_in_c: 0.000126371
                time_add_parent: 0.00019281
                num_neighbors: 21239
                time_add_neighbors_to_o: 0.0105258
    num_windows_should_quit: 0
    time_should_quit: 1.1207e-05
    time_remove_window: 0
Complete!
