Total time: 0.0183489
is_optimal: true
optimality_bound: 1
successive_bounds: [1.00325, 1.00325, 1.00325, 1.00325, 1.00163, 1.00163, 1.00163, 1.00163, 1.00163, 1.00163, 1, 1]
successive_runtimes: [0.00359188, 0.00392279, 0.00424039, 0.00456829, 0.00501284, 0.00534551, 0.00567928, 0.00601306, 0.00638604, 0.00681307, 0.0183488]
num_agents: 20
time_individual_plan: 0.00247256
time_first_plan: 0.000364376
num_max_agents_in_window_first_iteration: 2
num_recWAMPF: 11
timing_recWAMPF:
    total_RecWAMPF: 0.0151191
    num_windows: 42
    num_max_agents_in_window: 2
    timing_gari:
        total_GARI: 0.0139655
        time_path_btw_starts: 0.000115581
        Stage1:
            total_Stage1:0.000327795
            time_add_x_to_o: 0.000292299
            time_clear_x: 3.1014e-05
            timing_AStarSearchUntil:
                total_astar_search_until:1.907e-06
                num_values_f_less_fmax:0
                ASU Exp:
                    total_ASUExp:8.42e-07
                    time_top_o:0
                    time_check_in_c:0
                    time_add_parent:0
                    num_neighbors:0
                    time_add_neighbors_to_o:0
        Stage2:
            total_Stage2:0.0117795
            num_len_path:51
            time_expanding_s:2.2266e-05
            timing_AStarSearchUntil:
                total_astar_search_until:0.0117453
                num_values_f_less_fmax:740
                ASU Exp:
                    total_ASUExp:0.0117443
                    time_top_o:0.000300285
                    time_check_in_c:0.000173928
                    time_add_parent:0.000242132
                    num_neighbors:18949
                    time_add_neighbors_to_o:0.0101614
        Stage3:
            total_Stage3:0.00173489
            num_until_goal_expanded:84
            timing_S3Exp:
                total_S3Exp: 0.000801493
                time_top_o: 1.6579e-05
                time_check_in_c: 1.1557e-05
                time_add_parent: 1.9462e-05
                num_neighbors: 895
                time_add_neighbors_to_o: 0.000579069
    timing_PIOW_overlapping:
        total_PIOW: 3.246e-06
        num_windows: 40
        time_check_overlap: 1.585e-06
        num_overlapping_windows: 0
        time_merge_windows: 0
        time_remove_window: 0
        time_remove_window: 0
        timing_PlanIn:
            total_PlanIn:0
            num_until_goal_expanded:0
            timing_expansions:
                total_S3Exp: 0
                time_top_o: 0
                time_check_in_c: 0
                time_add_parent: 0
                num_neighbors: 0
                time_add_neighbors_to_o: 0
    num_new_collisions: 2
    timing_PIOW_new_collisions:
        total_PIOW: 0.000232687
        num_windows: 2
        time_check_overlap: 1.41e-07
        num_overlapping_windows: 0
        time_merge_windows: 0
        time_remove_window: 0
        time_remove_window: 7.66e-07
        timing_PlanIn:
            total_PlanIn:0.00022922
            num_until_goal_expanded:16
            timing_expansions:
                total_S3Exp: 0.000223456
                time_top_o: 3.522e-06
                time_check_in_c: 3.608e-06
                time_add_parent: 6.525e-06
                num_neighbors: 320
                time_add_neighbors_to_o: 0.000177317
    num_windows_should_quit: 0
    time_should_quit: 1.313e-06
    time_remove_window: 0
Complete!
