Total time: 36.8613
is_optimal: false
optimality_bound: 1.00457
successive_bounds: [1.00558, 1.00533, 1.00533, 1.00507, 1.00507, 1.00507, 1.00507, 1.00507, 1.00507, 1.00507, 1.00507, 1.00507, 1.00507, 1.00457]
successive_runtimes: [0.025574, 0.0349197, 0.0472186, 0.334772, 0.584973, 0.616369, 0.795086, 1.31842, 2.14472, 3.07379, 3.79635, 4.48638, 5.05238, 36.8613]
num_agents: 60
time_individual_plan: 0.0109544
time_first_plan: 0.0139568
num_max_agents_in_window_first_iteration: 4
num_recWAMPF: 14
timing_recWAMPF:
    total_RecWAMPF: 36.8497
    num_windows: 155
    num_max_agents_in_window: 6
    timing_gari:
        total_GARI: 4.36762
        time_path_btw_starts: 0.00117143
        Stage1:
            total_Stage1:3.53381
            time_add_x_to_o: 0.805458
            time_clear_x: 0.338369
            timing_AStarSearchUntil:
                total_astar_search_until:2.38997
                num_values_f_less_fmax:15853
                ASU Exp:
                    total_ASUExp:2.38997
                    time_top_o:0.0244013
                    time_check_in_c:0.0276604
                    time_add_parent:0.0281503
                    num_neighbors:3999555
                    time_add_neighbors_to_o:2.26666
        Stage2:
            total_Stage2:0.0304547
            num_len_path:146
            time_expanding_s:0.000192006
            timing_AStarSearchUntil:
                total_astar_search_until:0.0301923
                num_values_f_less_fmax:732
                ASU Exp:
                    total_ASUExp:0.0301887
                    time_top_o:0.000342383
                    time_check_in_c:0.000166491
                    time_add_parent:0.000278814
                    num_neighbors:54136
                    time_add_neighbors_to_o:0.0282403
        Stage3:
            total_Stage3:0.801836
            num_until_goal_expanded:1107
            timing_S3Exp:
                total_S3Exp: 0.0575602
                time_top_o: 0.000530754
                time_check_in_c: 0.000235285
                time_add_parent: 0.000438153
                num_neighbors: 76108
                time_add_neighbors_to_o: 0.054224
    timing_PIOW_overlapping:
        total_PIOW: 32.1157
        num_windows: 907
        time_check_overlap: 3.948e-05
        num_overlapping_windows: 15
        time_merge_windows: 2.5713e-05
        time_remove_window: 6.122e-06
        time_remove_window: 2.4422e-05
        timing_PlanIn:
            total_PlanIn:32.1155
            num_until_goal_expanded:14503
            timing_expansions:
                total_S3Exp: 32.1155
                time_top_o: 0.0407293
                time_check_in_c: 0.00793369
                time_add_parent: 0.0109125
                num_neighbors: 39509039
                time_add_neighbors_to_o: 30.7663
    num_new_collisions: 23
    timing_PIOW_new_collisions:
        total_PIOW: 0.347297
        num_windows: 389
        time_check_overlap: 1.6631e-05
        num_overlapping_windows: 6
        time_merge_windows: 0
        time_remove_window: 0.88177
        time_remove_window: 1.3302e-05
        timing_PlanIn:
            total_PlanIn:0.347216
            num_until_goal_expanded:854
            timing_expansions:
                total_S3Exp: 0.347155
                time_top_o: 0.000407642
                time_check_in_c: 0.000231826
                time_add_parent: 0.000350463
                num_neighbors: 496042
                time_add_neighbors_to_o: 0.32845
    num_windows_should_quit: 0
    time_should_quit: 1.3583e-05
    time_remove_window: 0
Complete!
