Total time: 1.9647
is_optimal: false
optimality_bound: 1.00233
successive_bounds: [1.00512, 1.00512, 1.00512, 1.00419, 1.00419, 1.00419, 1.00419, 1.00419, 1.00419, 1.00326, 1.00326, 1.00233, 1.00233, 1.00233, 1.00233]
successive_runtimes: [0.00822053, 0.00970189, 0.0111622, 0.012772, 0.0142765, 0.0164401, 0.0186966, 0.020791, 0.0309081, 0.0387356, 0.0456485, 0.409171, 0.88077, 1.44298, 1.9647]
num_agents: 30
time_individual_plan: 0.00619774
time_first_plan: 0.00135605
num_max_agents_in_window_first_iteration: 2
num_recWAMPF: 15
timing_recWAMPF:
    total_RecWAMPF: 1.95783
    num_windows: 188
    num_max_agents_in_window: 3
    timing_gari:
        total_GARI: 1.59524
        time_path_btw_starts: 0.00153433
        Stage1:
            total_Stage1:1.15117
            time_add_x_to_o: 0.348314
            time_clear_x: 0.15515
            timing_AStarSearchUntil:
                total_astar_search_until:0.647692
                num_values_f_less_fmax:27940
                ASU Exp:
                    total_ASUExp:0.647686
                    time_top_o:0.0337998
                    time_check_in_c:0.0112517
                    time_add_parent:0.00919377
                    num_neighbors:995553
                    time_add_neighbors_to_o:0.553405
        Stage2:
            total_Stage2:0.00961792
            num_len_path:193
            time_expanding_s:0.000125592
            timing_AStarSearchUntil:
                total_astar_search_until:0.00941618
                num_values_f_less_fmax:598
                ASU Exp:
                    total_ASUExp:0.00941167
                    time_top_o:0.000180122
                    time_check_in_c:0.000154318
                    time_add_parent:0.000187531
                    num_neighbors:17036
                    time_add_neighbors_to_o:0.00816839
        Stage3:
            total_Stage3:0.432868
            num_until_goal_expanded:5713
            timing_S3Exp:
                total_S3Exp: 0.199213
                time_top_o: 0.00427238
                time_check_in_c: 0.00113106
                time_add_parent: 0.00232323
                num_neighbors: 258717
                time_add_neighbors_to_o: 0.162933
    timing_PIOW_overlapping:
        total_PIOW: 0.35854
        num_windows: 616
        time_check_overlap: 3.4994e-05
        num_overlapping_windows: 2
        time_merge_windows: 5.05e-06
        time_remove_window: 8.08e-07
        time_remove_window: 4.929e-06
        timing_PlanIn:
            total_PlanIn:0.358469
            num_until_goal_expanded:5607
            timing_expansions:
                total_S3Exp: 0.358464
                time_top_o: 0.0049347
                time_check_in_c: 0.00147159
                time_add_parent: 0.00265778
                num_neighbors: 597644
                time_add_neighbors_to_o: 0.322046
    num_new_collisions: 7
    timing_PIOW_new_collisions:
        total_PIOW: 0.000827406
        num_windows: 42
        time_check_overlap: 2.07e-06
        num_overlapping_windows: 0
        time_merge_windows: 0
        time_remove_window: 0
        time_remove_window: 3.181e-06
        timing_PlanIn:
            total_PlanIn:0.000812144
            num_until_goal_expanded:71
            timing_expansions:
                total_S3Exp: 0.00079929
                time_top_o: 1.2062e-05
                time_check_in_c: 1.4005e-05
                time_add_parent: 2.3212e-05
                num_neighbors: 1033
                time_add_neighbors_to_o: 0.000618412
    num_windows_should_quit: 0
    time_should_quit: 8.581e-06
    time_remove_window: 0
Complete!
