Total time: 0.252855
is_optimal: false
optimality_bound: 1.00198
successive_bounds: [1.00322, 1.00223, 1.00223, 1.00223, 1.00223, 1.00198]
successive_runtimes: [0.0563738, 0.0816396, 0.110785, 0.139833, 0.16041, 0.252855]
num_agents: 60
time_individual_plan: 0.0335754
time_first_plan: 0.0214222
num_max_agents_in_window_first_iteration: 4
num_recWAMPF: 6
timing_recWAMPF:
    total_RecWAMPF: 0.217895
    num_windows: 126
    num_max_agents_in_window: 4
    timing_gari:
        total_GARI: 0.186501
        time_path_btw_starts: 0.000835796
        Stage1:
            total_Stage1:0.0269987
            time_add_x_to_o: 0.00200567
            time_clear_x: 0.000488566
            timing_AStarSearchUntil:
                total_astar_search_until:0.0226488
                num_values_f_less_fmax:566
                ASU Exp:
                    total_ASUExp:0.0226434
                    time_top_o:0.000514524
                    time_check_in_c:0.000102983
                    time_add_parent:0
                    num_neighbors:0
                    time_add_neighbors_to_o:0
        Stage2:
            total_Stage2:0.11036
            num_len_path:142
            time_expanding_s:0.000201299
            timing_AStarSearchUntil:
                total_astar_search_until:0.108643
                num_values_f_less_fmax:1380
                ASU Exp:
                    total_ASUExp:0.108638
                    time_top_o:0.00120321
                    time_check_in_c:0.000517167
                    time_add_parent:0.001323
                    num_neighbors:39558
                    time_add_neighbors_to_o:0.0317626
        Stage3:
            total_Stage3:0.0448709
            num_until_goal_expanded:1290
            timing_S3Exp:
                total_S3Exp: 0.0355185
                time_top_o: 0.000784961
                time_check_in_c: 0.00044933
                time_add_parent: 0.000988284
                num_neighbors: 38986
                time_add_neighbors_to_o: 0.0293151
    timing_PIOW_overlapping:
        total_PIOW: 0.00242487
        num_windows: 663
        time_check_overlap: 3.2353e-05
        num_overlapping_windows: 1
        time_merge_windows: 1.631e-06
        time_remove_window: 1.8e-07
        time_remove_window: 1.551e-06
        timing_PlanIn:
            total_PlanIn:0.00234457
            num_until_goal_expanded:125
            timing_expansions:
                total_S3Exp: 0.00234013
                time_top_o: 5.7953e-05
                time_check_in_c: 3.9029e-05
                time_add_parent: 0.000106589
                num_neighbors: 1878
                time_add_neighbors_to_o: 0.00166523
    num_new_collisions: 16
    timing_PIOW_new_collisions:
        total_PIOW: 0.0105403
        num_windows: 139
        time_check_overlap: 1.1205e-05
        num_overlapping_windows: 4
        time_merge_windows: 9.762e-06
        time_remove_window: 7.31e-07
        time_remove_window: 4.241e-06
        timing_PlanIn:
            total_PlanIn:0.0104136
            num_until_goal_expanded:575
            timing_expansions:
                total_S3Exp: 0.0103071
                time_top_o: 0.000273951
                time_check_in_c: 0.000251434
                time_add_parent: 0.000629277
                num_neighbors: 5490
                time_add_neighbors_to_o: 0.00680693
    num_windows_should_quit: 0
    time_should_quit: 4.081e-06
    time_remove_window: 0
Complete!
