Total time: 0.0912131
is_optimal: false
optimality_bound: 1.00435
successive_bounds: [1.00689, 1.00653, 1.00508, 1.00508, 1.00435]
successive_runtimes: [0.0110113, 0.0254446, 0.0533404, 0.0718177, 0.0912131]
num_agents: 40
time_individual_plan: 0.00456739
time_first_plan: 0.0059295
num_max_agents_in_window_first_iteration: 3
num_recWAMPF: 5
timing_recWAMPF:
    total_RecWAMPF: 0.0861295
    num_windows: 107
    num_max_agents_in_window: 4
    timing_gari:
        total_GARI: 0.0727658
        time_path_btw_starts: 0.00136287
        Stage1:
            total_Stage1:0.0513151
            time_add_x_to_o: 0.0155245
            time_clear_x: 0.00202583
            timing_AStarSearchUntil:
                total_astar_search_until:0.0337591
                num_values_f_less_fmax:3198
                ASU Exp:
                    total_ASUExp:0.0337568
                    time_top_o:0.000949605
                    time_check_in_c:0.00046527
                    time_add_parent:0.000619323
                    num_neighbors:75794
                    time_add_neighbors_to_o:0.0293872
        Stage2:
            total_Stage2:0.0067135
            num_len_path:105
            time_expanding_s:4.4764e-05
            timing_AStarSearchUntil:
                total_astar_search_until:0.00663931
                num_values_f_less_fmax:256
                ASU Exp:
                    total_ASUExp:0.0066373
                    time_top_o:6.5689e-05
                    time_check_in_c:5.4165e-05
                    time_add_parent:8.4564e-05
                    num_neighbors:15264
                    time_add_neighbors_to_o:0.00613938
        Stage3:
            total_Stage3:0.0133569
            num_until_goal_expanded:1062
            timing_S3Exp:
                total_S3Exp: 0.00919162
                time_top_o: 0.000251177
                time_check_in_c: 0.000150583
                time_add_parent: 0.000347767
                num_neighbors: 18487
                time_add_neighbors_to_o: 0.00735469
    timing_PIOW_overlapping:
        total_PIOW: 0.00514977
        num_windows: 587
        time_check_overlap: 1.614e-05
        num_overlapping_windows: 1
        time_merge_windows: 2.702e-06
        time_remove_window: 2.91e-07
        time_remove_window: 2.651e-06
        timing_PlanIn:
            total_PlanIn:0.00511622
            num_until_goal_expanded:67
            timing_expansions:
                total_S3Exp: 0.00511345
                time_top_o: 3.17e-05
                time_check_in_c: 1.2681e-05
                time_add_parent: 1.7025e-05
                num_neighbors: 8825
                time_add_neighbors_to_o: 0.00471785
    num_new_collisions: 14
    timing_PIOW_new_collisions:
        total_PIOW: 0.00340179
        num_windows: 184
        time_check_overlap: 5.07e-06
        num_overlapping_windows: 2
        time_merge_windows: 0
        time_remove_window: 0.0595825
        time_remove_window: 5.167e-06
        timing_PlanIn:
            total_PlanIn:0.00337497
            num_until_goal_expanded:289
            timing_expansions:
                total_S3Exp: 0.00335077
                time_top_o: 6.1678e-05
                time_check_in_c: 5.6541e-05
                time_add_parent: 7.4136e-05
                num_neighbors: 5730
                time_add_neighbors_to_o: 0.00263948
    num_windows_should_quit: 0
    time_should_quit: 5.711e-06
    time_remove_window: 0
Complete!
