Total time: 0.338786
is_optimal: true
optimality_bound: 1
successive_bounds: [1.00106, 1.00106, 1.00106, 1.00106, 1.00106, 1.00106, 1.00106, 1.00106, 1.00106, 1.00106, 1.00106, 1.00106, 1.00106, 1.00106, 1, 1]
successive_runtimes: [0.00932696, 0.0109309, 0.0123979, 0.0138081, 0.0151752, 0.0165417, 0.0178566, 0.0192616, 0.0207052, 0.0243173, 0.0260032, 0.0291309, 0.0314545, 0.032993, 0.338786]
num_agents: 30
time_individual_plan: 0.00727825
time_first_plan: 0.00127315
num_max_agents_in_window_first_iteration: 2
num_recWAMPF: 15
timing_recWAMPF:
    total_RecWAMPF: 0.330728
    num_windows: 114
    num_max_agents_in_window: 3
    timing_gari:
        total_GARI: 0.0221969
        time_path_btw_starts: 0.000239925
        Stage1:
            total_Stage1:0.00557342
            time_add_x_to_o: 0.00273453
            time_clear_x: 0.000385701
            timing_AStarSearchUntil:
                total_astar_search_until:0.00244573
                num_values_f_less_fmax:357
                ASU Exp:
                    total_ASUExp:0.00244224
                    time_top_o:0.000121268
                    time_check_in_c:0.000106947
                    time_add_parent:7.1033e-05
                    num_neighbors:4506
                    time_add_neighbors_to_o:0.00185445
        Stage2:
            total_Stage2:0.00585175
            num_len_path:83
            time_expanding_s:5.9436e-05
            timing_AStarSearchUntil:
                total_astar_search_until:0.00575633
                num_values_f_less_fmax:454
                ASU Exp:
                    total_ASUExp:0.00575345
                    time_top_o:0.000147448
                    time_check_in_c:9.6508e-05
                    time_add_parent:0.000155311
                    num_neighbors:10561
                    time_add_neighbors_to_o:0.00478491
        Stage3:
            total_Stage3:0.01051
            num_until_goal_expanded:1123
            timing_S3Exp:
                total_S3Exp: 0.00743463
                time_top_o: 0.00031636
                time_check_in_c: 0.000174082
                time_add_parent: 0.000286905
                num_neighbors: 10691
                time_add_neighbors_to_o: 0.00533627
    timing_PIOW_overlapping:
        total_PIOW: 0.304458
        num_windows: 221
        time_check_overlap: 1.1604e-05
        num_overlapping_windows: 1
        time_merge_windows: 1.494e-06
        time_remove_window: 5.78e-07
        time_remove_window: 1.44e-06
        timing_PlanIn:
            total_PlanIn:0.304432
            num_until_goal_expanded:5660
            timing_expansions:
                total_S3Exp: 0.30443
                time_top_o: 0.00462843
                time_check_in_c: 0.001425
                time_add_parent: 0.00252267
                num_neighbors: 507044
                time_add_neighbors_to_o: 0.270834
    num_new_collisions: 4
    timing_PIOW_new_collisions:
        total_PIOW: 0.00087652
        num_windows: 12
        time_check_overlap: 6.62e-07
        num_overlapping_windows: 0
        time_merge_windows: 0
        time_remove_window: 0
        time_remove_window: 1.301e-06
        timing_PlanIn:
            total_PlanIn:0.00086904
            num_until_goal_expanded:85
            timing_expansions:
                total_S3Exp: 0.000858187
                time_top_o: 1.5457e-05
                time_check_in_c: 1.8956e-05
                time_add_parent: 3.0249e-05
                num_neighbors: 924
                time_add_neighbors_to_o: 0.000630504
    num_windows_should_quit: 0
    time_should_quit: 4.818e-06
    time_remove_window: 0
Complete!
