Total time: 0.0212785
is_optimal: true
optimality_bound: 1
successive_bounds: [1.00291, 1.00146, 1.00146, 1.00146, 1.00146, 1.00146, 1.00146, 1.00146, 1.00146, 1, 1]
successive_runtimes: [0.00352441, 0.00526273, 0.00653185, 0.00794278, 0.00966833, 0.0114286, 0.0134984, 0.0159151, 0.0186061, 0.0212784]
num_agents: 20
time_individual_plan: 0.00240878
time_first_plan: 0.000596774
num_max_agents_in_window_first_iteration: 2
num_recWAMPF: 10
timing_recWAMPF:
    total_RecWAMPF: 0.0183488
    num_windows: 38
    num_max_agents_in_window: 2
    timing_gari:
        total_GARI: 0.0167257
        time_path_btw_starts: 9.488e-05
        Stage1:
            total_Stage1:0.00781363
            time_add_x_to_o: 0.00306706
            time_clear_x: 0.000423286
            timing_AStarSearchUntil:
                total_astar_search_until:0.00432115
                num_values_f_less_fmax:3590
                ASU Exp:
                    total_ASUExp:0.00432023
                    time_top_o:0.000810069
                    time_check_in_c:0.000455146
                    time_add_parent:0.000316875
                    num_neighbors:4275
                    time_add_neighbors_to_o:0.00160962
        Stage2:
            total_Stage2:0.00136834
            num_len_path:38
            time_expanding_s:1.5195e-05
            timing_AStarSearchUntil:
                total_astar_search_until:0.00134292
                num_values_f_less_fmax:113
                ASU Exp:
                    total_ASUExp:0.00134213
                    time_top_o:2.5957e-05
                    time_check_in_c:1.9791e-05
                    time_add_parent:2.9217e-05
                    num_neighbors:2991
                    time_add_neighbors_to_o:0.00114882
        Stage3:
            total_Stage3:0.00741339
            num_until_goal_expanded:1533
            timing_S3Exp:
                total_S3Exp: 0.00588368
                time_top_o: 0.000346353
                time_check_in_c: 0.00021863
                time_add_parent: 0.000423412
                num_neighbors: 9264
                time_add_neighbors_to_o: 0.0036288
    timing_PIOW_overlapping:
        total_PIOW: 2.042e-06
        num_windows: 36
        time_check_overlap: 9.75e-07
        num_overlapping_windows: 0
        time_merge_windows: 0
        time_remove_window: 0
        time_remove_window: 0
        timing_PlanIn:
            total_PlanIn:0
            num_until_goal_expanded:0
            timing_expansions:
                total_S3Exp: 0
                time_top_o: 0
                time_check_in_c: 0
                time_add_parent: 0
                num_neighbors: 0
                time_add_neighbors_to_o: 0
    num_new_collisions: 2
    timing_PIOW_new_collisions:
        total_PIOW: 0.000371657
        num_windows: 2
        time_check_overlap: 1.2e-07
        num_overlapping_windows: 0
        time_merge_windows: 0
        time_remove_window: 0
        time_remove_window: 5.9e-07
        timing_PlanIn:
            total_PlanIn:0.000368838
            num_until_goal_expanded:61
            timing_expansions:
                total_S3Exp: 0.000364185
                time_top_o: 7.454e-06
                time_check_in_c: 1.0801e-05
                time_add_parent: 1.5779e-05
                num_neighbors: 526
                time_add_neighbors_to_o: 0.000241141
    num_windows_should_quit: 0
    time_should_quit: 9.51e-07
    time_remove_window: 0
Complete!
