Total time: 0.0894461
is_optimal: false
optimality_bound: 1.00435
successive_bounds: [1.00689, 1.00653, 1.00508, 1.00508, 1.00435]
successive_runtimes: [0.0110321, 0.0243111, 0.0516621, 0.0701162, 0.089446]
num_agents: 40
time_individual_plan: 0.00462946
time_first_plan: 0.00587467
num_max_agents_in_window_first_iteration: 3
num_recWAMPF: 5
timing_recWAMPF:
    total_RecWAMPF: 0.084287
    num_windows: 107
    num_max_agents_in_window: 4
    timing_gari:
        total_GARI: 0.0709799
        time_path_btw_starts: 0.00124932
        Stage1:
            total_Stage1:0.0499306
            time_add_x_to_o: 0.0152353
            time_clear_x: 0.00204587
            timing_AStarSearchUntil:
                total_astar_search_until:0.0326434
                num_values_f_less_fmax:3198
                ASU Exp:
                    total_ASUExp:0.0326409
                    time_top_o:0.000928144
                    time_check_in_c:0.000455359
                    time_add_parent:0.000532515
                    num_neighbors:75794
                    time_add_neighbors_to_o:0.0285212
        Stage2:
            total_Stage2:0.00655842
            num_len_path:105
            time_expanding_s:4.2974e-05
            timing_AStarSearchUntil:
                total_astar_search_until:0.0064866
                num_values_f_less_fmax:256
                ASU Exp:
                    total_ASUExp:0.00648459
                    time_top_o:6.5016e-05
                    time_check_in_c:5.2803e-05
                    time_add_parent:7.0349e-05
                    num_neighbors:15264
                    time_add_neighbors_to_o:0.00601
        Stage3:
            total_Stage3:0.013226
            num_until_goal_expanded:1062
            timing_S3Exp:
                total_S3Exp: 0.00912439
                time_top_o: 0.000243862
                time_check_in_c: 0.000151682
                time_add_parent: 0.00034195
                num_neighbors: 18487
                time_add_neighbors_to_o: 0.00728966
    timing_PIOW_overlapping:
        total_PIOW: 0.00512538
        num_windows: 587
        time_check_overlap: 1.6233e-05
        num_overlapping_windows: 1
        time_merge_windows: 2.248e-06
        time_remove_window: 2.64e-07
        time_remove_window: 2.193e-06
        timing_PlanIn:
            total_PlanIn:0.00509215
            num_until_goal_expanded:67
            timing_expansions:
                total_S3Exp: 0.00508953
                time_top_o: 1.6279e-05
                time_check_in_c: 1.2488e-05
                time_add_parent: 1.7208e-05
                num_neighbors: 8825
                time_add_neighbors_to_o: 0.00470363
    num_new_collisions: 14
    timing_PIOW_new_collisions:
        total_PIOW: 0.0034571
        num_windows: 184
        time_check_overlap: 5.314e-06
        num_overlapping_windows: 2
        time_merge_windows: 0
        time_remove_window: 0.0579533
        time_remove_window: 4.984e-06
        timing_PlanIn:
            total_PlanIn:0.00342969
            num_until_goal_expanded:289
            timing_expansions:
                total_S3Exp: 0.00340739
                time_top_o: 3.7497e-05
                time_check_in_c: 5.2239e-05
                time_add_parent: 7.5053e-05
                num_neighbors: 5730
                time_add_neighbors_to_o: 0.00270647
    num_windows_should_quit: 0
    time_should_quit: 5.03e-06
    time_remove_window: 0
Complete!
