Total time: 793.801
is_optimal: false
optimality_bound: 1.0043
successive_bounds: [1.03419, 1.00532, 1.00506, 1.00481, 1.0043]
successive_runtimes: [0.44297, 3.25367, 200.101, 348.537, 793.801]
num_agents: 60
time_individual_plan: 0.0312468
time_first_plan: 0.410163
num_max_agents_in_window_first_iteration: 4
num_recWAMPF: 5
timing_recWAMPF:
    total_RecWAMPF: 793.768
    num_windows: 138
    num_max_agents_in_window: 6
    timing_gari:
        total_GARI: 742.293
        time_path_btw_starts: 0.00440745
        Stage1:
            total_Stage1:725.218
            time_add_x_to_o: 48.3073
            time_clear_x: 12.3579
            timing_AStarSearchUntil:
                total_astar_search_until:663.601
                num_values_f_less_fmax:82547
                ASU Exp:
                    total_ASUExp:663.601
                    time_top_o:0.298573
                    time_check_in_c:1.78907
                    time_add_parent:7.48543
                    num_neighbors:675391840
                    time_add_neighbors_to_o:654.457
        Stage2:
            total_Stage2:0.0510063
            num_len_path:129
            time_expanding_s:0.000170822
            timing_AStarSearchUntil:
                total_astar_search_until:0.0507428
                num_values_f_less_fmax:262
                ASU Exp:
                    total_ASUExp:0.0507387
                    time_top_o:0.000127569
                    time_check_in_c:0.00010403
                    time_add_parent:0.000208971
                    num_neighbors:52001
                    time_add_neighbors_to_o:0.0495563
        Stage3:
            total_Stage3:17.0191
            num_until_goal_expanded:785
            timing_S3Exp:
                total_S3Exp: 0.240161
                time_top_o: 0.000656578
                time_check_in_c: 0.000270426
                time_add_parent: 0.000590011
                num_neighbors: 268771
                time_add_neighbors_to_o: 0.232625
    timing_PIOW_overlapping:
        total_PIOW: 50.8929
        num_windows: 1040
        time_check_overlap: 4.8712e-05
        num_overlapping_windows: 5
        time_merge_windows: 2.2935e-05
        time_remove_window: 4.457e-06
        time_remove_window: 2.2376e-05
        timing_PlanIn:
            total_PlanIn:50.8927
            num_until_goal_expanded:23624
            timing_expansions:
                total_S3Exp: 49.3537
                time_top_o: 0.0166134
                time_check_in_c: 0.010646
                time_add_parent: 0.0207286
                num_neighbors: 53615064
                time_add_neighbors_to_o: 48.5187
    num_new_collisions: 24
    timing_PIOW_new_collisions:
        total_PIOW: 0.398713
        num_windows: 473
        time_check_overlap: 1.9601e-05
        num_overlapping_windows: 5
        time_merge_windows: 0
        time_remove_window: 0.848666
        time_remove_window: 2.0442e-05
        timing_PlanIn:
            total_PlanIn:0.398578
            num_until_goal_expanded:4999
            timing_expansions:
                total_S3Exp: 0.39847
                time_top_o: 0.00198737
                time_check_in_c: 0.00193906
                time_add_parent: 0.00379699
                num_neighbors: 416594
                time_add_neighbors_to_o: 0.35763
    num_windows_should_quit: 0
    time_should_quit: 1.9766e-05
    time_remove_window: 0
Complete!
