Total time: 0.0662491
is_optimal: true
optimality_bound: 1
successive_bounds: [1.00248, 1.00248, 1.00165, 1.00165, 1.00165, 1.00165, 1.00165, 1.00165, 1.00165, 1.00165, 1.00165, 1.00165, 1.00083, 1.00083, 1.00083, 1.00083, 1.00083, 1.00083, 1.00083, 1.00083, 1.00083, 1.00083, 1.00083, 1.00083, 1.00083, 1.00083, 1.00083, 1.00083, 1.00083, 1.00083, 1.00083, 1, 1]
successive_runtimes: [0.00653992, 0.00726216, 0.00815982, 0.00886161, 0.00957618, 0.0103524, 0.0111096, 0.0125425, 0.0134003, 0.0142411, 0.0150761, 0.0159429, 0.0281665, 0.0307764, 0.0320819, 0.0333507, 0.0346596, 0.0360858, 0.0374385, 0.0391649, 0.0405441, 0.0419907, 0.0434565, 0.0449404, 0.0467762, 0.0486066, 0.0512657, 0.0534865, 0.0557243, 0.0577481, 0.0612298, 0.0662491]
num_agents: 30
time_individual_plan: 0.00500428
time_first_plan: 0.00100924
num_max_agents_in_window_first_iteration: 2
num_recWAMPF: 32
timing_recWAMPF:
    total_RecWAMPF: 0.0607138
    num_windows: 252
    num_max_agents_in_window: 2
    timing_gari:
        total_GARI: 0.0516985
        time_path_btw_starts: 0.000621003
        Stage1:
            total_Stage1:0.0129948
            time_add_x_to_o: 0.00504888
            time_clear_x: 0.000636406
            timing_AStarSearchUntil:
                total_astar_search_until:0.00729757
                num_values_f_less_fmax:1383
                ASU Exp:
                    total_ASUExp:0.00729205
                    time_top_o:0.000386115
                    time_check_in_c:0.000246527
                    time_add_parent:0.000259586
                    num_neighbors:14603
                    time_add_neighbors_to_o:0.00561397
        Stage2:
            total_Stage2:0.0166103
            num_len_path:286
            time_expanding_s:0.000154031
            timing_AStarSearchUntil:
                total_astar_search_until:0.0163954
                num_values_f_less_fmax:1310
                ASU Exp:
                    total_ASUExp:0.0163902
                    time_top_o:0.000386947
                    time_check_in_c:0.00026203
                    time_add_parent:0.000372788
                    num_neighbors:32478
                    time_add_neighbors_to_o:0.01401
        Stage3:
            total_Stage3:0.0214365
            num_until_goal_expanded:930
            timing_S3Exp:
                total_S3Exp: 0.0052948
                time_top_o: 0.000187338
                time_check_in_c: 0.000118339
                time_add_parent: 0.00024134
                num_neighbors: 8236
                time_add_neighbors_to_o: 0.00323072
    timing_PIOW_overlapping:
        total_PIOW: 2.9921e-05
        num_windows: 496
        time_check_overlap: 1.7049e-05
        num_overlapping_windows: 0
        time_merge_windows: 0
        time_remove_window: 0
        time_remove_window: 0
        timing_PlanIn:
            total_PlanIn:0
            num_until_goal_expanded:0
            timing_expansions:
                total_S3Exp: 0
                time_top_o: 0
                time_check_in_c: 0
                time_add_parent: 0
                num_neighbors: 0
                time_add_neighbors_to_o: 0
    num_new_collisions: 4
    timing_PIOW_new_collisions:
        total_PIOW: 0.000346011
        num_windows: 12
        time_check_overlap: 5.11e-07
        num_overlapping_windows: 0
        time_merge_windows: 0
        time_remove_window: 0
        time_remove_window: 1.165e-06
        timing_PlanIn:
            total_PlanIn:0.000340644
            num_until_goal_expanded:35
            timing_expansions:
                total_S3Exp: 0.000333199
                time_top_o: 4.999e-06
                time_check_in_c: 6.236e-06
                time_add_parent: 9.915e-06
                num_neighbors: 463
                time_add_neighbors_to_o: 0.000255204
    num_windows_should_quit: 0
    time_should_quit: 6.968e-06
    time_remove_window: 0
Complete!
