Total time: 1.91876
is_optimal: false
optimality_bound: 1.00548
successive_bounds: [1.00871, 1.00822, 1.00797, 1.00772, 1.00672, 1.00647, 1.00597, 1.00548, 1.00548, 1.00548, 1.00548, 1.00548, 1.00548, 1.00548, 1.00548]
successive_runtimes: [0.0209598, 0.0269745, 0.0328302, 0.039421, 0.048923, 0.0600018, 0.0804041, 0.338148, 0.528401, 0.738366, 0.960085, 1.20636, 1.44506, 1.68076, 1.91876]
num_agents: 60
time_individual_plan: 0.00682564
time_first_plan: 0.0136067
num_max_agents_in_window_first_iteration: 3
num_recWAMPF: 15
timing_recWAMPF:
    total_RecWAMPF: 1.9114
    num_windows: 336
    num_max_agents_in_window: 4
    timing_gari:
        total_GARI: 1.61081
        time_path_btw_starts: 0.000840809
        Stage1:
            total_Stage1:0.0554245
            time_add_x_to_o: 0.0405464
            time_clear_x: 0.0101198
            timing_AStarSearchUntil:
                total_astar_search_until:0.0047412
                num_values_f_less_fmax:3129
                ASU Exp:
                    total_ASUExp:0.00473397
                    time_top_o:0.000649477
                    time_check_in_c:0.000351379
                    time_add_parent:0.000190687
                    num_neighbors:6384
                    time_add_neighbors_to_o:0.002577
        Stage2:
            total_Stage2:0.0117685
            num_len_path:295
            time_expanding_s:0.000138725
            timing_AStarSearchUntil:
                total_astar_search_until:0.0115202
                num_values_f_less_fmax:607
                ASU Exp:
                    total_ASUExp:0.0115135
                    time_top_o:0.000162802
                    time_check_in_c:0.000170136
                    time_add_parent:0.000190551
                    num_neighbors:21719
                    time_add_neighbors_to_o:0.00951576
        Stage3:
            total_Stage3:1.54244
            num_until_goal_expanded:7190
            timing_S3Exp:
                total_S3Exp: 0.850958
                time_top_o: 0.00466762
                time_check_in_c: 0.00146329
                time_add_parent: 0.00270043
                num_neighbors: 1290474
                time_add_neighbors_to_o: 0.830795
    timing_PIOW_overlapping:
        total_PIOW: 0.0208258
        num_windows: 2758
        time_check_overlap: 8.2549e-05
        num_overlapping_windows: 15
        time_merge_windows: 1.173e-05
        time_remove_window: 2.652e-06
        time_remove_window: 1.114e-05
        timing_PlanIn:
            total_PlanIn:0.0206596
            num_until_goal_expanded:809
            timing_expansions:
                total_S3Exp: 0.0206331
                time_top_o: 0.000153586
                time_check_in_c: 0.000147174
                time_add_parent: 0.000217279
                num_neighbors: 33854
                time_add_neighbors_to_o: 0.0182499
    num_new_collisions: 23
    timing_PIOW_new_collisions:
        total_PIOW: 0.258865
        num_windows: 442
        time_check_overlap: 1.1834e-05
        num_overlapping_windows: 2
        time_merge_windows: 0
        time_remove_window: 0.0931647
        time_remove_window: 1.2483e-05
        timing_PlanIn:
            total_PlanIn:0.258809
            num_until_goal_expanded:1712
            timing_expansions:
                total_S3Exp: 0.258766
                time_top_o: 0.000829199
                time_check_in_c: 0.000355945
                time_add_parent: 0.000629514
                num_neighbors: 405280
                time_add_neighbors_to_o: 0.243845
    num_windows_should_quit: 0
    time_should_quit: 1.8903e-05
    time_remove_window: 0
Complete!
