Total time: 0.012897
is_optimal: true
optimality_bound: 1
successive_bounds: [1.00273, 1.00273, 1.00273, 1.00273, 1.00273, 1.00273, 1.00273, 1.00273, 1.00273, 1.00273, 1.00273, 1.00273, 1.00273, 1.00273, 1.00273, 1.00273, 1.00273, 1.00273, 1.00273, 1.00273, 1.00273, 1.00273, 1.00273, 1.00273, 1.00273, 1, 1]
successive_runtimes: [0.00298129, 0.00319368, 0.00338779, 0.0036108, 0.00382646, 0.00405137, 0.00432867, 0.00458548, 0.00483434, 0.00506249, 0.00536087, 0.00570311, 0.00604948, 0.00634902, 0.00670941, 0.00710859, 0.0074789, 0.00789444, 0.00828519, 0.00878924, 0.00933925, 0.00989375, 0.0104466, 0.0110286, 0.0116332, 0.012897]
num_agents: 10
time_individual_plan: 0.00203587
time_first_plan: 0.000217459
num_max_agents_in_window_first_iteration: 2
num_recWAMPF: 26
timing_recWAMPF:
    total_RecWAMPF: 0.0101283
    num_windows: 51
    num_max_agents_in_window: 2
    timing_gari:
        total_GARI: 0.00940925
        time_path_btw_starts: 0.000135762
        Stage1:
            total_Stage1:0.00272529
            time_add_x_to_o: 0.00122033
            time_clear_x: 0.000139913
            timing_AStarSearchUntil:
                total_astar_search_until:0.00136172
                num_values_f_less_fmax:132
                ASU Exp:
                    total_ASUExp:0.0013602
                    time_top_o:6.8118e-05
                    time_check_in_c:3.678e-05
                    time_add_parent:4.3405e-05
                    num_neighbors:2350
                    time_add_neighbors_to_o:0.00106517
        Stage2:
            total_Stage2:0.0025187
            num_len_path:51
            time_expanding_s:2.1899e-05
            timing_AStarSearchUntil:
                total_astar_search_until:0.00247986
                num_values_f_less_fmax:184
                ASU Exp:
                    total_ASUExp:0.00247853
                    time_top_o:5.262e-05
                    time_check_in_c:4.0835e-05
                    time_add_parent:5.7434e-05
                    num_neighbors:4541
                    time_add_neighbors_to_o:0.00210359
        Stage3:
            total_Stage3:0.00401855
            num_until_goal_expanded:121
            timing_S3Exp:
                total_S3Exp: 0.00150296
                time_top_o: 3.0159e-05
                time_check_in_c: 2.1594e-05
                time_add_parent: 3.95e-05
                num_neighbors: 1531
                time_add_neighbors_to_o: 0.00110782
    timing_PIOW_overlapping:
        total_PIOW: 1.055e-06
        num_windows: 25
        time_check_overlap: 0
        num_overlapping_windows: 0
        time_merge_windows: 0
        time_remove_window: 0
        time_remove_window: 0
        timing_PlanIn:
            total_PlanIn:0
            num_until_goal_expanded:0
            timing_expansions:
                total_S3Exp: 0
                time_top_o: 0
                time_check_in_c: 0
                time_add_parent: 0
                num_neighbors: 0
                time_add_neighbors_to_o: 0
    num_new_collisions: 1
    timing_PIOW_new_collisions:
        total_PIOW: 0.000185808
        num_windows: 0
        time_check_overlap: 0
        num_overlapping_windows: 0
        time_merge_windows: 0
        time_remove_window: 0
        time_remove_window: 3.01e-07
        timing_PlanIn:
            total_PlanIn:0.000183599
            num_until_goal_expanded:12
            timing_expansions:
                total_S3Exp: 0.00018029
                time_top_o: 2.733e-06
                time_check_in_c: 3.215e-06
                time_add_parent: 5.526e-06
                num_neighbors: 236
                time_add_neighbors_to_o: 0.000142712
    num_windows_should_quit: 0
    time_should_quit: 1.927e-06
    time_remove_window: 0
Complete!
