Total time: 7.27759
is_optimal: false
optimality_bound: 1.00451
successive_bounds: [1.00734, 1.00677, 1.00621, 1.00564, 1.00564, 1.00564, 1.00451, 1.00451, 1.00451]
successive_runtimes: [0.0155536, 0.0458893, 0.0961447, 0.172986, 0.278896, 0.448337, 0.995826, 2.28603, 7.27759]
num_agents: 50
time_individual_plan: 0.00637287
time_first_plan: 0.00865484
num_max_agents_in_window_first_iteration: 3
num_recWAMPF: 9
timing_recWAMPF:
    total_RecWAMPF: 7.27069
    num_windows: 164
    num_max_agents_in_window: 4
    timing_gari:
        total_GARI: 7.04906
        time_path_btw_starts: 0.000501202
        Stage1:
            total_Stage1:6.21887
            time_add_x_to_o: 0.442198
            time_clear_x: 0.236296
            timing_AStarSearchUntil:
                total_astar_search_until:5.54036
                num_values_f_less_fmax:51403
                ASU Exp:
                    total_ASUExp:5.54036
                    time_top_o:0.0551802
                    time_check_in_c:0.0276836
                    time_add_parent:0.0159104
                    num_neighbors:11198356
                    time_add_neighbors_to_o:5.38062
        Stage2:
            total_Stage2:0.03839
            num_len_path:151
            time_expanding_s:8.2817e-05
            timing_AStarSearchUntil:
                total_astar_search_until:0.0382427
                num_values_f_less_fmax:537
                ASU Exp:
                    total_ASUExp:0.0382394
                    time_top_o:0.00019938
                    time_check_in_c:0.000113274
                    time_add_parent:0.000182068
                    num_neighbors:83736
                    time_add_neighbors_to_o:0.037043
        Stage3:
            total_Stage3:0.791263
            num_until_goal_expanded:22421
            timing_S3Exp:
                total_S3Exp: 0.644531
                time_top_o: 0.0112794
                time_check_in_c: 0.00469009
                time_add_parent: 0.0103763
                num_neighbors: 1098401
                time_add_neighbors_to_o: 0.591936
    timing_PIOW_overlapping:
        total_PIOW: 0.207996
        num_windows: 825
        time_check_overlap: 2.4744e-05
        num_overlapping_windows: 4
        time_merge_windows: 8.631e-06
        time_remove_window: 9.96e-07
        time_remove_window: 8.336e-06
        timing_PlanIn:
            total_PlanIn:0.207935
            num_until_goal_expanded:1288
            timing_expansions:
                total_S3Exp: 0.207923
                time_top_o: 0.000518477
                time_check_in_c: 0.000312809
                time_add_parent: 0.000418243
                num_neighbors: 407350
                time_add_neighbors_to_o: 0.194201
    num_new_collisions: 12
    timing_PIOW_new_collisions:
        total_PIOW: 0.00435906
        num_windows: 126
        time_check_overlap: 3.447e-06
        num_overlapping_windows: 1
        time_merge_windows: 0
        time_remove_window: 0.00870624
        time_remove_window: 4.095e-06
        timing_PlanIn:
            total_PlanIn:0.00433223
            num_until_goal_expanded:360
            timing_expansions:
                total_S3Exp: 0.00431196
                time_top_o: 4.5879e-05
                time_check_in_c: 6.5979e-05
                time_add_parent: 9.3295e-05
                num_neighbors: 7353
                time_add_neighbors_to_o: 0.00346991
    num_windows_should_quit: 0
    time_should_quit: 1.0749e-05
    time_remove_window: 0
Complete!
