Total time: 8.30837
is_optimal: false
optimality_bound: 1.00415
successive_bounds: [1.00587, 1.00538, 1.00538, 1.00538, 1.00538, 1.00464, 1.00464, 1.00415, 1.00415, 1.00415, 1.00415, 1.00415]
successive_runtimes: [0.0155036, 0.0196548, 0.0278357, 0.0659508, 0.108613, 0.282068, 0.380898, 0.436785, 0.482744, 0.540163, 0.600365, 8.30837]
num_agents: 60
time_individual_plan: 0.00726631
time_first_plan: 0.00770674
num_max_agents_in_window_first_iteration: 3
num_recWAMPF: 12
timing_recWAMPF:
    total_RecWAMPF: 8.30057
    num_windows: 159
    num_max_agents_in_window: 5
    timing_gari:
        total_GARI: 0.582922
        time_path_btw_starts: 0.00505279
        Stage1:
            total_Stage1:0.265446
            time_add_x_to_o: 0.110234
            time_clear_x: 0.0219993
            timing_AStarSearchUntil:
                total_astar_search_until:0.133201
                num_values_f_less_fmax:2254
                ASU Exp:
                    total_ASUExp:0.133196
                    time_top_o:0.00139143
                    time_check_in_c:0.000588937
                    time_add_parent:0.000356736
                    num_neighbors:249918
                    time_add_neighbors_to_o:0.126264
        Stage2:
            total_Stage2:0.0458933
            num_len_path:154
            time_expanding_s:0.000838454
            timing_AStarSearchUntil:
                total_astar_search_until:0.0449876
                num_values_f_less_fmax:1011
                ASU Exp:
                    total_ASUExp:0.0449842
                    time_top_o:0.000374078
                    time_check_in_c:0.000283563
                    time_add_parent:0.000473651
                    num_neighbors:96228
                    time_add_neighbors_to_o:0.0409126
        Stage3:
            total_Stage3:0.266498
            num_until_goal_expanded:1277
            timing_S3Exp:
                total_S3Exp: 0.0391274
                time_top_o: 0.00048155
                time_check_in_c: 0.000239563
                time_add_parent: 0.000468568
                num_neighbors: 64056
                time_add_neighbors_to_o: 0.0358433
    timing_PIOW_overlapping:
        total_PIOW: 0.0356388
        num_windows: 726
        time_check_overlap: 2.5997e-05
        num_overlapping_windows: 9
        time_merge_windows: 9.208e-06
        time_remove_window: 1.764e-06
        time_remove_window: 8.834e-06
        timing_PlanIn:
            total_PlanIn:0.0355759
            num_until_goal_expanded:333
            timing_expansions:
                total_S3Exp: 0.0355587
                time_top_o: 6.9569e-05
                time_check_in_c: 6.4154e-05
                time_add_parent: 9.1806e-05
                num_neighbors: 64759
                time_add_neighbors_to_o: 0.0332124
    num_new_collisions: 16
    timing_PIOW_new_collisions:
        total_PIOW: 7.66522
        num_windows: 205
        time_check_overlap: 6.318e-06
        num_overlapping_windows: 2
        time_merge_windows: 0
        time_remove_window: 0.666121
        time_remove_window: 6.095e-06
        timing_PlanIn:
            total_PlanIn:7.66519
            num_until_goal_expanded:4373
            timing_expansions:
                total_S3Exp: 7.66516
                time_top_o: 0.00815627
                time_check_in_c: 0.00129038
                time_add_parent: 0.00243582
                num_neighbors: 11927306
                time_add_neighbors_to_o: 7.34565
    num_windows_should_quit: 0
    time_should_quit: 1.0117e-05
    time_remove_window: 0
Complete!
