Total time: 47.655
is_optimal: false
optimality_bound: 1.01252
successive_bounds: [1.01391, 1.01344, 1.01344, 1.01344, 1.01298, 1.01298, 1.01252]
successive_runtimes: [0.249979, 0.5951, 0.773467, 0.998886, 1.23189, 1.42372, 47.655]
num_agents: 60
time_individual_plan: 0.00862892
time_first_plan: 0.240666
num_max_agents_in_window_first_iteration: 2
num_recWAMPF: 7
timing_recWAMPF:
    total_RecWAMPF: 47.6457
    num_windows: 66
    num_max_agents_in_window: 6
    timing_gari:
        total_GARI: 1.12249
        time_path_btw_starts: 0.00681913
        Stage1:
            total_Stage1:0.764252
            time_add_x_to_o: 0.235329
            time_clear_x: 0.0785029
            timing_AStarSearchUntil:
                total_astar_search_until:0.450413
                num_values_f_less_fmax:1868
                ASU Exp:
                    total_ASUExp:0.45041
                    time_top_o:0.00334002
                    time_check_in_c:0.0235176
                    time_add_parent:0.00114731
                    num_neighbors:681735
                    time_add_neighbors_to_o:0.409017
        Stage2:
            total_Stage2:0.0144355
            num_len_path:49
            time_expanding_s:5.0144e-05
            timing_AStarSearchUntil:
                total_astar_search_until:0.014328
                num_values_f_less_fmax:79
                ASU Exp:
                    total_ASUExp:0.0143267
                    time_top_o:4.6184e-05
                    time_check_in_c:2.5457e-05
                    time_add_parent:3.9187e-05
                    num_neighbors:16744
                    time_add_neighbors_to_o:0.0140715
        Stage3:
            total_Stage3:0.336963
            num_until_goal_expanded:729
            timing_S3Exp:
                total_S3Exp: 0.14113
                time_top_o: 0.000720017
                time_check_in_c: 0.000199964
                time_add_parent: 0.000395054
                num_neighbors: 185706
                time_add_neighbors_to_o: 0.132495
    timing_PIOW_overlapping:
        total_PIOW: 1.48827
        num_windows: 305
        time_check_overlap: 1.2049e-05
        num_overlapping_windows: 15
        time_merge_windows: 2.1467e-05
        time_remove_window: 4.877e-06
        time_remove_window: 2.0407e-05
        timing_PlanIn:
            total_PlanIn:1.48819
            num_until_goal_expanded:5088
            timing_expansions:
                total_S3Exp: 1.48815
                time_top_o: 0.00232453
                time_check_in_c: 0.00145608
                time_add_parent: 0.00198533
                num_neighbors: 1820765
                time_add_neighbors_to_o: 1.4171
    num_new_collisions: 19
    timing_PIOW_new_collisions:
        total_PIOW: 45.0253
        num_windows: 285
        time_check_overlap: 1.1251e-05
        num_overlapping_windows: 1
        time_merge_windows: 0
        time_remove_window: 2.86597
        time_remove_window: 1.5588e-05
        timing_PlanIn:
            total_PlanIn:45.0252
            num_until_goal_expanded:16183
            timing_expansions:
                total_S3Exp: 45.0133
                time_top_o: 0.0148162
                time_check_in_c: 0.00513459
                time_add_parent: 0.00729456
                num_neighbors: 52978639
                time_add_neighbors_to_o: 43.2934
    num_windows_should_quit: 0
    time_should_quit: 6.518e-06
    time_remove_window: 0
Complete!
