Total time: 0.0402954
is_optimal: true
optimality_bound: 1
successive_bounds: [1.00079, 1.00079, 1.00079, 1.00079, 1.00079, 1.00079, 1.00079, 1.00079, 1.00079, 1.00079, 1.00079, 1.00079, 1.00079, 1.00079, 1.00079, 1.00079, 1.00079, 1.00079, 1.00079, 1.00079, 1.00079, 1.00079, 1.00079, 1.00079, 1.00079, 1.00079, 1.00079, 1.00079, 1.00079, 1]
successive_runtimes: [0.013339, 0.0140024, 0.0146075, 0.0156091, 0.0162647, 0.0168561, 0.0174829, 0.0181222, 0.0189312, 0.0201145, 0.0220992, 0.0230609, 0.0239238, 0.0248234, 0.0255879, 0.0267876, 0.0277168, 0.0286491, 0.0295925, 0.0305519, 0.0315741, 0.0326185, 0.0336676, 0.0347744, 0.0359385, 0.0370439, 0.0381766, 0.0392964, 0.0402953]
num_agents: 20
time_individual_plan: 0.0110873
time_first_plan: 0.000661078
num_max_agents_in_window_first_iteration: 2
num_recWAMPF: 29
timing_recWAMPF:
    total_RecWAMPF: 0.027604
    num_windows: 57
    num_max_agents_in_window: 2
    timing_gari:
        total_GARI: 0.0176624
        time_path_btw_starts: 0.000456504
        Stage1:
            total_Stage1:0.00240966
            time_add_x_to_o: 0.000341524
            time_clear_x: 5.1493e-05
            timing_AStarSearchUntil:
                total_astar_search_until:0.00116951
                num_values_f_less_fmax:123
                ASU Exp:
                    total_ASUExp:0.00116556
                    time_top_o:0.000102171
                    time_check_in_c:2.4758e-05
                    time_add_parent:0
                    num_neighbors:0
                    time_add_neighbors_to_o:0
        Stage2:
            total_Stage2:0.00564967
            num_len_path:61
            time_expanding_s:7.8189e-05
            timing_AStarSearchUntil:
                total_astar_search_until:0.00494384
                num_values_f_less_fmax:185
                ASU Exp:
                    total_ASUExp:0.00494058
                    time_top_o:0.000139377
                    time_check_in_c:0.000102963
                    time_add_parent:0.000244547
                    num_neighbors:1634
                    time_add_neighbors_to_o:0.00241422
        Stage3:
            total_Stage3:0.00829858
            num_until_goal_expanded:233
            timing_S3Exp:
                total_S3Exp: 0.00451896
                time_top_o: 0.000216514
                time_check_in_c: 0.000138311
                time_add_parent: 0.00022978
                num_neighbors: 2058
                time_add_neighbors_to_o: 0.00271439
    timing_PIOW_overlapping:
        total_PIOW: 2.128e-06
        num_windows: 28
        time_check_overlap: 0
        num_overlapping_windows: 0
        time_merge_windows: 0
        time_remove_window: 0
        time_remove_window: 0
        timing_PlanIn:
            total_PlanIn:0
            num_until_goal_expanded:0
            timing_expansions:
                total_S3Exp: 0
                time_top_o: 0
                time_check_in_c: 0
                time_add_parent: 0
                num_neighbors: 0
                time_add_neighbors_to_o: 0
    num_new_collisions: 1
    timing_PIOW_new_collisions:
        total_PIOW: 0.00021961
        num_windows: 0
        time_check_overlap: 0
        num_overlapping_windows: 0
        time_merge_windows: 0
        time_remove_window: 0
        time_remove_window: 6.06e-07
        timing_PlanIn:
            total_PlanIn:0.000214579
            num_until_goal_expanded:4
            timing_expansions:
                total_S3Exp: 0.000201686
                time_top_o: 2.919e-06
                time_check_in_c: 3.308e-06
                time_add_parent: 6.651e-06
                num_neighbors: 80
                time_add_neighbors_to_o: 0.000140269
    num_windows_should_quit: 1
    time_should_quit: 2.048e-06
    time_remove_window: 1.89e-07
Complete!
