Total time: 9.56661
is_optimal: false
optimality_bound: 1.00055
successive_bounds: [1.00496, 1.00496, 1.00441, 1.00358, 1.00303, 1.00248, 1.00248, 1.00193, 1.00193, 1.0011, 1.0011, 1.0011, 1.00055, 1.00055, 1.00055, 1.00055, 1.00055, 1.00055]
successive_runtimes: [0.0114071, 0.015566, 0.0201884, 0.0281664, 0.0354289, 0.0412549, 0.275016, 0.938809, 1.80312, 2.67622, 3.67209, 4.89098, 6.39701, 7.50219, 8.0182, 8.53393, 9.04903, 9.56661]
num_agents: 50
time_individual_plan: 0.00623125
time_first_plan: 0.00464714
num_max_agents_in_window_first_iteration: 2
num_recWAMPF: 18
timing_recWAMPF:
    total_RecWAMPF: 9.55984
    num_windows: 260
    num_max_agents_in_window: 4
    timing_gari:
        total_GARI: 9.30383
        time_path_btw_starts: 0.00524035
        Stage1:
            total_Stage1:4.56877
            time_add_x_to_o: 1.72974
            time_clear_x: 0.688776
            timing_AStarSearchUntil:
                total_astar_search_until:2.15024
                num_values_f_less_fmax:17164
                ASU Exp:
                    total_ASUExp:2.15023
                    time_top_o:0.0235231
                    time_check_in_c:0.0487081
                    time_add_parent:0.00430141
                    num_neighbors:4185818
                    time_add_neighbors_to_o:2.05812
        Stage2:
            total_Stage2:0.0208496
            num_len_path:224
            time_expanding_s:0.00154395
            timing_AStarSearchUntil:
                total_astar_search_until:0.0191846
                num_values_f_less_fmax:312
                ASU Exp:
                    total_ASUExp:0.0191792
                    time_top_o:0.0001135
                    time_check_in_c:7.1254e-05
                    time_add_parent:0.00011496
                    num_neighbors:21523
                    time_add_neighbors_to_o:0.0138501
        Stage3:
            total_Stage3:4.70891
            num_until_goal_expanded:4351
            timing_S3Exp:
                total_S3Exp: 0.822504
                time_top_o: 0.00387788
                time_check_in_c: 0.00527066
                time_add_parent: 0.00263552
                num_neighbors: 1142615
                time_add_neighbors_to_o: 0.627096
    timing_PIOW_overlapping:
        total_PIOW: 0.239674
        num_windows: 1092
        time_check_overlap: 4.3054e-05
        num_overlapping_windows: 6
        time_merge_windows: 7.09e-06
        time_remove_window: 1.447e-06
        time_remove_window: 6.797e-06
        timing_PlanIn:
            total_PlanIn:0.239591
            num_until_goal_expanded:892
            timing_expansions:
                total_S3Exp: 0.239578
                time_top_o: 0.00045362
                time_check_in_c: 0.000221726
                time_add_parent: 0.000315281
                num_neighbors: 450262
                time_add_neighbors_to_o: 0.225895
    num_new_collisions: 11
    timing_PIOW_new_collisions:
        total_PIOW: 0.00172934
        num_windows: 110
        time_check_overlap: 3.09e-06
        num_overlapping_windows: 0
        time_merge_windows: 0
        time_remove_window: 0
        time_remove_window: 6.52e-06
        timing_PlanIn:
            total_PlanIn:0.00170839
            num_until_goal_expanded:225
            timing_expansions:
                total_S3Exp: 0.00168997
                time_top_o: 2.7645e-05
                time_check_in_c: 4.3212e-05
                time_add_parent: 5.9294e-05
                num_neighbors: 2296
                time_add_neighbors_to_o: 0.00120956
    num_windows_should_quit: 0
    time_should_quit: 1.4311e-05
    time_remove_window: 0
Complete!
