Total time: 54.8417
is_optimal: false
optimality_bound: 1.00167
successive_bounds: [1.00334, 1.00223, 1.00167, 1.00167, 1.00167, 1.00167, 1.00167, 1.00167, 1.00167, 1.00167, 1.00167, 1.00167, 1.00167, 1.00167, 1.00167, 1.00167, 1.00167, 1.00167, 1.00167, 1.00167, 1.00167, 1.00167, 1.00167, 1.00167, 1.00167, 1.00167, 1.00167, 1.00167, 1.00167]
successive_runtimes: [11.0185, 25.5112, 39.8409, 50.9528, 50.9875, 51.0161, 51.1375, 51.2391, 51.3383, 51.4251, 51.5192, 51.6221, 51.7335, 51.8531, 51.9677, 52.1368, 52.2799, 52.4335, 52.597, 52.7704, 52.9537, 53.1467, 53.3497, 53.5648, 53.7889, 54.0264, 54.2703, 54.5745, 54.8417]
num_agents: 50
time_individual_plan: 0.00696596
time_first_plan: 11.011
num_max_agents_in_window_first_iteration: 4
num_recWAMPF: 29
timing_recWAMPF:
    total_RecWAMPF: 54.8342
    num_windows: 195
    num_max_agents_in_window: 4
    timing_gari:
        total_GARI: 32.6963
        time_path_btw_starts: 0.000657119
        Stage1:
            total_Stage1:26.0025
            time_add_x_to_o: 6.26798
            time_clear_x: 2.56539
            timing_AStarSearchUntil:
                total_astar_search_until:17.1691
                num_values_f_less_fmax:83555
                ASU Exp:
                    total_ASUExp:17.1691
                    time_top_o:0.202863
                    time_check_in_c:1.07211
                    time_add_parent:0.0455854
                    num_neighbors:24775816
                    time_add_neighbors_to_o:15.7183
        Stage2:
            total_Stage2:0.598795
            num_len_path:169
            time_expanding_s:0.000203272
            timing_AStarSearchUntil:
                total_astar_search_until:0.598443
                num_values_f_less_fmax:1285
                ASU Exp:
                    total_ASUExp:0.598438
                    time_top_o:0.00145156
                    time_check_in_c:0.000600699
                    time_add_parent:0.00356609
                    num_neighbors:851670
                    time_add_neighbors_to_o:0.589582
        Stage3:
            total_Stage3:6.09417
            num_until_goal_expanded:10086
            timing_S3Exp:
                total_S3Exp: 0.982668
                time_top_o: 0.0135056
                time_check_in_c: 0.00320525
                time_add_parent: 0.007322
                num_neighbors: 1347832
                time_add_neighbors_to_o: 0.937005
    timing_PIOW_overlapping:
        total_PIOW: 11.1111
        num_windows: 394
        time_check_overlap: 2.6242e-05
        num_overlapping_windows: 5
        time_merge_windows: 1.0925e-05
        time_remove_window: 2.116e-06
        time_remove_window: 1.0615e-05
        timing_PlanIn:
            total_PlanIn:11.1111
            num_until_goal_expanded:25007
            timing_expansions:
                total_S3Exp: 11.111
                time_top_o: 0.0504097
                time_check_in_c: 0.0124944
                time_add_parent: 0.0166373
                num_neighbors: 14904048
                time_add_neighbors_to_o: 10.5083
    num_new_collisions: 10
    timing_PIOW_new_collisions:
        total_PIOW: 11.0086
        num_windows: 74
        time_check_overlap: 4.391e-06
        num_overlapping_windows: 2
        time_merge_windows: 0
        time_remove_window: 0.0225577
        time_remove_window: 4.215e-06
        timing_PlanIn:
            total_PlanIn:11.0086
            num_until_goal_expanded:24684
            timing_expansions:
                total_S3Exp: 11.0086
                time_top_o: 0.0478908
                time_check_in_c: 0.0125812
                time_add_parent: 0.0163729
                num_neighbors: 14836002
                time_add_neighbors_to_o: 10.4098
    num_windows_should_quit: 0
    time_should_quit: 1.7774e-05
    time_remove_window: 0
Complete!
