Total time: 36.0948
is_optimal: false
optimality_bound: 1.02343
successive_bounds: [1.03995, 1.02984, 1.02417, 1.02417, 1.02417, 1.02417, 1.02417, 1.02367, 1.02343, 1.02343]
successive_runtimes: [1.30544, 3.15724, 3.70248, 3.84891, 3.98595, 4.08587, 4.84988, 7.08786, 32.0068, 36.0948]
num_agents: 60
time_individual_plan: 0.0142285
time_first_plan: 1.29058
num_max_agents_in_window_first_iteration: 4
num_recWAMPF: 10
timing_recWAMPF:
    total_RecWAMPF: 36.0799
    num_windows: 208
    num_max_agents_in_window: 5
    timing_gari:
        total_GARI: 28.5942
        time_path_btw_starts: 0.00300938
        Stage1:
            total_Stage1:9.29104
            time_add_x_to_o: 0.587638
            time_clear_x: 0.108896
            timing_AStarSearchUntil:
                total_astar_search_until:7.95101
                num_values_f_less_fmax:43051
                ASU Exp:
                    total_ASUExp:7.951
                    time_top_o:0.0493221
                    time_check_in_c:0.0169917
                    time_add_parent:0.0232646
                    num_neighbors:11781712
                    time_add_neighbors_to_o:8.37879
        Stage2:
            total_Stage2:0.0194268
            num_len_path:168
            time_expanding_s:0.000709414
            timing_AStarSearchUntil:
                total_astar_search_until:0.0186066
                num_values_f_less_fmax:231
                ASU Exp:
                    total_ASUExp:0.018602
                    time_top_o:0.000102128
                    time_check_in_c:6.0522e-05
                    time_add_parent:0.000102067
                    num_neighbors:22552
                    time_add_neighbors_to_o:0.012456
        Stage3:
            total_Stage3:19.2798
            num_until_goal_expanded:40953
            timing_S3Exp:
                total_S3Exp: 15.091
                time_top_o: 0.080875
                time_check_in_c: 0.0160458
                time_add_parent: 0.0277172
                num_neighbors: 20981918
                time_add_neighbors_to_o: 14.8761
    timing_PIOW_overlapping:
        total_PIOW: 3.68033
        num_windows: 1243
        time_check_overlap: 6.0017e-05
        num_overlapping_windows: 11
        time_merge_windows: 1.7209e-05
        time_remove_window: 3.915e-06
        time_remove_window: 1.6503e-05
        timing_PlanIn:
            total_PlanIn:3.68019
            num_until_goal_expanded:11514
            timing_expansions:
                total_S3Exp: 3.68015
                time_top_o: 0.00984639
                time_check_in_c: 0.00343178
                time_add_parent: 0.00581887
                num_neighbors: 5796688
                time_add_neighbors_to_o: 3.46679
    num_new_collisions: 29
    timing_PIOW_new_collisions:
        total_PIOW: 3.69175
        num_windows: 613
        time_check_overlap: 2.7821e-05
        num_overlapping_windows: 9
        time_merge_windows: 0
        time_remove_window: 106.036
        time_remove_window: 2.2377e-05
        timing_PlanIn:
            total_PlanIn:3.69085
            num_until_goal_expanded:10626
            timing_expansions:
                total_S3Exp: 3.69038
                time_top_o: 0.00610458
                time_check_in_c: 0.00295838
                time_add_parent: 0.00438911
                num_neighbors: 5878887
                time_add_neighbors_to_o: 3.4816
    num_windows_should_quit: 0
    time_should_quit: 2.3441e-05
    time_remove_window: 0
Complete!
