Total time: 0.0135241
is_optimal: true
optimality_bound: 1
successive_bounds: [1.00336, 1.00336, 1.00336, 1.00336, 1.00336, 1.00336, 1.00336, 1.00336, 1.00336, 1.00336, 1.00336, 1.00336, 1.00336, 1.00336, 1, 1]
successive_runtimes: [0.00158954, 0.00173208, 0.00186332, 0.00199124, 0.00212099, 0.00226064, 0.00245539, 0.00259358, 0.00273612, 0.00288229, 0.00706499, 0.00969877, 0.0113001, 0.0123512, 0.0135241]
num_agents: 10
time_individual_plan: 0.000958381
time_first_plan: 0.00011857
num_max_agents_in_window_first_iteration: 2
num_recWAMPF: 15
timing_recWAMPF:
    total_RecWAMPF: 0.0120511
    num_windows: 29
    num_max_agents_in_window: 2
    timing_gari:
        total_GARI: 0.0116449
        time_path_btw_starts: 6.3867e-05
        Stage1:
            total_Stage1:0.00430157
            time_add_x_to_o: 0.00227214
            time_clear_x: 0.000269089
            timing_AStarSearchUntil:
                total_astar_search_until:0.00175874
                num_values_f_less_fmax:528
                ASU Exp:
                    total_ASUExp:0.00175806
                    time_top_o:0.000156493
                    time_check_in_c:0.000193357
                    time_add_parent:3.2562e-05
                    num_neighbors:3310
                    time_add_neighbors_to_o:0.00119809
        Stage2:
            total_Stage2:0.00548745
            num_len_path:39
            time_expanding_s:1.2518e-05
            timing_AStarSearchUntil:
                total_astar_search_until:0.00546754
                num_values_f_less_fmax:422
                ASU Exp:
                    total_ASUExp:0.00546689
                    time_top_o:0.000109706
                    time_check_in_c:8.5683e-05
                    time_add_parent:0.000107341
                    num_neighbors:11737
                    time_add_neighbors_to_o:0.0047524
        Stage3:
            total_Stage3:0.00178768
            num_until_goal_expanded:83
            timing_S3Exp:
                total_S3Exp: 0.000532162
                time_top_o: 1.6996e-05
                time_check_in_c: 1.1775e-05
                time_add_parent: 2.1098e-05
                num_neighbors: 1020
                time_add_neighbors_to_o: 0.000352132
    timing_PIOW_overlapping:
        total_PIOW: 3.69e-07
        num_windows: 14
        time_check_overlap: 0
        num_overlapping_windows: 0
        time_merge_windows: 0
        time_remove_window: 0
        time_remove_window: 0
        timing_PlanIn:
            total_PlanIn:0
            num_until_goal_expanded:0
            timing_expansions:
                total_S3Exp: 0
                time_top_o: 0
                time_check_in_c: 0
                time_add_parent: 0
                num_neighbors: 0
                time_add_neighbors_to_o: 0
    num_new_collisions: 1
    timing_PIOW_new_collisions:
        total_PIOW: 8.8908e-05
        num_windows: 0
        time_check_overlap: 0
        num_overlapping_windows: 0
        time_merge_windows: 0
        time_remove_window: 0
        time_remove_window: 5.22e-07
        timing_PlanIn:
            total_PlanIn:8.6897e-05
            num_until_goal_expanded:6
            timing_expansions:
                total_S3Exp: 8.2462e-05
                time_top_o: 1.24e-06
                time_check_in_c: 1.675e-06
                time_add_parent: 2.384e-06
                num_neighbors: 135
                time_add_neighbors_to_o: 6.4003e-05
    num_windows_should_quit: 0
    time_should_quit: 6.35e-07
    time_remove_window: 0
Complete!
