Total time: 0.118056
is_optimal: true
optimality_bound: 1
successive_bounds: [1.00402, 1.00402, 1.00302, 1.00201, 1.00201, 1.00201, 1.00101, 1.00101, 1.00101, 1.00101, 1.00101, 1, 1]
successive_runtimes: [0.0385356, 0.0423743, 0.0467771, 0.0533463, 0.0610456, 0.0735003, 0.0899381, 0.0934344, 0.0957532, 0.0981723, 0.102243, 0.118056]
num_agents: 30
time_individual_plan: 0.0296747
time_first_plan: 0.00740832
num_max_agents_in_window_first_iteration: 2
num_recWAMPF: 12
timing_recWAMPF:
    total_RecWAMPF: 0.0869216
    num_windows: 125
    num_max_agents_in_window: 3
    timing_gari:
        total_GARI: 0.0565773
        time_path_btw_starts: 0.000706515
        Stage1:
            total_Stage1:0.0251143
            time_add_x_to_o: 0.00873167
            time_clear_x: 0.00137523
            timing_AStarSearchUntil:
                total_astar_search_until:0.0149939
                num_values_f_less_fmax:1480
                ASU Exp:
                    total_ASUExp:0.0149889
                    time_top_o:0.000954456
                    time_check_in_c:0.000600311
                    time_add_parent:0.000590494
                    num_neighbors:10621
                    time_add_neighbors_to_o:0.010677
        Stage2:
            total_Stage2:0.0114609
            num_len_path:123
            time_expanding_s:0.000144737
            timing_AStarSearchUntil:
                total_astar_search_until:0.0112351
                num_values_f_less_fmax:293
                ASU Exp:
                    total_ASUExp:0.0112307
                    time_top_o:0.000182748
                    time_check_in_c:0.000186151
                    time_add_parent:0.000339982
                    num_neighbors:8105
                    time_add_neighbors_to_o:0.00939034
        Stage3:
            total_Stage3:0.0192217
            num_until_goal_expanded:710
            timing_S3Exp:
                total_S3Exp: 0.011832
                time_top_o: 0.000366523
                time_check_in_c: 0.000285597
                time_add_parent: 0.000552106
                num_neighbors: 6604
                time_add_neighbors_to_o: 0.00784203
    timing_PIOW_overlapping:
        total_PIOW: 0.0177244
        num_windows: 343
        time_check_overlap: 3.2552e-05
        num_overlapping_windows: 2
        time_merge_windows: 5.705e-06
        time_remove_window: 7.16e-07
        time_remove_window: 5.53e-06
        timing_PlanIn:
            total_PlanIn:0.0176583
            num_until_goal_expanded:232
            timing_expansions:
                total_S3Exp: 0.0176486
                time_top_o: 0.000109755
                time_check_in_c: 8.9721e-05
                time_add_parent: 0.000199537
                num_neighbors: 12466
                time_add_neighbors_to_o: 0.0157762
    num_new_collisions: 7
    timing_PIOW_new_collisions:
        total_PIOW: 0.00793231
        num_windows: 42
        time_check_overlap: 6.813e-06
        num_overlapping_windows: 1
        time_merge_windows: 0
        time_remove_window: 0.0720676
        time_remove_window: 7.618e-06
        timing_PlanIn:
            total_PlanIn:0.00788913
            num_until_goal_expanded:208
            timing_expansions:
                total_S3Exp: 0.00785455
                time_top_o: 0.000108418
                time_check_in_c: 0.000126185
                time_add_parent: 0.000240724
                num_neighbors: 4124
                time_add_neighbors_to_o: 0.00623203
    num_windows_should_quit: 0
    time_should_quit: 8.184e-06
    time_remove_window: 0
Complete!
