Total time: 0.00492697
is_optimal: true
optimality_bound: 1
successive_bounds: [1.00237, 1.00237, 1.00237, 1.00237, 1.00237, 1.00237, 1.00237, 1.00237, 1.00237, 1.00237, 1.00237, 1.00237, 1, 1]
successive_runtimes: [0.00228917, 0.0024572, 0.00261529, 0.00277304, 0.00291414, 0.00313014, 0.00334492, 0.0035684, 0.00381621, 0.00406232, 0.00428457, 0.00452482, 0.00492694]
num_agents: 10
time_individual_plan: 0.00165117
time_first_plan: 0.000124873
num_max_agents_in_window_first_iteration: 2
num_recWAMPF: 13
timing_recWAMPF:
    total_RecWAMPF: 0.00276075
    num_windows: 25
    num_max_agents_in_window: 2
    timing_gari:
        total_GARI: 0.00230401
        time_path_btw_starts: 7.3638e-05
        Stage1:
            total_Stage1:0.000620734
            time_add_x_to_o: 0.000333487
            time_clear_x: 5.473e-05
            timing_AStarSearchUntil:
                total_astar_search_until:0.000231095
                num_values_f_less_fmax:13
                ASU Exp:
                    total_ASUExp:0.000230419
                    time_top_o:1.6603e-05
                    time_check_in_c:4.764e-06
                    time_add_parent:4.603e-06
                    num_neighbors:310
                    time_add_neighbors_to_o:0.00015931
        Stage2:
            total_Stage2:0.00080499
            num_len_path:25
            time_expanding_s:2.2401e-05
            timing_AStarSearchUntil:
                total_astar_search_until:0.000775641
                num_values_f_less_fmax:57
                ASU Exp:
                    total_ASUExp:0.000775085
                    time_top_o:1.2436e-05
                    time_check_in_c:1.1176e-05
                    time_add_parent:1.5324e-05
                    num_neighbors:1394
                    time_add_neighbors_to_o:0.00065687
        Stage3:
            total_Stage3:0.000800744
            num_until_goal_expanded:44
            timing_S3Exp:
                total_S3Exp: 0.00045119
                time_top_o: 8.081e-06
                time_check_in_c: 5.093e-06
                time_add_parent: 1.0067e-05
                num_neighbors: 623
                time_add_neighbors_to_o: 0.00034692
    timing_PIOW_overlapping:
        total_PIOW: 2.74e-07
        num_windows: 12
        time_check_overlap: 0
        num_overlapping_windows: 0
        time_merge_windows: 0
        time_remove_window: 0
        time_remove_window: 0
        timing_PlanIn:
            total_PlanIn:0
            num_until_goal_expanded:0
            timing_expansions:
                total_S3Exp: 0
                time_top_o: 0
                time_check_in_c: 0
                time_add_parent: 0
                num_neighbors: 0
                time_add_neighbors_to_o: 0
    num_new_collisions: 1
    timing_PIOW_new_collisions:
        total_PIOW: 8.8879e-05
        num_windows: 0
        time_check_overlap: 0
        num_overlapping_windows: 0
        time_merge_windows: 0
        time_remove_window: 0
        time_remove_window: 3.46e-07
        timing_PlanIn:
            total_PlanIn:8.6447e-05
            num_until_goal_expanded:7
            timing_expansions:
                total_S3Exp: 8.2831e-05
                time_top_o: 1.953e-06
                time_check_in_c: 1.336e-06
                time_add_parent: 2.442e-06
                num_neighbors: 135
                time_add_neighbors_to_o: 6.288e-05
    num_windows_should_quit: 0
    time_should_quit: 6.37e-07
    time_remove_window: 0
Complete!
