Total time: 0.0117084
is_optimal: true
optimality_bound: 1
successive_bounds: [1.00148, 1.00148, 1.00148, 1.00148, 1.00148, 1.00148, 1, 1]
successive_runtimes: [0.00329223, 0.00423242, 0.00524109, 0.00659845, 0.00825957, 0.0100263, 0.0117084]
num_agents: 20
time_individual_plan: 0.00223124
time_first_plan: 0.00054821
num_max_agents_in_window_first_iteration: 2
num_recWAMPF: 7
timing_recWAMPF:
    total_RecWAMPF: 0.00896301
    num_windows: 13
    num_max_agents_in_window: 2
    timing_gari:
        total_GARI: 0.00774702
        time_path_btw_starts: 2.8726e-05
        Stage1:
            total_Stage1:0.00400422
            time_add_x_to_o: 0.00149891
            time_clear_x: 0.000206366
            timing_AStarSearchUntil:
                total_astar_search_until:0.00229813
                num_values_f_less_fmax:1875
                ASU Exp:
                    total_ASUExp:0.00229785
                    time_top_o:0.000410283
                    time_check_in_c:0.000282164
                    time_add_parent:9.8193e-05
                    num_neighbors:2412
                    time_add_neighbors_to_o:0.000859926
        Stage2:
            total_Stage2:0.000237195
            num_len_path:12
            time_expanding_s:4.427e-06
            timing_AStarSearchUntil:
                total_astar_search_until:0.000229156
                num_values_f_less_fmax:18
                ASU Exp:
                    total_ASUExp:0.000228901
                    time_top_o:3.951e-06
                    time_check_in_c:3.44e-06
                    time_add_parent:4.41e-06
                    num_neighbors:540
                    time_add_neighbors_to_o:0.000199341
        Stage3:
            total_Stage3:0.00347469
            num_until_goal_expanded:747
            timing_S3Exp:
                total_S3Exp: 0.00288141
                time_top_o: 0.00016834
                time_check_in_c: 0.000105905
                time_add_parent: 0.000205244
                num_neighbors: 4504
                time_add_neighbors_to_o: 0.00182814
    timing_PIOW_overlapping:
        total_PIOW: 1.47e-07
        num_windows: 6
        time_check_overlap: 0
        num_overlapping_windows: 0
        time_merge_windows: 0
        time_remove_window: 0
        time_remove_window: 0
        timing_PlanIn:
            total_PlanIn:0
            num_until_goal_expanded:0
            timing_expansions:
                total_S3Exp: 0
                time_top_o: 0
                time_check_in_c: 0
                time_add_parent: 0
                num_neighbors: 0
                time_add_neighbors_to_o: 0
    num_new_collisions: 1
    timing_PIOW_new_collisions:
        total_PIOW: 0.000365345
        num_windows: 0
        time_check_overlap: 0
        num_overlapping_windows: 0
        time_merge_windows: 0
        time_remove_window: 0
        time_remove_window: 3.25e-07
        timing_PlanIn:
            total_PlanIn:0.000363751
            num_until_goal_expanded:51
            timing_expansions:
                total_S3Exp: 0.000360832
                time_top_o: 6.001e-06
                time_check_in_c: 9.636e-06
                time_add_parent: 1.3765e-05
                num_neighbors: 373
                time_add_neighbors_to_o: 0.000262217
    num_windows_should_quit: 0
    time_should_quit: 3.41e-07
    time_remove_window: 0
Complete!
