Total time: 0.053671
is_optimal: true
optimality_bound: 1
successive_bounds: [1.00091, 1.00091, 1.00091, 1.00091, 1.00091, 1.00091, 1.00091, 1.00091, 1.00091, 1.00091, 1.00091, 1.00091, 1.00091, 1.00091, 1.00091, 1, 1]
successive_runtimes: [0.00933783, 0.00995103, 0.0105688, 0.0112439, 0.0119353, 0.0126469, 0.0143798, 0.0152427, 0.0161082, 0.0169997, 0.0179175, 0.0188683, 0.0197794, 0.0207032, 0.0215524, 0.053671]
num_agents: 30
time_individual_plan: 0.00724184
time_first_plan: 0.00122545
num_max_agents_in_window_first_iteration: 2
num_recWAMPF: 16
timing_recWAMPF:
    total_RecWAMPF: 0.0455535
    num_windows: 62
    num_max_agents_in_window: 2
    timing_gari:
        total_GARI: 0.0395303
        time_path_btw_starts: 0.000276151
        Stage1:
            total_Stage1:0.000738719
            time_add_x_to_o: 0.000657063
            time_clear_x: 7.3561e-05
            timing_AStarSearchUntil:
                total_astar_search_until:3.571e-06
                num_values_f_less_fmax:0
                ASU Exp:
                    total_ASUExp:1.896e-06
                    time_top_o:0
                    time_check_in_c:0
                    time_add_parent:0
                    num_neighbors:0
                    time_add_neighbors_to_o:0
        Stage2:
            total_Stage2:0.0330794
            num_len_path:79
            time_expanding_s:5.4684e-05
            timing_AStarSearchUntil:
                total_astar_search_until:0.0329973
                num_values_f_less_fmax:1477
                ASU Exp:
                    total_ASUExp:0.0329958
                    time_top_o:0.000784756
                    time_check_in_c:0.000512065
                    time_add_parent:0.00104525
                    num_neighbors:36096
                    time_add_neighbors_to_o:0.027599
        Stage3:
            total_Stage3:0.00541248
            num_until_goal_expanded:142
            timing_S3Exp:
                total_S3Exp: 0.0024403
                time_top_o: 4.3174e-05
                time_check_in_c: 3.9876e-05
                time_add_parent: 9.05e-05
                num_neighbors: 1930
                time_add_neighbors_to_o: 0.0017112
    timing_PIOW_overlapping:
        total_PIOW: 6.229e-06
        num_windows: 60
        time_check_overlap: 2.894e-06
        num_overlapping_windows: 0
        time_merge_windows: 0
        time_remove_window: 0
        time_remove_window: 0
        timing_PlanIn:
            total_PlanIn:0
            num_until_goal_expanded:0
            timing_expansions:
                total_S3Exp: 0
                time_top_o: 0
                time_check_in_c: 0
                time_add_parent: 0
                num_neighbors: 0
                time_add_neighbors_to_o: 0
    num_new_collisions: 2
    timing_PIOW_new_collisions:
        total_PIOW: 0.000658665
        num_windows: 2
        time_check_overlap: 3.89e-07
        num_overlapping_windows: 0
        time_merge_windows: 0
        time_remove_window: 0
        time_remove_window: 1.159e-06
        timing_PlanIn:
            total_PlanIn:0.000651291
            num_until_goal_expanded:26
            timing_expansions:
                total_S3Exp: 0.000643022
                time_top_o: 7.906e-06
                time_check_in_c: 9.906e-06
                time_add_parent: 2.0115e-05
                num_neighbors: 535
                time_add_neighbors_to_o: 0.000521263
    num_windows_should_quit: 0
    time_should_quit: 3.772e-06
    time_remove_window: 0
Complete!
