Total time: 0.200849
is_optimal: true
optimality_bound: 1
successive_bounds: [1.00351, 1.0025, 1.002, 1.002, 1.001, 1.001, 1.001, 1.001, 1.001, 1.001, 1.001, 1.001, 1.001, 1.001, 1, 1]
successive_runtimes: [0.036235, 0.0484055, 0.0621584, 0.0744342, 0.0860696, 0.093639, 0.101035, 0.108485, 0.116812, 0.127135, 0.135151, 0.154104, 0.165862, 0.176163, 0.200849]
num_agents: 30
time_individual_plan: 0.0261254
time_first_plan: 0.008593
num_max_agents_in_window_first_iteration: 2
num_recWAMPF: 15
timing_recWAMPF:
    total_RecWAMPF: 0.1732
    num_windows: 145
    num_max_agents_in_window: 2
    timing_gari:
        total_GARI: 0.159062
        time_path_btw_starts: 0.000797675
        Stage1:
            total_Stage1:0.0534107
            time_add_x_to_o: 0.0216255
            time_clear_x: 0.00401188
            timing_AStarSearchUntil:
                total_astar_search_until:0.0277555
                num_values_f_less_fmax:8191
                ASU Exp:
                    total_ASUExp:0.0277493
                    time_top_o:0.00463928
                    time_check_in_c:0.00293464
                    time_add_parent:0.00161851
                    num_neighbors:11397
                    time_add_neighbors_to_o:0.012322
        Stage2:
            total_Stage2:0.0260454
            num_len_path:154
            time_expanding_s:0.000203598
            timing_AStarSearchUntil:
                total_astar_search_until:0.0257489
                num_values_f_less_fmax:982
                ASU Exp:
                    total_ASUExp:0.0257435
                    time_top_o:0.000565193
                    time_check_in_c:0.000420525
                    time_add_parent:0.00117687
                    num_neighbors:23679
                    time_add_neighbors_to_o:0.0210384
        Stage3:
            total_Stage3:0.0787303
            num_until_goal_expanded:5930
            timing_S3Exp:
                total_S3Exp: 0.0605923
                time_top_o: 0.00332419
                time_check_in_c: 0.00217097
                time_add_parent: 0.00382221
                num_neighbors: 40280
                time_add_neighbors_to_o: 0.0376029
    timing_PIOW_overlapping:
        total_PIOW: 4.7936e-05
        num_windows: 350
        time_check_overlap: 2.6169e-05
        num_overlapping_windows: 0
        time_merge_windows: 0
        time_remove_window: 0
        time_remove_window: 0
        timing_PlanIn:
            total_PlanIn:0
            num_until_goal_expanded:0
            timing_expansions:
                total_S3Exp: 0
                time_top_o: 0
                time_check_in_c: 0
                time_add_parent: 0
                num_neighbors: 0
                time_add_neighbors_to_o: 0
    num_new_collisions: 5
    timing_PIOW_new_collisions:
        total_PIOW: 0.00679596
        num_windows: 20
        time_check_overlap: 2.223e-06
        num_overlapping_windows: 0
        time_merge_windows: 0
        time_remove_window: 0
        time_remove_window: 5.346e-06
        timing_PlanIn:
            total_PlanIn:0.00676914
            num_until_goal_expanded:244
            timing_expansions:
                total_S3Exp: 0.00674037
                time_top_o: 0.000114813
                time_check_in_c: 0.000174233
                time_add_parent: 0.000334587
                num_neighbors: 2665
                time_add_neighbors_to_o: 0.00476362
    num_windows_should_quit: 0
    time_should_quit: 1.143e-05
    time_remove_window: 0
Complete!
