Total time: 0.0253148
is_optimal: true
optimality_bound: 1
successive_bounds: [1.00336, 1.00336, 1.00336, 1.00336, 1.00336, 1.00336, 1.00336, 1.00336, 1.00336, 1.00336, 1.00336, 1.00336, 1.00336, 1.00336, 1, 1]
successive_runtimes: [0.0022564, 0.00250764, 0.0027233, 0.00294292, 0.00317376, 0.00340314, 0.0036327, 0.00387183, 0.00414147, 0.00439258, 0.0123501, 0.0172859, 0.0206327, 0.0228211, 0.0253147]
num_agents: 10
time_individual_plan: 0.00134079
time_first_plan: 0.000199441
num_max_agents_in_window_first_iteration: 2
num_recWAMPF: 15
timing_recWAMPF:
    total_RecWAMPF: 0.0232537
    num_windows: 29
    num_max_agents_in_window: 2
    timing_gari:
        total_GARI: 0.0226822
        time_path_btw_starts: 0.000128371
        Stage1:
            total_Stage1:0.00802993
            time_add_x_to_o: 0.00414869
            time_clear_x: 0.000544631
            timing_AStarSearchUntil:
                total_astar_search_until:0.00333381
                num_values_f_less_fmax:528
                ASU Exp:
                    total_ASUExp:0.00333268
                    time_top_o:0.000257357
                    time_check_in_c:0.000203125
                    time_add_parent:0.000180209
                    num_neighbors:3310
                    time_add_neighbors_to_o:0.00234697
        Stage2:
            total_Stage2:0.0105115
            num_len_path:39
            time_expanding_s:2.2353e-05
            timing_AStarSearchUntil:
                total_astar_search_until:0.0104765
                num_values_f_less_fmax:422
                ASU Exp:
                    total_ASUExp:0.0104754
                    time_top_o:0.000214235
                    time_check_in_c:0.000139167
                    time_add_parent:0.000297136
                    num_neighbors:11737
                    time_add_neighbors_to_o:0.0089374
        Stage3:
            total_Stage3:0.00400224
            num_until_goal_expanded:83
            timing_S3Exp:
                total_S3Exp: 0.00110383
                time_top_o: 2.581e-05
                time_check_in_c: 2.2159e-05
                time_add_parent: 4.3739e-05
                num_neighbors: 1020
                time_add_neighbors_to_o: 0.000590121
    timing_PIOW_overlapping:
        total_PIOW: 8.2e-07
        num_windows: 14
        time_check_overlap: 0
        num_overlapping_windows: 0
        time_merge_windows: 0
        time_remove_window: 0
        time_remove_window: 0
        timing_PlanIn:
            total_PlanIn:0
            num_until_goal_expanded:0
            timing_expansions:
                total_S3Exp: 0
                time_top_o: 0
                time_check_in_c: 0
                time_add_parent: 0
                num_neighbors: 0
                time_add_neighbors_to_o: 0
    num_new_collisions: 1
    timing_PIOW_new_collisions:
        total_PIOW: 0.000154819
        num_windows: 0
        time_check_overlap: 0
        num_overlapping_windows: 0
        time_merge_windows: 0
        time_remove_window: 0
        time_remove_window: 5.04e-07
        timing_PlanIn:
            total_PlanIn:0.000152329
            num_until_goal_expanded:6
            timing_expansions:
                total_S3Exp: 0.000147073
                time_top_o: 1.645e-06
                time_check_in_c: 3.237e-06
                time_add_parent: 4.986e-06
                num_neighbors: 135
                time_add_neighbors_to_o: 0.000115055
    num_windows_should_quit: 0
    time_should_quit: 1.221e-06
    time_remove_window: 0
Complete!
