Total time: 0.0207094
is_optimal: true
optimality_bound: 1
successive_bounds: [1.00321, 1.00321, 1.00321, 1.00321, 1.00321, 1.00321, 1.0016, 1.0016, 1, 1]
successive_runtimes: [0.00574181, 0.00673411, 0.007948, 0.00956713, 0.0116614, 0.0139158, 0.0164214, 0.0186721, 0.0207093]
num_agents: 20
time_individual_plan: 0.00448892
time_first_plan: 0.0005231
num_max_agents_in_window_first_iteration: 2
num_recWAMPF: 9
timing_recWAMPF:
    total_RecWAMPF: 0.0154885
    num_windows: 34
    num_max_agents_in_window: 2
    timing_gari:
        total_GARI: 0.0143745
        time_path_btw_starts: 0.000264307
        Stage1:
            total_Stage1:0.00632303
            time_add_x_to_o: 0.00261966
            time_clear_x: 0.000385037
            timing_AStarSearchUntil:
                total_astar_search_until:0.00331587
                num_values_f_less_fmax:2324
                ASU Exp:
                    total_ASUExp:0.00331488
                    time_top_o:0.000648534
                    time_check_in_c:0.000377583
                    time_add_parent:0.000259014
                    num_neighbors:2740
                    time_add_neighbors_to_o:0.00121769
        Stage2:
            total_Stage2:0.00146679
            num_len_path:30
            time_expanding_s:1.7357e-05
            timing_AStarSearchUntil:
                total_astar_search_until:0.00143711
                num_values_f_less_fmax:113
                ASU Exp:
                    total_ASUExp:0.00143629
                    time_top_o:3.2621e-05
                    time_check_in_c:2.7344e-05
                    time_add_parent:4.0254e-05
                    num_neighbors:2646
                    time_add_neighbors_to_o:0.00119397
        Stage3:
            total_Stage3:0.00631358
            num_until_goal_expanded:1099
            timing_S3Exp:
                total_S3Exp: 0.00509622
                time_top_o: 0.000317344
                time_check_in_c: 0.000196206
                time_add_parent: 0.000368705
                num_neighbors: 6519
                time_add_neighbors_to_o: 0.00310512
    timing_PIOW_overlapping:
        total_PIOW: 3.039e-06
        num_windows: 32
        time_check_overlap: 1.289e-06
        num_overlapping_windows: 0
        time_merge_windows: 0
        time_remove_window: 0
        time_remove_window: 0
        timing_PlanIn:
            total_PlanIn:0
            num_until_goal_expanded:0
            timing_expansions:
                total_S3Exp: 0
                time_top_o: 0
                time_check_in_c: 0
                time_add_parent: 0
                num_neighbors: 0
                time_add_neighbors_to_o: 0
    num_new_collisions: 2
    timing_PIOW_new_collisions:
        total_PIOW: 0.000388947
        num_windows: 2
        time_check_overlap: 1.66e-07
        num_overlapping_windows: 0
        time_merge_windows: 0
        time_remove_window: 0
        time_remove_window: 7.32e-07
        timing_PlanIn:
            total_PlanIn:0.000385201
            num_until_goal_expanded:52
            timing_expansions:
                total_S3Exp: 0.00037975
                time_top_o: 8.435e-06
                time_check_in_c: 1.1839e-05
                time_add_parent: 1.7196e-05
                num_neighbors: 434
                time_add_neighbors_to_o: 0.00023901
    num_windows_should_quit: 0
    time_should_quit: 1.142e-06
    time_remove_window: 0
Complete!
