Total time: 0.0772667
is_optimal: true
optimality_bound: 1
successive_bounds: [1.00248, 1.00248, 1.00165, 1.00165, 1.00165, 1.00165, 1.00165, 1.00165, 1.00165, 1.00165, 1.00165, 1.00165, 1.00083, 1.00083, 1.00083, 1.00083, 1.00083, 1.00083, 1.00083, 1.00083, 1.00083, 1.00083, 1.00083, 1.00083, 1.00083, 1.00083, 1.00083, 1.00083, 1.00083, 1.00083, 1.00083, 1, 1]
successive_runtimes: [0.00754943, 0.00828424, 0.00923636, 0.00995588, 0.01069, 0.011487, 0.0122695, 0.0137654, 0.0146644, 0.0155464, 0.0164152, 0.0173861, 0.0311992, 0.0343927, 0.0359415, 0.0374252, 0.0389423, 0.0405725, 0.0421491, 0.0441095, 0.0457396, 0.0474454, 0.0491975, 0.0509439, 0.053075, 0.0553071, 0.058567, 0.0613396, 0.0641538, 0.0667614, 0.0710677, 0.0772667]
num_agents: 30
time_individual_plan: 0.00592728
time_first_plan: 0.000935083
num_max_agents_in_window_first_iteration: 2
num_recWAMPF: 32
timing_recWAMPF:
    total_RecWAMPF: 0.0706462
    num_windows: 252
    num_max_agents_in_window: 2
    timing_gari:
        total_GARI: 0.063004
        time_path_btw_starts: 0.000804204
        Stage1:
            total_Stage1:0.0157042
            time_add_x_to_o: 0.00633788
            time_clear_x: 0.000809674
            timing_AStarSearchUntil:
                total_astar_search_until:0.00854095
                num_values_f_less_fmax:1383
                ASU Exp:
                    total_ASUExp:0.00853443
                    time_top_o:0.000470428
                    time_check_in_c:0.000323233
                    time_add_parent:0.000312689
                    num_neighbors:14603
                    time_add_neighbors_to_o:0.00650327
        Stage2:
            total_Stage2:0.0188964
            num_len_path:286
            time_expanding_s:0.000180215
            timing_AStarSearchUntil:
                total_astar_search_until:0.0186358
                num_values_f_less_fmax:1310
                ASU Exp:
                    total_ASUExp:0.0186299
                    time_top_o:0.000453006
                    time_check_in_c:0.000311132
                    time_add_parent:0.000438191
                    num_neighbors:32478
                    time_add_neighbors_to_o:0.0158239
        Stage3:
            total_Stage3:0.0275542
            num_until_goal_expanded:930
            timing_S3Exp:
                total_S3Exp: 0.00605461
                time_top_o: 0.000225005
                time_check_in_c: 0.000136946
                time_add_parent: 0.000291063
                num_neighbors: 8236
                time_add_neighbors_to_o: 0.00362884
    timing_PIOW_overlapping:
        total_PIOW: 4.1173e-05
        num_windows: 496
        time_check_overlap: 2.3113e-05
        num_overlapping_windows: 0
        time_merge_windows: 0
        time_remove_window: 0
        time_remove_window: 0
        timing_PlanIn:
            total_PlanIn:0
            num_until_goal_expanded:0
            timing_expansions:
                total_S3Exp: 0
                time_top_o: 0
                time_check_in_c: 0
                time_add_parent: 0
                num_neighbors: 0
                time_add_neighbors_to_o: 0
    num_new_collisions: 4
    timing_PIOW_new_collisions:
        total_PIOW: 0.000382552
        num_windows: 12
        time_check_overlap: 8.79e-07
        num_overlapping_windows: 0
        time_merge_windows: 0
        time_remove_window: 0
        time_remove_window: 1.266e-06
        timing_PlanIn:
            total_PlanIn:0.000375676
            num_until_goal_expanded:35
            timing_expansions:
                total_S3Exp: 0.000367521
                time_top_o: 6.352e-06
                time_check_in_c: 6.781e-06
                time_add_parent: 1.2044e-05
                num_neighbors: 463
                time_add_neighbors_to_o: 0.000275597
    num_windows_should_quit: 0
    time_should_quit: 1.3963e-05
    time_remove_window: 0
Complete!
