Total time: 8.72324
is_optimal: false
optimality_bound: 1.00236
successive_bounds: [1.00512, 1.00512, 1.00473, 1.00315, 1.00315, 1.00315, 1.00315, 1.00315, 1.00236, 1.00236, 1.00236, 1.00236, 1.00236, 1.00236, 1.00236, 1.00236, 1.00236, 1.00236, 1.00236, 1.00236, 1.00236]
successive_runtimes: [0.00709115, 0.00919772, 0.0124449, 0.0153373, 0.0175558, 0.0193325, 0.148454, 0.352961, 0.521528, 0.674509, 1.17799, 2.02127, 2.87183, 3.36308, 4.16941, 5.12613, 6.19933, 7.1181, 7.82821, 8.32057, 8.72324]
num_agents: 40
time_individual_plan: 0.00424359
time_first_plan: 0.00228968
num_max_agents_in_window_first_iteration: 2
num_recWAMPF: 21
timing_recWAMPF:
    total_RecWAMPF: 8.71844
    num_windows: 260
    num_max_agents_in_window: 4
    timing_gari:
        total_GARI: 8.57958
        time_path_btw_starts: 0.111295
        Stage1:
            total_Stage1:5.00146
            time_add_x_to_o: 1.68486
            time_clear_x: 0.659561
            timing_AStarSearchUntil:
                total_astar_search_until:2.65702
                num_values_f_less_fmax:18767
                ASU Exp:
                    total_ASUExp:2.65701
                    time_top_o:0.0271111
                    time_check_in_c:0.0530802
                    time_add_parent:0.0187294
                    num_neighbors:4487544
                    time_add_neighbors_to_o:2.48904
        Stage2:
            total_Stage2:0.0615821
            num_len_path:249
            time_expanding_s:0.000166164
            timing_AStarSearchUntil:
                total_astar_search_until:0.0612895
                num_values_f_less_fmax:767
                ASU Exp:
                    total_ASUExp:0.0612832
                    time_top_o:0.0002644
                    time_check_in_c:0.00108331
                    time_add_parent:0.000818151
                    num_neighbors:117696
                    time_add_neighbors_to_o:0.0556256
        Stage3:
            total_Stage3:3.40518
            num_until_goal_expanded:3101
            timing_S3Exp:
                total_S3Exp: 0.455128
                time_top_o: 0.00322415
                time_check_in_c: 0.000988096
                time_add_parent: 0.00167399
                num_neighbors: 817474
                time_add_neighbors_to_o: 0.436453
    timing_PIOW_overlapping:
        total_PIOW: 0.1289
        num_windows: 818
        time_check_overlap: 3.6024e-05
        num_overlapping_windows: 2
        time_merge_windows: 2.094e-06
        time_remove_window: 7.76e-07
        time_remove_window: 1.992e-06
        timing_PlanIn:
            total_PlanIn:0.128837
            num_until_goal_expanded:313
            timing_expansions:
                total_S3Exp: 0.128833
                time_top_o: 0.000160257
                time_check_in_c: 7.3505e-05
                time_add_parent: 0.000113574
                num_neighbors: 242805
                time_add_neighbors_to_o: 0.121798
    num_new_collisions: 8
    timing_PIOW_new_collisions:
        total_PIOW: 0.000908191
        num_windows: 56
        time_check_overlap: 1.553e-06
        num_overlapping_windows: 0
        time_merge_windows: 0
        time_remove_window: 0
        time_remove_window: 4.276e-06
        timing_PlanIn:
            total_PlanIn:0.00089546
            num_until_goal_expanded:111
            timing_expansions:
                total_S3Exp: 0.000882109
                time_top_o: 1.3892e-05
                time_check_in_c: 1.9609e-05
                time_add_parent: 3.0402e-05
                num_neighbors: 1291
                time_add_neighbors_to_o: 0.00064971
    num_windows_should_quit: 0
    time_should_quit: 1.4342e-05
    time_remove_window: 0
Complete!
