Total time: 0.0205268
is_optimal: true
optimality_bound: 1
successive_bounds: [1.00284, 1.00284, 1.00284, 1.00284, 1.00284, 1.00284, 1.00284, 1.00284, 1.00284, 1.00284, 1.00284, 1.00284, 1.00284, 1.00284, 1.00284, 1.00284, 1.00284, 1.00284, 1.00284, 1, 1]
successive_runtimes: [0.00247543, 0.00258508, 0.00269077, 0.002797, 0.00290461, 0.00301836, 0.00313906, 0.00326278, 0.00339127, 0.00352268, 0.00364986, 0.00378217, 0.00391317, 0.00406378, 0.00421099, 0.00435687, 0.00450463, 0.00472463, 0.00488849, 0.0205267]
num_agents: 10
time_individual_plan: 0.00168091
time_first_plan: 0.000154168
num_max_agents_in_window_first_iteration: 2
num_recWAMPF: 20
timing_recWAMPF:
    total_RecWAMPF: 0.0182022
    num_windows: 39
    num_max_agents_in_window: 2
    timing_gari:
        total_GARI: 0.017681
        time_path_btw_starts: 9.9694e-05
        Stage1:
            total_Stage1:0.000267249
            time_add_x_to_o: 0.000238339
            time_clear_x: 2.4617e-05
            timing_AStarSearchUntil:
                total_astar_search_until:2.005e-06
                num_values_f_less_fmax:0
                ASU Exp:
                    total_ASUExp:9.91e-07
                    time_top_o:0
                    time_check_in_c:0
                    time_add_parent:0
                    num_neighbors:0
                    time_add_neighbors_to_o:0
        Stage2:
            total_Stage2:0.0159862
            num_len_path:55
            time_expanding_s:2.2624e-05
            timing_AStarSearchUntil:
                total_astar_search_until:0.0159527
                num_values_f_less_fmax:1058
                ASU Exp:
                    total_ASUExp:0.0159518
                    time_top_o:0.000407069
                    time_check_in_c:0.000266612
                    time_add_parent:0.000320184
                    num_neighbors:26349
                    time_add_neighbors_to_o:0.0137327
        Stage3:
            total_Stage3:0.00132006
            num_until_goal_expanded:37
            timing_S3Exp:
                total_S3Exp: 0.000208803
                time_top_o: 5.209e-06
                time_check_in_c: 3.929e-06
                time_add_parent: 1.0023e-05
                num_neighbors: 87
                time_add_neighbors_to_o: 6.9689e-05
    timing_PIOW_overlapping:
        total_PIOW: 7.9e-07
        num_windows: 19
        time_check_overlap: 0
        num_overlapping_windows: 0
        time_merge_windows: 0
        time_remove_window: 0
        time_remove_window: 0
        timing_PlanIn:
            total_PlanIn:0
            num_until_goal_expanded:0
            timing_expansions:
                total_S3Exp: 0
                time_top_o: 0
                time_check_in_c: 0
                time_add_parent: 0
                num_neighbors: 0
                time_add_neighbors_to_o: 0
    num_new_collisions: 1
    timing_PIOW_new_collisions:
        total_PIOW: 0.000120613
        num_windows: 0
        time_check_overlap: 0
        num_overlapping_windows: 0
        time_merge_windows: 0
        time_remove_window: 0
        time_remove_window: 2.28e-07
        timing_PlanIn:
            total_PlanIn:0.00011869
            num_until_goal_expanded:8
            timing_expansions:
                total_S3Exp: 0.000115309
                time_top_o: 1.94e-06
                time_check_in_c: 2.43e-06
                time_add_parent: 3.774e-06
                num_neighbors: 139
                time_add_neighbors_to_o: 8.9703e-05
    num_windows_should_quit: 0
    time_should_quit: 1.187e-06
    time_remove_window: 0
Complete!
