Total time: 9.96951
is_optimal: false
optimality_bound: 1.00074
successive_bounds: [1.00517, 1.00443, 1.00443, 1.00332, 1.00332, 1.00295, 1.00295, 1.00295, 1.00295, 1.00295, 1.00295, 1.00295, 1.00295, 1.00295, 1.00295, 1.00295, 1.00295, 1.00221, 1.00221, 1.00221, 1.00221, 1.00221, 1.00074, 1.00074, 1.00074, 1.00074, 1.00074, 1.00074, 1.00074, 1.00074, 1.00074, 1.00074, 1.00074, 1.00074, 1.00074]
successive_runtimes: [0.00820831, 0.0114643, 0.0148904, 0.966261, 1.65928, 3.07492, 4.00736, 4.24511, 4.48273, 4.72037, 4.95787, 5.19295, 5.43501, 5.67622, 5.9176, 6.15796, 6.39868, 6.65715, 6.89681, 7.10175, 7.30756, 7.51188, 7.72903, 7.93636, 8.14265, 8.34839, 8.55485, 8.76073, 8.96732, 9.17192, 9.33092, 9.49051, 9.65022, 9.81037, 9.96951]
num_agents: 40
time_individual_plan: 0.00468012
time_first_plan: 0.00294825
num_max_agents_in_window_first_iteration: 2
num_recWAMPF: 35
timing_recWAMPF:
    total_RecWAMPF: 9.96424
    num_windows: 354
    num_max_agents_in_window: 4
    timing_gari:
        total_GARI: 9.47367
        time_path_btw_starts: 0.00157053
        Stage1:
            total_Stage1:3.11543
            time_add_x_to_o: 0.931718
            time_clear_x: 0.479038
            timing_AStarSearchUntil:
                total_astar_search_until:1.70464
                num_values_f_less_fmax:7707
                ASU Exp:
                    total_ASUExp:1.70463
                    time_top_o:0.0132875
                    time_check_in_c:0.058361
                    time_add_parent:0.0035349
                    num_neighbors:3381958
                    time_add_neighbors_to_o:1.61763
        Stage2:
            total_Stage2:0.0658817
            num_len_path:317
            time_expanding_s:0.0011024
            timing_AStarSearchUntil:
                total_astar_search_until:0.0645325
                num_values_f_less_fmax:2882
                ASU Exp:
                    total_ASUExp:0.0645247
                    time_top_o:0.00117087
                    time_check_in_c:0.000606633
                    time_add_parent:0.000917459
                    num_neighbors:115861
                    time_add_neighbors_to_o:0.0560335
        Stage3:
            total_Stage3:6.29069
            num_until_goal_expanded:2046
            timing_S3Exp:
                total_S3Exp: 0.101362
                time_top_o: 0.00139413
                time_check_in_c: 0.000440377
                time_add_parent: 0.000860798
                num_neighbors: 142471
                time_add_neighbors_to_o: 0.0926279
    timing_PIOW_overlapping:
        total_PIOW: 0.47084
        num_windows: 971
        time_check_overlap: 5.3878e-05
        num_overlapping_windows: 4
        time_merge_windows: 6.718e-06
        time_remove_window: 1.54e-06
        time_remove_window: 6.451e-06
        timing_PlanIn:
            total_PlanIn:0.470741
            num_until_goal_expanded:1186
            timing_expansions:
                total_S3Exp: 0.47073
                time_top_o: 0.000539303
                time_check_in_c: 0.000299665
                time_add_parent: 0.00046017
                num_neighbors: 901554
                time_add_neighbors_to_o: 0.444714
    num_new_collisions: 10
    timing_PIOW_new_collisions:
        total_PIOW: 0.0014889
        num_windows: 96
        time_check_overlap: 2.998e-06
        num_overlapping_windows: 1
        time_merge_windows: 0
        time_remove_window: 0.0143258
        time_remove_window: 6.03e-06
        timing_PlanIn:
            total_PlanIn:0.00146907
            num_until_goal_expanded:169
            timing_expansions:
                total_S3Exp: 0.00145373
                time_top_o: 2.1847e-05
                time_check_in_c: 3.0214e-05
                time_add_parent: 4.5804e-05
                num_neighbors: 2123
                time_add_neighbors_to_o: 0.00108761
    num_windows_should_quit: 2
    time_should_quit: 2.6082e-05
    time_remove_window: 5.71e-07
Complete!
