Total time: 0.0344445
is_optimal: true
optimality_bound: 1
successive_bounds: [1.00456, 1.00456, 1.00456, 1.00456, 1.00304, 1.00304, 1.00304, 1, 1]
successive_runtimes: [0.00336269, 0.00418975, 0.00502709, 0.00585483, 0.00659162, 0.00707279, 0.00750539, 0.0344445]
num_agents: 20
time_individual_plan: 0.0022085
time_first_plan: 0.000630562
num_max_agents_in_window_first_iteration: 2
num_recWAMPF: 8
timing_recWAMPF:
    total_RecWAMPF: 0.0317109
    num_windows: 43
    num_max_agents_in_window: 3
    timing_gari:
        total_GARI: 0.00380625
        time_path_btw_starts: 0.000100347
        Stage1:
            total_Stage1:0.00129411
            time_add_x_to_o: 0.000739669
            time_clear_x: 9.5422e-05
            timing_AStarSearchUntil:
                total_astar_search_until:0.000456826
                num_values_f_less_fmax:375
                ASU Exp:
                    total_ASUExp:0.000455749
                    time_top_o:7.1942e-05
                    time_check_in_c:4.1969e-05
                    time_add_parent:3.5805e-05
                    num_neighbors:580
                    time_add_neighbors_to_o:0.000209034
        Stage2:
            total_Stage2:0.000973481
            num_len_path:41
            time_expanding_s:1.7984e-05
            timing_AStarSearchUntil:
                total_astar_search_until:0.000944555
                num_values_f_less_fmax:71
                ASU Exp:
                    total_ASUExp:0.000943688
                    time_top_o:1.6554e-05
                    time_check_in_c:1.2836e-05
                    time_add_parent:2.1471e-05
                    num_neighbors:1865
                    time_add_neighbors_to_o:0.000815197
        Stage3:
            total_Stage3:0.00143259
            num_until_goal_expanded:194
            timing_S3Exp:
                total_S3Exp: 0.000985006
                time_top_o: 3.5883e-05
                time_check_in_c: 2.3126e-05
                time_add_parent: 4.8084e-05
                num_neighbors: 1543
                time_add_neighbors_to_o: 0.00066037
    timing_PIOW_overlapping:
        total_PIOW: 0.0265346
        num_windows: 66
        time_check_overlap: 2.133e-06
        num_overlapping_windows: 2
        time_merge_windows: 1.985e-06
        time_remove_window: 2.96e-07
        time_remove_window: 1.891e-06
        timing_PlanIn:
            total_PlanIn:0.0265219
            num_until_goal_expanded:396
            timing_expansions:
                total_S3Exp: 0.0265073
                time_top_o: 9.1355e-05
                time_check_in_c: 7.6553e-05
                time_add_parent: 0.000112273
                num_neighbors: 45516
                time_add_neighbors_to_o: 0.0244697
    num_new_collisions: 3
    timing_PIOW_new_collisions:
        total_PIOW: 0.000396424
        num_windows: 6
        time_check_overlap: 3.09e-07
        num_overlapping_windows: 0
        time_merge_windows: 0
        time_remove_window: 0
        time_remove_window: 1.062e-06
        timing_PlanIn:
            total_PlanIn:0.000391927
            num_until_goal_expanded:48
            timing_expansions:
                total_S3Exp: 0.000385126
                time_top_o: 6.344e-06
                time_check_in_c: 9.397e-06
                time_add_parent: 1.3162e-05
                num_neighbors: 559
                time_add_neighbors_to_o: 0.000284342
    num_windows_should_quit: 0
    time_should_quit: 1.079e-06
    time_remove_window: 0
Complete!
