Total time: 0.00875892
is_optimal: true
optimality_bound: 1
successive_bounds: [1.00174, 1.00174, 1.00174, 1.00174, 1.00174, 1.00174, 1.00174, 1.00174, 1.00174, 1.00174, 1.00174, 1.00174, 1.00174, 1, 1]
successive_runtimes: [0.00464342, 0.0049597, 0.00518912, 0.00551752, 0.00572355, 0.00594172, 0.00614851, 0.00636362, 0.0065943, 0.00681426, 0.00729648, 0.00765998, 0.00844211, 0.00875889]
num_agents: 20
time_individual_plan: 0.00364486
time_first_plan: 0.000314187
num_max_agents_in_window_first_iteration: 2
num_recWAMPF: 14
timing_recWAMPF:
    total_RecWAMPF: 0.00442688
    num_windows: 54
    num_max_agents_in_window: 2
    timing_gari:
        total_GARI: 0.00321123
        time_path_btw_starts: 0.000100915
        Stage1:
            total_Stage1:0.000455045
            time_add_x_to_o: 0.000356816
            time_clear_x: 4.5344e-05
            timing_AStarSearchUntil:
                total_astar_search_until:4.9732e-05
                num_values_f_less_fmax:3
                ASU Exp:
                    total_ASUExp:4.836e-05
                    time_top_o:9.57e-07
                    time_check_in_c:1.09e-06
                    time_add_parent:1.421e-06
                    num_neighbors:70
                    time_add_neighbors_to_o:3.7552e-05
        Stage2:
            total_Stage2:0.000804035
            num_len_path:47
            time_expanding_s:2.5162e-05
            timing_AStarSearchUntil:
                total_astar_search_until:0.000764293
                num_values_f_less_fmax:50
                ASU Exp:
                    total_ASUExp:0.000763014
                    time_top_o:1.4814e-05
                    time_check_in_c:1.0381e-05
                    time_add_parent:1.9279e-05
                    num_neighbors:1294
                    time_add_neighbors_to_o:0.000643305
        Stage3:
            total_Stage3:0.00184208
            num_until_goal_expanded:132
            timing_S3Exp:
                total_S3Exp: 0.00131971
                time_top_o: 3.06e-05
                time_check_in_c: 2.1287e-05
                time_add_parent: 3.8504e-05
                num_neighbors: 1717
                time_add_neighbors_to_o: 0.000991706
    timing_PIOW_overlapping:
        total_PIOW: 4.391e-06
        num_windows: 52
        time_check_overlap: 2.018e-06
        num_overlapping_windows: 0
        time_merge_windows: 0
        time_remove_window: 0
        time_remove_window: 0
        timing_PlanIn:
            total_PlanIn:0
            num_until_goal_expanded:0
            timing_expansions:
                total_S3Exp: 0
                time_top_o: 0
                time_check_in_c: 0
                time_add_parent: 0
                num_neighbors: 0
                time_add_neighbors_to_o: 0
    num_new_collisions: 2
    timing_PIOW_new_collisions:
        total_PIOW: 0.000224313
        num_windows: 2
        time_check_overlap: 1.64e-07
        num_overlapping_windows: 0
        time_merge_windows: 0
        time_remove_window: 0
        time_remove_window: 6.75e-07
        timing_PlanIn:
            total_PlanIn:0.000220682
            num_until_goal_expanded:16
            timing_expansions:
                total_S3Exp: 0.000215111
                time_top_o: 3.531e-06
                time_check_in_c: 3.65e-06
                time_add_parent: 6.425e-06
                num_neighbors: 286
                time_add_neighbors_to_o: 0.000167964
    num_windows_should_quit: 0
    time_should_quit: 2.073e-06
    time_remove_window: 0
Complete!
