Total time: 0.343169
is_optimal: true
optimality_bound: 1
successive_bounds: [1.00106, 1.00106, 1.00106, 1.00106, 1.00106, 1.00106, 1.00106, 1.00106, 1.00106, 1.00106, 1.00106, 1.00106, 1.00106, 1.00106, 1, 1]
successive_runtimes: [0.00829386, 0.00970209, 0.010986, 0.0122785, 0.013485, 0.014684, 0.0159138, 0.0171549, 0.0184213, 0.0218908, 0.0234804, 0.02657, 0.0291549, 0.0306458, 0.343169]
num_agents: 30
time_individual_plan: 0.00643938
time_first_plan: 0.00116718
num_max_agents_in_window_first_iteration: 2
num_recWAMPF: 15
timing_recWAMPF:
    total_RecWAMPF: 0.336038
    num_windows: 114
    num_max_agents_in_window: 3
    timing_gari:
        total_GARI: 0.0210515
        time_path_btw_starts: 0.000233156
        Stage1:
            total_Stage1:0.00522983
            time_add_x_to_o: 0.00256458
            time_clear_x: 0.000350338
            timing_AStarSearchUntil:
                total_astar_search_until:0.00230817
                num_values_f_less_fmax:357
                ASU Exp:
                    total_ASUExp:0.00230521
                    time_top_o:0.000113804
                    time_check_in_c:0.000102057
                    time_add_parent:6.4564e-05
                    num_neighbors:4506
                    time_add_neighbors_to_o:0.00175093
        Stage2:
            total_Stage2:0.0056263
            num_len_path:83
            time_expanding_s:5.3578e-05
            timing_AStarSearchUntil:
                total_astar_search_until:0.00553853
                num_values_f_less_fmax:454
                ASU Exp:
                    total_ASUExp:0.00553585
                    time_top_o:0.000147447
                    time_check_in_c:9.3197e-05
                    time_add_parent:0.000146094
                    num_neighbors:10561
                    time_add_neighbors_to_o:0.0046147
        Stage3:
            total_Stage3:0.00994167
            num_until_goal_expanded:1123
            timing_S3Exp:
                total_S3Exp: 0.00711118
                time_top_o: 0.000295089
                time_check_in_c: 0.00018065
                time_add_parent: 0.00027999
                num_neighbors: 10691
                time_add_neighbors_to_o: 0.00507146
    timing_PIOW_overlapping:
        total_PIOW: 0.311174
        num_windows: 221
        time_check_overlap: 1.0286e-05
        num_overlapping_windows: 1
        time_merge_windows: 1.404e-06
        time_remove_window: 2.78e-07
        time_remove_window: 1.342e-06
        timing_PlanIn:
            total_PlanIn:0.311152
            num_until_goal_expanded:5660
            timing_expansions:
                total_S3Exp: 0.31115
                time_top_o: 0.00493582
                time_check_in_c: 0.00146602
                time_add_parent: 0.00268449
                num_neighbors: 507044
                time_add_neighbors_to_o: 0.276858
    num_new_collisions: 4
    timing_PIOW_new_collisions:
        total_PIOW: 0.000764411
        num_windows: 12
        time_check_overlap: 5.35e-07
        num_overlapping_windows: 0
        time_merge_windows: 0
        time_remove_window: 0
        time_remove_window: 1.253e-06
        timing_PlanIn:
            total_PlanIn:0.000757495
            num_until_goal_expanded:85
            timing_expansions:
                total_S3Exp: 0.000747627
                time_top_o: 1.2954e-05
                time_check_in_c: 1.6659e-05
                time_add_parent: 2.7992e-05
                num_neighbors: 924
                time_add_neighbors_to_o: 0.000544769
    num_windows_should_quit: 0
    time_should_quit: 4.262e-06
    time_remove_window: 0
Complete!
