Total time: 0.0274373
is_optimal: true
optimality_bound: 1
successive_bounds: [1.00321, 1.00321, 1.00321, 1.00321, 1.00321, 1.00321, 1.0016, 1.0016, 1, 1]
successive_runtimes: [0.00590642, 0.00692521, 0.00835171, 0.0120555, 0.0153231, 0.0176177, 0.0202169, 0.0226448, 0.0274373]
num_agents: 20
time_individual_plan: 0.00465449
time_first_plan: 0.000527629
num_max_agents_in_window_first_iteration: 2
num_recWAMPF: 9
timing_recWAMPF:
    total_RecWAMPF: 0.0220531
    num_windows: 34
    num_max_agents_in_window: 2
    timing_gari:
        total_GARI: 0.020766
        time_path_btw_starts: 0.000599971
        Stage1:
            total_Stage1:0.00927619
            time_add_x_to_o: 0.00336649
            time_clear_x: 0.000563628
            timing_AStarSearchUntil:
                total_astar_search_until:0.0053422
                num_values_f_less_fmax:2324
                ASU Exp:
                    total_ASUExp:0.00534097
                    time_top_o:0.00118128
                    time_check_in_c:0.000718159
                    time_add_parent:0.000338337
                    num_neighbors:2740
                    time_add_neighbors_to_o:0.00184859
        Stage2:
            total_Stage2:0.00193519
            num_len_path:30
            time_expanding_s:2.3054e-05
            timing_AStarSearchUntil:
                total_astar_search_until:0.00187759
                num_values_f_less_fmax:113
                ASU Exp:
                    total_ASUExp:0.00187605
                    time_top_o:4.3339e-05
                    time_check_in_c:3.5406e-05
                    time_add_parent:5.4728e-05
                    num_neighbors:2646
                    time_add_neighbors_to_o:0.00156017
        Stage3:
            total_Stage3:0.0089438
            num_until_goal_expanded:1099
            timing_S3Exp:
                total_S3Exp: 0.00633263
                time_top_o: 0.000391778
                time_check_in_c: 0.000254102
                time_add_parent: 0.00049867
                num_neighbors: 6519
                time_add_neighbors_to_o: 0.00372422
    timing_PIOW_overlapping:
        total_PIOW: 4.647e-06
        num_windows: 32
        time_check_overlap: 2.105e-06
        num_overlapping_windows: 0
        time_merge_windows: 0
        time_remove_window: 0
        time_remove_window: 0
        timing_PlanIn:
            total_PlanIn:0
            num_until_goal_expanded:0
            timing_expansions:
                total_S3Exp: 0
                time_top_o: 0
                time_check_in_c: 0
                time_add_parent: 0
                num_neighbors: 0
                time_add_neighbors_to_o: 0
    num_new_collisions: 2
    timing_PIOW_new_collisions:
        total_PIOW: 0.000387636
        num_windows: 2
        time_check_overlap: 1.65e-07
        num_overlapping_windows: 0
        time_merge_windows: 0
        time_remove_window: 0
        time_remove_window: 7.88e-07
        timing_PlanIn:
            total_PlanIn:0.000383299
            num_until_goal_expanded:52
            timing_expansions:
                total_S3Exp: 0.000377679
                time_top_o: 8.255e-06
                time_check_in_c: 1.2179e-05
                time_add_parent: 1.7402e-05
                num_neighbors: 434
                time_add_neighbors_to_o: 0.000234882
    num_windows_should_quit: 0
    time_should_quit: 2.41e-06
    time_remove_window: 0
Complete!
