Total time: 38.0292
is_optimal: false
optimality_bound: 1.00141
successive_bounds: [1.01519, 1.00495, 1.00459, 1.00459, 1.00389, 1.00389, 1.00389, 1.00318, 1.00318, 1.00318, 1.00318, 1.00318, 1.00141, 1.00141, 1.00141, 1.00141, 1.00141, 1.00141, 1.00141]
successive_runtimes: [0.0123627, 0.0257294, 0.0325194, 0.0358341, 0.0392844, 0.0433787, 0.0477941, 0.052159, 0.0560884, 0.0606891, 0.0698139, 0.0829633, 0.517364, 3.38024, 6.34449, 13.9465, 21.6221, 30.231, 38.0292]
num_agents: 40
time_individual_plan: 0.00712471
time_first_plan: 0.00457423
num_max_agents_in_window_first_iteration: 2
num_recWAMPF: 19
timing_recWAMPF:
    total_RecWAMPF: 38.0214
    num_windows: 264
    num_max_agents_in_window: 6
    timing_gari:
        total_GARI: 35.2215
        time_path_btw_starts: 0.0390601
        Stage1:
            total_Stage1:1.25031
            time_add_x_to_o: 1.05201
            time_clear_x: 0.17795
            timing_AStarSearchUntil:
                total_astar_search_until:0.0203134
                num_values_f_less_fmax:5327
                ASU Exp:
                    total_ASUExp:0.0203054
                    time_top_o:0.00172749
                    time_check_in_c:0.00112334
                    time_add_parent:0.000541332
                    num_neighbors:31494
                    time_add_neighbors_to_o:0.0143743
        Stage2:
            total_Stage2:0.31659
            num_len_path:265
            time_expanding_s:0.00339755
            timing_AStarSearchUntil:
                total_astar_search_until:0.313043
                num_values_f_less_fmax:5579
                ASU Exp:
                    total_ASUExp:0.313036
                    time_top_o:0.00303043
                    time_check_in_c:0.00139818
                    time_add_parent:0.00204065
                    num_neighbors:263855
                    time_add_neighbors_to_o:0.285749
        Stage3:
            total_Stage3:33.6145
            num_until_goal_expanded:8949
            timing_S3Exp:
                total_S3Exp: 20.2
                time_top_o: 0.0210444
                time_check_in_c: 0.00273742
                time_add_parent: 0.00708308
                num_neighbors: 17011353
                time_add_neighbors_to_o: 18.9262
    timing_PIOW_overlapping:
        total_PIOW: 0.0182981
        num_windows: 1062
        time_check_overlap: 6.6111e-05
        num_overlapping_windows: 5
        time_merge_windows: 6.907e-06
        time_remove_window: 1.434e-06
        time_remove_window: 6.592e-06
        timing_PlanIn:
            total_PlanIn:0.0181803
            num_until_goal_expanded:847
            timing_expansions:
                total_S3Exp: 0.0181672
                time_top_o: 0.000229708
                time_check_in_c: 0.000183201
                time_add_parent: 0.000257806
                num_neighbors: 24992
                time_add_neighbors_to_o: 0.015357
    num_new_collisions: 12
    timing_PIOW_new_collisions:
        total_PIOW: 2.77354
        num_windows: 102
        time_check_overlap: 5.863e-06
        num_overlapping_windows: 3
        time_merge_windows: 0
        time_remove_window: 1.33858
        time_remove_window: 8.215e-06
        timing_PlanIn:
            total_PlanIn:2.77349
            num_until_goal_expanded:1506
            timing_expansions:
                total_S3Exp: 2.77346
                time_top_o: 0.00183531
                time_check_in_c: 0.00045885
                time_add_parent: 0.000867566
                num_neighbors: 3221826
                time_add_neighbors_to_o: 2.66407
    num_windows_should_quit: 0
    time_should_quit: 1.6931e-05
    time_remove_window: 0
Complete!
