Total time: 7.61622
is_optimal: false
optimality_bound: 1.00403
successive_bounds: [1.00604, 1.00604, 1.00604, 1.00604, 1.00504, 1.00453, 1.00403, 1.00403, 1.00403, 1.00403, 1.00403, 1.00403, 1.00403, 1.00403]
successive_runtimes: [0.00535644, 0.00717686, 0.00904233, 0.0112913, 0.266395, 0.975672, 2.30377, 3.25479, 4.14189, 4.94493, 5.69081, 6.38844, 7.08551, 7.61622]
num_agents: 30
time_individual_plan: 0.00333721
time_first_plan: 0.00150071
num_max_agents_in_window_first_iteration: 2
num_recWAMPF: 14
timing_recWAMPF:
    total_RecWAMPF: 7.61236
    num_windows: 112
    num_max_agents_in_window: 4
    timing_gari:
        total_GARI: 7.35045
        time_path_btw_starts: 0.0162795
        Stage1:
            total_Stage1:3.90519
            time_add_x_to_o: 1.39311
            time_clear_x: 0.528539
            timing_AStarSearchUntil:
                total_astar_search_until:1.98353
                num_values_f_less_fmax:14434
                ASU Exp:
                    total_ASUExp:1.98352
                    time_top_o:0.0192959
                    time_check_in_c:0.0309593
                    time_add_parent:0.0241494
                    num_neighbors:3489389
                    time_add_neighbors_to_o:1.89234
        Stage2:
            total_Stage2:0.0170627
            num_len_path:104
            time_expanding_s:6.5265e-05
            timing_AStarSearchUntil:
                total_astar_search_until:0.016942
                num_values_f_less_fmax:542
                ASU Exp:
                    total_ASUExp:0.0169395
                    time_top_o:0.000195899
                    time_check_in_c:0.000157234
                    time_add_parent:0.000219514
                    num_neighbors:26640
                    time_add_neighbors_to_o:0.0156774
        Stage3:
            total_Stage3:3.41082
            num_until_goal_expanded:5243
            timing_S3Exp:
                total_S3Exp: 1.01221
                time_top_o: 0.00591533
                time_check_in_c: 0.00165223
                time_add_parent: 0.00246562
                num_neighbors: 1501251
                time_add_neighbors_to_o: 0.946737
    timing_PIOW_overlapping:
        total_PIOW: 0.257473
        num_windows: 278
        time_check_overlap: 1.2317e-05
        num_overlapping_windows: 4
        time_merge_windows: 6.333e-06
        time_remove_window: 1.357e-06
        time_remove_window: 6.065e-06
        timing_PlanIn:
            total_PlanIn:0.257435
            num_until_goal_expanded:1438
            timing_expansions:
                total_S3Exp: 0.257423
                time_top_o: 0.000753872
                time_check_in_c: 0.000338898
                time_add_parent: 0.000463871
                num_neighbors: 486645
                time_add_neighbors_to_o: 0.241159
    num_new_collisions: 7
    timing_PIOW_new_collisions:
        total_PIOW: 0.000865758
        num_windows: 42
        time_check_overlap: 1.086e-06
        num_overlapping_windows: 0
        time_merge_windows: 0
        time_remove_window: 0
        time_remove_window: 2.011e-06
        timing_PlanIn:
            total_PlanIn:0.000845678
            num_until_goal_expanded:117
            timing_expansions:
                total_S3Exp: 0.000832985
                time_top_o: 1.4095e-05
                time_check_in_c: 2.2751e-05
                time_add_parent: 3.05e-05
                num_neighbors: 1202
                time_add_neighbors_to_o: 0.000598707
    num_windows_should_quit: 0
    time_should_quit: 5.88e-06
    time_remove_window: 0
Complete!
