Total time: 0.0272161
is_optimal: true
optimality_bound: 1
successive_bounds: [1.001, 1.001, 1.001, 1.001, 1.001, 1.001, 1.001, 1.001, 1.001, 1.001, 1.001, 1.001, 1, 1]
successive_runtimes: [0.0141494, 0.0151287, 0.0160821, 0.0169961, 0.0179447, 0.0189451, 0.0199026, 0.0209083, 0.021847, 0.0229342, 0.0240675, 0.0252977, 0.027216]
num_agents: 30
time_individual_plan: 0.0113687
time_first_plan: 0.00117026
num_max_agents_in_window_first_iteration: 2
num_recWAMPF: 13
timing_recWAMPF:
    total_RecWAMPF: 0.0142289
    num_windows: 25
    num_max_agents_in_window: 2
    timing_gari:
        total_GARI: 0.00643713
        time_path_btw_starts: 0.000182194
        Stage1:
            total_Stage1:0.000973206
            time_add_x_to_o: 0.000681899
            time_clear_x: 7.0322e-05
            timing_AStarSearchUntil:
                total_astar_search_until:0.000217341
                num_values_f_less_fmax:5
                ASU Exp:
                    total_ASUExp:0.000215976
                    time_top_o:4.059e-06
                    time_check_in_c:6.484e-06
                    time_add_parent:8.549e-06
                    num_neighbors:120
                    time_add_neighbors_to_o:0.000169507
        Stage2:
            total_Stage2:0.00239974
            num_len_path:25
            time_expanding_s:3.5586e-05
            timing_AStarSearchUntil:
                total_astar_search_until:0.00234282
                num_values_f_less_fmax:53
                ASU Exp:
                    total_ASUExp:0.00234159
                    time_top_o:3.8318e-05
                    time_check_in_c:4.277e-05
                    time_add_parent:8.1317e-05
                    num_neighbors:1273
                    time_add_neighbors_to_o:0.00190677
        Stage3:
            total_Stage3:0.00286617
            num_until_goal_expanded:57
            timing_S3Exp:
                total_S3Exp: 0.00185003
                time_top_o: 3.0996e-05
                time_check_in_c: 2.9539e-05
                time_add_parent: 6.4861e-05
                num_neighbors: 692
                time_add_neighbors_to_o: 0.00129176
    timing_PIOW_overlapping:
        total_PIOW: 1.752e-06
        num_windows: 12
        time_check_overlap: 0
        num_overlapping_windows: 0
        time_merge_windows: 0
        time_remove_window: 0
        time_remove_window: 0
        timing_PlanIn:
            total_PlanIn:0
            num_until_goal_expanded:0
            timing_expansions:
                total_S3Exp: 0
                time_top_o: 0
                time_check_in_c: 0
                time_add_parent: 0
                num_neighbors: 0
                time_add_neighbors_to_o: 0
    num_new_collisions: 1
    timing_PIOW_new_collisions:
        total_PIOW: 0.000507925
        num_windows: 0
        time_check_overlap: 0
        num_overlapping_windows: 0
        time_merge_windows: 0
        time_remove_window: 0
        time_remove_window: 1.165e-06
        timing_PlanIn:
            total_PlanIn:0.000502869
            num_until_goal_expanded:10
            timing_expansions:
                total_S3Exp: 0.000494454
                time_top_o: 6.518e-06
                time_check_in_c: 7.856e-06
                time_add_parent: 1.6634e-05
                num_neighbors: 210
                time_add_neighbors_to_o: 0.000396025
    num_windows_should_quit: 0
    time_should_quit: 2.343e-06
    time_remove_window: 0
Complete!
