Total time: 0.00957463
is_optimal: true
optimality_bound: 1
successive_bounds: [1.00305, 1.00305, 1.00305, 1.00305, 1.00305, 1.00305, 1.00305, 1.00305, 1.00305, 1.00305, 1.00305, 1.00305, 1.00305, 1.00305, 1.00305, 1.00305, 1.00305, 1.00305, 1.00305, 1.00305, 1.00305, 1.00305, 1.00305, 1.00305, 1.00305, 1.00305, 1.00305, 1.00305, 1.00305, 1.00305, 1.00305, 1.00305, 1.00305, 1.00305, 1.00305, 1.00305, 1.00305, 1, 1]
successive_runtimes: [0.0018537, 0.00199793, 0.00213194, 0.00226199, 0.00240597, 0.00256239, 0.00270687, 0.002857, 0.00301143, 0.00317019, 0.00334284, 0.00350855, 0.00367654, 0.00385004, 0.00403501, 0.00422034, 0.00441216, 0.00460433, 0.00480213, 0.00499942, 0.00525803, 0.00548578, 0.00569656, 0.00591404, 0.0061399, 0.00636704, 0.00659773, 0.00683682, 0.00708102, 0.00729082, 0.00748304, 0.0076757, 0.00787006, 0.00807006, 0.00826522, 0.00853465, 0.00873509, 0.00957462]
num_agents: 10
time_individual_plan: 0.00107536
time_first_plan: 0.000170714
num_max_agents_in_window_first_iteration: 2
num_recWAMPF: 38
timing_recWAMPF:
    total_RecWAMPF: 0.00788746
    num_windows: 75
    num_max_agents_in_window: 2
    timing_gari:
        total_GARI: 0.00660978
        time_path_btw_starts: 0.00016527
        Stage1:
            total_Stage1:0.00045377
            time_add_x_to_o: 0.000402944
            time_clear_x: 4.2681e-05
            timing_AStarSearchUntil:
                total_astar_search_until:3.3e-06
                num_values_f_less_fmax:0
                ASU Exp:
                    total_ASUExp:1.612e-06
                    time_top_o:0
                    time_check_in_c:0
                    time_add_parent:0
                    num_neighbors:0
                    time_add_neighbors_to_o:0
        Stage2:
            total_Stage2:0.00151982
            num_len_path:65
            time_expanding_s:2.8761e-05
            timing_AStarSearchUntil:
                total_astar_search_until:0.00147218
                num_values_f_less_fmax:121
                ASU Exp:
                    total_ASUExp:0.00147064
                    time_top_o:2.9279e-05
                    time_check_in_c:2.3368e-05
                    time_add_parent:3.7716e-05
                    num_neighbors:2985
                    time_add_neighbors_to_o:0.00123474
        Stage3:
            total_Stage3:0.00445843
            num_until_goal_expanded:149
            timing_S3Exp:
                total_S3Exp: 0.00171518
                time_top_o: 2.9046e-05
                time_check_in_c: 1.939e-05
                time_add_parent: 2.9815e-05
                num_neighbors: 2216
                time_add_neighbors_to_o: 0.00129464
    timing_PIOW_overlapping:
        total_PIOW: 1.255e-06
        num_windows: 37
        time_check_overlap: 0
        num_overlapping_windows: 0
        time_merge_windows: 0
        time_remove_window: 0
        time_remove_window: 0
        timing_PlanIn:
            total_PlanIn:0
            num_until_goal_expanded:0
            timing_expansions:
                total_S3Exp: 0
                time_top_o: 0
                time_check_in_c: 0
                time_add_parent: 0
                num_neighbors: 0
                time_add_neighbors_to_o: 0
    num_new_collisions: 1
    timing_PIOW_new_collisions:
        total_PIOW: 9.0585e-05
        num_windows: 0
        time_check_overlap: 0
        num_overlapping_windows: 0
        time_merge_windows: 0
        time_remove_window: 0
        time_remove_window: 2.46e-07
        timing_PlanIn:
            total_PlanIn:8.8775e-05
            num_until_goal_expanded:7
            timing_expansions:
                total_S3Exp: 8.5487e-05
                time_top_o: 1.48e-06
                time_check_in_c: 1.584e-06
                time_add_parent: 2.618e-06
                num_neighbors: 135
                time_add_neighbors_to_o: 6.5054e-05
    num_windows_should_quit: 0
    time_should_quit: 1.667e-06
    time_remove_window: 0
Complete!
