Total time: 45.4038
is_optimal: false
optimality_bound: 1.00137
successive_bounds: [1.01371, 1.00576, 1.00576, 1.00466, 1.00356, 1.00384, 1.00384, 1.00356, 1.00247, 1.00192, 1.00192, 1.00192, 1.00192, 1.00192, 1.00192, 1.00192, 1.00192, 1.00192, 1.00192, 1.00192, 1.00192, 1.00137, 1.00137, 1.00137, 1.00137, 1.00137, 1.00137, 1.00137, 1.00137, 1.00137, 1.00137, 1.00137, 1.00137, 1.00137, 1.00137]
successive_runtimes: [0.0222909, 0.0401541, 0.0512131, 0.0566639, 0.0623759, 0.0698316, 0.0773674, 0.0925668, 1.50406, 2.54807, 4.47455, 4.89297, 5.43576, 6.26111, 7.33662, 8.58282, 10.1254, 11.6367, 12.9666, 14.1051, 15.1565, 16.9312, 18.9714, 20.4916, 21.8903, 24.1185, 26.1108, 28.0407, 31.3709, 33.9512, 37.3842, 39.5828, 41.5548, 43.481, 45.4038]
num_agents: 50
time_individual_plan: 0.0132765
time_first_plan: 0.00842666
num_max_agents_in_window_first_iteration: 2
num_recWAMPF: 35
timing_recWAMPF:
    total_RecWAMPF: 45.3899
    num_windows: 595
    num_max_agents_in_window: 5
    timing_gari:
        total_GARI: 42.0313
        time_path_btw_starts: 0.0258167
        Stage1:
            total_Stage1:13.0097
            time_add_x_to_o: 5.35825
            time_clear_x: 1.94066
            timing_AStarSearchUntil:
                total_astar_search_until:5.71074
                num_values_f_less_fmax:45627
                ASU Exp:
                    total_ASUExp:5.71072
                    time_top_o:0.074976
                    time_check_in_c:0.0993808
                    time_add_parent:0.0847349
                    num_neighbors:9028182
                    time_add_neighbors_to_o:5.31532
        Stage2:
            total_Stage2:0.225309
            num_len_path:484
            time_expanding_s:0.00818829
            timing_AStarSearchUntil:
                total_astar_search_until:0.21679
                num_values_f_less_fmax:1610
                ASU Exp:
                    total_ASUExp:0.216778
                    time_top_o:0.000537682
                    time_check_in_c:0.150024
                    time_add_parent:0.00246261
                    num_neighbors:83655
                    time_add_neighbors_to_o:0.0520457
        Stage3:
            total_Stage3:28.769
            num_until_goal_expanded:22327
            timing_S3Exp:
                total_S3Exp: 5.12691
                time_top_o: 0.0391627
                time_check_in_c: 0.00683348
                time_add_parent: 0.0134375
                num_neighbors: 7068805
                time_add_neighbors_to_o: 4.6368
    timing_PIOW_overlapping:
        total_PIOW: 1.92088
        num_windows: 3479
        time_check_overlap: 0.000131556
        num_overlapping_windows: 12
        time_merge_windows: 1.5709e-05
        time_remove_window: 3.53e-06
        time_remove_window: 1.5071e-05
        timing_PlanIn:
            total_PlanIn:1.92063
            num_until_goal_expanded:3542
            timing_expansions:
                total_S3Exp: 1.9206
                time_top_o: 0.00211339
                time_check_in_c: 0.000743158
                time_add_parent: 0.00128717
                num_neighbors: 2939687
                time_add_neighbors_to_o: 1.83662
    num_new_collisions: 23
    timing_PIOW_new_collisions:
        total_PIOW: 1.40652
        num_windows: 538
        time_check_overlap: 1.5776e-05
        num_overlapping_windows: 5
        time_merge_windows: 0
        time_remove_window: 0.689095
        time_remove_window: 1.1604e-05
        timing_PlanIn:
            total_PlanIn:1.40645
            num_until_goal_expanded:2142
            timing_expansions:
                total_S3Exp: 1.40641
                time_top_o: 0.00135939
                time_check_in_c: 0.000462271
                time_add_parent: 0.000780779
                num_neighbors: 2040781
                time_add_neighbors_to_o: 1.34867
    num_windows_should_quit: 1
    time_should_quit: 3.9819e-05
    time_remove_window: 4.11e-07
Complete!
