Total time: 116.081
is_optimal: false
optimality_bound: 1.01509
successive_bounds: [1.01667, 1.01667, 1.01599, 1.01599, 1.01554, 1.01554, 1.01554, 1.01554, 1.01554, 1.01509, 1.01509, 1.01509, 1.01509, 1.01509, 1.01509, 1.01509, 1.01509, 1.01509, 1.01509]
successive_runtimes: [0.0655593, 0.0981729, 0.114347, 0.131394, 0.140868, 0.14637, 0.151463, 0.156442, 0.161171, 0.16954, 0.176679, 0.182416, 0.187855, 0.193388, 0.198767, 0.815867, 0.9509, 1.10788, 116.081]
num_agents: 70
time_individual_plan: 0.0279605
time_first_plan: 0.0367773
num_max_agents_in_window_first_iteration: 3
num_recWAMPF: 19
timing_recWAMPF:
    total_RecWAMPF: 116.053
    num_windows: 170
    num_max_agents_in_window: 4
    timing_gari:
        total_GARI: 1.68696
        time_path_btw_starts: 0.000830736
        Stage1:
            total_Stage1:0.0702594
            time_add_x_to_o: 0.0391683
            time_clear_x: 0.00515102
            timing_AStarSearchUntil:
                total_astar_search_until:0.0259285
                num_values_f_less_fmax:601
                ASU Exp:
                    total_ASUExp:0.0259232
                    time_top_o:0.000369722
                    time_check_in_c:0.00113477
                    time_add_parent:0.00039555
                    num_neighbors:34013
                    time_add_neighbors_to_o:0.023196
        Stage2:
            total_Stage2:0.00551354
            num_len_path:82
            time_expanding_s:0.000463231
            timing_AStarSearchUntil:
                total_astar_search_until:0.00497333
                num_values_f_less_fmax:96
                ASU Exp:
                    total_ASUExp:0.00496932
                    time_top_o:4.7314e-05
                    time_check_in_c:4.2762e-05
                    time_add_parent:7.3983e-05
                    num_neighbors:6342
                    time_add_neighbors_to_o:0.0044804
        Stage3:
            total_Stage3:1.61031
            num_until_goal_expanded:17181
            timing_S3Exp:
                total_S3Exp: 1.35322
                time_top_o: 0.0223543
                time_check_in_c: 0.00643498
                time_add_parent: 0.0159164
                num_neighbors: 1670616
                time_add_neighbors_to_o: 1.26056
    timing_PIOW_overlapping:
        total_PIOW: 0.0303714
        num_windows: 865
        time_check_overlap: 2.6048e-05
        num_overlapping_windows: 27
        time_merge_windows: 3.0996e-05
        time_remove_window: 6.971e-06
        time_remove_window: 2.9566e-05
        timing_PlanIn:
            total_PlanIn:0.0302534
            num_until_goal_expanded:987
            timing_expansions:
                total_S3Exp: 0.0301891
                time_top_o: 0.000244157
                time_check_in_c: 0.000319627
                time_add_parent: 0.000657101
                num_neighbors: 30186
                time_add_neighbors_to_o: 0.0253221
    num_new_collisions: 36
    timing_PIOW_new_collisions:
        total_PIOW: 114.29
        num_windows: 1062
        time_check_overlap: 3.596e-05
        num_overlapping_windows: 5
        time_merge_windows: 0
        time_remove_window: 2.18984
        time_remove_window: 2.2427e-05
        timing_PlanIn:
            total_PlanIn:114.29
            num_until_goal_expanded:245299
            timing_expansions:
                total_S3Exp: 114.29
                time_top_o: 0.664976
                time_check_in_c: 0.133491
                time_add_parent: 0.295837
                num_neighbors: 118227451
                time_add_neighbors_to_o: 108.018
    num_windows_should_quit: 1
    time_should_quit: 1.6343e-05
    time_remove_window: 5.8e-07
Complete!
