Total time: 7.89076
is_optimal: false
optimality_bound: 1.00095
successive_bounds: [1.00445, 1.0035, 1.0035, 1.00286, 1.00286, 1.00286, 1.00286, 1.00286, 1.00286, 1.00286, 1.00286, 1.00223, 1.00223, 1.00223, 1.00095]
successive_runtimes: [0.00861958, 0.0116184, 0.014531, 0.0171592, 0.0193121, 0.0214494, 0.0237275, 0.0259306, 0.0289355, 0.0314801, 0.0340323, 0.0373488, 0.0400565, 0.0427453, 7.89076]
num_agents: 40
time_individual_plan: 0.0053182
time_first_plan: 0.00277748
num_max_agents_in_window_first_iteration: 2
num_recWAMPF: 15
timing_recWAMPF:
    total_RecWAMPF: 7.88492
    num_windows: 193
    num_max_agents_in_window: 5
    timing_gari:
        total_GARI: 0.0272978
        time_path_btw_starts: 0.000479978
        Stage1:
            total_Stage1:0.0101187
            time_add_x_to_o: 0.00579292
            time_clear_x: 0.000768985
            timing_AStarSearchUntil:
                total_astar_search_until:0.00354722
                num_values_f_less_fmax:641
                ASU Exp:
                    total_ASUExp:0.0035429
                    time_top_o:0.000151873
                    time_check_in_c:8.9421e-05
                    time_add_parent:0.000129531
                    num_neighbors:7161
                    time_add_neighbors_to_o:0.00273368
        Stage2:
            total_Stage2:0.00599684
            num_len_path:186
            time_expanding_s:9.7854e-05
            timing_AStarSearchUntil:
                total_astar_search_until:0.00584952
                num_values_f_less_fmax:312
                ASU Exp:
                    total_ASUExp:0.00584566
                    time_top_o:7.4978e-05
                    time_check_in_c:6.001e-05
                    time_add_parent:8.717e-05
                    num_neighbors:13241
                    time_add_neighbors_to_o:0.0052446
        Stage3:
            total_Stage3:0.0105937
            num_until_goal_expanded:490
            timing_S3Exp:
                total_S3Exp: 0.00473195
                time_top_o: 9.5877e-05
                time_check_in_c: 6.3172e-05
                time_add_parent: 0.00011838
                num_neighbors: 7200
                time_add_neighbors_to_o: 0.003639
    timing_PIOW_overlapping:
        total_PIOW: 7.84847
        num_windows: 685
        time_check_overlap: 1.9308e-05
        num_overlapping_windows: 7
        time_merge_windows: 1.1278e-05
        time_remove_window: 1.996e-06
        time_remove_window: 1.0941e-05
        timing_PlanIn:
            total_PlanIn:7.8484
            num_until_goal_expanded:10941
            timing_expansions:
                total_S3Exp: 7.84838
                time_top_o: 0.0109347
                time_check_in_c: 0.00323445
                time_add_parent: 0.00549739
                num_neighbors: 12469638
                time_add_neighbors_to_o: 7.49039
    num_new_collisions: 8
    timing_PIOW_new_collisions:
        total_PIOW: 0.000807746
        num_windows: 56
        time_check_overlap: 1.423e-06
        num_overlapping_windows: 0
        time_merge_windows: 0
        time_remove_window: 0
        time_remove_window: 2.946e-06
        timing_PlanIn:
            total_PlanIn:0.000795947
            num_until_goal_expanded:73
            timing_expansions:
                total_S3Exp: 0.00078278
                time_top_o: 9.874e-06
                time_check_in_c: 1.3419e-05
                time_add_parent: 3.2714e-05
                num_neighbors: 1091
                time_add_neighbors_to_o: 0.000604564
    num_windows_should_quit: 0
    time_should_quit: 5.784e-06
    time_remove_window: 0
Complete!
