Total time: 6.26846
is_optimal: false
optimality_bound: 1.02367
successive_bounds: [1.03995, 1.02984, 1.02417, 1.02417, 1.02417, 1.02417, 1.02417, 1.02367]
successive_runtimes: [1.15138, 2.77943, 3.25565, 3.38856, 3.51646, 3.6108, 4.29071, 6.26846]
num_agents: 60
time_individual_plan: 0.0117829
time_first_plan: 1.13907
num_max_agents_in_window_first_iteration: 4
num_recWAMPF: 8
timing_recWAMPF:
    total_RecWAMPF: 6.25614
    num_windows: 169
    num_max_agents_in_window: 4
    timing_gari:
        total_GARI: 1.78196
        time_path_btw_starts: 0.00245808
        Stage1:
            total_Stage1:0.711511
            time_add_x_to_o: 0.0750341
            time_clear_x: 0.00778264
            timing_AStarSearchUntil:
                total_astar_search_until:0.0702452
                num_values_f_less_fmax:22101
                ASU Exp:
                    total_ASUExp:0.0702408
                    time_top_o:0.0142035
                    time_check_in_c:0.00672471
                    time_add_parent:0.0070779
                    num_neighbors:1422731
                    time_add_neighbors_to_o:0.576127
        Stage2:
            total_Stage2:0.00752935
            num_len_path:136
            time_expanding_s:0.00010564
            timing_AStarSearchUntil:
                total_astar_search_until:0.00735674
                num_values_f_less_fmax:195
                ASU Exp:
                    total_ASUExp:0.00735343
                    time_top_o:6.4589e-05
                    time_check_in_c:4.2167e-05
                    time_add_parent:6.7453e-05
                    num_neighbors:15120
                    time_add_neighbors_to_o:0.00687712
        Stage3:
            total_Stage3:1.05964
            num_until_goal_expanded:3745
            timing_S3Exp:
                total_S3Exp: 0.602294
                time_top_o: 0.00385082
                time_check_in_c: 0.000796754
                time_add_parent: 0.00170942
                num_neighbors: 1179552
                time_add_neighbors_to_o: 0.589523
    timing_PIOW_overlapping:
        total_PIOW: 3.23594
        num_windows: 1043
        time_check_overlap: 3.5395e-05
        num_overlapping_windows: 11
        time_merge_windows: 1.4964e-05
        time_remove_window: 3.731e-06
        time_remove_window: 1.4419e-05
        timing_PlanIn:
            total_PlanIn:3.23585
            num_until_goal_expanded:11514
            timing_expansions:
                total_S3Exp: 3.23581
                time_top_o: 0.00808626
                time_check_in_c: 0.00288066
                time_add_parent: 0.00517322
                num_neighbors: 5796688
                time_add_neighbors_to_o: 3.05493
    num_new_collisions: 27
    timing_PIOW_new_collisions:
        total_PIOW: 1.134
        num_windows: 557
        time_check_overlap: 1.5962e-05
        num_overlapping_windows: 6
        time_merge_windows: 0
        time_remove_window: 4.79773
        time_remove_window: 1.8582e-05
        timing_PlanIn:
            total_PlanIn:1.13392
            num_until_goal_expanded:8426
            timing_expansions:
                total_S3Exp: 1.13354
                time_top_o: 0.00261567
                time_check_in_c: 0.00193346
                time_add_parent: 0.0027371
                num_neighbors: 2382131
                time_add_neighbors_to_o: 1.05483
    num_windows_should_quit: 0
    time_should_quit: 1.6066e-05
    time_remove_window: 0
Complete!
