Total time: 0.0333408
is_optimal: true
optimality_bound: 1
successive_bounds: [1.00155, 1.00155, 1.00155, 1.00155, 1.00155, 1.00155, 1.00155, 1.00155, 1.00155, 1.00155, 1.00155, 1.00155, 1.00155, 1.00155, 1.00155, 1.00155, 1.00155, 1.00155, 1.00155, 1, 1]
successive_runtimes: [0.0044876, 0.004707, 0.00493337, 0.00514527, 0.00538057, 0.00566974, 0.00591466, 0.00651272, 0.00683335, 0.00858913, 0.00921202, 0.00989438, 0.0104979, 0.0112573, 0.0121183, 0.0130987, 0.0141576, 0.015182, 0.0313893, 0.0333408]
num_agents: 20
time_individual_plan: 0.00371652
time_first_plan: 0.000254605
num_max_agents_in_window_first_iteration: 2
num_recWAMPF: 20
timing_recWAMPF:
    total_RecWAMPF: 0.0291044
    num_windows: 39
    num_max_agents_in_window: 2
    timing_gari:
        total_GARI: 0.0270794
        time_path_btw_starts: 0.000102859
        Stage1:
            total_Stage1:0.00490175
            time_add_x_to_o: 0.00157078
            time_clear_x: 0.000170316
            timing_AStarSearchUntil:
                total_astar_search_until:0.00315852
                num_values_f_less_fmax:474
                ASU Exp:
                    total_ASUExp:0.00315751
                    time_top_o:0.000146336
                    time_check_in_c:8.0247e-05
                    time_add_parent:0.000112111
                    num_neighbors:7246
                    time_add_neighbors_to_o:0.0024325
        Stage2:
            total_Stage2:0.00157871
            num_len_path:40
            time_expanding_s:1.4388e-05
            timing_AStarSearchUntil:
                total_astar_search_until:0.0015536
                num_values_f_less_fmax:139
                ASU Exp:
                    total_ASUExp:0.00155279
                    time_top_o:3.2925e-05
                    time_check_in_c:2.4163e-05
                    time_add_parent:3.4554e-05
                    num_neighbors:3343
                    time_add_neighbors_to_o:0.00132433
        Stage3:
            total_Stage3:0.0204898
            num_until_goal_expanded:1743
            timing_S3Exp:
                total_S3Exp: 0.0176486
                time_top_o: 0.000534155
                time_check_in_c: 0.000326692
                time_add_parent: 0.000446013
                num_neighbors: 35630
                time_add_neighbors_to_o: 0.0145844
    timing_PIOW_overlapping:
        total_PIOW: 4.87e-07
        num_windows: 19
        time_check_overlap: 0
        num_overlapping_windows: 0
        time_merge_windows: 0
        time_remove_window: 0
        time_remove_window: 0
        timing_PlanIn:
            total_PlanIn:0
            num_until_goal_expanded:0
            timing_expansions:
                total_S3Exp: 0
                time_top_o: 0
                time_check_in_c: 0
                time_add_parent: 0
                num_neighbors: 0
                time_add_neighbors_to_o: 0
    num_new_collisions: 1
    timing_PIOW_new_collisions:
        total_PIOW: 0.000144535
        num_windows: 0
        time_check_overlap: 0
        num_overlapping_windows: 0
        time_merge_windows: 0
        time_remove_window: 0
        time_remove_window: 7.37e-07
        timing_PlanIn:
            total_PlanIn:0.00014243
            num_until_goal_expanded:12
            timing_expansions:
                total_S3Exp: 0.000139577
                time_top_o: 2.302e-06
                time_check_in_c: 2.67e-06
                time_add_parent: 3.836e-06
                num_neighbors: 217
                time_add_neighbors_to_o: 0.000109279
    num_windows_should_quit: 0
    time_should_quit: 9.35e-07
    time_remove_window: 0
Complete!
