Total time: 23.4895
is_optimal: false
optimality_bound: 1.00095
successive_bounds: [1.00445, 1.0035, 1.0035, 1.00286, 1.00286, 1.00286, 1.00286, 1.00286, 1.00286, 1.00286, 1.00286, 1.00223, 1.00223, 1.00223, 1.00095, 1.00095]
successive_runtimes: [0.0094515, 0.0126868, 0.0159987, 0.0190616, 0.0214189, 0.0238458, 0.0263649, 0.0288782, 0.0323315, 0.0352219, 0.0382306, 0.0420623, 0.0452819, 0.0485142, 9.21276, 23.4895]
num_agents: 40
time_individual_plan: 0.00633185
time_first_plan: 0.00245794
num_max_agents_in_window_first_iteration: 2
num_recWAMPF: 16
timing_recWAMPF:
    total_RecWAMPF: 23.4825
    num_windows: 195
    num_max_agents_in_window: 5
    timing_gari:
        total_GARI: 14.3096
        time_path_btw_starts: 0.000630128
        Stage1:
            total_Stage1:8.88878
            time_add_x_to_o: 1.73713
            time_clear_x: 0.338134
            timing_AStarSearchUntil:
                total_astar_search_until:6.8135
                num_values_f_less_fmax:9875
                ASU Exp:
                    total_ASUExp:6.8135
                    time_top_o:0.0293502
                    time_check_in_c:0.011091
                    time_add_parent:0.00545806
                    num_neighbors:9607436
                    time_add_neighbors_to_o:6.2775
        Stage2:
            total_Stage2:0.0109252
            num_len_path:187
            time_expanding_s:0.000127717
            timing_AStarSearchUntil:
                total_astar_search_until:0.0107314
                num_values_f_less_fmax:313
                ASU Exp:
                    total_ASUExp:0.0107267
                    time_top_o:9.9111e-05
                    time_check_in_c:7.3433e-05
                    time_add_parent:0.000111046
                    num_neighbors:18641
                    time_add_neighbors_to_o:0.00998363
        Stage3:
            total_Stage3:5.40912
            num_until_goal_expanded:4317
            timing_S3Exp:
                total_S3Exp: 4.10272
                time_top_o: 0.00726938
                time_check_in_c: 0.0011157
                time_add_parent: 0.00204142
                num_neighbors: 4391220
                time_add_neighbors_to_o: 4.0809
    timing_PIOW_overlapping:
        total_PIOW: 9.16477
        num_windows: 686
        time_check_overlap: 2.802e-05
        num_overlapping_windows: 7
        time_merge_windows: 1.2651e-05
        time_remove_window: 2.301e-06
        time_remove_window: 1.2192e-05
        timing_PlanIn:
            total_PlanIn:9.16469
            num_until_goal_expanded:10941
            timing_expansions:
                total_S3Exp: 9.16466
                time_top_o: 0.0137052
                time_check_in_c: 0.00399815
                time_add_parent: 0.00648699
                num_neighbors: 12469638
                time_add_neighbors_to_o: 8.71926
    num_new_collisions: 8
    timing_PIOW_new_collisions:
        total_PIOW: 0.000863787
        num_windows: 56
        time_check_overlap: 2.024e-06
        num_overlapping_windows: 0
        time_merge_windows: 0
        time_remove_window: 0
        time_remove_window: 7.381e-06
        timing_PlanIn:
            total_PlanIn:0.000844529
            num_until_goal_expanded:73
            timing_expansions:
                total_S3Exp: 0.00082959
                time_top_o: 1.2705e-05
                time_check_in_c: 1.409e-05
                time_add_parent: 2.3421e-05
                num_neighbors: 1091
                time_add_neighbors_to_o: 0.00063915
    num_windows_should_quit: 0
    time_should_quit: 9.348e-06
    time_remove_window: 0
Complete!
