Total time: 0.0333329
is_optimal: false
optimality_bound: 1.00161
successive_bounds: [1.00644, 1.00402, 1.00402, 1.00161, 1.00161, 1.00161, 1.00161, 1.00161, 1.00161, 1.00161, 1.00161, 1.00161, 1.00161]
successive_runtimes: [0.00820902, 0.0091323, 0.0100623, 0.0145498, 0.0176241, 0.0191135, 0.0207297, 0.0224943, 0.0242171, 0.0263286, 0.0286799, 0.0309421, 0.0333329]
num_agents: 20
time_individual_plan: 0.00672479
time_first_plan: 0.000951388
num_max_agents_in_window_first_iteration: 2
num_recWAMPF: 13
timing_recWAMPF:
    total_RecWAMPF: 0.0260731
    num_windows: 130
    num_max_agents_in_window: 3
    timing_gari:
        total_GARI: 0.0204408
        time_path_btw_starts: 0.000430755
        Stage1:
            total_Stage1:0.00522234
            time_add_x_to_o: 0.00377996
            time_clear_x: 0.000501964
            timing_AStarSearchUntil:
                total_astar_search_until:0.000934231
                num_values_f_less_fmax:188
                ASU Exp:
                    total_ASUExp:0.000931176
                    time_top_o:4.8209e-05
                    time_check_in_c:5.4943e-05
                    time_add_parent:4.6591e-05
                    num_neighbors:1903
                    time_add_neighbors_to_o:0.000669332
        Stage2:
            total_Stage2:0.00348643
            num_len_path:129
            time_expanding_s:0.000109561
            timing_AStarSearchUntil:
                total_astar_search_until:0.00334303
                num_values_f_less_fmax:222
                ASU Exp:
                    total_ASUExp:0.00334037
                    time_top_o:5.2996e-05
                    time_check_in_c:3.9235e-05
                    time_add_parent:6.8051e-05
                    num_neighbors:7848
                    time_add_neighbors_to_o:0.0029157
        Stage3:
            total_Stage3:0.0110786
            num_until_goal_expanded:1115
            timing_S3Exp:
                total_S3Exp: 0.00642563
                time_top_o: 0.000244526
                time_check_in_c: 0.000138202
                time_add_parent: 0.000254028
                num_neighbors: 9904
                time_add_neighbors_to_o: 0.0046516
    timing_PIOW_overlapping:
        total_PIOW: 0.00348754
        num_windows: 330
        time_check_overlap: 1.1741e-05
        num_overlapping_windows: 1
        time_merge_windows: 1.045e-06
        time_remove_window: 1.45e-07
        time_remove_window: 9.96e-07
        timing_PlanIn:
            total_PlanIn:0.00346523
            num_until_goal_expanded:73
            timing_expansions:
                total_S3Exp: 0.00346303
                time_top_o: 1.6401e-05
                time_check_in_c: 1.2057e-05
                time_add_parent: 1.9188e-05
                num_neighbors: 6323
                time_add_neighbors_to_o: 0.00315124
    num_new_collisions: 6
    timing_PIOW_new_collisions:
        total_PIOW: 0.000606997
        num_windows: 30
        time_check_overlap: 9.65e-07
        num_overlapping_windows: 0
        time_merge_windows: 0
        time_remove_window: 0
        time_remove_window: 1.625e-06
        timing_PlanIn:
            total_PlanIn:0.000598217
            num_until_goal_expanded:82
            timing_expansions:
                total_S3Exp: 0.000588375
                time_top_o: 1.0173e-05
                time_check_in_c: 1.3975e-05
                time_add_parent: 2.1555e-05
                num_neighbors: 982
                time_add_neighbors_to_o: 0.000427178
    num_windows_should_quit: 0
    time_should_quit: 3.459e-06
    time_remove_window: 0
Complete!
