Total time: 0.491669
is_optimal: true
optimality_bound: 1
successive_bounds: [1.0081, 1.0081, 1.0081, 1.0081, 1.00607, 1.00405, 1.00405, 1.00405, 1.00405, 1.00202, 1.00101, 1.00101, 1, 1]
successive_runtimes: [0.00591973, 0.00811548, 0.0109938, 0.0147858, 0.133825, 0.249662, 0.274385, 0.300803, 0.327491, 0.35615, 0.420206, 0.453202, 0.491669]
num_agents: 30
time_individual_plan: 0.00268525
time_first_plan: 0.00307565
num_max_agents_in_window_first_iteration: 3
num_recWAMPF: 13
timing_recWAMPF:
    total_RecWAMPF: 0.488817
    num_windows: 158
    num_max_agents_in_window: 4
    timing_gari:
        total_GARI: 0.335676
        time_path_btw_starts: 0.000785193
        Stage1:
            total_Stage1:0.11989
            time_add_x_to_o: 0.0899004
            time_clear_x: 0.0163318
            timing_AStarSearchUntil:
                total_astar_search_until:0.0136376
                num_values_f_less_fmax:627
                ASU Exp:
                    total_ASUExp:0.0136289
                    time_top_o:0.000402963
                    time_check_in_c:0.000302823
                    time_add_parent:0.000526093
                    num_neighbors:11437
                    time_add_neighbors_to_o:0.0109767
        Stage2:
            total_Stage2:0.0321576
            num_len_path:157
            time_expanding_s:0.000290515
            timing_AStarSearchUntil:
                total_astar_search_until:0.0317327
                num_values_f_less_fmax:1128
                ASU Exp:
                    total_ASUExp:0.0317264
                    time_top_o:0.000677407
                    time_check_in_c:0.000435768
                    time_add_parent:0.00077855
                    num_neighbors:27292
                    time_add_neighbors_to_o:0.0262357
        Stage3:
            total_Stage3:0.182772
            num_until_goal_expanded:624
            timing_S3Exp:
                total_S3Exp: 0.0237927
                time_top_o: 0.000353731
                time_check_in_c: 0.000204108
                time_add_parent: 0.000413778
                num_neighbors: 20625
                time_add_neighbors_to_o: 0.0202794
    timing_PIOW_overlapping:
        total_PIOW: 0.114708
        num_windows: 490
        time_check_overlap: 4.888e-05
        num_overlapping_windows: 1
        time_merge_windows: 2.908e-06
        time_remove_window: 4.42e-07
        time_remove_window: 2.854e-06
        timing_PlanIn:
            total_PlanIn:0.114617
            num_until_goal_expanded:255
            timing_expansions:
                total_S3Exp: 0.114613
                time_top_o: 0.000178965
                time_check_in_c: 9.9279e-05
                time_add_parent: 0.000179982
                num_neighbors: 115766
                time_add_neighbors_to_o: 0.108625
    num_new_collisions: 9
    timing_PIOW_new_collisions:
        total_PIOW: 0.0346506
        num_windows: 58
        time_check_overlap: 4.302e-06
        num_overlapping_windows: 2
        time_merge_windows: 0
        time_remove_window: 0.413543
        time_remove_window: 6.01e-06
        timing_PlanIn:
            total_PlanIn:0.0346202
            num_until_goal_expanded:353
            timing_expansions:
                total_S3Exp: 0.0345884
                time_top_o: 0.000207705
                time_check_in_c: 0.000147612
                time_add_parent: 0.000260182
                num_neighbors: 28921
                time_add_neighbors_to_o: 0.0314434
    num_windows_should_quit: 0
    time_should_quit: 1.5198e-05
    time_remove_window: 0
Complete!
