Total time: 0.168868
is_optimal: true
optimality_bound: 1
successive_bounds: [1.00258, 1.00258, 1.00258, 1.00258, 1.00258, 1.00258, 1.00258, 1.00258, 1.00258, 1.00258, 1.00258, 1.00258, 1.00258, 1.00258, 1.00258, 1.00258, 1.00258, 1.00258, 1.00258, 1.00147, 1.00147, 1.00147, 1.00074, 1.00074, 1, 1]
successive_runtimes: [0.00863364, 0.0100214, 0.0117387, 0.0134655, 0.0150395, 0.0168666, 0.0190651, 0.0210709, 0.0229624, 0.0248842, 0.0267581, 0.032653, 0.0411429, 0.0445364, 0.0478945, 0.0536169, 0.0576359, 0.0642508, 0.0691258, 0.0738188, 0.077066, 0.07992, 0.100307, 0.105648, 0.168868]
num_agents: 40
time_individual_plan: 0.00651007
time_first_plan: 0.00159415
num_max_agents_in_window_first_iteration: 2
num_recWAMPF: 25
timing_recWAMPF:
    total_RecWAMPF: 0.161825
    num_windows: 196
    num_max_agents_in_window: 2
    timing_gari:
        total_GARI: 0.148825
        time_path_btw_starts: 0.000495641
        Stage1:
            total_Stage1:0.0143291
            time_add_x_to_o: 0.00759695
            time_clear_x: 0.000863273
            timing_AStarSearchUntil:
                total_astar_search_until:0.00585816
                num_values_f_less_fmax:2441
                ASU Exp:
                    total_ASUExp:0.00585334
                    time_top_o:0.000556005
                    time_check_in_c:0.000370356
                    time_add_parent:0.00029363
                    num_neighbors:9532
                    time_add_neighbors_to_o:0.00371797
        Stage2:
            total_Stage2:0.0778524
            num_len_path:206
            time_expanding_s:0.000119054
            timing_AStarSearchUntil:
                total_astar_search_until:0.0776792
                num_values_f_less_fmax:6814
                ASU Exp:
                    total_ASUExp:0.077675
                    time_top_o:0.00251232
                    time_check_in_c:0.00133267
                    time_add_parent:0.00188578
                    num_neighbors:156400
                    time_add_neighbors_to_o:0.0651486
        Stage3:
            total_Stage3:0.0561191
            num_until_goal_expanded:3695
            timing_S3Exp:
                total_S3Exp: 0.02863
                time_top_o: 0.000945509
                time_check_in_c: 0.000619777
                time_add_parent: 0.00102083
                num_neighbors: 52951
                time_add_neighbors_to_o: 0.02224
    timing_PIOW_overlapping:
        total_PIOW: 2.2918e-05
        num_windows: 384
        time_check_overlap: 1.3027e-05
        num_overlapping_windows: 0
        time_merge_windows: 0
        time_remove_window: 0
        time_remove_window: 0
        timing_PlanIn:
            total_PlanIn:0
            num_until_goal_expanded:0
            timing_expansions:
                total_S3Exp: 0
                time_top_o: 0
                time_check_in_c: 0
                time_add_parent: 0
                num_neighbors: 0
                time_add_neighbors_to_o: 0
    num_new_collisions: 4
    timing_PIOW_new_collisions:
        total_PIOW: 0.00046405
        num_windows: 12
        time_check_overlap: 3.89e-07
        num_overlapping_windows: 0
        time_merge_windows: 0
        time_remove_window: 0
        time_remove_window: 1.328e-06
        timing_PlanIn:
            total_PlanIn:0.000458591
            num_until_goal_expanded:55
            timing_expansions:
                total_S3Exp: 0.000450161
                time_top_o: 7.581e-06
                time_check_in_c: 9.477e-06
                time_add_parent: 1.4271e-05
                num_neighbors: 692
                time_add_neighbors_to_o: 0.000337486
    num_windows_should_quit: 0
    time_should_quit: 6.343e-06
    time_remove_window: 0
Complete!
