Total time: 0.104068
is_optimal: false
optimality_bound: 1.00161
successive_bounds: [1.00644, 1.00402, 1.00402, 1.00161, 1.00161, 1.00161, 1.00161, 1.00161, 1.00161, 1.00161, 1.00161, 1.00161, 1.00161]
successive_runtimes: [0.0258031, 0.0292556, 0.0326412, 0.0477944, 0.0574942, 0.0619666, 0.0671609, 0.0726762, 0.0779583, 0.0842181, 0.0910418, 0.0973206, 0.104068]
num_agents: 20
time_individual_plan: 0.0209381
time_first_plan: 0.00324818
num_max_agents_in_window_first_iteration: 2
num_recWAMPF: 13
timing_recWAMPF:
    total_RecWAMPF: 0.0815056
    num_windows: 130
    num_max_agents_in_window: 3
    timing_gari:
        total_GARI: 0.063324
        time_path_btw_starts: 0.000901552
        Stage1:
            total_Stage1:0.0160448
            time_add_x_to_o: 0.0115244
            time_clear_x: 0.0016332
            timing_AStarSearchUntil:
                total_astar_search_until:0.00287195
                num_values_f_less_fmax:188
                ASU Exp:
                    total_ASUExp:0.00286429
                    time_top_o:0.000121957
                    time_check_in_c:0.000168444
                    time_add_parent:0.000134519
                    num_neighbors:1903
                    time_add_neighbors_to_o:0.0021498
        Stage2:
            total_Stage2:0.0116116
            num_len_path:129
            time_expanding_s:0.000305393
            timing_AStarSearchUntil:
                total_astar_search_until:0.0112194
                num_values_f_less_fmax:222
                ASU Exp:
                    total_ASUExp:0.0112129
                    time_top_o:0.000132398
                    time_check_in_c:0.000144259
                    time_add_parent:0.000269485
                    num_neighbors:7848
                    time_add_neighbors_to_o:0.00972904
        Stage3:
            total_Stage3:0.0338076
            num_until_goal_expanded:1101
            timing_S3Exp:
                total_S3Exp: 0.0199577
                time_top_o: 0.000604183
                time_check_in_c: 0.000446768
                time_add_parent: 0.000858329
                num_neighbors: 9829
                time_add_neighbors_to_o: 0.0138589
    timing_PIOW_overlapping:
        total_PIOW: 0.0121558
        num_windows: 330
        time_check_overlap: 2.7777e-05
        num_overlapping_windows: 1
        time_merge_windows: 4.552e-06
        time_remove_window: 4.65e-07
        time_remove_window: 4.426e-06
        timing_PlanIn:
            total_PlanIn:0.012099
            num_until_goal_expanded:73
            timing_expansions:
                total_S3Exp: 0.0120925
                time_top_o: 4.5672e-05
                time_check_in_c: 4.5908e-05
                time_add_parent: 9.6573e-05
                num_neighbors: 6323
                time_add_neighbors_to_o: 0.0109932
    num_new_collisions: 6
    timing_PIOW_new_collisions:
        total_PIOW: 0.00235324
        num_windows: 30
        time_check_overlap: 2.886e-06
        num_overlapping_windows: 0
        time_merge_windows: 0
        time_remove_window: 0
        time_remove_window: 5.202e-06
        timing_PlanIn:
            total_PlanIn:0.00232655
            num_until_goal_expanded:82
            timing_expansions:
                total_S3Exp: 0.00229643
                time_top_o: 3.4471e-05
                time_check_in_c: 5.6173e-05
                time_add_parent: 0.000110522
                num_neighbors: 982
                time_add_neighbors_to_o: 0.00165876
    num_windows_should_quit: 0
    time_should_quit: 9.635e-06
    time_remove_window: 0
Complete!
