Total time: 2.30339
is_optimal: false
optimality_bound: 1.00424
successive_bounds: [1.00648, 1.00573, 1.00573, 1.00573, 1.00573, 1.00473, 1.00473, 1.00473, 1.00473, 1.00424]
successive_runtimes: [0.0131882, 0.0962817, 0.115989, 0.443178, 0.828073, 1.20315, 1.48636, 1.74778, 2.02222, 2.30339]
num_agents: 60
time_individual_plan: 0.00677176
time_first_plan: 0.00589348
num_max_agents_in_window_first_iteration: 2
num_recWAMPF: 10
timing_recWAMPF:
    total_RecWAMPF: 2.29609
    num_windows: 142
    num_max_agents_in_window: 4
    timing_gari:
        total_GARI: 1.89504
        time_path_btw_starts: 0.00457343
        Stage1:
            total_Stage1:1.13812
            time_add_x_to_o: 0.488279
            time_clear_x: 0.173346
            timing_AStarSearchUntil:
                total_astar_search_until:0.476486
                num_values_f_less_fmax:3264
                ASU Exp:
                    total_ASUExp:0.476481
                    time_top_o:0.00464921
                    time_check_in_c:0.00105436
                    time_add_parent:0.00510492
                    num_neighbors:665855
                    time_add_neighbors_to_o:0.46238
        Stage2:
            total_Stage2:0.0368034
            num_len_path:131
            time_expanding_s:0.000434547
            timing_AStarSearchUntil:
                total_astar_search_until:0.036304
                num_values_f_less_fmax:560
                ASU Exp:
                    total_ASUExp:0.036301
                    time_top_o:0.000285806
                    time_check_in_c:0.000248704
                    time_add_parent:0.000777612
                    num_neighbors:56835
                    time_add_neighbors_to_o:0.0339247
        Stage3:
            total_Stage3:0.715507
            num_until_goal_expanded:596
            timing_S3Exp:
                total_S3Exp: 0.0552012
                time_top_o: 0.00018103
                time_check_in_c: 9.983e-05
                time_add_parent: 0.000251002
                num_neighbors: 16483
                time_add_neighbors_to_o: 0.0151623
    timing_PIOW_overlapping:
        total_PIOW: 0.0809688
        num_windows: 590
        time_check_overlap: 2.6729e-05
        num_overlapping_windows: 8
        time_merge_windows: 1.02e-05
        time_remove_window: 1.753e-06
        time_remove_window: 9.748e-06
        timing_PlanIn:
            total_PlanIn:0.0809044
            num_until_goal_expanded:1256
            timing_expansions:
                total_S3Exp: 0.0808788
                time_top_o: 0.000546962
                time_check_in_c: 0.000213541
                time_add_parent: 0.000344177
                num_neighbors: 142208
                time_add_neighbors_to_o: 0.0742952
    num_new_collisions: 16
    timing_PIOW_new_collisions:
        total_PIOW: 0.307411
        num_windows: 229
        time_check_overlap: 6.677e-06
        num_overlapping_windows: 1
        time_merge_windows: 0
        time_remove_window: 0.136867
        time_remove_window: 8.134e-06
        timing_PlanIn:
            total_PlanIn:0.307374
            num_until_goal_expanded:881
            timing_expansions:
                total_S3Exp: 0.307348
                time_top_o: 0.000783336
                time_check_in_c: 0.000224869
                time_add_parent: 0.000414808
                num_neighbors: 516419
                time_add_neighbors_to_o: 0.291384
    num_windows_should_quit: 0
    time_should_quit: 1.1037e-05
    time_remove_window: 0
Complete!
