Total time: 0.0298443
is_optimal: true
optimality_bound: 1
successive_bounds: [1.00215, 1.00107, 1.00107, 1.00107, 1.00107, 1.00107, 1.00107, 1.00107, 1.00107, 1.00107, 1.00107, 1.00107, 1.00107, 1.00107, 1.00107, 1.00107, 1.00107, 1.00107, 1, 1]
successive_runtimes: [0.00569549, 0.00636879, 0.00698633, 0.00959142, 0.0117953, 0.0131576, 0.0144392, 0.0156601, 0.0167923, 0.0178535, 0.0192675, 0.0205168, 0.0217882, 0.0230463, 0.0243318, 0.0255899, 0.026864, 0.028233, 0.0298443]
num_agents: 30
time_individual_plan: 0.00417439
time_first_plan: 0.000835617
num_max_agents_in_window_first_iteration: 2
num_recWAMPF: 19
timing_recWAMPF:
    total_RecWAMPF: 0.0249801
    num_windows: 134
    num_max_agents_in_window: 3
    timing_gari:
        total_GARI: 0.0183795
        time_path_btw_starts: 0.000287812
        Stage1:
            total_Stage1:0.0046305
            time_add_x_to_o: 0.00333421
            time_clear_x: 0.000504426
            timing_AStarSearchUntil:
                total_astar_search_until:0.000783209
                num_values_f_less_fmax:63
                ASU Exp:
                    total_ASUExp:0.000779647
                    time_top_o:1.9415e-05
                    time_check_in_c:2.2534e-05
                    time_add_parent:2.1074e-05
                    num_neighbors:1530
                    time_add_neighbors_to_o:0.000630423
        Stage2:
            total_Stage2:0.00337043
            num_len_path:95
            time_expanding_s:0.000104322
            timing_AStarSearchUntil:
                total_astar_search_until:0.00322297
                num_values_f_less_fmax:175
                ASU Exp:
                    total_ASUExp:0.00321961
                    time_top_o:5.3856e-05
                    time_check_in_c:3.9752e-05
                    time_add_parent:8.2362e-05
                    num_neighbors:6713
                    time_add_neighbors_to_o:0.00277416
        Stage3:
            total_Stage3:0.0100672
            num_until_goal_expanded:481
            timing_S3Exp:
                total_S3Exp: 0.00484258
                time_top_o: 0.000123106
                time_check_in_c: 7.8722e-05
                time_add_parent: 0.000139022
                num_neighbors: 6844
                time_add_neighbors_to_o: 0.00360043
    timing_PIOW_overlapping:
        total_PIOW: 0.00200976
        num_windows: 242
        time_check_overlap: 1.0709e-05
        num_overlapping_windows: 1
        time_merge_windows: 1.207e-06
        time_remove_window: 1.57e-07
        time_remove_window: 1.141e-06
        timing_PlanIn:
            total_PlanIn:0.00198594
            num_until_goal_expanded:46
            timing_expansions:
                total_S3Exp: 0.0019837
                time_top_o: 1.1674e-05
                time_check_in_c: 9.705e-06
                time_add_parent: 1.4875e-05
                num_neighbors: 2986
                time_add_neighbors_to_o: 0.00178322
    num_new_collisions: 5
    timing_PIOW_new_collisions:
        total_PIOW: 0.000756414
        num_windows: 18
        time_check_overlap: 1.185e-06
        num_overlapping_windows: 0
        time_merge_windows: 0
        time_remove_window: 0
        time_remove_window: 1.438e-06
        timing_PlanIn:
            total_PlanIn:0.000747234
            num_until_goal_expanded:65
            timing_expansions:
                total_S3Exp: 0.000737138
                time_top_o: 1.1637e-05
                time_check_in_c: 1.3449e-05
                time_add_parent: 2.3475e-05
                num_neighbors: 965
                time_add_neighbors_to_o: 0.000567017
    num_windows_should_quit: 0
    time_should_quit: 5.132e-06
    time_remove_window: 0
Complete!
