Total time: 0.247652
is_optimal: true
optimality_bound: 1
successive_bounds: [1.02798, 1.00271, 1.00181, 1.00181, 1.00181, 1.00181, 1.00181, 1.00181, 1.00181, 1.00181, 1.00181, 1.00181, 1.00181, 1.00181, 1.00181, 1.00181, 1.00181, 1.00181, 1.00181, 1.00181, 1.00181, 1.00181, 1]
successive_runtimes: [0.112735, 0.219973, 0.22934, 0.234041, 0.234923, 0.235802, 0.236683, 0.237549, 0.238457, 0.239342, 0.24005, 0.240764, 0.241451, 0.242137, 0.242824, 0.243473, 0.244189, 0.244879, 0.245538, 0.246263, 0.246958, 0.247652]
num_agents: 20
time_individual_plan: 0.00246392
time_first_plan: 0.109731
num_max_agents_in_window_first_iteration: 2
num_recWAMPF: 22
timing_recWAMPF:
    total_RecWAMPF: 0.244644
    num_windows: 46
    num_max_agents_in_window: 3
    timing_gari:
        total_GARI: 0.0674136
        time_path_btw_starts: 0.000206279
        Stage1:
            total_Stage1:0.055199
            time_add_x_to_o: 0.0172829
            time_clear_x: 0.0029654
            timing_AStarSearchUntil:
                total_astar_search_until:0.00643871
                num_values_f_less_fmax:5241
                ASU Exp:
                    total_ASUExp:0.00643742
                    time_top_o:0.00215271
                    time_check_in_c:0.00105879
                    time_add_parent:0.000715115
                    num_neighbors:66863
                    time_add_neighbors_to_o:0.0256754
        Stage2:
            total_Stage2:0.00167916
            num_len_path:22
            time_expanding_s:3.0728e-05
            timing_AStarSearchUntil:
                total_astar_search_until:0.00161693
                num_values_f_less_fmax:22
                ASU Exp:
                    total_ASUExp:0.00161596
                    time_top_o:2.3183e-05
                    time_check_in_c:7.905e-06
                    time_add_parent:1.5057e-05
                    num_neighbors:3325
                    time_add_neighbors_to_o:0.00143292
        Stage3:
            total_Stage3:0.0103204
            num_until_goal_expanded:154
            timing_S3Exp:
                total_S3Exp: 0.000707089
                time_top_o: 4.2571e-05
                time_check_in_c: 1.8678e-05
                time_add_parent: 4.2625e-05
                num_neighbors: 679
                time_add_neighbors_to_o: 0.00025648
    timing_PIOW_overlapping:
        total_PIOW: 0.00735464
        num_windows: 29
        time_check_overlap: 1.003e-06
        num_overlapping_windows: 2
        time_merge_windows: 3.478e-06
        time_remove_window: 4.05e-07
        time_remove_window: 3.372e-06
        timing_PlanIn:
            total_PlanIn:0.00734644
            num_until_goal_expanded:212
            timing_expansions:
                total_S3Exp: 0.00734111
                time_top_o: 4.7903e-05
                time_check_in_c: 7.8803e-05
                time_add_parent: 6.7211e-05
                num_neighbors: 13746
                time_add_neighbors_to_o: 0.00631172
    num_new_collisions: 3
    timing_PIOW_new_collisions:
        total_PIOW: 0.109506
        num_windows: 6
        time_check_overlap: 5.1e-07
        num_overlapping_windows: 0
        time_merge_windows: 0
        time_remove_window: 0
        time_remove_window: 2.08e-06
        timing_PlanIn:
            total_PlanIn:0.109498
            num_until_goal_expanded:8842
            timing_expansions:
                total_S3Exp: 0.106755
                time_top_o: 0.00190463
                time_check_in_c: 0.00145618
                time_add_parent: 0.00206083
                num_neighbors: 222783
                time_add_neighbors_to_o: 0.0879015
    num_windows_should_quit: 1
    time_should_quit: 2.23e-06
    time_remove_window: 2.46e-07
Complete!
