Total time: 0.0224275
is_optimal: true
optimality_bound: 1
successive_bounds: [1.00289, 1.00289, 1.00289, 1.00289, 1.00289, 1.00289, 1.00289, 1.00289, 1.00289, 1.00289, 1.00289, 1.00289, 1.00289, 1.00289, 1.00289, 1.00289, 1.00289, 1.00289, 1.00289, 1.00289, 1.00289, 1, 1]
successive_runtimes: [0.00208131, 0.00220584, 0.00232825, 0.00244779, 0.00256912, 0.00269703, 0.00283347, 0.00298132, 0.00310671, 0.00323124, 0.00336807, 0.00349899, 0.00369098, 0.00382118, 0.00395932, 0.0040995, 0.0042801, 0.00442821, 0.00458226, 0.00473761, 0.00489512, 0.0224274]
num_agents: 10
time_individual_plan: 0.0013977
time_first_plan: 0.000156611
num_max_agents_in_window_first_iteration: 2
num_recWAMPF: 22
timing_recWAMPF:
    total_RecWAMPF: 0.0205001
    num_windows: 43
    num_max_agents_in_window: 2
    timing_gari:
        total_GARI: 0.0198723
        time_path_btw_starts: 9.3331e-05
        Stage1:
            total_Stage1:0.00024883
            time_add_x_to_o: 0.000205924
            time_clear_x: 3.8666e-05
            timing_AStarSearchUntil:
                total_astar_search_until:2.019e-06
                num_values_f_less_fmax:0
                ASU Exp:
                    total_ASUExp:9.78e-07
                    time_top_o:0
                    time_check_in_c:0
                    time_add_parent:0
                    num_neighbors:0
                    time_add_neighbors_to_o:0
        Stage2:
            total_Stage2:0.0179111
            num_len_path:58
            time_expanding_s:2.2358e-05
            timing_AStarSearchUntil:
                total_astar_search_until:0.0178779
                num_values_f_less_fmax:1432
                ASU Exp:
                    total_ASUExp:0.017877
                    time_top_o:0.000440355
                    time_check_in_c:0.000269502
                    time_add_parent:0.000367058
                    num_neighbors:34385
                    time_add_neighbors_to_o:0.0154117
        Stage3:
            total_Stage3:0.00161287
            num_until_goal_expanded:48
            timing_S3Exp:
                total_S3Exp: 0.000317959
                time_top_o: 7.264e-06
                time_check_in_c: 4.458e-06
                time_add_parent: 9.856e-06
                num_neighbors: 300
                time_add_neighbors_to_o: 0.000173446
    timing_PIOW_overlapping:
        total_PIOW: 5.06e-07
        num_windows: 21
        time_check_overlap: 0
        num_overlapping_windows: 0
        time_merge_windows: 0
        time_remove_window: 0
        time_remove_window: 0
        timing_PlanIn:
            total_PlanIn:0
            num_until_goal_expanded:0
            timing_expansions:
                total_S3Exp: 0
                time_top_o: 0
                time_check_in_c: 0
                time_add_parent: 0
                num_neighbors: 0
                time_add_neighbors_to_o: 0
    num_new_collisions: 1
    timing_PIOW_new_collisions:
        total_PIOW: 0.000120947
        num_windows: 0
        time_check_overlap: 0
        num_overlapping_windows: 0
        time_merge_windows: 0
        time_remove_window: 0
        time_remove_window: 2.75e-07
        timing_PlanIn:
            total_PlanIn:0.000119577
            num_until_goal_expanded:8
            timing_expansions:
                total_S3Exp: 0.000116593
                time_top_o: 1.637e-06
                time_check_in_c: 2.188e-06
                time_add_parent: 2.752e-06
                num_neighbors: 160
                time_add_neighbors_to_o: 9.4419e-05
    num_windows_should_quit: 0
    time_should_quit: 1.061e-06
    time_remove_window: 0
Complete!
