Total time: 0.0134298
is_optimal: true
optimality_bound: 1
successive_bounds: [1.00241, 1.00241, 1.00241, 1.00241, 1.00241, 1.00241, 1.00241, 1.00241, 1.00241, 1.00241, 1.00241, 1.00241, 1.00241, 1.00241, 1.00241, 1.00241, 1.00241, 1.00241, 1.00241, 1.00241, 1.00241, 1.00241, 1.00241, 1.00241, 1.00241, 1.00241, 1.00241, 1.00241, 1.00241, 1, 1]
successive_runtimes: [0.00234248, 0.00262996, 0.00290896, 0.00318568, 0.00346374, 0.00374548, 0.00402431, 0.00429987, 0.00464, 0.00491722, 0.00519486, 0.00549342, 0.00577139, 0.0060558, 0.00633272, 0.00660992, 0.00688495, 0.00715945, 0.00744264, 0.00773689, 0.00806036, 0.00836376, 0.00871491, 0.00909962, 0.00951529, 0.00999761, 0.010581, 0.0112316, 0.0119911, 0.0134297]
num_agents: 10
time_individual_plan: 0.00160257
time_first_plan: 0.000216164
num_max_agents_in_window_first_iteration: 2
num_recWAMPF: 30
timing_recWAMPF:
    total_RecWAMPF: 0.0113
    num_windows: 59
    num_max_agents_in_window: 2
    timing_gari:
        total_GARI: 0.0102814
        time_path_btw_starts: 0.000122818
        Stage1:
            total_Stage1:0.00481874
            time_add_x_to_o: 0.00196545
            time_clear_x: 0.000290146
            timing_AStarSearchUntil:
                total_astar_search_until:0.00255982
                num_values_f_less_fmax:856
                ASU Exp:
                    total_ASUExp:0.00255839
                    time_top_o:0.000202523
                    time_check_in_c:0.000130665
                    time_add_parent:8.2031e-05
                    num_neighbors:4634
                    time_add_neighbors_to_o:0.00176397
        Stage2:
            total_Stage2:0.00114091
            num_len_path:58
            time_expanding_s:2.0723e-05
            timing_AStarSearchUntil:
                total_astar_search_until:0.00110449
                num_values_f_less_fmax:87
                ASU Exp:
                    total_ASUExp:0.00110327
                    time_top_o:1.9263e-05
                    time_check_in_c:2.6118e-05
                    time_add_parent:3.0114e-05
                    num_neighbors:2559
                    time_add_neighbors_to_o:0.00094155
        Stage3:
            total_Stage3:0.00418859
            num_until_goal_expanded:641
            timing_S3Exp:
                total_S3Exp: 0.00255916
                time_top_o: 0.000133621
                time_check_in_c: 8.4655e-05
                time_add_parent: 0.000176589
                num_neighbors: 4719
                time_add_neighbors_to_o: 0.00148631
    timing_PIOW_overlapping:
        total_PIOW: 7.76e-07
        num_windows: 29
        time_check_overlap: 0
        num_overlapping_windows: 0
        time_merge_windows: 0
        time_remove_window: 0
        time_remove_window: 0
        timing_PlanIn:
            total_PlanIn:0
            num_until_goal_expanded:0
            timing_expansions:
                total_S3Exp: 0
                time_top_o: 0
                time_check_in_c: 0
                time_add_parent: 0
                num_neighbors: 0
                time_add_neighbors_to_o: 0
    num_new_collisions: 1
    timing_PIOW_new_collisions:
        total_PIOW: 0.00016246
        num_windows: 0
        time_check_overlap: 0
        num_overlapping_windows: 0
        time_merge_windows: 0
        time_remove_window: 0
        time_remove_window: 2.48e-07
        timing_PlanIn:
            total_PlanIn:0.000160841
            num_until_goal_expanded:26
            timing_expansions:
                total_S3Exp: 0.000157787
                time_top_o: 3.371e-06
                time_check_in_c: 4.907e-06
                time_add_parent: 7.083e-06
                num_neighbors: 224
                time_add_neighbors_to_o: 9.9552e-05
    num_windows_should_quit: 0
    time_should_quit: 1.511e-06
    time_remove_window: 0
Complete!
