Total time: 0.027581
is_optimal: true
optimality_bound: 1
successive_bounds: [1.0042, 1.0042, 1.0042, 1.0042, 1.0042, 1.0042, 1.00315, 1.0021, 1.0021, 1, 1]
successive_runtimes: [0.00649893, 0.0082516, 0.0101305, 0.0123394, 0.0146658, 0.017088, 0.019642, 0.0226105, 0.0242606, 0.027581]
num_agents: 30
time_individual_plan: 0.00447654
time_first_plan: 0.0014908
num_max_agents_in_window_first_iteration: 2
num_recWAMPF: 10
timing_recWAMPF:
    total_RecWAMPF: 0.022571
    num_windows: 95
    num_max_agents_in_window: 2
    timing_gari:
        total_GARI: 0.0191178
        time_path_btw_starts: 0.000307601
        Stage1:
            total_Stage1:0.00609628
            time_add_x_to_o: 0.00318334
            time_clear_x: 0.000416541
            timing_AStarSearchUntil:
                total_astar_search_until:0.00249159
                num_values_f_less_fmax:2390
                ASU Exp:
                    total_ASUExp:0.00248949
                    time_top_o:0.000545874
                    time_check_in_c:0.000328291
                    time_add_parent:0.000153188
                    num_neighbors:2543
                    time_add_neighbors_to_o:0.000887882
        Stage2:
            total_Stage2:0.0053908
            num_len_path:109
            time_expanding_s:4.4125e-05
            timing_AStarSearchUntil:
                total_astar_search_until:0.00532301
                num_values_f_less_fmax:430
                ASU Exp:
                    total_ASUExp:0.0053212
                    time_top_o:0.000109879
                    time_check_in_c:7.5403e-05
                    time_add_parent:0.000112786
                    num_neighbors:10755
                    time_add_neighbors_to_o:0.00456099
        Stage3:
            total_Stage3:0.0073104
            num_until_goal_expanded:1205
            timing_S3Exp:
                total_S3Exp: 0.00542347
                time_top_o: 0.000254486
                time_check_in_c: 0.000164229
                time_add_parent: 0.000326974
                num_neighbors: 8780
                time_add_neighbors_to_o: 0.00358152
    timing_PIOW_overlapping:
        total_PIOW: 1.204e-05
        num_windows: 225
        time_check_overlap: 6.422e-06
        num_overlapping_windows: 0
        time_merge_windows: 0
        time_remove_window: 0
        time_remove_window: 0
        timing_PlanIn:
            total_PlanIn:0
            num_until_goal_expanded:0
            timing_expansions:
                total_S3Exp: 0
                time_top_o: 0
                time_check_in_c: 0
                time_add_parent: 0
                num_neighbors: 0
                time_add_neighbors_to_o: 0
    num_new_collisions: 5
    timing_PIOW_new_collisions:
        total_PIOW: 0.000767585
        num_windows: 20
        time_check_overlap: 6.99e-07
        num_overlapping_windows: 0
        time_merge_windows: 0
        time_remove_window: 0
        time_remove_window: 2.368e-06
        timing_PlanIn:
            total_PlanIn:0.000760027
            num_until_goal_expanded:111
            timing_expansions:
                total_S3Exp: 0.000750372
                time_top_o: 1.3187e-05
                time_check_in_c: 1.995e-05
                time_add_parent: 2.8976e-05
                num_neighbors: 1067
                time_add_neighbors_to_o: 0.000522467
    num_windows_should_quit: 0
    time_should_quit: 2.493e-06
    time_remove_window: 0
Complete!
