Total time: 9.18339
is_optimal: false
optimality_bound: 1.004
successive_bounds: [1.00801, 1.00585, 1.00524, 1.00524, 1.00524, 1.00524, 1.00493, 1.004, 1.004, 1.004]
successive_runtimes: [0.0244102, 0.0322858, 0.0641625, 0.0915574, 0.1455, 0.219574, 0.304954, 4.1279, 6.41515, 9.1834]
num_agents: 50
time_individual_plan: 0.0183181
time_first_plan: 0.00542047
num_max_agents_in_window_first_iteration: 2
num_recWAMPF: 10
timing_recWAMPF:
    total_RecWAMPF: 9.1644
    num_windows: 113
    num_max_agents_in_window: 4
    timing_gari:
        total_GARI: 5.4169
        time_path_btw_starts: 0.000442847
        Stage1:
            total_Stage1:2.89056
            time_add_x_to_o: 0.660662
            time_clear_x: 0.275902
            timing_AStarSearchUntil:
                total_astar_search_until:1.95398
                num_values_f_less_fmax:12856
                ASU Exp:
                    total_ASUExp:1.95398
                    time_top_o:0.0259897
                    time_check_in_c:0.0815561
                    time_add_parent:0.00792076
                    num_neighbors:2582872
                    time_add_neighbors_to_o:1.80726
        Stage2:
            total_Stage2:0.0149245
            num_len_path:105
            time_expanding_s:8.7516e-05
            timing_AStarSearchUntil:
                total_astar_search_until:0.0147709
                num_values_f_less_fmax:415
                ASU Exp:
                    total_ASUExp:0.0147684
                    time_top_o:0.000173185
                    time_check_in_c:0.00014217
                    time_add_parent:0.00023789
                    num_neighbors:21669
                    time_add_neighbors_to_o:0.0136041
        Stage3:
            total_Stage3:2.51094
            num_until_goal_expanded:8535
            timing_S3Exp:
                total_S3Exp: 1.6802
                time_top_o: 0.0148907
                time_check_in_c: 0.00703452
                time_add_parent: 0.00548666
                num_neighbors: 1928776
                time_add_neighbors_to_o: 1.63237
    timing_PIOW_overlapping:
        total_PIOW: 3.73649
        num_windows: 443
        time_check_overlap: 2.3652e-05
        num_overlapping_windows: 9
        time_merge_windows: 1.437e-05
        time_remove_window: 3.055e-06
        time_remove_window: 1.379e-05
        timing_PlanIn:
            total_PlanIn:3.73641
            num_until_goal_expanded:12918
            timing_expansions:
                total_S3Exp: 3.73639
                time_top_o: 0.0230768
                time_check_in_c: 0.00527332
                time_add_parent: 0.00866185
                num_neighbors: 4724106
                time_add_neighbors_to_o: 3.50936
    num_new_collisions: 13
    timing_PIOW_new_collisions:
        total_PIOW: 0.00281486
        num_windows: 142
        time_check_overlap: 5.949e-06
        num_overlapping_windows: 0
        time_merge_windows: 0
        time_remove_window: 0
        time_remove_window: 5.054e-06
        timing_PlanIn:
            total_PlanIn:0.00278556
            num_until_goal_expanded:277
            timing_expansions:
                total_S3Exp: 0.00275986
                time_top_o: 4.5094e-05
                time_check_in_c: 5.448e-05
                time_add_parent: 7.8613e-05
                num_neighbors: 4184
                time_add_neighbors_to_o: 0.00212599
    num_windows_should_quit: 0
    time_should_quit: 9.127e-06
    time_remove_window: 0
Complete!
