Total time: 599.65
is_optimal: false
optimality_bound: 1.00141
successive_bounds: [1.01519, 1.00495, 1.00459, 1.00459, 1.00389, 1.00389, 1.00389, 1.00318, 1.00318, 1.00318, 1.00318, 1.00318, 1.00141, 1.00141, 1.00141, 1.00141, 1.00141, 1.00141, 1.00141, 1.00141, 1.00141, 1.00141, 1.00141, 1.00141, 1.00141, 1.00141, 1.00141]
successive_runtimes: [0.0111543, 0.0227648, 0.0289364, 0.032057, 0.0352919, 0.0385608, 0.042303, 0.0463851, 0.0500944, 0.053895, 0.0617782, 0.0725828, 0.418694, 2.8017, 5.38841, 11.8786, 18.4155, 24.5339, 28.9231, 44.6771, 69.5451, 84.5465, 137.768, 232.108, 324.764, 450.899, 599.65]
num_agents: 40
time_individual_plan: 0.00616552
time_first_plan: 0.0044614
num_max_agents_in_window_first_iteration: 2
num_recWAMPF: 27
timing_recWAMPF:
    total_RecWAMPF: 599.644
    num_windows: 328
    num_max_agents_in_window: 6
    timing_gari:
        total_GARI: 597.339
        time_path_btw_starts: 0.0670139
        Stage1:
            total_Stage1:2.31454
            time_add_x_to_o: 1.94433
            time_clear_x: 0.353008
            timing_AStarSearchUntil:
                total_astar_search_until:0.0171801
                num_values_f_less_fmax:5327
                ASU Exp:
                    total_ASUExp:0.0171701
                    time_top_o:0.00140404
                    time_check_in_c:0.000925227
                    time_add_parent:0.000480603
                    num_neighbors:31494
                    time_add_neighbors_to_o:0.0121713
        Stage2:
            total_Stage2:0.424313
            num_len_path:307
            time_expanding_s:0.00531533
            timing_AStarSearchUntil:
                total_astar_search_until:0.418824
                num_values_f_less_fmax:5621
                ASU Exp:
                    total_ASUExp:0.418817
                    time_top_o:0.00245931
                    time_check_in_c:0.00116919
                    time_add_parent:0.00799917
                    num_neighbors:419382
                    time_add_neighbors_to_o:0.374267
        Stage3:
            total_Stage3:594.533
            num_until_goal_expanded:176567
            timing_S3Exp:
                total_S3Exp: 398.502
                time_top_o: 0.404074
                time_check_in_c: 0.0468836
                time_add_parent: 0.10874
                num_neighbors: 431935698
                time_add_neighbors_to_o: 394.373
    timing_PIOW_overlapping:
        total_PIOW: 0.01532
        num_windows: 1190
        time_check_overlap: 5.1152e-05
        num_overlapping_windows: 5
        time_merge_windows: 5.534e-06
        time_remove_window: 8.93e-07
        time_remove_window: 5.297e-06
        timing_PlanIn:
            total_PlanIn:0.0152277
            num_until_goal_expanded:847
            timing_expansions:
                total_S3Exp: 0.0152177
                time_top_o: 0.000181776
                time_check_in_c: 0.000155033
                time_add_parent: 0.000219887
                num_neighbors: 24992
                time_add_neighbors_to_o: 0.0129451
    num_new_collisions: 12
    timing_PIOW_new_collisions:
        total_PIOW: 2.27555
        num_windows: 102
        time_check_overlap: 4.926e-06
        num_overlapping_windows: 3
        time_merge_windows: 0
        time_remove_window: 1.12533
        time_remove_window: 7.152e-06
        timing_PlanIn:
            total_PlanIn:2.27551
            num_until_goal_expanded:1506
            timing_expansions:
                total_S3Exp: 2.27548
                time_top_o: 0.0013544
                time_check_in_c: 0.000340245
                time_add_parent: 0.000657289
                num_neighbors: 3221826
                time_add_neighbors_to_o: 2.18845
    num_windows_should_quit: 0
    time_should_quit: 1.8489e-05
    time_remove_window: 0
Complete!
