Total time: 0.821029
is_optimal: true
optimality_bound: 1
successive_bounds: [1.00314, 1.00314, 1.00314, 1.00314, 1.00314, 1.00314, 1.00314, 1.00314, 1.00314, 1.00314, 1.00314, 1.00314, 1.00314, 1.00314, 1.00314, 1.00209, 1.00209, 1.00209, 1.00105, 1.00105, 1, 1]
successive_runtimes: [0.012599, 0.0135879, 0.0146004, 0.0157854, 0.0169821, 0.0183128, 0.0199449, 0.0217441, 0.0237691, 0.026113, 0.0287684, 0.0317595, 0.0349132, 0.0380782, 0.0412526, 0.400545, 0.461511, 0.53019, 0.640707, 0.728316, 0.821029]
num_agents: 30
time_individual_plan: 0.0109782
time_first_plan: 0.000998586
num_max_agents_in_window_first_iteration: 2
num_recWAMPF: 21
timing_recWAMPF:
    total_RecWAMPF: 0.809424
    num_windows: 123
    num_max_agents_in_window: 3
    timing_gari:
        total_GARI: 0.450418
        time_path_btw_starts: 0.000388903
        Stage1:
            total_Stage1:0.177352
            time_add_x_to_o: 0.0440875
            time_clear_x: 0.00736583
            timing_AStarSearchUntil:
                total_astar_search_until:0.125889
                num_values_f_less_fmax:7339
                ASU Exp:
                    total_ASUExp:0.125885
                    time_top_o:0.00400329
                    time_check_in_c:0.00263926
                    time_add_parent:0.00259637
                    num_neighbors:228410
                    time_add_neighbors_to_o:0.11014
        Stage2:
            total_Stage2:0.0625385
            num_len_path:139
            time_expanding_s:7.1767e-05
            timing_AStarSearchUntil:
                total_astar_search_until:0.0624143
                num_values_f_less_fmax:1668
                ASU Exp:
                    total_ASUExp:0.0624114
                    time_top_o:0.000956211
                    time_check_in_c:0.000325527
                    time_add_parent:0.000690397
                    num_neighbors:114619
                    time_add_neighbors_to_o:0.0581254
        Stage3:
            total_Stage3:0.21011
            num_until_goal_expanded:2644
            timing_S3Exp:
                total_S3Exp: 0.035218
                time_top_o: 0.00122657
                time_check_in_c: 0.000467137
                time_add_parent: 0.0012354
                num_neighbors: 69816
                time_add_neighbors_to_o: 0.0287911
    timing_PIOW_overlapping:
        total_PIOW: 1.7681e-05
        num_windows: 180
        time_check_overlap: 9.417e-06
        num_overlapping_windows: 0
        time_merge_windows: 0
        time_remove_window: 0
        time_remove_window: 0
        timing_PlanIn:
            total_PlanIn:0
            num_until_goal_expanded:0
            timing_expansions:
                total_S3Exp: 0
                time_top_o: 0
                time_check_in_c: 0
                time_add_parent: 0
                num_neighbors: 0
                time_add_neighbors_to_o: 0
    num_new_collisions: 4
    timing_PIOW_new_collisions:
        total_PIOW: 0.354606
        num_windows: 12
        time_check_overlap: 9.11e-07
        num_overlapping_windows: 1
        time_merge_windows: 0
        time_remove_window: 0.0470494
        time_remove_window: 1.567e-06
        timing_PlanIn:
            total_PlanIn:0.35459
            num_until_goal_expanded:6453
            timing_expansions:
                total_S3Exp: 0.35458
                time_top_o: 0.00647233
                time_check_in_c: 0.00134204
                time_add_parent: 0.00299846
                num_neighbors: 594085
                time_add_neighbors_to_o: 0.316327
    num_windows_should_quit: 0
    time_should_quit: 5.83e-06
    time_remove_window: 0
Complete!
