Total time: 0.0615966
is_optimal: true
optimality_bound: 1
successive_bounds: [1.00787, 1.00787, 1.00787, 1.00315, 1.00315, 1.00315, 1.00315, 1.00315, 1.00315, 1.00315, 1.00315, 1.00315, 1.00315, 1.00315, 1.00315, 1.00157, 1.00157, 1.00157, 1.00157, 1.00157, 1.00157, 1.00157, 1.00157, 1, 1]
successive_runtimes: [0.00505567, 0.00652319, 0.00802869, 0.0112507, 0.0139533, 0.0163866, 0.0192092, 0.0224671, 0.0257126, 0.0284868, 0.0313896, 0.034625, 0.0378178, 0.0413676, 0.0449611, 0.0485685, 0.0503721, 0.0516437, 0.0527595, 0.0539862, 0.0554074, 0.0575949, 0.0596984, 0.0615966]
num_agents: 20
time_individual_plan: 0.00330034
time_first_plan: 0.00108682
num_max_agents_in_window_first_iteration: 2
num_recWAMPF: 24
timing_recWAMPF:
    total_RecWAMPF: 0.0576209
    num_windows: 193
    num_max_agents_in_window: 3
    timing_gari:
        total_GARI: 0.0530544
        time_path_btw_starts: 0.000600858
        Stage1:
            total_Stage1:0.0155081
            time_add_x_to_o: 0.00781787
            time_clear_x: 0.00122677
            timing_AStarSearchUntil:
                total_astar_search_until:0.00645047
                num_values_f_less_fmax:4238
                ASU Exp:
                    total_ASUExp:0.00644528
                    time_top_o:0.00121609
                    time_check_in_c:0.000651639
                    time_add_parent:0.000355376
                    num_neighbors:7755
                    time_add_neighbors_to_o:0.00317392
        Stage2:
            total_Stage2:0.00524173
            num_len_path:156
            time_expanding_s:9.8183e-05
            timing_AStarSearchUntil:
                total_astar_search_until:0.00506035
                num_values_f_less_fmax:297
                ASU Exp:
                    total_ASUExp:0.00505574
                    time_top_o:9.7561e-05
                    time_check_in_c:6.8808e-05
                    time_add_parent:0.000108116
                    num_neighbors:9626
                    time_add_neighbors_to_o:0.00433988
        Stage3:
            total_Stage3:0.0311802
            num_until_goal_expanded:2580
            timing_S3Exp:
                total_S3Exp: 0.0176892
                time_top_o: 0.000759772
                time_check_in_c: 0.000429796
                time_add_parent: 0.000835856
                num_neighbors: 22936
                time_add_neighbors_to_o: 0.0118594
    timing_PIOW_overlapping:
        total_PIOW: 0.00115655
        num_windows: 391
        time_check_overlap: 1.918e-05
        num_overlapping_windows: 1
        time_merge_windows: 1.247e-06
        time_remove_window: 2.67e-07
        time_remove_window: 1.182e-06
        timing_PlanIn:
            total_PlanIn:0.0011186
            num_until_goal_expanded:31
            timing_expansions:
                total_S3Exp: 0.00111613
                time_top_o: 7.845e-06
                time_check_in_c: 6.554e-06
                time_add_parent: 1.1161e-05
                num_neighbors: 1520
                time_add_neighbors_to_o: 0.000982266
    num_new_collisions: 5
    timing_PIOW_new_collisions:
        total_PIOW: 0.000897396
        num_windows: 20
        time_check_overlap: 9.55e-07
        num_overlapping_windows: 0
        time_merge_windows: 0
        time_remove_window: 0
        time_remove_window: 2.644e-06
        timing_PlanIn:
            total_PlanIn:0.000887312
            num_until_goal_expanded:95
            timing_expansions:
                total_S3Exp: 0.00087732
                time_top_o: 1.5315e-05
                time_check_in_c: 1.9002e-05
                time_add_parent: 3.1622e-05
                num_neighbors: 1113
                time_add_neighbors_to_o: 0.0006463
    num_windows_should_quit: 0
    time_should_quit: 1.2418e-05
    time_remove_window: 0
Complete!
