Total time: 6.45648
is_optimal: false
optimality_bound: 1.00071
successive_bounds: [1.00566, 1.00496, 1.00283, 1.00283, 1.00212, 1.00071, 1.00071, 1.00071, 1.00071, 1.00071, 1.00071, 1.00071, 1.00071]
successive_runtimes: [0.0144624, 0.722, 1.24952, 1.46433, 1.72065, 1.90853, 2.40664, 2.81202, 3.13831, 3.82908, 4.49811, 5.35047, 6.45648]
num_agents: 40
time_individual_plan: 0.00977332
time_first_plan: 0.0039792
num_max_agents_in_window_first_iteration: 3
num_recWAMPF: 13
timing_recWAMPF:
    total_RecWAMPF: 6.44599
    num_windows: 134
    num_max_agents_in_window: 4
    timing_gari:
        total_GARI: 5.71994
        time_path_btw_starts: 0.00708273
        Stage1:
            total_Stage1:2.57364
            time_add_x_to_o: 0.3266
            time_clear_x: 0.0776666
            timing_AStarSearchUntil:
                total_astar_search_until:2.16935
                num_values_f_less_fmax:42415
                ASU Exp:
                    total_ASUExp:2.16935
                    time_top_o:0.048869
                    time_check_in_c:0.0193992
                    time_add_parent:0.0242346
                    num_neighbors:3412896
                    time_add_neighbors_to_o:2.0092
        Stage2:
            total_Stage2:1.00134
            num_len_path:146
            time_expanding_s:0.00092198
            timing_AStarSearchUntil:
                total_astar_search_until:1.00032
                num_values_f_less_fmax:17353
                ASU Exp:
                    total_ASUExp:1.00032
                    time_top_o:0.0180062
                    time_check_in_c:0.00344542
                    time_add_parent:0.00823883
                    num_neighbors:1737895
                    time_add_neighbors_to_o:0.943296
        Stage3:
            total_Stage3:2.13783
            num_until_goal_expanded:4378
            timing_S3Exp:
                total_S3Exp: 0.184654
                time_top_o: 0.00361655
                time_check_in_c: 0.00084491
                time_add_parent: 0.00187929
                num_neighbors: 307671
                time_add_neighbors_to_o: 0.171157
    timing_PIOW_overlapping:
        total_PIOW: 0.0236624
        num_windows: 350
        time_check_overlap: 2.7174e-05
        num_overlapping_windows: 1
        time_merge_windows: 2.099e-06
        time_remove_window: 7.45e-07
        time_remove_window: 2.038e-06
        timing_PlanIn:
            total_PlanIn:0.0236124
            num_until_goal_expanded:138
            timing_expansions:
                total_S3Exp: 0.0236083
                time_top_o: 4.7683e-05
                time_check_in_c: 3.5792e-05
                time_add_parent: 4.7325e-05
                num_neighbors: 38559
                time_add_neighbors_to_o: 0.0220123
    num_new_collisions: 8
    timing_PIOW_new_collisions:
        total_PIOW: 0.696621
        num_windows: 51
        time_check_overlap: 3.223e-06
        num_overlapping_windows: 2
        time_merge_windows: 0
        time_remove_window: 0.0394811
        time_remove_window: 3.651e-06
        timing_PlanIn:
            total_PlanIn:0.6966
            num_until_goal_expanded:14167
            timing_expansions:
                total_S3Exp: 0.696579
                time_top_o: 0.014769
                time_check_in_c: 0.00422498
                time_add_parent: 0.0072033
                num_neighbors: 1287732
                time_add_neighbors_to_o: 0.612407
    num_windows_should_quit: 0
    time_should_quit: 1.189e-05
    time_remove_window: 0
Complete!
