Total time: 0.278374
is_optimal: true
optimality_bound: 1
successive_bounds: [1.00363, 1.00207, 1.00207, 1.00207, 1.00207, 1.00207, 1.00207, 1.00207, 1.00207, 1.00207, 1.00207, 1.00207, 1.00207, 1.00207, 1.00207, 1.00207, 1.00207, 1.00207, 1.00207, 1.00207, 1.00207, 1.00207, 1.00207, 1.00207, 1.00207, 1.00207, 1.00104, 1.00104, 1.00104, 1.00104, 1.00104, 1.00104, 1, 1]
successive_runtimes: [0.00684206, 0.00803625, 0.00877653, 0.00936025, 0.00996419, 0.0105568, 0.0111971, 0.0117506, 0.0123326, 0.0135402, 0.0144999, 0.0154169, 0.0168074, 0.017639, 0.0184748, 0.0192718, 0.0200212, 0.0221804, 0.0234633, 0.0247496, 0.0303809, 0.0316393, 0.0335408, 0.0357441, 0.0776376, 0.105497, 0.130414, 0.145566, 0.153106, 0.161054, 0.16838, 0.179633, 0.278374]
num_agents: 30
time_individual_plan: 0.00538972
time_first_plan: 0.000919077
num_max_agents_in_window_first_iteration: 2
num_recWAMPF: 33
timing_recWAMPF:
    total_RecWAMPF: 0.272445
    num_windows: 130
    num_max_agents_in_window: 2
    timing_gari:
        total_GARI: 0.230809
        time_path_btw_starts: 0.000412616
        Stage1:
            total_Stage1:0.0291347
            time_add_x_to_o: 0.0127024
            time_clear_x: 0.00147096
            timing_AStarSearchUntil:
                total_astar_search_until:0.0149535
                num_values_f_less_fmax:2138
                ASU Exp:
                    total_ASUExp:0.0149499
                    time_top_o:0.000788236
                    time_check_in_c:0.000404402
                    time_add_parent:0.000460046
                    num_neighbors:32193
                    time_add_neighbors_to_o:0.0117303
        Stage2:
            total_Stage2:0.130309
            num_len_path:178
            time_expanding_s:0.000190655
            timing_AStarSearchUntil:
                total_astar_search_until:0.0704532
                num_values_f_less_fmax:11296
                ASU Exp:
                    total_ASUExp:0.0704504
                    time_top_o:0.00412276
                    time_check_in_c:0.00238713
                    time_add_parent:0.00357487
                    num_neighbors:254222
                    time_add_neighbors_to_o:0.108824
        Stage3:
            total_Stage3:0.070927
            num_until_goal_expanded:1394
            timing_S3Exp:
                total_S3Exp: 0.0124322
                time_top_o: 0.000380857
                time_check_in_c: 0.000250427
                time_add_parent: 0.000403246
                num_neighbors: 18809
                time_add_neighbors_to_o: 0.00791956
    timing_PIOW_overlapping:
        total_PIOW: 1.0619e-05
        num_windows: 128
        time_check_overlap: 6.324e-06
        num_overlapping_windows: 0
        time_merge_windows: 0
        time_remove_window: 0
        time_remove_window: 0
        timing_PlanIn:
            total_PlanIn:0
            num_until_goal_expanded:0
            timing_expansions:
                total_S3Exp: 0
                time_top_o: 0
                time_check_in_c: 0
                time_add_parent: 0
                num_neighbors: 0
                time_add_neighbors_to_o: 0
    num_new_collisions: 2
    timing_PIOW_new_collisions:
        total_PIOW: 0.000419842
        num_windows: 2
        time_check_overlap: 1.05e-07
        num_overlapping_windows: 0
        time_merge_windows: 0
        time_remove_window: 0
        time_remove_window: 6.03e-07
        timing_PlanIn:
            total_PlanIn:0.000417012
            num_until_goal_expanded:33
            timing_expansions:
                total_S3Exp: 0.000410608
                time_top_o: 5.382e-06
                time_check_in_c: 6.55e-06
                time_add_parent: 9.438e-06
                num_neighbors: 606
                time_add_neighbors_to_o: 0.000308711
    num_windows_should_quit: 0
    time_should_quit: 4.578e-06
    time_remove_window: 0
Complete!
