Total time: 0.0233815
is_optimal: true
optimality_bound: 1
successive_bounds: [1.00252, 1.00252, 1.00252, 1.00252, 1.00252, 1.00252, 1.00168, 1.00168, 1.00168, 1.00168, 1.00168, 1.00168, 1.00168, 1.00168, 1.00168, 1.00168, 1.00168, 1.00168, 1, 1]
successive_runtimes: [0.00393629, 0.00440153, 0.00485535, 0.00530721, 0.00575927, 0.00625758, 0.00806889, 0.00953382, 0.0106556, 0.0114477, 0.0121881, 0.0130298, 0.014074, 0.0152404, 0.0165079, 0.0179316, 0.0195021, 0.0211558, 0.0233815]
num_agents: 20
time_individual_plan: 0.00298361
time_first_plan: 0.000425618
num_max_agents_in_window_first_iteration: 2
num_recWAMPF: 19
timing_recWAMPF:
    total_RecWAMPF: 0.0198679
    num_windows: 74
    num_max_agents_in_window: 2
    timing_gari:
        total_GARI: 0.0179301
        time_path_btw_starts: 0.000164779
        Stage1:
            total_Stage1:0.00827545
            time_add_x_to_o: 0.00341225
            time_clear_x: 0.000507068
            timing_AStarSearchUntil:
                total_astar_search_until:0.00435174
                num_values_f_less_fmax:1374
                ASU Exp:
                    total_ASUExp:0.00434998
                    time_top_o:0.000342976
                    time_check_in_c:0.000237692
                    time_add_parent:0.000165163
                    num_neighbors:8392
                    time_add_neighbors_to_o:0.00301128
        Stage2:
            total_Stage2:0.00283322
            num_len_path:71
            time_expanding_s:2.9557e-05
            timing_AStarSearchUntil:
                total_astar_search_until:0.00278365
                num_values_f_less_fmax:217
                ASU Exp:
                    total_ASUExp:0.00278208
                    time_top_o:5.0484e-05
                    time_check_in_c:5.2933e-05
                    time_add_parent:8.3995e-05
                    num_neighbors:5678
                    time_add_neighbors_to_o:0.00236067
        Stage3:
            total_Stage3:0.00664587
            num_until_goal_expanded:821
            timing_S3Exp:
                total_S3Exp: 0.00390711
                time_top_o: 0.000184729
                time_check_in_c: 0.000118072
                time_add_parent: 0.000249845
                num_neighbors: 6490
                time_add_neighbors_to_o: 0.00251756
    timing_PIOW_overlapping:
        total_PIOW: 4.66e-06
        num_windows: 72
        time_check_overlap: 2.338e-06
        num_overlapping_windows: 0
        time_merge_windows: 0
        time_remove_window: 0
        time_remove_window: 0
        timing_PlanIn:
            total_PlanIn:0
            num_until_goal_expanded:0
            timing_expansions:
                total_S3Exp: 0
                time_top_o: 0
                time_check_in_c: 0
                time_add_parent: 0
                num_neighbors: 0
                time_add_neighbors_to_o: 0
    num_new_collisions: 2
    timing_PIOW_new_collisions:
        total_PIOW: 0.000287848
        num_windows: 2
        time_check_overlap: 1.15e-07
        num_overlapping_windows: 0
        time_merge_windows: 0
        time_remove_window: 0
        time_remove_window: 7.69e-07
        timing_PlanIn:
            total_PlanIn:0.000284418
            num_until_goal_expanded:34
            timing_expansions:
                total_S3Exp: 0.000279687
                time_top_o: 4.595e-06
                time_check_in_c: 6.074e-06
                time_add_parent: 9.498e-06
                num_neighbors: 393
                time_add_neighbors_to_o: 0.000208113
    num_windows_should_quit: 0
    time_should_quit: 2.298e-06
    time_remove_window: 0
Complete!
