Total time: 0.117727
is_optimal: true
optimality_bound: 1
successive_bounds: [1.00289, 1.00289, 1.00289, 1.00289, 1.00289, 1.00289, 1.00289, 1.00289, 1.00289, 1.00289, 1.00289, 1.00289, 1.00289, 1.00289, 1.00289, 1.00289, 1.00289, 1.00289, 1.00289, 1.00289, 1.00289, 1.00289, 1.00289, 1, 1]
successive_runtimes: [0.00266234, 0.00288366, 0.00307537, 0.00328619, 0.0034996, 0.00373695, 0.00395416, 0.00418346, 0.00438234, 0.00457761, 0.00477757, 0.00498914, 0.00522111, 0.00544329, 0.00568361, 0.00591287, 0.0061519, 0.00639861, 0.0066475, 0.00690963, 0.00720238, 0.00747356, 0.00774521, 0.117727]
num_agents: 10
time_individual_plan: 0.00174098
time_first_plan: 0.000250815
num_max_agents_in_window_first_iteration: 2
num_recWAMPF: 24
timing_recWAMPF:
    total_RecWAMPF: 0.115311
    num_windows: 47
    num_max_agents_in_window: 2
    timing_gari:
        total_GARI: 0.114421
        time_path_btw_starts: 0.000188468
        Stage1:
            total_Stage1:0.000421212
            time_add_x_to_o: 0.000376722
            time_clear_x: 3.9326e-05
            timing_AStarSearchUntil:
                total_astar_search_until:2.454e-06
                num_values_f_less_fmax:0
                ASU Exp:
                    total_ASUExp:1.136e-06
                    time_top_o:0
                    time_check_in_c:0
                    time_add_parent:0
                    num_neighbors:0
                    time_add_neighbors_to_o:0
        Stage2:
            total_Stage2:0.104028
            num_len_path:70
            time_expanding_s:4.1808e-05
            timing_AStarSearchUntil:
                total_astar_search_until:0.103967
                num_values_f_less_fmax:3912
                ASU Exp:
                    total_ASUExp:0.103965
                    time_top_o:0.00412142
                    time_check_in_c:0.00195051
                    time_add_parent:0.00407511
                    num_neighbors:98648
                    time_add_neighbors_to_o:0.0851139
        Stage3:
            total_Stage3:0.00976403
            num_until_goal_expanded:52
            timing_S3Exp:
                total_S3Exp: 0.000667233
                time_top_o: 1.1205e-05
                time_check_in_c: 1.0498e-05
                time_add_parent: 1.8737e-05
                num_neighbors: 320
                time_add_neighbors_to_o: 0.000292329
    timing_PIOW_overlapping:
        total_PIOW: 9.23e-07
        num_windows: 23
        time_check_overlap: 0
        num_overlapping_windows: 0
        time_merge_windows: 0
        time_remove_window: 0
        time_remove_window: 0
        timing_PlanIn:
            total_PlanIn:0
            num_until_goal_expanded:0
            timing_expansions:
                total_S3Exp: 0
                time_top_o: 0
                time_check_in_c: 0
                time_add_parent: 0
                num_neighbors: 0
                time_add_neighbors_to_o: 0
    num_new_collisions: 1
    timing_PIOW_new_collisions:
        total_PIOW: 0.000201443
        num_windows: 0
        time_check_overlap: 0
        num_overlapping_windows: 0
        time_merge_windows: 0
        time_remove_window: 0
        time_remove_window: 4.81e-07
        timing_PlanIn:
            total_PlanIn:0.000198815
            num_until_goal_expanded:8
            timing_expansions:
                total_S3Exp: 0.000193305
                time_top_o: 2.193e-06
                time_check_in_c: 3.452e-06
                time_add_parent: 5.886e-06
                num_neighbors: 160
                time_add_neighbors_to_o: 0.000155105
    num_windows_should_quit: 0
    time_should_quit: 2.622e-06
    time_remove_window: 0
Complete!
