Total time: 0.0500934
is_optimal: true
optimality_bound: 1
successive_bounds: [1.00787, 1.00787, 1.00787, 1.00315, 1.00315, 1.00315, 1.00315, 1.00315, 1.00315, 1.00315, 1.00315, 1.00315, 1.00315, 1.00315, 1.00315, 1.00157, 1.00157, 1.00157, 1.00157, 1.00157, 1.00157, 1.00157, 1.00157, 1, 1]
successive_runtimes: [0.00419878, 0.00545726, 0.00670484, 0.00947604, 0.0118509, 0.0138151, 0.016212, 0.0189442, 0.0218038, 0.0242812, 0.0268348, 0.0296682, 0.0324709, 0.0354839, 0.0385273, 0.0415419, 0.0431033, 0.0441248, 0.0450111, 0.0459117, 0.0468445, 0.0477428, 0.0486419, 0.0500934]
num_agents: 20
time_individual_plan: 0.00264885
time_first_plan: 0.0010217
num_max_agents_in_window_first_iteration: 2
num_recWAMPF: 24
timing_recWAMPF:
    total_RecWAMPF: 0.046913
    num_windows: 193
    num_max_agents_in_window: 3
    timing_gari:
        total_GARI: 0.0422386
        time_path_btw_starts: 0.000466164
        Stage1:
            total_Stage1:0.0131837
            time_add_x_to_o: 0.00660512
            time_clear_x: 0.00096827
            timing_AStarSearchUntil:
                total_astar_search_until:0.00560069
                num_values_f_less_fmax:4238
                ASU Exp:
                    total_ASUExp:0.00559651
                    time_top_o:0.00102334
                    time_check_in_c:0.00057274
                    time_add_parent:0.000323058
                    num_neighbors:7755
                    time_add_neighbors_to_o:0.00276745
        Stage2:
            total_Stage2:0.00423005
            num_len_path:156
            time_expanding_s:7.9375e-05
            timing_AStarSearchUntil:
                total_astar_search_until:0.00409912
                num_values_f_less_fmax:297
                ASU Exp:
                    total_ASUExp:0.00408191
                    time_top_o:7.6794e-05
                    time_check_in_c:5.5238e-05
                    time_add_parent:8.5661e-05
                    num_neighbors:9626
                    time_add_neighbors_to_o:0.00350614
        Stage3:
            total_Stage3:0.0238996
            num_until_goal_expanded:2580
            timing_S3Exp:
                total_S3Exp: 0.0148817
                time_top_o: 0.000618295
                time_check_in_c: 0.000364763
                time_add_parent: 0.000722558
                num_neighbors: 22936
                time_add_neighbors_to_o: 0.0101552
    timing_PIOW_overlapping:
        total_PIOW: 0.00103249
        num_windows: 391
        time_check_overlap: 1.4367e-05
        num_overlapping_windows: 1
        time_merge_windows: 1.005e-06
        time_remove_window: 1.54e-07
        time_remove_window: 9.52e-07
        timing_PlanIn:
            total_PlanIn:0.00100581
            num_until_goal_expanded:31
            timing_expansions:
                total_S3Exp: 0.00100372
                time_top_o: 6.353e-06
                time_check_in_c: 5.247e-06
                time_add_parent: 9.267e-06
                num_neighbors: 1520
                time_add_neighbors_to_o: 0.000895954
    num_new_collisions: 5
    timing_PIOW_new_collisions:
        total_PIOW: 0.000772697
        num_windows: 20
        time_check_overlap: 6.5e-07
        num_overlapping_windows: 0
        time_merge_windows: 0
        time_remove_window: 0
        time_remove_window: 2.37e-06
        timing_PlanIn:
            total_PlanIn:0.000764621
            num_until_goal_expanded:95
            timing_expansions:
                total_S3Exp: 0.000742667
                time_top_o: 1.2129e-05
                time_check_in_c: 1.5845e-05
                time_add_parent: 2.406e-05
                num_neighbors: 1113
                time_add_neighbors_to_o: 0.000552563
    num_windows_should_quit: 0
    time_should_quit: 6.419e-06
    time_remove_window: 0
Complete!
