Total time: 0.0947665
is_optimal: false
optimality_bound: 1.00095
successive_bounds: [1.00413, 1.00413, 1.00159, 1.00159, 1.00159, 1.00159, 1.00159, 1.00159, 1.00159, 1.00095]
successive_runtimes: [0.0381158, 0.0428305, 0.0480101, 0.0522874, 0.0564323, 0.0606222, 0.0659755, 0.0704204, 0.0823217, 0.0947665]
num_agents: 40
time_individual_plan: 0.00745794
time_first_plan: 0.0301239
num_max_agents_in_window_first_iteration: 3
num_recWAMPF: 10
timing_recWAMPF:
    total_RecWAMPF: 0.0867715
    num_windows: 167
    num_max_agents_in_window: 3
    timing_gari:
        total_GARI: 0.0448984
        time_path_btw_starts: 0.000423501
        Stage1:
            total_Stage1:0.00848362
            time_add_x_to_o: 0.00691464
            time_clear_x: 0.000680649
            timing_AStarSearchUntil:
                total_astar_search_until:0.000879325
                num_values_f_less_fmax:460
                ASU Exp:
                    total_ASUExp:0.00087545
                    time_top_o:8.9872e-05
                    time_check_in_c:5.4143e-05
                    time_add_parent:3.2263e-05
                    num_neighbors:1316
                    time_add_neighbors_to_o:0.000506177
        Stage2:
            total_Stage2:0.00303131
            num_len_path:147
            time_expanding_s:0.000188403
            timing_AStarSearchUntil:
                total_astar_search_until:0.00278673
                num_values_f_less_fmax:187
                ASU Exp:
                    total_ASUExp:0.00278349
                    time_top_o:5.5604e-05
                    time_check_in_c:3.7482e-05
                    time_add_parent:8.4418e-05
                    num_neighbors:6047
                    time_add_neighbors_to_o:0.00234682
        Stage3:
            total_Stage3:0.0324971
            num_until_goal_expanded:1275
            timing_S3Exp:
                total_S3Exp: 0.00797862
                time_top_o: 0.000258359
                time_check_in_c: 0.000178352
                time_add_parent: 0.000303942
                num_neighbors: 10448
                time_add_neighbors_to_o: 0.00518951
    timing_PIOW_overlapping:
        total_PIOW: 0.00761643
        num_windows: 709
        time_check_overlap: 2.7157e-05
        num_overlapping_windows: 1
        time_merge_windows: 2.31e-06
        time_remove_window: 2.15e-07
        time_remove_window: 2.26e-06
        timing_PlanIn:
            total_PlanIn:0.00756919
            num_until_goal_expanded:298
            timing_expansions:
                total_S3Exp: 0.0075669
                time_top_o: 6.4621e-05
                time_check_in_c: 4.8916e-05
                time_add_parent: 8.6742e-05
                num_neighbors: 13253
                time_add_neighbors_to_o: 0.00660287
    num_new_collisions: 10
    timing_PIOW_new_collisions:
        total_PIOW: 0.0284941
        num_windows: 76
        time_check_overlap: 2.997e-06
        num_overlapping_windows: 1
        time_merge_windows: 0
        time_remove_window: 0.00962414
        time_remove_window: 4.115e-06
        timing_PlanIn:
            total_PlanIn:0.0284719
            num_until_goal_expanded:634
            timing_expansions:
                total_S3Exp: 0.0284336
                time_top_o: 0.000203891
                time_check_in_c: 0.000129569
                time_add_parent: 0.000184807
                num_neighbors: 50229
                time_add_neighbors_to_o: 0.0258142
    num_windows_should_quit: 0
    time_should_quit: 8.377e-06
    time_remove_window: 0
Complete!
