Total time: 12.2535
is_optimal: true
optimality_bound: 1
successive_bounds: [1.00137, 1.00137, 1.00137, 1.00137, 1.00046, 1.00046, 1.00046, 1.00046, 1.00046, 1.00046, 1.00046, 1.00046, 1.00046, 1.00046, 1.00046, 1.00046, 1.00046, 1.00046, 1, 1]
successive_runtimes: [4.92049, 6.16474, 8.40196, 10.7059, 12.2287, 12.2445, 12.2459, 12.2473, 12.2485, 12.2497, 12.251, 12.2513, 12.2516, 12.2518, 12.2521, 12.2524, 12.2527, 12.253, 12.2535]
num_agents: 30
time_individual_plan: 0.00428299
time_first_plan: 4.91551
num_max_agents_in_window_first_iteration: 3
num_recWAMPF: 19
timing_recWAMPF:
    total_RecWAMPF: 12.2485
    num_windows: 58
    num_max_agents_in_window: 3
    timing_gari:
        total_GARI: 4.44181
        time_path_btw_starts: 0.000254981
        Stage1:
            total_Stage1:4.29619
            time_add_x_to_o: 0.878073
            time_clear_x: 0.356091
            timing_AStarSearchUntil:
                total_astar_search_until:0.841783
                num_values_f_less_fmax:78729
                ASU Exp:
                    total_ASUExp:0.841782
                    time_top_o:0.104479
                    time_check_in_c:0.0373688
                    time_add_parent:0.0297028
                    num_neighbors:4491552
                    time_add_neighbors_to_o:2.64089
        Stage2:
            total_Stage2:0.0056507
            num_len_path:43
            time_expanding_s:0.000670646
            timing_AStarSearchUntil:
                total_astar_search_until:0.00495275
                num_values_f_less_fmax:43
                ASU Exp:
                    total_ASUExp:0.0049515
                    time_top_o:1.8453e-05
                    time_check_in_c:1.5058e-05
                    time_add_parent:2.5411e-05
                    num_neighbors:2080
                    time_add_neighbors_to_o:0.00479477
        Stage3:
            total_Stage3:0.139698
            num_until_goal_expanded:2490
            timing_S3Exp:
                total_S3Exp: 0.0818377
                time_top_o: 0.00256022
                time_check_in_c: 0.000881367
                time_add_parent: 0.00157628
                num_neighbors: 124463
                time_add_neighbors_to_o: 0.0724293
    timing_PIOW_overlapping:
        total_PIOW: 5.806e-06
        num_windows: 48
        time_check_overlap: 2.944e-06
        num_overlapping_windows: 0
        time_merge_windows: 0
        time_remove_window: 0
        time_remove_window: 0
        timing_PlanIn:
            total_PlanIn:0
            num_until_goal_expanded:0
            timing_expansions:
                total_S3Exp: 0
                time_top_o: 0
                time_check_in_c: 0
                time_add_parent: 0
                num_neighbors: 0
                time_add_neighbors_to_o: 0
    num_new_collisions: 3
    timing_PIOW_new_collisions:
        total_PIOW: 4.91503
        num_windows: 7
        time_check_overlap: 8.4e-07
        num_overlapping_windows: 1
        time_merge_windows: 2.558e-06
        time_remove_window: 3.73e-07
        time_remove_window: 1.219e-06
        timing_PlanIn:
            total_PlanIn:4.91499
            num_until_goal_expanded:201934
            timing_expansions:
                total_S3Exp: 0.954255
                time_top_o: 0.087855
                time_check_in_c: 0.049083
                time_add_parent: 0.0690131
                num_neighbors: 6701218
                time_add_neighbors_to_o: 3.70156
    num_windows_should_quit: 1
    time_should_quit: 5.85e-06
    time_remove_window: 2.63e-07
Complete!
