Total time: 0.068277
is_optimal: true
optimality_bound: 1
successive_bounds: [1.03709, 1.00193, 1.00193, 1.00193, 1.00096, 1.00096, 1.00096, 1, 1]
successive_runtimes: [0.0116442, 0.0506631, 0.0534599, 0.0567994, 0.0602626, 0.0631468, 0.0661067, 0.068277]
num_agents: 30
time_individual_plan: 0.00439093
time_first_plan: 0.00672838
num_max_agents_in_window_first_iteration: 2
num_recWAMPF: 8
timing_recWAMPF:
    total_RecWAMPF: 0.0633596
    num_windows: 45
    num_max_agents_in_window: 2
    timing_gari:
        total_GARI: 0.0495214
        time_path_btw_starts: 0.000108819
        Stage1:
            total_Stage1:0.041805
            time_add_x_to_o: 0.00597069
            time_clear_x: 0.000858946
            timing_AStarSearchUntil:
                total_astar_search_until:0.00492052
                num_values_f_less_fmax:8960
                ASU Exp:
                    total_ASUExp:0.00491955
                    time_top_o:0.00237273
                    time_check_in_c:0.00136186
                    time_add_parent:0.000866538
                    num_neighbors:66571
                    time_add_neighbors_to_o:0.0262733
        Stage2:
            total_Stage2:0.000783889
            num_len_path:43
            time_expanding_s:2.3604e-05
            timing_AStarSearchUntil:
                total_astar_search_until:0.000748195
                num_values_f_less_fmax:61
                ASU Exp:
                    total_ASUExp:0.000747392
                    time_top_o:1.4515e-05
                    time_check_in_c:1.4709e-05
                    time_add_parent:1.8041e-05
                    num_neighbors:1585
                    time_add_neighbors_to_o:0.000628887
        Stage3:
            total_Stage3:0.00681717
            num_until_goal_expanded:1451
            timing_S3Exp:
                total_S3Exp: 0.00550098
                time_top_o: 0.000332007
                time_check_in_c: 0.000188104
                time_add_parent: 0.000386927
                num_neighbors: 8072
                time_add_neighbors_to_o: 0.00300162
    timing_PIOW_overlapping:
        total_PIOW: 3.783e-06
        num_windows: 63
        time_check_overlap: 1.917e-06
        num_overlapping_windows: 0
        time_merge_windows: 0
        time_remove_window: 0
        time_remove_window: 0
        timing_PlanIn:
            total_PlanIn:0
            num_until_goal_expanded:0
            timing_expansions:
                total_S3Exp: 0
                time_top_o: 0
                time_check_in_c: 0
                time_add_parent: 0
                num_neighbors: 0
                time_add_neighbors_to_o: 0
    num_new_collisions: 3
    timing_PIOW_new_collisions:
        total_PIOW: 0.00614672
        num_windows: 6
        time_check_overlap: 2.99e-07
        num_overlapping_windows: 0
        time_merge_windows: 0
        time_remove_window: 0
        time_remove_window: 1.01e-06
        timing_PlanIn:
            total_PlanIn:0.00614086
            num_until_goal_expanded:535
            timing_expansions:
                total_S3Exp: 0.00613493
                time_top_o: 7.2459e-05
                time_check_in_c: 0.0001142
                time_add_parent: 0.000132555
                num_neighbors: 11416
                time_add_neighbors_to_o: 0.00502671
    num_windows_should_quit: 0
    time_should_quit: 1.482e-06
    time_remove_window: 0
Complete!
