Total time: 0.0385856
is_optimal: false
optimality_bound: 1.00114
successive_bounds: [1.00304, 1.00266, 1.00266, 1.0019, 1.00114, 1.00114, 1.00114, 1.00114, 1.00114, 1.00114, 1.00114, 1.00114, 1.00114, 1.00114]
successive_runtimes: [0.00636602, 0.00748982, 0.00855485, 0.00962503, 0.0124365, 0.0137871, 0.0148052, 0.0166911, 0.0181405, 0.0193355, 0.0204097, 0.0287224, 0.035319, 0.0385856]
num_agents: 40
time_individual_plan: 0.00431669
time_first_plan: 0.00151682
num_max_agents_in_window_first_iteration: 2
num_recWAMPF: 14
timing_recWAMPF:
    total_RecWAMPF: 0.0337339
    num_windows: 156
    num_max_agents_in_window: 3
    timing_gari:
        total_GARI: 0.0196774
        time_path_btw_starts: 0.000353652
        Stage1:
            total_Stage1:0.00539402
            time_add_x_to_o: 0.00455839
            time_clear_x: 0.000570793
            timing_AStarSearchUntil:
                total_astar_search_until:0.000257367
                num_values_f_less_fmax:212
                ASU Exp:
                    total_ASUExp:0.000253909
                    time_top_o:4.6883e-05
                    time_check_in_c:2.0567e-05
                    time_add_parent:4.901e-06
                    num_neighbors:410
                    time_add_neighbors_to_o:0.000132337
        Stage2:
            total_Stage2:0.00493005
            num_len_path:158
            time_expanding_s:7.1525e-05
            timing_AStarSearchUntil:
                total_astar_search_until:0.00479834
                num_values_f_less_fmax:359
                ASU Exp:
                    total_ASUExp:0.00479516
                    time_top_o:8.5228e-05
                    time_check_in_c:6.7058e-05
                    time_add_parent:0.000127143
                    num_neighbors:9865
                    time_add_neighbors_to_o:0.00407115
        Stage3:
            total_Stage3:0.00897965
            num_until_goal_expanded:530
            timing_S3Exp:
                total_S3Exp: 0.00512376
                time_top_o: 0.00011292
                time_check_in_c: 6.3479e-05
                time_add_parent: 0.000122324
                num_neighbors: 7871
                time_add_neighbors_to_o: 0.00369523
    timing_PIOW_overlapping:
        total_PIOW: 0.00731325
        num_windows: 442
        time_check_overlap: 1.3801e-05
        num_overlapping_windows: 1
        time_merge_windows: 1.114e-06
        time_remove_window: 2.12e-07
        time_remove_window: 1.064e-06
        timing_PlanIn:
            total_PlanIn:0.00728612
            num_until_goal_expanded:216
            timing_expansions:
                total_S3Exp: 0.00728413
                time_top_o: 6.4157e-05
                time_check_in_c: 3.6005e-05
                time_add_parent: 5.6546e-05
                num_neighbors: 12048
                time_add_neighbors_to_o: 0.00648133
    num_new_collisions: 6
    timing_PIOW_new_collisions:
        total_PIOW: 0.000485655
        num_windows: 30
        time_check_overlap: 1.26e-06
        num_overlapping_windows: 0
        time_merge_windows: 0
        time_remove_window: 0
        time_remove_window: 3.917e-06
        timing_PlanIn:
            total_PlanIn:0.000474028
            num_until_goal_expanded:49
            timing_expansions:
                total_S3Exp: 0.00046287
                time_top_o: 6.959e-06
                time_check_in_c: 8.921e-06
                time_add_parent: 1.4421e-05
                num_neighbors: 684
                time_add_neighbors_to_o: 0.000341949
    num_windows_should_quit: 0
    time_should_quit: 4.198e-06
    time_remove_window: 0
Complete!
