Total time: 0.0216183
is_optimal: true
optimality_bound: 1
successive_bounds: [1.00291, 1.00146, 1.00146, 1.00146, 1.00146, 1.00146, 1.00146, 1.00146, 1.00146, 1, 1]
successive_runtimes: [0.00355406, 0.00540797, 0.00663155, 0.008053, 0.00976857, 0.011552, 0.0136557, 0.0161025, 0.0188337, 0.0216183]
num_agents: 20
time_individual_plan: 0.00243807
time_first_plan: 0.000600471
num_max_agents_in_window_first_iteration: 2
num_recWAMPF: 10
timing_recWAMPF:
    total_RecWAMPF: 0.0186627
    num_windows: 38
    num_max_agents_in_window: 2
    timing_gari:
        total_GARI: 0.0170966
        time_path_btw_starts: 9.6114e-05
        Stage1:
            total_Stage1:0.00812315
            time_add_x_to_o: 0.00305892
            time_clear_x: 0.000432878
            timing_AStarSearchUntil:
                total_astar_search_until:0.00462907
                num_values_f_less_fmax:3590
                ASU Exp:
                    total_ASUExp:0.00462813
                    time_top_o:0.000831552
                    time_check_in_c:0.000491005
                    time_add_parent:0.000340748
                    num_neighbors:4275
                    time_add_neighbors_to_o:0.00169399
        Stage2:
            total_Stage2:0.00140938
            num_len_path:38
            time_expanding_s:1.5569e-05
            timing_AStarSearchUntil:
                total_astar_search_until:0.00138344
                num_values_f_less_fmax:113
                ASU Exp:
                    total_ASUExp:0.00138259
                    time_top_o:3.9652e-05
                    time_check_in_c:1.9951e-05
                    time_add_parent:2.9266e-05
                    num_neighbors:2991
                    time_add_neighbors_to_o:0.0011742
        Stage3:
            total_Stage3:0.00745905
            num_until_goal_expanded:1533
            timing_S3Exp:
                total_S3Exp: 0.00588422
                time_top_o: 0.000351983
                time_check_in_c: 0.000219297
                time_add_parent: 0.000437788
                num_neighbors: 9264
                time_add_neighbors_to_o: 0.00361416
    timing_PIOW_overlapping:
        total_PIOW: 2.159e-06
        num_windows: 36
        time_check_overlap: 9.95e-07
        num_overlapping_windows: 0
        time_merge_windows: 0
        time_remove_window: 0
        time_remove_window: 0
        timing_PlanIn:
            total_PlanIn:0
            num_until_goal_expanded:0
            timing_expansions:
                total_S3Exp: 0
                time_top_o: 0
                time_check_in_c: 0
                time_add_parent: 0
                num_neighbors: 0
                time_add_neighbors_to_o: 0
    num_new_collisions: 2
    timing_PIOW_new_collisions:
        total_PIOW: 0.000374223
        num_windows: 2
        time_check_overlap: 1.04e-07
        num_overlapping_windows: 0
        time_merge_windows: 0
        time_remove_window: 0
        time_remove_window: 5.96e-07
        timing_PlanIn:
            total_PlanIn:0.000371257
            num_until_goal_expanded:61
            timing_expansions:
                total_S3Exp: 0.000366382
                time_top_o: 7.484e-06
                time_check_in_c: 1.1158e-05
                time_add_parent: 1.6009e-05
                num_neighbors: 526
                time_add_neighbors_to_o: 0.000241797
    num_windows_should_quit: 0
    time_should_quit: 8.86e-07
    time_remove_window: 0
Complete!
