Total time: 0.205361
is_optimal: true
optimality_bound: 1
successive_bounds: [1.00258, 1.00258, 1.00258, 1.00258, 1.00258, 1.00258, 1.00258, 1.00258, 1.00258, 1.00258, 1.00258, 1.00258, 1.00258, 1.00258, 1.00258, 1.00258, 1.00258, 1.00258, 1.00258, 1.00147, 1.00147, 1.00147, 1.00074, 1.00074, 1, 1]
successive_runtimes: [0.0105249, 0.0119613, 0.0138014, 0.0155423, 0.0171757, 0.0190511, 0.021455, 0.0235421, 0.0255417, 0.027573, 0.029558, 0.0359897, 0.0453901, 0.0491999, 0.0530823, 0.0597363, 0.0646808, 0.0726264, 0.0790112, 0.0850412, 0.0895467, 0.093602, 0.117247, 0.123646, 0.205361]
num_agents: 40
time_individual_plan: 0.00827476
time_first_plan: 0.00154708
num_max_agents_in_window_first_iteration: 2
num_recWAMPF: 25
timing_recWAMPF:
    total_RecWAMPF: 0.196376
    num_windows: 196
    num_max_agents_in_window: 2
    timing_gari:
        total_GARI: 0.185349
        time_path_btw_starts: 0.000636211
        Stage1:
            total_Stage1:0.0176874
            time_add_x_to_o: 0.00960038
            time_clear_x: 0.00110785
            timing_AStarSearchUntil:
                total_astar_search_until:0.00696489
                num_values_f_less_fmax:2441
                ASU Exp:
                    total_ASUExp:0.0069599
                    time_top_o:0.00068453
                    time_check_in_c:0.000425576
                    time_add_parent:0.00035582
                    num_neighbors:9532
                    time_add_neighbors_to_o:0.00442176
        Stage2:
            total_Stage2:0.0965421
            num_len_path:206
            time_expanding_s:0.000140447
            timing_AStarSearchUntil:
                total_astar_search_until:0.0963292
                num_values_f_less_fmax:6814
                ASU Exp:
                    total_ASUExp:0.0963247
                    time_top_o:0.00394791
                    time_check_in_c:0.00160753
                    time_add_parent:0.00272339
                    num_neighbors:156400
                    time_add_neighbors_to_o:0.079937
        Stage3:
            total_Stage3:0.0704377
            num_until_goal_expanded:3695
            timing_S3Exp:
                total_S3Exp: 0.0326203
                time_top_o: 0.00112384
                time_check_in_c: 0.000709155
                time_add_parent: 0.00122342
                num_neighbors: 52951
                time_add_neighbors_to_o: 0.0251233
    timing_PIOW_overlapping:
        total_PIOW: 3.3116e-05
        num_windows: 384
        time_check_overlap: 1.7127e-05
        num_overlapping_windows: 0
        time_merge_windows: 0
        time_remove_window: 0
        time_remove_window: 0
        timing_PlanIn:
            total_PlanIn:0
            num_until_goal_expanded:0
            timing_expansions:
                total_S3Exp: 0
                time_top_o: 0
                time_check_in_c: 0
                time_add_parent: 0
                num_neighbors: 0
                time_add_neighbors_to_o: 0
    num_new_collisions: 4
    timing_PIOW_new_collisions:
        total_PIOW: 0.000589487
        num_windows: 12
        time_check_overlap: 6.42e-07
        num_overlapping_windows: 0
        time_merge_windows: 0
        time_remove_window: 0
        time_remove_window: 1.633e-06
        timing_PlanIn:
            total_PlanIn:0.000582006
            num_until_goal_expanded:55
            timing_expansions:
                total_S3Exp: 0.000571041
                time_top_o: 1.0473e-05
                time_check_in_c: 1.1804e-05
                time_add_parent: 1.8662e-05
                num_neighbors: 692
                time_add_neighbors_to_o: 0.000424371
    num_windows_should_quit: 0
    time_should_quit: 8.979e-06
    time_remove_window: 0
Complete!
