Total time: 0.0551701
is_optimal: true
optimality_bound: 1
successive_bounds: [1.0033, 1.0022, 1.0022, 1.0011, 1, 1]
successive_runtimes: [0.0180814, 0.0260439, 0.0342385, 0.0428066, 0.0551701]
num_agents: 30
time_individual_plan: 0.00836842
time_first_plan: 0.00853779
num_max_agents_in_window_first_iteration: 2
num_recWAMPF: 5
timing_recWAMPF:
    total_RecWAMPF: 0.0456234
    num_windows: 43
    num_max_agents_in_window: 3
    timing_gari:
        total_GARI: 0.0272063
        time_path_btw_starts: 0.000207273
        Stage1:
            total_Stage1:0.0172171
            time_add_x_to_o: 0.00635592
            time_clear_x: 0.000993359
            timing_AStarSearchUntil:
                total_astar_search_until:0.0098633
                num_values_f_less_fmax:1028
                ASU Exp:
                    total_ASUExp:0.00986172
                    time_top_o:0.00061303
                    time_check_in_c:0.000419511
                    time_add_parent:0.000341114
                    num_neighbors:7259
                    time_add_neighbors_to_o:0.00707003
        Stage2:
            total_Stage2:0.00261061
            num_len_path:40
            time_expanding_s:0.000101253
            timing_AStarSearchUntil:
                total_astar_search_until:0.00248521
                num_values_f_less_fmax:76
                ASU Exp:
                    total_ASUExp:0.00248389
                    time_top_o:3.8634e-05
                    time_check_in_c:3.9501e-05
                    time_add_parent:7.3219e-05
                    num_neighbors:2002
                    time_add_neighbors_to_o:0.00208663
        Stage3:
            total_Stage3:0.0071512
            num_until_goal_expanded:443
            timing_S3Exp:
                total_S3Exp: 0.00486277
                time_top_o: 0.000209622
                time_check_in_c: 0.000156218
                time_add_parent: 0.000276231
                num_neighbors: 2573
                time_add_neighbors_to_o: 0.00275597
    timing_PIOW_overlapping:
        total_PIOW: 0.00832406
        num_windows: 97
        time_check_overlap: 6.916e-06
        num_overlapping_windows: 1
        time_merge_windows: 2.806e-06
        time_remove_window: 4.75e-07
        time_remove_window: 2.725e-06
        timing_PlanIn:
            total_PlanIn:0.00830509
            num_until_goal_expanded:90
            timing_expansions:
                total_S3Exp: 0.00830056
                time_top_o: 4.1873e-05
                time_check_in_c: 3.7245e-05
                time_add_parent: 8.183e-05
                num_neighbors: 5786
                time_add_neighbors_to_o: 0.00748503
    num_new_collisions: 5
    timing_PIOW_new_collisions:
        total_PIOW: 0.00712342
        num_windows: 20
        time_check_overlap: 2.169e-06
        num_overlapping_windows: 0
        time_merge_windows: 0
        time_remove_window: 0
        time_remove_window: 3.746e-06
        timing_PlanIn:
            total_PlanIn:0.00710458
            num_until_goal_expanded:264
            timing_expansions:
                total_S3Exp: 0.0070835
                time_top_o: 0.000101716
                time_check_in_c: 0.000127559
                time_add_parent: 0.000246075
                num_neighbors: 4177
                time_add_neighbors_to_o: 0.0054314
    num_windows_should_quit: 0
    time_should_quit: 3.443e-06
    time_remove_window: 0
Complete!
