Total time: 3.78427
is_optimal: false
optimality_bound: 1.00481
successive_bounds: [1.00734, 1.00709, 1.00658, 1.00658, 1.00658, 1.00608, 1.00481]
successive_runtimes: [0.0174381, 0.0257156, 0.0402822, 0.0675453, 0.103204, 0.13987, 3.78427]
num_agents: 60
time_individual_plan: 0.00691273
time_first_plan: 0.0100005
num_max_agents_in_window_first_iteration: 3
num_recWAMPF: 7
timing_recWAMPF:
    total_RecWAMPF: 3.77683
    num_windows: 87
    num_max_agents_in_window: 6
    timing_gari:
        total_GARI: 0.141869
        time_path_btw_starts: 0.000213892
        Stage1:
            total_Stage1:0.0643572
            time_add_x_to_o: 0.0300488
            time_clear_x: 0.00683724
            timing_AStarSearchUntil:
                total_astar_search_until:0.0274661
                num_values_f_less_fmax:137
                ASU Exp:
                    total_ASUExp:0.0274641
                    time_top_o:0.00014696
                    time_check_in_c:0.00109967
                    time_add_parent:3.5048e-05
                    num_neighbors:45625
                    time_add_neighbors_to_o:0.0254235
        Stage2:
            total_Stage2:0.0127019
            num_len_path:90
            time_expanding_s:4.1765e-05
            timing_AStarSearchUntil:
                total_astar_search_until:0.0126299
                num_values_f_less_fmax:216
                ASU Exp:
                    total_ASUExp:0.0126284
                    time_top_o:7.1921e-05
                    time_check_in_c:3.9533e-05
                    time_add_parent:6.2117e-05
                    num_neighbors:23405
                    time_add_neighbors_to_o:0.0121522
        Stage3:
            total_Stage3:0.0320948
            num_until_goal_expanded:325
            timing_S3Exp:
                total_S3Exp: 0.0159287
                time_top_o: 8.964e-05
                time_check_in_c: 5.1807e-05
                time_add_parent: 8.8423e-05
                num_neighbors: 24857
                time_add_neighbors_to_o: 0.0150792
    timing_PIOW_overlapping:
        total_PIOW: 0.232601
        num_windows: 380
        time_check_overlap: 1.206e-05
        num_overlapping_windows: 10
        time_merge_windows: 8.521e-06
        time_remove_window: 1.702e-06
        time_remove_window: 8.106e-06
        timing_PlanIn:
            total_PlanIn:0.232559
            num_until_goal_expanded:543
            timing_expansions:
                total_S3Exp: 0.232541
                time_top_o: 0.000128374
                time_check_in_c: 0.000105775
                time_add_parent: 0.000156791
                num_neighbors: 406008
                time_add_neighbors_to_o: 0.221238
    num_new_collisions: 18
    timing_PIOW_new_collisions:
        total_PIOW: 3.38943
        num_windows: 252
        time_check_overlap: 7.311e-06
        num_overlapping_windows: 3
        time_merge_windows: 0
        time_remove_window: 0.474572
        time_remove_window: 8.04e-06
        timing_PlanIn:
            total_PlanIn:3.38939
            num_until_goal_expanded:726
            timing_expansions:
                total_S3Exp: 3.38935
                time_top_o: 0.000461429
                time_check_in_c: 0.000205304
                time_add_parent: 0.000273192
                num_neighbors: 5644147
                time_add_neighbors_to_o: 3.24608
    num_windows_should_quit: 0
    time_should_quit: 6.139e-06
    time_remove_window: 0
Complete!
