Total time: 0.103439
is_optimal: false
optimality_bound: 1.00481
successive_bounds: [1.00674, 1.00674, 1.00546, 1.00481, 1.00481, 1.00481]
successive_runtimes: [0.0165764, 0.0207546, 0.0427858, 0.0739112, 0.0886985, 0.103439]
num_agents: 50
time_individual_plan: 0.0123526
time_first_plan: 0.00359496
num_max_agents_in_window_first_iteration: 2
num_recWAMPF: 6
timing_recWAMPF:
    total_RecWAMPF: 0.0904553
    num_windows: 132
    num_max_agents_in_window: 3
    timing_gari:
        total_GARI: 0.0677146
        time_path_btw_starts: 0.000360983
        Stage1:
            total_Stage1:0.0357631
            time_add_x_to_o: 0.00926612
            time_clear_x: 0.00108464
            timing_AStarSearchUntil:
                total_astar_search_until:0.0254046
                num_values_f_less_fmax:2582
                ASU Exp:
                    total_ASUExp:0.0254014
                    time_top_o:0.000809647
                    time_check_in_c:0.00049311
                    time_add_parent:0.000537498
                    num_neighbors:52038
                    time_add_neighbors_to_o:0.0220392
        Stage2:
            total_Stage2:0.0159103
            num_len_path:118
            time_expanding_s:7.0411e-05
            timing_AStarSearchUntil:
                total_astar_search_until:0.0157969
                num_values_f_less_fmax:563
                ASU Exp:
                    total_ASUExp:0.0157941
                    time_top_o:0.000205392
                    time_check_in_c:0.000114001
                    time_add_parent:0.000198332
                    num_neighbors:32106
                    time_add_neighbors_to_o:0.0144859
        Stage3:
            total_Stage3:0.0156553
            num_until_goal_expanded:894
            timing_S3Exp:
                total_S3Exp: 0.00552472
                time_top_o: 0.000223996
                time_check_in_c: 0.000145595
                time_add_parent: 0.000278589
                num_neighbors: 7911
                time_add_neighbors_to_o: 0.00380601
    timing_PIOW_overlapping:
        total_PIOW: 4.9484e-05
        num_windows: 720
        time_check_overlap: 2.7917e-05
        num_overlapping_windows: 0
        time_merge_windows: 0
        time_remove_window: 0
        time_remove_window: 0
        timing_PlanIn:
            total_PlanIn:0
            num_until_goal_expanded:0
            timing_expansions:
                total_S3Exp: 0
                time_top_o: 0
                time_check_in_c: 0
                time_add_parent: 0
                num_neighbors: 0
                time_add_neighbors_to_o: 0
    num_new_collisions: 13
    timing_PIOW_new_collisions:
        total_PIOW: 0.0182718
        num_windows: 164
        time_check_overlap: 6.455e-06
        num_overlapping_windows: 1
        time_merge_windows: 0
        time_remove_window: 0.0258756
        time_remove_window: 5.263e-06
        timing_PlanIn:
            total_PlanIn:0.0182396
            num_until_goal_expanded:681
            timing_expansions:
                total_S3Exp: 0.0182148
                time_top_o: 0.000222924
                time_check_in_c: 0.000135108
                time_add_parent: 0.000196687
                num_neighbors: 35688
                time_add_neighbors_to_o: 0.0156577
    num_windows_should_quit: 0
    time_should_quit: 9.016e-06
    time_remove_window: 0
Complete!
