Total time: 0.0779557
is_optimal: true
optimality_bound: 1
successive_bounds: [1.00248, 1.00248, 1.00165, 1.00165, 1.00165, 1.00165, 1.00165, 1.00165, 1.00165, 1.00165, 1.00165, 1.00165, 1.00083, 1.00083, 1.00083, 1.00083, 1.00083, 1.00083, 1.00083, 1.00083, 1.00083, 1.00083, 1.00083, 1.00083, 1.00083, 1.00083, 1.00083, 1.00083, 1.00083, 1.00083, 1.00083, 1, 1]
successive_runtimes: [0.00788443, 0.00866385, 0.00960014, 0.0104595, 0.0112331, 0.0120732, 0.0128984, 0.0144508, 0.0153955, 0.0163234, 0.0172422, 0.0184703, 0.0325354, 0.0355375, 0.0370001, 0.0385223, 0.0400948, 0.041723, 0.0432973, 0.0452901, 0.0469248, 0.0486296, 0.0503397, 0.0520692, 0.0542296, 0.0564461, 0.0595872, 0.0623672, 0.0651111, 0.0676381, 0.0718669, 0.0779557]
num_agents: 30
time_individual_plan: 0.00619228
time_first_plan: 0.000980991
num_max_agents_in_window_first_iteration: 2
num_recWAMPF: 32
timing_recWAMPF:
    total_RecWAMPF: 0.0710447
    num_windows: 252
    num_max_agents_in_window: 2
    timing_gari:
        total_GARI: 0.0632152
        time_path_btw_starts: 0.000907859
        Stage1:
            total_Stage1:0.015354
            time_add_x_to_o: 0.00612873
            time_clear_x: 0.000801778
            timing_AStarSearchUntil:
                total_astar_search_until:0.00840658
                num_values_f_less_fmax:1383
                ASU Exp:
                    total_ASUExp:0.0083999
                    time_top_o:0.000437499
                    time_check_in_c:0.000289234
                    time_add_parent:0.000309301
                    num_neighbors:14603
                    time_add_neighbors_to_o:0.00644201
        Stage2:
            total_Stage2:0.0192039
            num_len_path:286
            time_expanding_s:0.000181886
            timing_AStarSearchUntil:
                total_astar_search_until:0.018942
                num_values_f_less_fmax:1310
                ASU Exp:
                    total_ASUExp:0.0189358
                    time_top_o:0.000457374
                    time_check_in_c:0.000295062
                    time_add_parent:0.000451466
                    num_neighbors:32478
                    time_add_neighbors_to_o:0.016108
        Stage3:
            total_Stage3:0.0277027
            num_until_goal_expanded:930
            timing_S3Exp:
                total_S3Exp: 0.00639199
                time_top_o: 0.000226191
                time_check_in_c: 0.00014132
                time_add_parent: 0.000283528
                num_neighbors: 8236
                time_add_neighbors_to_o: 0.00370549
    timing_PIOW_overlapping:
        total_PIOW: 4.2889e-05
        num_windows: 496
        time_check_overlap: 2.3942e-05
        num_overlapping_windows: 0
        time_merge_windows: 0
        time_remove_window: 0
        time_remove_window: 0
        timing_PlanIn:
            total_PlanIn:0
            num_until_goal_expanded:0
            timing_expansions:
                total_S3Exp: 0
                time_top_o: 0
                time_check_in_c: 0
                time_add_parent: 0
                num_neighbors: 0
                time_add_neighbors_to_o: 0
    num_new_collisions: 4
    timing_PIOW_new_collisions:
        total_PIOW: 0.000396724
        num_windows: 12
        time_check_overlap: 8.14e-07
        num_overlapping_windows: 0
        time_merge_windows: 0
        time_remove_window: 0
        time_remove_window: 1.303e-06
        timing_PlanIn:
            total_PlanIn:0.000389317
            num_until_goal_expanded:35
            timing_expansions:
                total_S3Exp: 0.000380685
                time_top_o: 6.247e-06
                time_check_in_c: 7.097e-06
                time_add_parent: 1.2063e-05
                num_neighbors: 463
                time_add_neighbors_to_o: 0.000287835
    num_windows_should_quit: 0
    time_should_quit: 9.519e-06
    time_remove_window: 0
Complete!
