Total time: 2.82903
is_optimal: false
optimality_bound: 1.00424
successive_bounds: [1.00648, 1.00573, 1.00573, 1.00573, 1.00573, 1.00473, 1.00473, 1.00473, 1.00473, 1.00424]
successive_runtimes: [0.0140028, 0.116632, 0.140519, 0.554886, 1.01089, 1.44529, 1.78385, 2.10639, 2.47475, 2.82903]
num_agents: 60
time_individual_plan: 0.00793061
time_first_plan: 0.00536203
num_max_agents_in_window_first_iteration: 2
num_recWAMPF: 10
timing_recWAMPF:
    total_RecWAMPF: 2.82038
    num_windows: 142
    num_max_agents_in_window: 4
    timing_gari:
        total_GARI: 2.31973
        time_path_btw_starts: 0.00563683
        Stage1:
            total_Stage1:1.40022
            time_add_x_to_o: 0.580008
            time_clear_x: 0.223881
            timing_AStarSearchUntil:
                total_astar_search_until:0.596318
                num_values_f_less_fmax:3264
                ASU Exp:
                    total_ASUExp:0.596312
                    time_top_o:0.00574997
                    time_check_in_c:0.00145887
                    time_add_parent:0.00652482
                    num_neighbors:665855
                    time_add_neighbors_to_o:0.578497
        Stage2:
            total_Stage2:0.045523
            num_len_path:131
            time_expanding_s:0.000709428
            timing_AStarSearchUntil:
                total_astar_search_until:0.0447349
                num_values_f_less_fmax:560
                ASU Exp:
                    total_ASUExp:0.0447315
                    time_top_o:0.000410654
                    time_check_in_c:0.000340552
                    time_add_parent:0.000999412
                    num_neighbors:56835
                    time_add_neighbors_to_o:0.0417552
        Stage3:
            total_Stage3:0.86831
            num_until_goal_expanded:596
            timing_S3Exp:
                total_S3Exp: 0.0631302
                time_top_o: 0.000222431
                time_check_in_c: 0.000118371
                time_add_parent: 0.000272725
                num_neighbors: 16483
                time_add_neighbors_to_o: 0.0173849
    timing_PIOW_overlapping:
        total_PIOW: 0.100646
        num_windows: 590
        time_check_overlap: 3.1405e-05
        num_overlapping_windows: 8
        time_merge_windows: 1.0296e-05
        time_remove_window: 1.963e-06
        time_remove_window: 9.855e-06
        timing_PlanIn:
            total_PlanIn:0.100569
            num_until_goal_expanded:1256
            timing_expansions:
                total_S3Exp: 0.100542
                time_top_o: 0.000921115
                time_check_in_c: 0.000259171
                time_add_parent: 0.000466466
                num_neighbors: 142208
                time_add_neighbors_to_o: 0.0922812
    num_new_collisions: 16
    timing_PIOW_new_collisions:
        total_PIOW: 0.390076
        num_windows: 229
        time_check_overlap: 1.0244e-05
        num_overlapping_windows: 1
        time_merge_windows: 0
        time_remove_window: 0.166349
        time_remove_window: 9.205e-06
        timing_PlanIn:
            total_PlanIn:0.39002
            num_until_goal_expanded:881
            timing_expansions:
                total_S3Exp: 0.389991
                time_top_o: 0.00108362
                time_check_in_c: 0.000284315
                time_add_parent: 0.000542318
                num_neighbors: 516419
                time_add_neighbors_to_o: 0.36972
    num_windows_should_quit: 0
    time_should_quit: 1.4802e-05
    time_remove_window: 0
Complete!
