Total time: 6.53339
is_optimal: false
optimality_bound: 1.00662
successive_bounds: [1.01221, 1.0117, 1.00814, 1.00789, 1.00738, 1.00662]
successive_runtimes: [0.0316529, 0.0585907, 0.0988741, 0.341667, 0.598176, 6.53339]
num_agents: 60
time_individual_plan: 0.00865834
time_first_plan: 0.0224621
num_max_agents_in_window_first_iteration: 3
num_recWAMPF: 6
timing_recWAMPF:
    total_RecWAMPF: 6.5242
    num_windows: 151
    num_max_agents_in_window: 5
    timing_gari:
        total_GARI: 0.667255
        time_path_btw_starts: 0.000403889
        Stage1:
            total_Stage1:0.418971
            time_add_x_to_o: 0.113016
            time_clear_x: 0.023524
            timing_AStarSearchUntil:
                total_astar_search_until:0.282422
                num_values_f_less_fmax:2674
                ASU Exp:
                    total_ASUExp:0.282418
                    time_top_o:0.00225253
                    time_check_in_c:0.00969334
                    time_add_parent:0.000880896
                    num_neighbors:541062
                    time_add_neighbors_to_o:0.264689
        Stage2:
            total_Stage2:0.0574353
            num_len_path:126
            time_expanding_s:7.5968e-05
            timing_AStarSearchUntil:
                total_astar_search_until:0.0573129
                num_values_f_less_fmax:409
                ASU Exp:
                    total_ASUExp:0.0573103
                    time_top_o:0.000191643
                    time_check_in_c:8.4633e-05
                    time_add_parent:0.000139077
                    num_neighbors:115970
                    time_add_neighbors_to_o:0.0562552
        Stage3:
            total_Stage3:0.189922
            num_until_goal_expanded:1678
            timing_S3Exp:
                total_S3Exp: 0.0741522
                time_top_o: 0.000835325
                time_check_in_c: 0.00029327
                time_add_parent: 0.000554848
                num_neighbors: 155459
                time_add_neighbors_to_o: 0.069018
    timing_PIOW_overlapping:
        total_PIOW: 5.82752
        num_windows: 1247
        time_check_overlap: 3.563e-05
        num_overlapping_windows: 17
        time_merge_windows: 2.1777e-05
        time_remove_window: 4.045e-06
        time_remove_window: 2.1014e-05
        timing_PlanIn:
            total_PlanIn:5.82741
            num_until_goal_expanded:8255
            timing_expansions:
                total_S3Exp: 5.82737
                time_top_o: 0.0105953
                time_check_in_c: 0.00260834
                time_add_parent: 0.00449039
                num_neighbors: 10210636
                time_add_neighbors_to_o: 5.53393
    num_new_collisions: 28
    timing_PIOW_new_collisions:
        total_PIOW: 0.014429
        num_windows: 645
        time_check_overlap: 1.62e-05
        num_overlapping_windows: 3
        time_merge_windows: 0
        time_remove_window: 0.0543114
        time_remove_window: 1.5098e-05
        timing_PlanIn:
            total_PlanIn:0.0143534
            num_until_goal_expanded:522
            timing_expansions:
                total_S3Exp: 0.0143064
                time_top_o: 8.1866e-05
                time_check_in_c: 8.9912e-05
                time_add_parent: 0.000143052
                num_neighbors: 27901
                time_add_neighbors_to_o: 0.0125612
    num_windows_should_quit: 0
    time_should_quit: 1.1971e-05
    time_remove_window: 0
Complete!
