Total time: 0.0623831
is_optimal: true
optimality_bound: 1
successive_bounds: [1.00301, 1.002, 1.001, 1.001, 1.001, 1.001, 1.001, 1.001, 1.001, 1.001, 1.001, 1.001, 1.001, 1.001, 1.001, 1.001, 1.001, 1.001, 1.001, 1.001, 1.001, 1.001, 1.001, 1.001, 1.001, 1.001, 1, 1]
successive_runtimes: [0.00568541, 0.00674101, 0.00774767, 0.00870188, 0.00975336, 0.01087, 0.0120436, 0.0132824, 0.0144101, 0.0155324, 0.0178181, 0.0189306, 0.0198832, 0.0208823, 0.021828, 0.0228009, 0.0237376, 0.0247035, 0.0256235, 0.0302156, 0.0369768, 0.0442057, 0.0486447, 0.0544481, 0.058368, 0.0606645, 0.0623831]
num_agents: 30
time_individual_plan: 0.00430501
time_first_plan: 0.000867707
num_max_agents_in_window_first_iteration: 2
num_recWAMPF: 27
timing_recWAMPF:
    total_RecWAMPF: 0.0575618
    num_windows: 159
    num_max_agents_in_window: 2
    timing_gari:
        total_GARI: 0.0506009
        time_path_btw_starts: 0.000346753
        Stage1:
            total_Stage1:0.0225913
            time_add_x_to_o: 0.00909359
            time_clear_x: 0.00133404
            timing_AStarSearchUntil:
                total_astar_search_until:0.0121555
                num_values_f_less_fmax:3308
                ASU Exp:
                    total_ASUExp:0.0121519
                    time_top_o:0.000923486
                    time_check_in_c:0.000561735
                    time_add_parent:0.000344689
                    num_neighbors:25022
                    time_add_neighbors_to_o:0.0089499
        Stage2:
            total_Stage2:0.00674757
            num_len_path:149
            time_expanding_s:6.2086e-05
            timing_AStarSearchUntil:
                total_astar_search_until:0.0066449
                num_values_f_less_fmax:526
                ASU Exp:
                    total_ASUExp:0.00664166
                    time_top_o:0.000136457
                    time_check_in_c:0.000110082
                    time_add_parent:0.000152582
                    num_neighbors:14210
                    time_add_neighbors_to_o:0.00563606
        Stage3:
            total_Stage3:0.0208922
            num_until_goal_expanded:1724
            timing_S3Exp:
                total_S3Exp: 0.0119343
                time_top_o: 0.000472635
                time_check_in_c: 0.000280239
                time_add_parent: 0.000511817
                num_neighbors: 21576
                time_add_neighbors_to_o: 0.00818236
    timing_PIOW_overlapping:
        total_PIOW: 1.5103e-05
        num_windows: 234
        time_check_overlap: 8.349e-06
        num_overlapping_windows: 0
        time_merge_windows: 0
        time_remove_window: 0
        time_remove_window: 0
        timing_PlanIn:
            total_PlanIn:0
            num_until_goal_expanded:0
            timing_expansions:
                total_S3Exp: 0
                time_top_o: 0
                time_check_in_c: 0
                time_add_parent: 0
                num_neighbors: 0
                time_add_neighbors_to_o: 0
    num_new_collisions: 3
    timing_PIOW_new_collisions:
        total_PIOW: 0.00039075
        num_windows: 6
        time_check_overlap: 3.11e-07
        num_overlapping_windows: 0
        time_merge_windows: 0
        time_remove_window: 0
        time_remove_window: 1.13e-06
        timing_PlanIn:
            total_PlanIn:0.000386324
            num_until_goal_expanded:60
            timing_expansions:
                total_S3Exp: 0.000380239
                time_top_o: 7.718e-06
                time_check_in_c: 1.089e-05
                time_add_parent: 1.6115e-05
                num_neighbors: 582
                time_add_neighbors_to_o: 0.000253732
    num_windows_should_quit: 0
    time_should_quit: 3.949e-06
    time_remove_window: 0
Complete!
