Total time: 0.00683132
is_optimal: true
optimality_bound: 1
successive_bounds: [1.00149, 1.00149, 1.00149, 1.00149, 1.00149, 1.00149, 1.00149, 1.00149, 1.00149, 1.00149, 1.00149, 1.00149, 1.00149, 1.00149, 1.00149, 1.00149, 1.00149, 1.00149, 1, 1]
successive_runtimes: [0.00201008, 0.00212675, 0.00223259, 0.00233835, 0.00245549, 0.00257674, 0.00269168, 0.00282672, 0.00297411, 0.00313102, 0.00329077, 0.00348614, 0.00368065, 0.00387752, 0.00414262, 0.00435413, 0.00453656, 0.00476471, 0.00683129]
num_agents: 10
time_individual_plan: 0.0013538
time_first_plan: 0.000129323
num_max_agents_in_window_first_iteration: 2
num_recWAMPF: 19
timing_recWAMPF:
    total_RecWAMPF: 0.00494797
    num_windows: 37
    num_max_agents_in_window: 2
    timing_gari:
        total_GARI: 0.0044224
        time_path_btw_starts: 7.2898e-05
        Stage1:
            total_Stage1:0.000573319
            time_add_x_to_o: 0.000492388
            time_clear_x: 5.9243e-05
            timing_AStarSearchUntil:
                total_astar_search_until:1.9548e-05
                num_values_f_less_fmax:38
                ASU Exp:
                    total_ASUExp:1.8703e-05
                    time_top_o:9.415e-06
                    time_check_in_c:3.533e-06
                    time_add_parent:0
                    num_neighbors:0
                    time_add_neighbors_to_o:0
        Stage2:
            total_Stage2:0.000901957
            num_len_path:38
            time_expanding_s:1.4438e-05
            timing_AStarSearchUntil:
                total_astar_search_until:0.000877929
                num_values_f_less_fmax:73
                ASU Exp:
                    total_ASUExp:0.000877181
                    time_top_o:1.5496e-05
                    time_check_in_c:1.3416e-05
                    time_add_parent:2.3862e-05
                    num_neighbors:1978
                    time_add_neighbors_to_o:0.000736757
        Stage3:
            total_Stage3:0.00286848
            num_until_goal_expanded:191
            timing_S3Exp:
                total_S3Exp: 0.00226199
                time_top_o: 4.7739e-05
                time_check_in_c: 3.0607e-05
                time_add_parent: 4.2414e-05
                num_neighbors: 3941
                time_add_neighbors_to_o: 0.00189573
    timing_PIOW_overlapping:
        total_PIOW: 4.44e-07
        num_windows: 18
        time_check_overlap: 0
        num_overlapping_windows: 0
        time_merge_windows: 0
        time_remove_window: 0
        time_remove_window: 0
        timing_PlanIn:
            total_PlanIn:0
            num_until_goal_expanded:0
            timing_expansions:
                total_S3Exp: 0
                time_top_o: 0
                time_check_in_c: 0
                time_add_parent: 0
                num_neighbors: 0
                time_add_neighbors_to_o: 0
    num_new_collisions: 1
    timing_PIOW_new_collisions:
        total_PIOW: 9.92e-05
        num_windows: 0
        time_check_overlap: 0
        num_overlapping_windows: 0
        time_merge_windows: 0
        time_remove_window: 0
        time_remove_window: 3.02e-07
        timing_PlanIn:
            total_PlanIn:9.7439e-05
            num_until_goal_expanded:8
            timing_expansions:
                total_S3Exp: 9.4205e-05
                time_top_o: 1.443e-06
                time_check_in_c: 2.021e-06
                time_add_parent: 3.03e-06
                num_neighbors: 161
                time_add_neighbors_to_o: 7.2714e-05
    num_windows_should_quit: 0
    time_should_quit: 8.43e-07
    time_remove_window: 0
Complete!
