Total time: 1176.78
is_optimal: false
optimality_bound: 1.00071
successive_bounds: [1.00566, 1.00496, 1.00283, 1.00283, 1.00212, 1.00071, 1.00071, 1.00071, 1.00071, 1.00071, 1.00071, 1.00071, 1.00071]
successive_runtimes: [0.0363268, 1.13894, 1.91662, 2.89688, 4.46541, 7.2358, 24.1802, 67.0488, 139.31, 258.649, 461.803, 708.447, 1176.78]
num_agents: 40
time_individual_plan: 0.0232769
time_first_plan: 0.0115333
num_max_agents_in_window_first_iteration: 3
num_recWAMPF: 13
timing_recWAMPF:
    total_RecWAMPF: 1176.76
    num_windows: 134
    num_max_agents_in_window: 5
    timing_gari:
        total_GARI: 1173.05
        time_path_btw_starts: 0.000987762
        Stage1:
            total_Stage1:853.217
            time_add_x_to_o: 109.181
            time_clear_x: 59.7468
            timing_AStarSearchUntil:
                total_astar_search_until:684.289
                num_values_f_less_fmax:604910
                ASU Exp:
                    total_ASUExp:684.289
                    time_top_o:1.90737
                    time_check_in_c:0.567812
                    time_add_parent:2.06881
                    num_neighbors:809373427
                    time_add_neighbors_to_o:675.254
        Stage2:
            total_Stage2:3.30342
            num_len_path:146
            time_expanding_s:0.000184315
            timing_AStarSearchUntil:
                total_astar_search_until:3.30312
                num_values_f_less_fmax:18088
                ASU Exp:
                    total_ASUExp:3.30311
                    time_top_o:0.021618
                    time_check_in_c:0.00544455
                    time_add_parent:0.0145132
                    num_neighbors:4067232
                    time_add_neighbors_to_o:3.2119
        Stage3:
            total_Stage3:316.532
            num_until_goal_expanded:111127
            timing_S3Exp:
                total_S3Exp: 216.391
                time_top_o: 0.483046
                time_check_in_c: 0.0882651
                time_add_parent: 0.119884
                num_neighbors: 234719894
                time_add_neighbors_to_o: 215.133
    timing_PIOW_overlapping:
        total_PIOW: 2.56358
        num_windows: 350
        time_check_overlap: 3.1108e-05
        num_overlapping_windows: 1
        time_merge_windows: 3.353e-06
        time_remove_window: 9.61e-07
        time_remove_window: 3.284e-06
        timing_PlanIn:
            total_PlanIn:2.56352
            num_until_goal_expanded:1076
            timing_expansions:
                total_S3Exp: 2.56352
                time_top_o: 0.00157684
                time_check_in_c: 0.000506534
                time_add_parent: 0.00108747
                num_neighbors: 2955369
                time_add_neighbors_to_o: 2.44958
    num_new_collisions: 9
    timing_PIOW_new_collisions:
        total_PIOW: 1.13036
        num_windows: 64
        time_check_overlap: 6.285e-06
        num_overlapping_windows: 3
        time_merge_windows: 0
        time_remove_window: 1.96074
        time_remove_window: 9.457e-06
        timing_PlanIn:
            total_PlanIn:1.1303
            num_until_goal_expanded:14314
            timing_expansions:
                total_S3Exp: 1.13024
                time_top_o: 0.0182571
                time_check_in_c: 0.00526418
                time_add_parent: 0.0117493
                num_neighbors: 1361343
                time_add_neighbors_to_o: 1.00263
    num_windows_should_quit: 0
    time_should_quit: 1.4483e-05
    time_remove_window: 0
Complete!
