Total time: 0.0129179
is_optimal: true
optimality_bound: 1
successive_bounds: [1.00163, 1.00163, 1.00163, 1.00163, 1.00054, 1.00054, 1.00054, 1.00054, 1.00054, 1.00054, 1, 1]
successive_runtimes: [0.00596933, 0.0063159, 0.00674406, 0.00710883, 0.00769639, 0.00826216, 0.00873293, 0.00928732, 0.00990025, 0.010499, 0.0129179]
num_agents: 30
time_individual_plan: 0.00501423
time_first_plan: 0.000422922
num_max_agents_in_window_first_iteration: 2
num_recWAMPF: 11
timing_recWAMPF:
    total_RecWAMPF: 0.0073695
    num_windows: 42
    num_max_agents_in_window: 2
    timing_gari:
        total_GARI: 0.00496724
        time_path_btw_starts: 8.5396e-05
        Stage1:
            total_Stage1:0.000441653
            time_add_x_to_o: 0.000372614
            time_clear_x: 3.9365e-05
            timing_AStarSearchUntil:
                total_astar_search_until:2.751e-05
                num_values_f_less_fmax:6
                ASU Exp:
                    total_ASUExp:2.6548e-05
                    time_top_o:1.725e-06
                    time_check_in_c:8.6e-07
                    time_add_parent:5.55e-07
                    num_neighbors:45
                    time_add_neighbors_to_o:1.8797e-05
        Stage2:
            total_Stage2:0.00304467
            num_len_path:50
            time_expanding_s:2.1155e-05
            timing_AStarSearchUntil:
                total_astar_search_until:0.0030134
                num_values_f_less_fmax:249
                ASU Exp:
                    total_ASUExp:0.00301257
                    time_top_o:5.5856e-05
                    time_check_in_c:4.8691e-05
                    time_add_parent:6.8911e-05
                    num_neighbors:5698
                    time_add_neighbors_to_o:0.00257676
        Stage3:
            total_Stage3:0.00138982
            num_until_goal_expanded:82
            timing_S3Exp:
                total_S3Exp: 0.000816093
                time_top_o: 1.3939e-05
                time_check_in_c: 1.0284e-05
                time_add_parent: 1.7004e-05
                num_neighbors: 1269
                time_add_neighbors_to_o: 0.000636228
    timing_PIOW_overlapping:
        total_PIOW: 2.413e-06
        num_windows: 40
        time_check_overlap: 1.158e-06
        num_overlapping_windows: 0
        time_merge_windows: 0
        time_remove_window: 0
        time_remove_window: 0
        timing_PlanIn:
            total_PlanIn:0
            num_until_goal_expanded:0
            timing_expansions:
                total_S3Exp: 0
                time_top_o: 0
                time_check_in_c: 0
                time_add_parent: 0
                num_neighbors: 0
                time_add_neighbors_to_o: 0
    num_new_collisions: 2
    timing_PIOW_new_collisions:
        total_PIOW: 0.000160944
        num_windows: 2
        time_check_overlap: 1.73e-07
        num_overlapping_windows: 0
        time_merge_windows: 0
        time_remove_window: 0
        time_remove_window: 6.76e-07
        timing_PlanIn:
            total_PlanIn:0.000158085
            num_until_goal_expanded:13
            timing_expansions:
                total_S3Exp: 0.000153375
                time_top_o: 2.508e-06
                time_check_in_c: 2.559e-06
                time_add_parent: 4.126e-06
                num_neighbors: 244
                time_add_neighbors_to_o: 0.00012099
    num_windows_should_quit: 0
    time_should_quit: 9.22e-07
    time_remove_window: 0
Complete!
