Total time: 647.119
is_optimal: false
optimality_bound: 1.00037
successive_bounds: [1.00269, 1.00213, 1.00213, 1.00185, 1.0013, 1.00111, 1.00111, 1.00111, 1.00111, 1.00111, 1.00111, 1.00111, 1.00111, 1.00111, 1.00093, 1.00093, 1.00093, 1.00093, 1.00093, 1.00074, 1.00056, 1.00037, 1.00037, 1.00037, 1.00037, 1.00037, 1.00037, 1.00037, 1.00037, 1.00037, 1.00037, 1.00037]
successive_runtimes: [0.227679, 0.243376, 0.260883, 0.280056, 0.300493, 0.318009, 0.333632, 0.354836, 0.388335, 0.434982, 0.522441, 0.630757, 0.747075, 0.862685, 0.95693, 1.00385, 1.02249, 1.04096, 1.05801, 1.07774, 20.2804, 49.8655, 74.0057, 92.9652, 113.9, 143.327, 174.699, 259.809, 368.852, 485.191, 569.642, 647.119]
num_agents: 80
time_individual_plan: 0.198112
time_first_plan: 0.0287925
num_max_agents_in_window_first_iteration: 2
num_recWAMPF: 32
timing_recWAMPF:
    total_RecWAMPF: 646.92
    num_windows: 827
    num_max_agents_in_window: 5
    timing_gari:
        total_GARI: 627.246
        time_path_btw_starts: 0.0101043
        Stage1:
            total_Stage1:396.112
            time_add_x_to_o: 90.7758
            time_clear_x: 46.9008
            timing_AStarSearchUntil:
                total_astar_search_until:258.28
                num_values_f_less_fmax:268207
                ASU Exp:
                    total_ASUExp:258.28
                    time_top_o:0.757092
                    time_check_in_c:0.196255
                    time_add_parent:0.7351
                    num_neighbors:285960008
                    time_add_neighbors_to_o:253.56
        Stage2:
            total_Stage2:0.0940455
            num_len_path:810
            time_expanding_s:0.00167259
            timing_AStarSearchUntil:
                total_astar_search_until:0.0918514
                num_values_f_less_fmax:2432
                ASU Exp:
                    total_ASUExp:0.0918272
                    time_top_o:0.00109954
                    time_check_in_c:0.00131976
                    time_add_parent:0.00210666
                    num_neighbors:95314
                    time_add_neighbors_to_o:0.0806644
        Stage3:
            total_Stage3:231.029
            num_until_goal_expanded:90736
            timing_S3Exp:
                total_S3Exp: 69.5519
                time_top_o: 0.172431
                time_check_in_c: 0.0533229
                time_add_parent: 0.122738
                num_neighbors: 67934524
                time_add_neighbors_to_o: 64.0682
    timing_PIOW_overlapping:
        total_PIOW: 0.167854
        num_windows: 5846
        time_check_overlap: 0.000267438
        num_overlapping_windows: 7
        time_merge_windows: 2.3683e-05
        time_remove_window: 3.377e-06
        time_remove_window: 2.3103e-05
        timing_PlanIn:
            total_PlanIn:0.167368
            num_until_goal_expanded:2603
            timing_expansions:
                total_S3Exp: 0.16734
                time_top_o: 0.00107453
                time_check_in_c: 0.000849946
                time_add_parent: 0.00205488
                num_neighbors: 158163
                time_add_neighbors_to_o: 0.1504
    num_new_collisions: 18
    timing_PIOW_new_collisions:
        total_PIOW: 19.1739
        num_windows: 299
        time_check_overlap: 1.1771e-05
        num_overlapping_windows: 2
        time_merge_windows: 0
        time_remove_window: 2.22079
        time_remove_window: 1.155e-05
        timing_PlanIn:
            total_PlanIn:19.1738
            num_until_goal_expanded:8507
            timing_expansions:
                total_S3Exp: 19.1738
                time_top_o: 0.0153816
                time_check_in_c: 0.00428188
                time_add_parent: 0.0100685
                num_neighbors: 17923895
                time_add_neighbors_to_o: 18.4606
    num_windows_should_quit: 0
    time_should_quit: 7.4202e-05
    time_remove_window: 0
Complete!
