Total time: 0.144985
is_optimal: true
optimality_bound: 1
successive_bounds: [1.00201, 1.00201, 1.00201, 1.00201, 1.00201, 1.00201, 1.00201, 1.00201, 1.00201, 1.00201, 1.00101, 1.00101, 1.00101, 1.00101, 1.00101, 1.00101, 1.00101, 1.00101, 1.00101, 1.00101, 1.00101, 1.00101, 1.00101, 1.00101, 1.00101, 1.00101, 1.00101, 1.00101, 1.00101, 1.00101, 1.00101, 1.00101, 1.00101, 1.00101, 1.00101, 1.00101, 1.00101, 1.00101, 1, 1]
successive_runtimes: [0.00993204, 0.0123379, 0.0153135, 0.0182329, 0.0221891, 0.0277523, 0.0370672, 0.0453233, 0.0575137, 0.0783496, 0.087289, 0.0896998, 0.09082, 0.0923303, 0.0940047, 0.0955451, 0.0976262, 0.0990695, 0.100406, 0.101846, 0.103353, 0.104779, 0.106494, 0.109676, 0.111949, 0.113716, 0.115257, 0.116505, 0.121051, 0.122438, 0.124146, 0.126805, 0.131951, 0.13346, 0.134904, 0.136475, 0.13801, 0.139753, 0.144985]
num_agents: 30
time_individual_plan: 0.00781698
time_first_plan: 0.00139263
num_max_agents_in_window_first_iteration: 2
num_recWAMPF: 39
timing_recWAMPF:
    total_RecWAMPF: 0.13643
    num_windows: 154
    num_max_agents_in_window: 2
    timing_gari:
        total_GARI: 0.125992
        time_path_btw_starts: 0.000590162
        Stage1:
            total_Stage1:0.0459558
            time_add_x_to_o: 0.018832
            time_clear_x: 0.00361018
            timing_AStarSearchUntil:
                total_astar_search_until:0.0235004
                num_values_f_less_fmax:8360
                ASU Exp:
                    total_ASUExp:0.0234952
                    time_top_o:0.00392897
                    time_check_in_c:0.00200445
                    time_add_parent:0.00087344
                    num_neighbors:19852
                    time_add_neighbors_to_o:0.011955
        Stage2:
            total_Stage2:0.00551893
            num_len_path:117
            time_expanding_s:9.1891e-05
            timing_AStarSearchUntil:
                total_astar_search_until:0.0053504
                num_values_f_less_fmax:335
                ASU Exp:
                    total_ASUExp:0.00534616
                    time_top_o:0.000135029
                    time_check_in_c:0.000104005
                    time_add_parent:0.000173747
                    num_neighbors:8369
                    time_add_neighbors_to_o:0.00439106
        Stage3:
            total_Stage3:0.0738709
            num_until_goal_expanded:3901
            timing_S3Exp:
                total_S3Exp: 0.0384979
                time_top_o: 0.00204875
                time_check_in_c: 0.00119621
                time_add_parent: 0.00241226
                num_neighbors: 32872
                time_add_neighbors_to_o: 0.024092
    timing_PIOW_overlapping:
        total_PIOW: 1.4159e-05
        num_windows: 152
        time_check_overlap: 5.845e-06
        num_overlapping_windows: 0
        time_merge_windows: 0
        time_remove_window: 0
        time_remove_window: 0
        timing_PlanIn:
            total_PlanIn:0
            num_until_goal_expanded:0
            timing_expansions:
                total_S3Exp: 0
                time_top_o: 0
                time_check_in_c: 0
                time_add_parent: 0
                num_neighbors: 0
                time_add_neighbors_to_o: 0
    num_new_collisions: 2
    timing_PIOW_new_collisions:
        total_PIOW: 0.000936949
        num_windows: 2
        time_check_overlap: 1.74e-07
        num_overlapping_windows: 0
        time_merge_windows: 0
        time_remove_window: 0
        time_remove_window: 9.2e-07
        timing_PlanIn:
            total_PlanIn:0.000932261
            num_until_goal_expanded:111
            timing_expansions:
                total_S3Exp: 0.000925834
                time_top_o: 1.9807e-05
                time_check_in_c: 2.8298e-05
                time_add_parent: 4.3392e-05
                num_neighbors: 810
                time_add_neighbors_to_o: 0.000601676
    num_windows_should_quit: 0
    time_should_quit: 7.625e-06
    time_remove_window: 0
Complete!
