Total time: 0.0133603
is_optimal: true
optimality_bound: 1
successive_bounds: [1.00182, 1.00182, 1.00182, 1.00182, 1.00091, 1.00091, 1.00091, 1.00091, 1.00091, 1.00091, 1.00091, 1.00091, 1.00091, 1.00091, 1, 1]
successive_runtimes: [0.00632271, 0.00676771, 0.00721162, 0.00764845, 0.00819088, 0.00861613, 0.00912268, 0.00961817, 0.0101021, 0.010605, 0.0111208, 0.0116494, 0.0121254, 0.0126455, 0.0133602]
num_agents: 30
time_individual_plan: 0.00528303
time_first_plan: 0.000511471
num_max_agents_in_window_first_iteration: 2
num_recWAMPF: 15
timing_recWAMPF:
    total_RecWAMPF: 0.00754668
    num_windows: 58
    num_max_agents_in_window: 2
    timing_gari:
        total_GARI: 0.00367451
        time_path_btw_starts: 0.000140625
        Stage1:
            total_Stage1:0.000471785
            time_add_x_to_o: 0.000419578
            time_clear_x: 4.6696e-05
            timing_AStarSearchUntil:
                total_astar_search_until:2.445e-06
                num_values_f_less_fmax:0
                ASU Exp:
                    total_ASUExp:1.223e-06
                    time_top_o:0
                    time_check_in_c:0
                    time_add_parent:0
                    num_neighbors:0
                    time_add_neighbors_to_o:0
        Stage2:
            total_Stage2:0.00106918
            num_len_path:55
            time_expanding_s:2.8122e-05
            timing_AStarSearchUntil:
                total_astar_search_until:0.00102621
                num_values_f_less_fmax:86
                ASU Exp:
                    total_ASUExp:0.00102498
                    time_top_o:2.0362e-05
                    time_check_in_c:1.626e-05
                    time_add_parent:2.6642e-05
                    num_neighbors:2089
                    time_add_neighbors_to_o:0.000843597
        Stage3:
            total_Stage3:0.00198553
            num_until_goal_expanded:139
            timing_S3Exp:
                total_S3Exp: 0.00118902
                time_top_o: 2.5473e-05
                time_check_in_c: 1.8119e-05
                time_add_parent: 2.9645e-05
                num_neighbors: 1627
                time_add_neighbors_to_o: 0.000887926
    timing_PIOW_overlapping:
        total_PIOW: 3.577e-06
        num_windows: 56
        time_check_overlap: 1.734e-06
        num_overlapping_windows: 0
        time_merge_windows: 0
        time_remove_window: 0
        time_remove_window: 0
        timing_PlanIn:
            total_PlanIn:0
            num_until_goal_expanded:0
            timing_expansions:
                total_S3Exp: 0
                time_top_o: 0
                time_check_in_c: 0
                time_add_parent: 0
                num_neighbors: 0
                time_add_neighbors_to_o: 0
    num_new_collisions: 2
    timing_PIOW_new_collisions:
        total_PIOW: 0.000226355
        num_windows: 2
        time_check_overlap: 1.03e-07
        num_overlapping_windows: 0
        time_merge_windows: 0
        time_remove_window: 0
        time_remove_window: 6.3e-07
        timing_PlanIn:
            total_PlanIn:0.000223128
            num_until_goal_expanded:17
            timing_expansions:
                total_S3Exp: 0.000218188
                time_top_o: 2.952e-06
                time_check_in_c: 3.549e-06
                time_add_parent: 5.021e-06
                num_neighbors: 330
                time_add_neighbors_to_o: 0.000176574
    num_windows_should_quit: 0
    time_should_quit: 1.499e-06
    time_remove_window: 0
Complete!
