Total time: 4.78698
is_optimal: false
optimality_bound: 1.0049
successive_bounds: [1.00735, 1.0056, 1.0056, 1.0049, 1.0049, 1.0049, 1.0049]
successive_runtimes: [0.0111262, 0.0229832, 0.202322, 0.787462, 2.06385, 3.57721, 4.78698]
num_agents: 40
time_individual_plan: 0.00623727
time_first_plan: 0.0043513
num_max_agents_in_window_first_iteration: 3
num_recWAMPF: 7
timing_recWAMPF:
    total_RecWAMPF: 4.78021
    num_windows: 73
    num_max_agents_in_window: 5
    timing_gari:
        total_GARI: 4.59355
        time_path_btw_starts: 0.00124346
        Stage1:
            total_Stage1:3.89423
            time_add_x_to_o: 1.03134
            time_clear_x: 0.498021
            timing_AStarSearchUntil:
                total_astar_search_until:2.36486
                num_values_f_less_fmax:2777
                ASU Exp:
                    total_ASUExp:2.36486
                    time_top_o:0.00626938
                    time_check_in_c:0.0128911
                    time_add_parent:0.00157653
                    num_neighbors:4843668
                    time_add_neighbors_to_o:2.33497
        Stage2:
            total_Stage2:0.0139808
            num_len_path:56
            time_expanding_s:8.6796e-05
            timing_AStarSearchUntil:
                total_astar_search_until:0.0138668
                num_values_f_less_fmax:163
                ASU Exp:
                    total_ASUExp:0.0138654
                    time_top_o:4.9001e-05
                    time_check_in_c:3.0004e-05
                    time_add_parent:4.7485e-05
                    num_neighbors:29609
                    time_add_neighbors_to_o:0.0135241
        Stage3:
            total_Stage3:0.683883
            num_until_goal_expanded:230
            timing_S3Exp:
                total_S3Exp: 0.0435849
                time_top_o: 0.000100118
                time_check_in_c: 4.0995e-05
                time_add_parent: 8.3286e-05
                num_neighbors: 66866
                time_add_neighbors_to_o: 0.0426016
    timing_PIOW_overlapping:
        total_PIOW: 0.179663
        num_windows: 322
        time_check_overlap: 9.702e-06
        num_overlapping_windows: 11
        time_merge_windows: 1.2184e-05
        time_remove_window: 2.332e-06
        time_remove_window: 1.1613e-05
        timing_PlanIn:
            total_PlanIn:0.179614
            num_until_goal_expanded:279
            timing_expansions:
                total_S3Exp: 0.17959
                time_top_o: 6.9529e-05
                time_check_in_c: 5.5187e-05
                time_add_parent: 9.5778e-05
                num_neighbors: 330048
                time_add_neighbors_to_o: 0.170485
    num_new_collisions: 16
    timing_PIOW_new_collisions:
        total_PIOW: 0.00248639
        num_windows: 198
        time_check_overlap: 5.008e-06
        num_overlapping_windows: 1
        time_merge_windows: 0
        time_remove_window: 0.00731209
        time_remove_window: 8.155e-06
        timing_PlanIn:
            total_PlanIn:0.0024563
            num_until_goal_expanded:191
            timing_expansions:
                total_S3Exp: 0.00243196
                time_top_o: 2.6988e-05
                time_check_in_c: 3.8205e-05
                time_add_parent: 5.053e-05
                num_neighbors: 4405
                time_add_neighbors_to_o: 0.00195074
    num_windows_should_quit: 0
    time_should_quit: 4.313e-06
    time_remove_window: 0
Complete!
