Total time: 179.26
is_optimal: false
optimality_bound: 1.00381
successive_bounds: [1.00489, 1.00489, 1.00489, 1.00489, 1.00489, 1.00489, 1.00435, 1.00435, 1.00381]
successive_runtimes: [0.0179229, 0.218214, 0.47544, 7.24574, 17.0511, 29.2131, 54.5696, 71.6871, 179.26]
num_agents: 30
time_individual_plan: 0.00302871
time_first_plan: 0.014377
num_max_agents_in_window_first_iteration: 4
num_recWAMPF: 9
timing_recWAMPF:
    total_RecWAMPF: 179.256
    num_windows: 55
    num_max_agents_in_window: 6
    timing_gari:
        total_GARI: 175.029
        time_path_btw_starts: 0.00618422
        Stage1:
            total_Stage1:149.551
            time_add_x_to_o: 8.5623
            time_clear_x: 3.91954
            timing_AStarSearchUntil:
                total_astar_search_until:137.069
                num_values_f_less_fmax:72343
                ASU Exp:
                    total_ASUExp:137.069
                    time_top_o:0.159672
                    time_check_in_c:0.0734351
                    time_add_parent:0.0390297
                    num_neighbors:228466548
                    time_add_neighbors_to_o:136.45
        Stage2:
            total_Stage2:0.304293
            num_len_path:49
            time_expanding_s:4.6888e-05
            timing_AStarSearchUntil:
                total_astar_search_until:0.304216
                num_values_f_less_fmax:154
                ASU Exp:
                    total_ASUExp:0.304215
                    time_top_o:0.000160039
                    time_check_in_c:6.6051e-05
                    time_add_parent:8.6653e-05
                    num_neighbors:631810
                    time_add_neighbors_to_o:0.303448
        Stage3:
            total_Stage3:25.1678
            num_until_goal_expanded:31139
            timing_S3Exp:
                total_S3Exp: 20.185
                time_top_o: 0.0392711
                time_check_in_c: 0.0116893
                time_add_parent: 0.0229569
                num_neighbors: 38267155
                time_add_neighbors_to_o: 20.0322
    timing_PIOW_overlapping:
        total_PIOW: 4.21076
        num_windows: 89
        time_check_overlap: 4.983e-06
        num_overlapping_windows: 2
        time_merge_windows: 5.816e-06
        time_remove_window: 1e-06
        time_remove_window: 5.722e-06
        timing_PlanIn:
            total_PlanIn:4.21074
            num_until_goal_expanded:1325
            timing_expansions:
                total_S3Exp: 4.21074
                time_top_o: 0.00180276
                time_check_in_c: 0.000573502
                time_add_parent: 0.000659194
                num_neighbors: 7565193
                time_add_neighbors_to_o: 4.01601
    num_new_collisions: 7
    timing_PIOW_new_collisions:
        total_PIOW: 0.0137258
        num_windows: 24
        time_check_overlap: 1.316e-06
        num_overlapping_windows: 2
        time_merge_windows: 0
        time_remove_window: 0.00886936
        time_remove_window: 1.604e-06
        timing_PlanIn:
            total_PlanIn:0.0137141
            num_until_goal_expanded:199
            timing_expansions:
                total_S3Exp: 0.0136998
                time_top_o: 3.1552e-05
                time_check_in_c: 3.8428e-05
                time_add_parent: 5.4431e-05
                num_neighbors: 27622
                time_add_neighbors_to_o: 0.012579
    num_windows_should_quit: 0
    time_should_quit: 3.783e-06
    time_remove_window: 0
Complete!
