Total time: 0.294153
is_optimal: true
optimality_bound: 1
successive_bounds: [1.02798, 1.00271, 1.00181, 1.00181, 1.00181, 1.00181, 1.00181, 1.00181, 1.00181, 1.00181, 1.00181, 1.00181, 1.00181, 1.00181, 1.00181, 1.00181, 1.00181, 1.00181, 1.00181, 1.00181, 1.00181, 1.00181, 1]
successive_runtimes: [0.133147, 0.26232, 0.273735, 0.279706, 0.280864, 0.281869, 0.282826, 0.283703, 0.284689, 0.285643, 0.286378, 0.287098, 0.287806, 0.288555, 0.289262, 0.289963, 0.290664, 0.291364, 0.292071, 0.292772, 0.29347, 0.294153]
num_agents: 20
time_individual_plan: 0.00302937
time_first_plan: 0.129408
num_max_agents_in_window_first_iteration: 2
num_recWAMPF: 22
timing_recWAMPF:
    total_RecWAMPF: 0.29041
    num_windows: 46
    num_max_agents_in_window: 3
    timing_gari:
        total_GARI: 0.0801948
        time_path_btw_starts: 7.9339e-05
        Stage1:
            total_Stage1:0.0659697
            time_add_x_to_o: 0.0203554
            time_clear_x: 0.0043047
            timing_AStarSearchUntil:
                total_astar_search_until:0.00781122
                num_values_f_less_fmax:5241
                ASU Exp:
                    total_ASUExp:0.00781
                    time_top_o:0.00283218
                    time_check_in_c:0.00131921
                    time_add_parent:0.000883434
                    num_neighbors:66863
                    time_add_neighbors_to_o:0.0297972
        Stage2:
            total_Stage2:0.00158326
            num_len_path:22
            time_expanding_s:1.3894e-05
            timing_AStarSearchUntil:
                total_astar_search_until:0.00155303
                num_values_f_less_fmax:22
                ASU Exp:
                    total_ASUExp:0.00155201
                    time_top_o:1.033e-05
                    time_check_in_c:8.197e-06
                    time_add_parent:1.4195e-05
                    num_neighbors:3325
                    time_add_neighbors_to_o:0.00136857
        Stage3:
            total_Stage3:0.0125537
            num_until_goal_expanded:154
            timing_S3Exp:
                total_S3Exp: 0.000818857
                time_top_o: 5.2465e-05
                time_check_in_c: 2.0919e-05
                time_add_parent: 5.1312e-05
                num_neighbors: 679
                time_add_neighbors_to_o: 0.000290104
    timing_PIOW_overlapping:
        total_PIOW: 0.00843837
        num_windows: 29
        time_check_overlap: 5.77e-07
        num_overlapping_windows: 2
        time_merge_windows: 3.352e-06
        time_remove_window: 5.26e-07
        time_remove_window: 3.227e-06
        timing_PlanIn:
            total_PlanIn:0.00842969
            num_until_goal_expanded:212
            timing_expansions:
                total_S3Exp: 0.00842334
                time_top_o: 5.8958e-05
                time_check_in_c: 9.431e-05
                time_add_parent: 7.9104e-05
                num_neighbors: 13746
                time_add_neighbors_to_o: 0.00720049
    num_new_collisions: 3
    timing_PIOW_new_collisions:
        total_PIOW: 0.129221
        num_windows: 6
        time_check_overlap: 3.97e-07
        num_overlapping_windows: 0
        time_merge_windows: 0
        time_remove_window: 0
        time_remove_window: 1.589e-06
        timing_PlanIn:
            total_PlanIn:0.12921
            num_until_goal_expanded:8842
            timing_expansions:
                total_S3Exp: 0.125666
                time_top_o: 0.00237538
                time_check_in_c: 0.00178031
                time_add_parent: 0.00227677
                num_neighbors: 222783
                time_add_neighbors_to_o: 0.103494
    num_windows_should_quit: 1
    time_should_quit: 1.999e-06
    time_remove_window: 2.28e-07
Complete!
