Total time: 0.0783442
is_optimal: false
optimality_bound: 1.00059
successive_bounds: [1.00446, 1.00357, 1.00238, 1.00149, 1.00119, 1.00119, 1.00059, 1.00059, 1.00059, 1.00059, 1.00059]
successive_runtimes: [0.0117607, 0.0139757, 0.0193413, 0.0262174, 0.033695, 0.0370953, 0.0427916, 0.0613983, 0.0680234, 0.0737176, 0.0783442]
num_agents: 50
time_individual_plan: 0.00782592
time_first_plan: 0.00336546
num_max_agents_in_window_first_iteration: 2
num_recWAMPF: 11
timing_recWAMPF:
    total_RecWAMPF: 0.0699459
    num_windows: 122
    num_max_agents_in_window: 4
    timing_gari:
        total_GARI: 0.0309356
        time_path_btw_starts: 0.000247406
        Stage1:
            total_Stage1:0.00794879
            time_add_x_to_o: 0.0070577
            time_clear_x: 0.000714326
            timing_AStarSearchUntil:
                total_astar_search_until:0.000170354
                num_values_f_less_fmax:96
                ASU Exp:
                    total_ASUExp:0.000167739
                    time_top_o:1.8939e-05
                    time_check_in_c:1.241e-05
                    time_add_parent:5.786e-06
                    num_neighbors:261
                    time_add_neighbors_to_o:9.7134e-05
        Stage2:
            total_Stage2:0.0035105
            num_len_path:105
            time_expanding_s:0.00015238
            timing_AStarSearchUntil:
                total_astar_search_until:0.00332582
                num_values_f_less_fmax:194
                ASU Exp:
                    total_ASUExp:0.00332348
                    time_top_o:4.8536e-05
                    time_check_in_c:3.9703e-05
                    time_add_parent:6.6762e-05
                    num_neighbors:6967
                    time_add_neighbors_to_o:0.00289414
        Stage3:
            total_Stage3:0.0183042
            num_until_goal_expanded:416
            timing_S3Exp:
                total_S3Exp: 0.0107828
                time_top_o: 0.000106934
                time_check_in_c: 5.9347e-05
                time_add_parent: 0.000104654
                num_neighbors: 19068
                time_add_neighbors_to_o: 0.00984863
    timing_PIOW_overlapping:
        total_PIOW: 0.0285525
        num_windows: 461
        time_check_overlap: 1.4717e-05
        num_overlapping_windows: 7
        time_merge_windows: 7.521e-06
        time_remove_window: 1.198e-06
        time_remove_window: 7.147e-06
        timing_PlanIn:
            total_PlanIn:0.0285079
            num_until_goal_expanded:299
            timing_expansions:
                total_S3Exp: 0.0284937
                time_top_o: 7.1165e-05
                time_check_in_c: 5.422e-05
                time_add_parent: 8.2739e-05
                num_neighbors: 43964
                time_add_neighbors_to_o: 0.026665
    num_new_collisions: 10
    timing_PIOW_new_collisions:
        total_PIOW: 0.000981318
        num_windows: 90
        time_check_overlap: 2.547e-06
        num_overlapping_windows: 0
        time_merge_windows: 0
        time_remove_window: 0
        time_remove_window: 1.1439e-05
        timing_PlanIn:
            total_PlanIn:0.000956949
            num_until_goal_expanded:95
            timing_expansions:
                total_S3Exp: 0.000938817
                time_top_o: 1.3031e-05
                time_check_in_c: 1.7597e-05
                time_add_parent: 2.6274e-05
                num_neighbors: 1306
                time_add_neighbors_to_o: 0.000718469
    num_windows_should_quit: 0
    time_should_quit: 4.683e-06
    time_remove_window: 0
Complete!
