Total time: 12.89
is_optimal: false
optimality_bound: 1.00055
successive_bounds: [1.00496, 1.00496, 1.00441, 1.00358, 1.00303, 1.00248, 1.00248, 1.00193, 1.00193, 1.0011, 1.0011, 1.0011, 1.00055, 1.00055, 1.00055, 1.00055, 1.00055, 1.00055, 1.00055, 1.00055, 1.00055, 1.00055, 1.00055, 1.00055, 1.00055, 1.00055, 1.00055, 1.00055, 1.00055, 1.00055, 1.00055, 1.00055]
successive_runtimes: [0.0329101, 0.0390233, 0.044818, 0.0537273, 0.0615917, 0.0679205, 0.340313, 1.09486, 2.06256, 3.04469, 4.17408, 5.50669, 7.13197, 8.31291, 8.85788, 9.40758, 9.96074, 10.5115, 11.0626, 11.7909, 12.0162, 12.1044, 12.1856, 12.2656, 12.3451, 12.4256, 12.5126, 12.5971, 12.6713, 12.7446, 12.8175, 12.89]
num_agents: 50
time_individual_plan: 0.0245578
time_first_plan: 0.00719468
num_max_agents_in_window_first_iteration: 2
num_recWAMPF: 32
timing_recWAMPF:
    total_RecWAMPF: 12.8642
    num_windows: 394
    num_max_agents_in_window: 5
    timing_gari:
        total_GARI: 12.3914
        time_path_btw_starts: 0.0069955
        Stage1:
            total_Stage1:5.28057
            time_add_x_to_o: 1.98745
            time_clear_x: 0.817327
            timing_AStarSearchUntil:
                total_astar_search_until:2.47576
                num_values_f_less_fmax:17164
                ASU Exp:
                    total_ASUExp:2.47574
                    time_top_o:0.026694
                    time_check_in_c:0.0513587
                    time_add_parent:0.0049869
                    num_neighbors:4185818
                    time_add_neighbors_to_o:2.37496
        Stage2:
            total_Stage2:0.0699089
            num_len_path:306
            time_expanding_s:0.00555315
            timing_AStarSearchUntil:
                total_astar_search_until:0.0640848
                num_values_f_less_fmax:394
                ASU Exp:
                    total_ASUExp:0.0640742
                    time_top_o:0.00022377
                    time_check_in_c:0.000128095
                    time_add_parent:0.00104467
                    num_neighbors:73513
                    time_add_neighbors_to_o:0.0520084
        Stage3:
            total_Stage3:7.03381
            num_until_goal_expanded:5533
            timing_S3Exp:
                total_S3Exp: 1.10013
                time_top_o: 0.00522346
                time_check_in_c: 0.00607367
                time_add_parent: 0.00401793
                num_neighbors: 1215449
                time_add_neighbors_to_o: 0.831028
    timing_PIOW_overlapping:
        total_PIOW: 0.280214
        num_windows: 1415
        time_check_overlap: 8.1989e-05
        num_overlapping_windows: 6
        time_merge_windows: 9.564e-06
        time_remove_window: 1.591e-06
        time_remove_window: 9.152e-06
        timing_PlanIn:
            total_PlanIn:0.280057
            num_until_goal_expanded:892
            timing_expansions:
                total_S3Exp: 0.280042
                time_top_o: 0.000567309
                time_check_in_c: 0.000256675
                time_add_parent: 0.000382637
                num_neighbors: 450262
                time_add_neighbors_to_o: 0.263284
    num_new_collisions: 12
    timing_PIOW_new_collisions:
        total_PIOW: 0.17147
        num_windows: 120
        time_check_overlap: 8.376e-06
        num_overlapping_windows: 1
        time_merge_windows: 0
        time_remove_window: 11.6328
        time_remove_window: 1.502e-05
        timing_PlanIn:
            total_PlanIn:0.171414
            num_until_goal_expanded:314
            timing_expansions:
                total_S3Exp: 0.171376
                time_top_o: 0.00014357
                time_check_in_c: 0.000102308
                time_add_parent: 0.000164791
                num_neighbors: 165380
                time_add_neighbors_to_o: 0.165187
    num_windows_should_quit: 1
    time_should_quit: 2.7616e-05
    time_remove_window: 3.3e-07
Complete!
