Total time: 7.43245
is_optimal: false
optimality_bound: 1.00217
successive_bounds: [1.00326, 1.00326, 1.00326, 1.00217, 1.00217, 1.00217, 1.00217]
successive_runtimes: [0.00688466, 0.0213117, 0.0607524, 0.376697, 1.29294, 3.41418, 7.43245]
num_agents: 30
time_individual_plan: 0.00389188
time_first_plan: 0.00246482
num_max_agents_in_window_first_iteration: 3
num_recWAMPF: 7
timing_recWAMPF:
    total_RecWAMPF: 7.42803
    num_windows: 29
    num_max_agents_in_window: 4
    timing_gari:
        total_GARI: 7.40349
        time_path_btw_starts: 8.8888e-05
        Stage1:
            total_Stage1:5.14468
            time_add_x_to_o: 0.581992
            time_clear_x: 0.330568
            timing_AStarSearchUntil:
                total_astar_search_until:4.23211
                num_values_f_less_fmax:44319
                ASU Exp:
                    total_ASUExp:4.23211
                    time_top_o:0.0626865
                    time_check_in_c:0.0241621
                    time_add_parent:0.0140184
                    num_neighbors:8748771
                    time_add_neighbors_to_o:4.05517
        Stage2:
            total_Stage2:0.0275832
            num_len_path:26
            time_expanding_s:2.2834e-05
            timing_AStarSearchUntil:
                total_astar_search_until:0.0275443
                num_values_f_less_fmax:95
                ASU Exp:
                    total_ASUExp:0.0275436
                    time_top_o:5.6045e-05
                    time_check_in_c:2.4134e-05
                    time_add_parent:3.8087e-05
                    num_neighbors:61454
                    time_add_neighbors_to_o:0.0272549
        Stage3:
            total_Stage3:2.23114
            num_until_goal_expanded:29032
            timing_S3Exp:
                total_S3Exp: 1.96343
                time_top_o: 0.0212946
                time_check_in_c: 0.00977761
                time_add_parent: 0.0176833
                num_neighbors: 4169329
                time_add_neighbors_to_o: 1.87105
    timing_PIOW_overlapping:
        total_PIOW: 0.0204466
        num_windows: 32
        time_check_overlap: 1.359e-06
        num_overlapping_windows: 1
        time_merge_windows: 1.677e-06
        time_remove_window: 2.67e-07
        time_remove_window: 1.628e-06
        timing_PlanIn:
            total_PlanIn:0.0204404
            num_until_goal_expanded:138
            timing_expansions:
                total_S3Exp: 0.0204381
                time_top_o: 3.8693e-05
                time_check_in_c: 3.7436e-05
                time_add_parent: 4.0596e-05
                num_neighbors: 42625
                time_add_neighbors_to_o: 0.0189718
    num_new_collisions: 4
    timing_PIOW_new_collisions:
        total_PIOW: 0.00198658
        num_windows: 7
        time_check_overlap: 7.26e-07
        num_overlapping_windows: 1
        time_merge_windows: 0
        time_remove_window: 0.0046964
        time_remove_window: 1.036e-06
        timing_PlanIn:
            total_PlanIn:0.00198027
            num_until_goal_expanded:99
            timing_expansions:
                total_S3Exp: 0.00197227
                time_top_o: 1.4047e-05
                time_check_in_c: 1.6828e-05
                time_add_parent: 2.5988e-05
                num_neighbors: 3717
                time_add_neighbors_to_o: 0.00167388
    num_windows_should_quit: 0
    time_should_quit: 1.323e-06
    time_remove_window: 0
Complete!
