Total time: 0.258073
is_optimal: true
optimality_bound: 1
successive_bounds: [1.00197, 1.00197, 1.00197, 1.00197, 1.00197, 1.00098, 1.00098, 1.00098, 1.00098, 1.00098, 1.00098, 1.00098, 1.00098, 1.00098, 1.00098, 1.00098, 1.00098, 1, 1]
successive_runtimes: [0.0273015, 0.0436649, 0.0498412, 0.0559502, 0.0627064, 0.0698682, 0.0776351, 0.0875855, 0.0994042, 0.112471, 0.123744, 0.134073, 0.147409, 0.161942, 0.178211, 0.195287, 0.21428, 0.258073]
num_agents: 30
time_individual_plan: 0.005811
time_first_plan: 0.0209642
num_max_agents_in_window_first_iteration: 4
num_recWAMPF: 18
timing_recWAMPF:
    total_RecWAMPF: 0.251731
    num_windows: 140
    num_max_agents_in_window: 4
    timing_gari:
        total_GARI: 0.226244
        time_path_btw_starts: 0.000380629
        Stage1:
            total_Stage1:0.0223738
            time_add_x_to_o: 0.0173832
            time_clear_x: 0.00244382
            timing_AStarSearchUntil:
                total_astar_search_until:0.00253706
                num_values_f_less_fmax:247
                ASU Exp:
                    total_ASUExp:0.00253379
                    time_top_o:7e-05
                    time_check_in_c:5.715e-05
                    time_add_parent:8.4869e-05
                    num_neighbors:5760
                    time_add_neighbors_to_o:0.00206722
        Stage2:
            total_Stage2:0.0363502
            num_len_path:142
            time_expanding_s:0.000297617
            timing_AStarSearchUntil:
                total_astar_search_until:0.0359967
                num_values_f_less_fmax:2656
                ASU Exp:
                    total_ASUExp:0.0359938
                    time_top_o:0.000893456
                    time_check_in_c:0.000507826
                    time_add_parent:0.000772992
                    num_neighbors:75204
                    time_add_neighbors_to_o:0.0309881
        Stage3:
            total_Stage3:0.167107
            num_until_goal_expanded:6467
            timing_S3Exp:
                total_S3Exp: 0.0888386
                time_top_o: 0.00195772
                time_check_in_c: 0.00113042
                time_add_parent: 0.00161061
                num_neighbors: 134143
                time_add_neighbors_to_o: 0.0736829
    timing_PIOW_overlapping:
        total_PIOW: 2.193e-05
        num_windows: 272
        time_check_overlap: 1.3459e-05
        num_overlapping_windows: 0
        time_merge_windows: 0
        time_remove_window: 0
        time_remove_window: 0
        timing_PlanIn:
            total_PlanIn:0
            num_until_goal_expanded:0
            timing_expansions:
                total_S3Exp: 0
                time_top_o: 0
                time_check_in_c: 0
                time_add_parent: 0
                num_neighbors: 0
                time_add_neighbors_to_o: 0
    num_new_collisions: 6
    timing_PIOW_new_collisions:
        total_PIOW: 0.0201804
        num_windows: 24
        time_check_overlap: 1.217e-06
        num_overlapping_windows: 2
        time_merge_windows: 0
        time_remove_window: 0.0185096
        time_remove_window: 1.725e-06
        timing_PlanIn:
            total_PlanIn:0.0201557
            num_until_goal_expanded:267
            timing_expansions:
                total_S3Exp: 0.0201323
                time_top_o: 6.313e-05
                time_check_in_c: 5.0796e-05
                time_add_parent: 7.2849e-05
                num_neighbors: 30170
                time_add_neighbors_to_o: 0.0187727
    num_windows_should_quit: 0
    time_should_quit: 1.0567e-05
    time_remove_window: 0
Complete!
