Total time: 2.51341
is_optimal: false
optimality_bound: 1.00278
successive_bounds: [1.00473, 1.00473, 1.00473, 1.00473, 1.00473, 1.00389, 1.00389, 1.00334, 1.00334, 1.00334, 1.00278]
successive_runtimes: [0.011223, 0.0152903, 0.0204576, 0.0286715, 0.0362147, 0.0866251, 0.330665, 0.731649, 1.20871, 1.77261, 2.51341]
num_agents: 50
time_individual_plan: 0.00613927
time_first_plan: 0.00455973
num_max_agents_in_window_first_iteration: 2
num_recWAMPF: 11
timing_recWAMPF:
    total_RecWAMPF: 2.50675
    num_windows: 199
    num_max_agents_in_window: 4
    timing_gari:
        total_GARI: 2.44991
        time_path_btw_starts: 0.00067074
        Stage1:
            total_Stage1:1.96632
            time_add_x_to_o: 0.510823
            time_clear_x: 0.232349
            timing_AStarSearchUntil:
                total_astar_search_until:1.22314
                num_values_f_less_fmax:8120
                ASU Exp:
                    total_ASUExp:1.22313
                    time_top_o:0.0109502
                    time_check_in_c:0.0251736
                    time_add_parent:0.00298989
                    num_neighbors:2526727
                    time_add_neighbors_to_o:1.16406
        Stage2:
            total_Stage2:0.0135969
            num_len_path:189
            time_expanding_s:0.000112046
            timing_AStarSearchUntil:
                total_astar_search_until:0.0134143
                num_values_f_less_fmax:412
                ASU Exp:
                    total_ASUExp:0.0134105
                    time_top_o:0.000116501
                    time_check_in_c:8.4193e-05
                    time_add_parent:0.000228055
                    num_neighbors:27655
                    time_add_neighbors_to_o:0.012482
        Stage3:
            total_Stage3:0.468923
            num_until_goal_expanded:1965
            timing_S3Exp:
                total_S3Exp: 0.105793
                time_top_o: 0.000774471
                time_check_in_c: 0.000310464
                time_add_parent: 0.000624488
                num_neighbors: 182976
                time_add_neighbors_to_o: 0.101396
    timing_PIOW_overlapping:
        total_PIOW: 0.0407416
        num_windows: 914
        time_check_overlap: 3.0414e-05
        num_overlapping_windows: 1
        time_merge_windows: 1.425e-06
        time_remove_window: 4.9e-07
        time_remove_window: 1.376e-06
        timing_PlanIn:
            total_PlanIn:0.0406854
            num_until_goal_expanded:192
            timing_expansions:
                total_S3Exp: 0.0406829
                time_top_o: 7.4275e-05
                time_check_in_c: 4.3229e-05
                time_add_parent: 6.3186e-05
                num_neighbors: 77915
                time_add_neighbors_to_o: 0.0381761
    num_new_collisions: 12
    timing_PIOW_new_collisions:
        total_PIOW: 0.00469167
        num_windows: 128
        time_check_overlap: 3.838e-06
        num_overlapping_windows: 2
        time_merge_windows: 0
        time_remove_window: 0.0971745
        time_remove_window: 4.255e-06
        timing_PlanIn:
            total_PlanIn:0.00466898
            num_until_goal_expanded:203
            timing_expansions:
                total_S3Exp: 0.0046472
                time_top_o: 3.1749e-05
                time_check_in_c: 3.3762e-05
                time_add_parent: 5.5445e-05
                num_neighbors: 7808
                time_add_neighbors_to_o: 0.0040557
    num_windows_should_quit: 0
    time_should_quit: 1.2206e-05
    time_remove_window: 0
Complete!
