Total time: 0.237787
is_optimal: true
optimality_bound: 1
successive_bounds: [1.00173, 1.00173, 1.00173, 1.00173, 1.00173, 1.00087, 1.00087, 1.00087, 1.00087, 1.00087, 1.00087, 1.00087, 1.00087, 1.00087, 1.00087, 1.00087, 1.00087, 1.00087, 1.00087, 1.00087, 1.00087, 1.00087, 1.00087, 1.00087, 1, 1]
successive_runtimes: [0.0237866, 0.026109, 0.0333617, 0.0364496, 0.0396262, 0.0436631, 0.0486466, 0.0518872, 0.0556332, 0.059207, 0.0628137, 0.0665334, 0.07537, 0.0792539, 0.0829214, 0.154888, 0.177868, 0.195832, 0.204518, 0.210112, 0.215552, 0.221038, 0.226241, 0.23161, 0.237787]
num_agents: 30
time_individual_plan: 0.0167852
time_first_plan: 0.00549431
num_max_agents_in_window_first_iteration: 2
num_recWAMPF: 25
timing_recWAMPF:
    total_RecWAMPF: 0.219483
    num_windows: 196
    num_max_agents_in_window: 2
    timing_gari:
        total_GARI: 0.204601
        time_path_btw_starts: 0.00109766
        Stage1:
            total_Stage1:0.0606846
            time_add_x_to_o: 0.0169368
            time_clear_x: 0.00229116
            timing_AStarSearchUntil:
                total_astar_search_until:0.0414346
                num_values_f_less_fmax:3296
                ASU Exp:
                    total_ASUExp:0.0414266
                    time_top_o:0.00219666
                    time_check_in_c:0.00150805
                    time_add_parent:0.00233298
                    num_neighbors:36578
                    time_add_neighbors_to_o:0.031138
        Stage2:
            total_Stage2:0.0745985
            num_len_path:199
            time_expanding_s:0.000262019
            timing_AStarSearchUntil:
                total_astar_search_until:0.0742148
                num_values_f_less_fmax:2685
                ASU Exp:
                    total_ASUExp:0.0742073
                    time_top_o:0.00191357
                    time_check_in_c:0.00117151
                    time_add_parent:0.00253912
                    num_neighbors:64179
                    time_add_neighbors_to_o:0.0612332
        Stage3:
            total_Stage3:0.0681072
            num_until_goal_expanded:632
            timing_S3Exp:
                total_S3Exp: 0.0143779
                time_top_o: 0.00031029
                time_check_in_c: 0.000262825
                time_add_parent: 0.000548404
                num_neighbors: 7014
                time_add_neighbors_to_o: 0.00928215
    timing_PIOW_overlapping:
        total_PIOW: 5.8101e-05
        num_windows: 384
        time_check_overlap: 3.4708e-05
        num_overlapping_windows: 0
        time_merge_windows: 0
        time_remove_window: 0
        time_remove_window: 0
        timing_PlanIn:
            total_PlanIn:0
            num_until_goal_expanded:0
            timing_expansions:
                total_S3Exp: 0
                time_top_o: 0
                time_check_in_c: 0
                time_add_parent: 0
                num_neighbors: 0
                time_add_neighbors_to_o: 0
    num_new_collisions: 4
    timing_PIOW_new_collisions:
        total_PIOW: 0.0041875
        num_windows: 12
        time_check_overlap: 1.764e-06
        num_overlapping_windows: 0
        time_merge_windows: 0
        time_remove_window: 0
        time_remove_window: 3.484e-06
        timing_PlanIn:
            total_PlanIn:0.0041679
            num_until_goal_expanded:99
            timing_expansions:
                total_S3Exp: 0.00414344
                time_top_o: 5.4288e-05
                time_check_in_c: 6.4447e-05
                time_add_parent: 0.000149383
                num_neighbors: 1886
                time_add_neighbors_to_o: 0.00327928
    num_windows_should_quit: 0
    time_should_quit: 1.4925e-05
    time_remove_window: 0
Complete!
