Total time: 8.93846
is_optimal: false
optimality_bound: 1.00078
successive_bounds: [1.01374, 1.01295, 1.01217, 1.01177, 1.01099, 1.00942, 1.00942, 1.00235, 1.00235, 1.00235, 1.00078]
successive_runtimes: [0.0389979, 0.100118, 0.173703, 0.269439, 0.402096, 1.64263, 1.80417, 3.85805, 4.67821, 6.12034, 8.93846]
num_agents: 40
time_individual_plan: 0.00654384
time_first_plan: 0.0319133
num_max_agents_in_window_first_iteration: 2
num_recWAMPF: 11
timing_recWAMPF:
    total_RecWAMPF: 8.93137
    num_windows: 174
    num_max_agents_in_window: 4
    timing_gari:
        total_GARI: 5.29685
        time_path_btw_starts: 0.00120909
        Stage1:
            total_Stage1:3.1273
            time_add_x_to_o: 0.657876
            time_clear_x: 0.319145
            timing_AStarSearchUntil:
                total_astar_search_until:1.94384
                num_values_f_less_fmax:56579
                ASU Exp:
                    total_ASUExp:1.94384
                    time_top_o:0.0426443
                    time_check_in_c:0.0232279
                    time_add_parent:0.013282
                    num_neighbors:4132758
                    time_add_neighbors_to_o:2.02105
        Stage2:
            total_Stage2:0.00930153
            num_len_path:169
            time_expanding_s:0.00024378
            timing_AStarSearchUntil:
                total_astar_search_until:0.00899
                num_values_f_less_fmax:534
                ASU Exp:
                    total_ASUExp:0.00898666
                    time_top_o:0.000155183
                    time_check_in_c:0.000127994
                    time_add_parent:0.000188199
                    num_neighbors:18040
                    time_add_neighbors_to_o:0.00793186
        Stage3:
            total_Stage3:2.159
            num_until_goal_expanded:32391
            timing_S3Exp:
                total_S3Exp: 1.65888
                time_top_o: 0.0254137
                time_check_in_c: 0.00859728
                time_add_parent: 0.0213251
                num_neighbors: 3688399
                time_add_neighbors_to_o: 1.55647
    timing_PIOW_overlapping:
        total_PIOW: 1.2974
        num_windows: 771
        time_check_overlap: 3.14e-05
        num_overlapping_windows: 5
        time_merge_windows: 1.1898e-05
        time_remove_window: 2.274e-06
        time_remove_window: 1.1612e-05
        timing_PlanIn:
            total_PlanIn:1.29732
            num_until_goal_expanded:18894
            timing_expansions:
                total_S3Exp: 1.29731
                time_top_o: 0.00980706
                time_check_in_c: 0.0047547
                time_add_parent: 0.00873698
                num_neighbors: 2092860
                time_add_neighbors_to_o: 1.18605
    num_new_collisions: 12
    timing_PIOW_new_collisions:
        total_PIOW: 0.799164
        num_windows: 133
        time_check_overlap: 5.283e-06
        num_overlapping_windows: 2
        time_merge_windows: 0
        time_remove_window: 3.26465
        time_remove_window: 7.706e-06
        timing_PlanIn:
            total_PlanIn:0.799133
            num_until_goal_expanded:13000
            timing_expansions:
                total_S3Exp: 0.798537
                time_top_o: 0.00692328
                time_check_in_c: 0.00318496
                time_add_parent: 0.00555632
                num_neighbors: 1256265
                time_add_neighbors_to_o: 0.726877
    num_windows_should_quit: 0
    time_should_quit: 1.285e-05
    time_remove_window: 0
Complete!
