Total time: 0.0158429
is_optimal: true
optimality_bound: 1
successive_bounds: [1.00132, 1.00132, 1.00132, 1.00132, 1.00132, 1.00132, 1.00132, 1.00132, 1.00132, 1.00132, 1.00132, 1.00132, 1.00132, 1.00132, 1, 1]
successive_runtimes: [0.00481887, 0.00520726, 0.00557347, 0.00596929, 0.00638496, 0.00680818, 0.0072299, 0.00765875, 0.00810832, 0.00874979, 0.00935984, 0.0098288, 0.0111911, 0.0117666, 0.0158429]
num_agents: 20
time_individual_plan: 0.00384812
time_first_plan: 0.000439692
num_max_agents_in_window_first_iteration: 2
num_recWAMPF: 15
timing_recWAMPF:
    total_RecWAMPF: 0.0114615
    num_windows: 58
    num_max_agents_in_window: 2
    timing_gari:
        total_GARI: 0.0094949
        time_path_btw_starts: 0.000139697
        Stage1:
            total_Stage1:0.00134912
            time_add_x_to_o: 0.000862093
            time_clear_x: 0.000122802
            timing_AStarSearchUntil:
                total_astar_search_until:0.00036113
                num_values_f_less_fmax:31
                ASU Exp:
                    total_ASUExp:0.000359803
                    time_top_o:8.553e-06
                    time_check_in_c:9.989e-06
                    time_add_parent:1.7247e-05
                    num_neighbors:745
                    time_add_neighbors_to_o:0.000281339
        Stage2:
            total_Stage2:0.00470071
            num_len_path:69
            time_expanding_s:4.3313e-05
            timing_AStarSearchUntil:
                total_astar_search_until:0.00464292
                num_values_f_less_fmax:392
                ASU Exp:
                    total_ASUExp:0.00464167
                    time_top_o:0.000105097
                    time_check_in_c:7.1124e-05
                    time_add_parent:0.000104179
                    num_neighbors:9658
                    time_add_neighbors_to_o:0.00396268
        Stage3:
            total_Stage3:0.00329677
            num_until_goal_expanded:455
            timing_S3Exp:
                total_S3Exp: 0.00222184
                time_top_o: 9.6882e-05
                time_check_in_c: 5.7432e-05
                time_add_parent: 9.6061e-05
                num_neighbors: 3856
                time_add_neighbors_to_o: 0.00154468
    timing_PIOW_overlapping:
        total_PIOW: 3.288e-06
        num_windows: 56
        time_check_overlap: 1.579e-06
        num_overlapping_windows: 0
        time_merge_windows: 0
        time_remove_window: 0
        time_remove_window: 0
        timing_PlanIn:
            total_PlanIn:0
            num_until_goal_expanded:0
            timing_expansions:
                total_S3Exp: 0
                time_top_o: 0
                time_check_in_c: 0
                time_add_parent: 0
                num_neighbors: 0
                time_add_neighbors_to_o: 0
    num_new_collisions: 2
    timing_PIOW_new_collisions:
        total_PIOW: 0.000255598
        num_windows: 2
        time_check_overlap: 6.9e-08
        num_overlapping_windows: 0
        time_merge_windows: 0
        time_remove_window: 0
        time_remove_window: 6.24e-07
        timing_PlanIn:
            total_PlanIn:0.000252769
            num_until_goal_expanded:32
            timing_expansions:
                total_S3Exp: 0.000247996
                time_top_o: 4.434e-06
                time_check_in_c: 6.645e-06
                time_add_parent: 9.261e-06
                num_neighbors: 372
                time_add_neighbors_to_o: 0.000177766
    num_windows_should_quit: 0
    time_should_quit: 1.073e-06
    time_remove_window: 0
Complete!
