Total time: 8.9303
is_optimal: false
optimality_bound: 1.00078
successive_bounds: [1.01374, 1.01295, 1.01217, 1.01177, 1.01099, 1.00942, 1.00942, 1.00235, 1.00235, 1.00235, 1.00078]
successive_runtimes: [0.0387312, 0.0985804, 0.172148, 0.268083, 0.403807, 1.64864, 1.81091, 3.86552, 4.68147, 6.12067, 8.9303]
num_agents: 40
time_individual_plan: 0.00631759
time_first_plan: 0.0318242
num_max_agents_in_window_first_iteration: 2
num_recWAMPF: 11
timing_recWAMPF:
    total_RecWAMPF: 8.92339
    num_windows: 174
    num_max_agents_in_window: 4
    timing_gari:
        total_GARI: 5.28202
        time_path_btw_starts: 0.00119039
        Stage1:
            total_Stage1:3.11918
            time_add_x_to_o: 0.65408
            time_clear_x: 0.317473
            timing_AStarSearchUntil:
                total_astar_search_until:1.9414
                num_values_f_less_fmax:56579
                ASU Exp:
                    total_ASUExp:1.9414
                    time_top_o:0.0421981
                    time_check_in_c:0.0231238
                    time_add_parent:0.0128334
                    num_neighbors:4132758
                    time_add_neighbors_to_o:2.01958
        Stage2:
            total_Stage2:0.0093207
            num_len_path:169
            time_expanding_s:0.000241927
            timing_AStarSearchUntil:
                total_astar_search_until:0.00900948
                num_values_f_less_fmax:534
                ASU Exp:
                    total_ASUExp:0.00900612
                    time_top_o:0.000153689
                    time_check_in_c:0.000126177
                    time_add_parent:0.000187143
                    num_neighbors:18040
                    time_add_neighbors_to_o:0.00792941
        Stage3:
            total_Stage3:2.15229
            num_until_goal_expanded:32391
            timing_S3Exp:
                total_S3Exp: 1.65764
                time_top_o: 0.0251698
                time_check_in_c: 0.00870831
                time_add_parent: 0.021189
                num_neighbors: 3688399
                time_add_neighbors_to_o: 1.55577
    timing_PIOW_overlapping:
        total_PIOW: 1.29536
        num_windows: 771
        time_check_overlap: 3.1787e-05
        num_overlapping_windows: 5
        time_merge_windows: 1.2349e-05
        time_remove_window: 2.402e-06
        time_remove_window: 1.1979e-05
        timing_PlanIn:
            total_PlanIn:1.29528
            num_until_goal_expanded:18894
            timing_expansions:
                total_S3Exp: 1.29527
                time_top_o: 0.00975979
                time_check_in_c: 0.00473107
                time_add_parent: 0.00865495
                num_neighbors: 2092860
                time_add_neighbors_to_o: 1.18454
    num_new_collisions: 12
    timing_PIOW_new_collisions:
        total_PIOW: 0.800076
        num_windows: 133
        time_check_overlap: 5.026e-06
        num_overlapping_windows: 2
        time_merge_windows: 0
        time_remove_window: 3.26766
        time_remove_window: 7.428e-06
        timing_PlanIn:
            total_PlanIn:0.800045
            num_until_goal_expanded:13000
            timing_expansions:
                total_S3Exp: 0.799461
                time_top_o: 0.00688587
                time_check_in_c: 0.00315106
                time_add_parent: 0.00549319
                num_neighbors: 1256265
                time_add_neighbors_to_o: 0.727951
    num_windows_should_quit: 0
    time_should_quit: 1.1648e-05
    time_remove_window: 0
Complete!
