Total time: 0.226196
is_optimal: false
optimality_bound: 1.00465
successive_bounds: [1.00815, 1.00815, 1.00815, 1.00776, 1.00698, 1.00698, 1.00543, 1.00465]
successive_runtimes: [0.0101124, 0.0190485, 0.0279897, 0.0376178, 0.0485551, 0.076575, 0.111303, 0.226196]
num_agents: 40
time_individual_plan: 0.00439893
time_first_plan: 0.00519628
num_max_agents_in_window_first_iteration: 3
num_recWAMPF: 8
timing_recWAMPF:
    total_RecWAMPF: 0.221278
    num_windows: 159
    num_max_agents_in_window: 3
    timing_gari:
        total_GARI: 0.211391
        time_path_btw_starts: 0.000395224
        Stage1:
            total_Stage1:0.132516
            time_add_x_to_o: 0.0219523
            time_clear_x: 0.00353212
            timing_AStarSearchUntil:
                total_astar_search_until:0.107023
                num_values_f_less_fmax:6114
                ASU Exp:
                    total_ASUExp:0.107019
                    time_top_o:0.00241463
                    time_check_in_c:0.00146236
                    time_add_parent:0.000824273
                    num_neighbors:252885
                    time_add_neighbors_to_o:0.0985459
        Stage2:
            total_Stage2:0.0213031
            num_len_path:153
            time_expanding_s:6.029e-05
            timing_AStarSearchUntil:
                total_astar_search_until:0.0211992
                num_values_f_less_fmax:532
                ASU Exp:
                    total_ASUExp:0.0211959
                    time_top_o:0.000160579
                    time_check_in_c:0.000126321
                    time_add_parent:0.00013961
                    num_neighbors:50816
                    time_add_neighbors_to_o:0.0201214
        Stage3:
            total_Stage3:0.0296171
            num_until_goal_expanded:2441
            timing_S3Exp:
                total_S3Exp: 0.0240187
                time_top_o: 0.000590791
                time_check_in_c: 0.000356591
                time_add_parent: 0.000720667
                num_neighbors: 49268
                time_add_neighbors_to_o: 0.0198235
    timing_PIOW_overlapping:
        total_PIOW: 0.00151286
        num_windows: 800
        time_check_overlap: 2.3613e-05
        num_overlapping_windows: 1
        time_merge_windows: 1.385e-06
        time_remove_window: 2.26e-07
        time_remove_window: 1.334e-06
        timing_PlanIn:
            total_PlanIn:0.00146948
            num_until_goal_expanded:34
            timing_expansions:
                total_S3Exp: 0.00146761
                time_top_o: 7.079e-06
                time_check_in_c: 5.917e-06
                time_add_parent: 9.061e-06
                num_neighbors: 2630
                time_add_neighbors_to_o: 0.00132469
    num_new_collisions: 12
    timing_PIOW_new_collisions:
        total_PIOW: 0.00295473
        num_windows: 137
        time_check_overlap: 3.962e-06
        num_overlapping_windows: 1
        time_merge_windows: 0
        time_remove_window: 0.00793489
        time_remove_window: 3.048e-06
        timing_PlanIn:
            total_PlanIn:0.00293277
            num_until_goal_expanded:236
            timing_expansions:
                total_S3Exp: 0.00291155
                time_top_o: 3.1381e-05
                time_check_in_c: 3.9465e-05
                time_add_parent: 6.3628e-05
                num_neighbors: 5011
                time_add_neighbors_to_o: 0.00234186
    num_windows_should_quit: 0
    time_should_quit: 8.468e-06
    time_remove_window: 0
Complete!
