Total time: 0.835319
is_optimal: false
optimality_bound: 1.00102
successive_bounds: [1.00358, 1.00358, 1.00358, 1.00358, 1.00358, 1.00358, 1.00307, 1.00307, 1.00307, 1.00307, 1.00256, 1.00256, 1.00256, 1.00256, 1.00205, 1.00153, 1.00153, 1.00153, 1.00102, 1.00102, 1.00102, 1.00102, 1.00102, 1.00102, 1.00102]
successive_runtimes: [0.0535663, 0.0635722, 0.0747539, 0.0873906, 0.09935, 0.112589, 0.142343, 0.157981, 0.176602, 0.193547, 0.227898, 0.247132, 0.264766, 0.282846, 0.307667, 0.327741, 0.340313, 0.352772, 0.37208, 0.390662, 0.405218, 0.423968, 0.441189, 0.459823, 0.835319]
num_agents: 40
time_individual_plan: 0.0429909
time_first_plan: 0.00927188
num_max_agents_in_window_first_iteration: 2
num_recWAMPF: 25
timing_recWAMPF:
    total_RecWAMPF: 0.791016
    num_windows: 438
    num_max_agents_in_window: 3
    timing_gari:
        total_GARI: 0.410091
        time_path_btw_starts: 0.00195845
        Stage1:
            total_Stage1:0.128171
            time_add_x_to_o: 0.0588358
            time_clear_x: 0.0102427
            timing_AStarSearchUntil:
                total_astar_search_until:0.0590559
                num_values_f_less_fmax:20611
                ASU Exp:
                    total_ASUExp:0.0590379
                    time_top_o:0.00875612
                    time_check_in_c:0.00575702
                    time_add_parent:0.00259787
                    num_neighbors:42453
                    time_add_neighbors_to_o:0.0315663
        Stage2:
            total_Stage2:0.0713233
            num_len_path:486
            time_expanding_s:0.000499536
            timing_AStarSearchUntil:
                total_astar_search_until:0.0705743
                num_values_f_less_fmax:3203
                ASU Exp:
                    total_ASUExp:0.0705591
                    time_top_o:0.00154599
                    time_check_in_c:0.0011954
                    time_add_parent:0.00273391
                    num_neighbors:72862
                    time_add_neighbors_to_o:0.0577369
        Stage3:
            total_Stage3:0.208458
            num_until_goal_expanded:12234
            timing_S3Exp:
                total_S3Exp: 0.108734
                time_top_o: 0.00521649
                time_check_in_c: 0.00359702
                time_add_parent: 0.00651416
                num_neighbors: 85554
                time_add_neighbors_to_o: 0.067571
    timing_PIOW_overlapping:
        total_PIOW: 0.354838
        num_windows: 1950
        time_check_overlap: 9.5896e-05
        num_overlapping_windows: 2
        time_merge_windows: 8.288e-06
        time_remove_window: 1.743e-06
        time_remove_window: 8.083e-06
        timing_PlanIn:
            total_PlanIn:0.354657
            num_until_goal_expanded:3488
            timing_expansions:
                total_S3Exp: 0.354647
                time_top_o: 0.00193137
                time_check_in_c: 0.00131638
                time_add_parent: 0.0030208
                num_neighbors: 341126
                time_add_neighbors_to_o: 0.324676
    num_new_collisions: 9
    timing_PIOW_new_collisions:
        total_PIOW: 0.0045607
        num_windows: 72
        time_check_overlap: 4.3e-06
        num_overlapping_windows: 0
        time_merge_windows: 0
        time_remove_window: 0
        time_remove_window: 7.622e-06
        timing_PlanIn:
            total_PlanIn:0.00452609
            num_until_goal_expanded:264
            timing_expansions:
                total_S3Exp: 0.00448964
                time_top_o: 7.7061e-05
                time_check_in_c: 0.000139591
                time_add_parent: 0.000270301
                num_neighbors: 2259
                time_add_neighbors_to_o: 0.00297485
    num_windows_should_quit: 0
    time_should_quit: 3.4268e-05
    time_remove_window: 0
Complete!
