Total time: 6.55601
is_optimal: false
optimality_bound: 1.00097
successive_bounds: [1.00516, 1.00451, 1.00355, 1.00355, 1.00322, 1.00258, 1.00258, 1.00193, 1.00161, 1.00161, 1.00097, 1.00097, 1.00097, 1.00097, 1.00097, 1.00097, 1.00097, 1.00097]
successive_runtimes: [0.0118248, 0.0149477, 0.0177858, 0.0203693, 0.0253371, 0.0328519, 0.051639, 0.183858, 0.27763, 0.304612, 0.387097, 0.540941, 0.6954, 0.895738, 1.11771, 2.34521, 4.4509, 6.55601]
num_agents: 50
time_individual_plan: 0.00691546
time_first_plan: 0.00438526
num_max_agents_in_window_first_iteration: 2
num_recWAMPF: 18
timing_recWAMPF:
    total_RecWAMPF: 6.54856
    num_windows: 402
    num_max_agents_in_window: 4
    timing_gari:
        total_GARI: 6.47025
        time_path_btw_starts: 0.00144279
        Stage1:
            total_Stage1:4.18448
            time_add_x_to_o: 0.720667
            time_clear_x: 0.306814
            timing_AStarSearchUntil:
                total_astar_search_until:3.15698
                num_values_f_less_fmax:16280
                ASU Exp:
                    total_ASUExp:3.15696
                    time_top_o:0.0201555
                    time_check_in_c:0.0065934
                    time_add_parent:0.0143696
                    num_neighbors:5069729
                    time_add_neighbors_to_o:3.08009
        Stage2:
            total_Stage2:0.137799
            num_len_path:385
            time_expanding_s:0.000899572
            timing_AStarSearchUntil:
                total_astar_search_until:0.136718
                num_values_f_less_fmax:1486
                ASU Exp:
                    total_ASUExp:0.13671
                    time_top_o:0.000673046
                    time_check_in_c:0.000303999
                    time_add_parent:0.000596457
                    num_neighbors:258147
                    time_add_neighbors_to_o:0.131094
        Stage3:
            total_Stage3:2.14644
            num_until_goal_expanded:4422
            timing_S3Exp:
                total_S3Exp: 0.939173
                time_top_o: 0.00339152
                time_check_in_c: 0.00101611
                time_add_parent: 0.00225391
                num_neighbors: 1516391
                time_add_neighbors_to_o: 0.90834
    timing_PIOW_overlapping:
        total_PIOW: 0.00541666
        num_windows: 2279
        time_check_overlap: 8.5176e-05
        num_overlapping_windows: 2
        time_merge_windows: 2.194e-06
        time_remove_window: 3.13e-07
        time_remove_window: 2.089e-06
        timing_PlanIn:
            total_PlanIn:0.00527704
            num_until_goal_expanded:156
            timing_expansions:
                total_S3Exp: 0.00527297
                time_top_o: 3.2925e-05
                time_check_in_c: 2.5879e-05
                time_add_parent: 4.7015e-05
                num_neighbors: 9315
                time_add_neighbors_to_o: 0.00469907
    num_new_collisions: 14
    timing_PIOW_new_collisions:
        total_PIOW: 0.0589554
        num_windows: 184
        time_check_overlap: 5.837e-06
        num_overlapping_windows: 1
        time_merge_windows: 0
        time_remove_window: 0.329644
        time_remove_window: 8.4e-06
        timing_PlanIn:
            total_PlanIn:0.0589229
            num_until_goal_expanded:369
            timing_expansions:
                total_S3Exp: 0.0588993
                time_top_o: 0.000117216
                time_check_in_c: 7.2255e-05
                time_add_parent: 0.000112867
                num_neighbors: 110978
                time_add_neighbors_to_o: 0.0552229
    num_windows_should_quit: 0
    time_should_quit: 2.7213e-05
    time_remove_window: 0
Complete!
