Total time: 14.5495
is_optimal: false
optimality_bound: 1.00035
successive_bounds: [1.00553, 1.00449, 1.00449, 1.00449, 1.00415, 1.00276, 1.00276, 1.00276, 1.00276, 1.00276, 1.00173, 1.00173, 1.00104, 1.00104, 1.00104, 1.00104, 1.00104, 1.00104, 1.00104, 1.00104, 1.00104, 1.00104, 1.00104, 1.00104, 1.00104, 1.00104, 1.00104, 1.00035, 1.00035, 1.00035, 1.00035]
successive_runtimes: [0.0137002, 0.0162196, 0.0184395, 0.0207479, 0.0235139, 0.430917, 0.511752, 0.537975, 0.564781, 0.591622, 4.32596, 7.06814, 7.46932, 7.84657, 8.21897, 8.59192, 8.98812, 9.40462, 9.79262, 10.175, 10.5643, 10.9611, 11.3521, 11.7415, 12.1365, 12.5274, 12.9199, 13.3374, 13.7379, 14.1396, 14.5495]
num_agents: 40
time_individual_plan: 0.00939001
time_first_plan: 0.00356854
num_max_agents_in_window_first_iteration: 2
num_recWAMPF: 31
timing_recWAMPF:
    total_RecWAMPF: 14.5393
    num_windows: 500
    num_max_agents_in_window: 6
    timing_gari:
        total_GARI: 10.4118
        time_path_btw_starts: 0.00217513
        Stage1:
            total_Stage1:2.16393
            time_add_x_to_o: 1.77432
            time_clear_x: 0.353075
            timing_AStarSearchUntil:
                total_astar_search_until:0.0364907
                num_values_f_less_fmax:3746
                ASU Exp:
                    total_ASUExp:0.0364736
                    time_top_o:0.00182067
                    time_check_in_c:0.00113828
                    time_add_parent:0.00152975
                    num_neighbors:55702
                    time_add_neighbors_to_o:0.0286324
        Stage2:
            total_Stage2:0.359347
            num_len_path:482
            time_expanding_s:0.00371137
            timing_AStarSearchUntil:
                total_astar_search_until:0.355274
                num_values_f_less_fmax:6441
                ASU Exp:
                    total_ASUExp:0.355261
                    time_top_o:0.00280877
                    time_check_in_c:0.00140494
                    time_add_parent:0.0024307
                    num_neighbors:552921
                    time_add_neighbors_to_o:0.333848
        Stage3:
            total_Stage3:7.88616
            num_until_goal_expanded:5366
            timing_S3Exp:
                total_S3Exp: 0.513715
                time_top_o: 0.00332479
                time_check_in_c: 0.00159982
                time_add_parent: 0.00291059
                num_neighbors: 106558
                time_add_neighbors_to_o: 0.0650638
    timing_PIOW_overlapping:
        total_PIOW: 0.23434
        num_windows: 2090
        time_check_overlap: 0.00013023
        num_overlapping_windows: 2
        time_merge_windows: 4.29e-06
        time_remove_window: 8.32e-07
        time_remove_window: 4.177e-06
        timing_PlanIn:
            total_PlanIn:0.234127
            num_until_goal_expanded:3194
            timing_expansions:
                total_S3Exp: 0.234106
                time_top_o: 0.00151583
                time_check_in_c: 0.000643158
                time_add_parent: 0.00135099
                num_neighbors: 337582
                time_add_neighbors_to_o: 0.215462
    num_new_collisions: 13
    timing_PIOW_new_collisions:
        total_PIOW: 3.87817
        num_windows: 160
        time_check_overlap: 8.569e-06
        num_overlapping_windows: 3
        time_merge_windows: 0
        time_remove_window: 1.50021
        time_remove_window: 7.231e-06
        timing_PlanIn:
            total_PlanIn:3.87812
            num_until_goal_expanded:7255
            timing_expansions:
                total_S3Exp: 3.87809
                time_top_o: 0.0045651
                time_check_in_c: 0.00193795
                time_add_parent: 0.00434669
                num_neighbors: 5107169
                time_add_neighbors_to_o: 3.69342
    num_windows_should_quit: 1
    time_should_quit: 3.6146e-05
    time_remove_window: 3.54e-07
Complete!
