Total time: 58.2257
is_optimal: false
optimality_bound: 1.00169
successive_bounds: [1.00816, 1.0045, 1.0045, 1.00394, 1.00338, 1.00338, 1.00281, 1.00225, 1.00225, 1.00225, 1.00225, 1.00169, 1.00169, 1.00169]
successive_runtimes: [0.0291696, 10.0096, 19.9491, 29.8188, 38.1035, 42.2814, 44.2548, 46.5477, 48.4785, 50.4117, 52.3457, 54.3237, 56.2747, 58.2257]
num_agents: 50
time_individual_plan: 0.0157631
time_first_plan: 0.0118622
num_max_agents_in_window_first_iteration: 2
num_recWAMPF: 14
timing_recWAMPF:
    total_RecWAMPF: 58.2084
    num_windows: 283
    num_max_agents_in_window: 5
    timing_gari:
        total_GARI: 48.1927
        time_path_btw_starts: 0.0196332
        Stage1:
            total_Stage1:25.5705
            time_add_x_to_o: 6.82863
            time_clear_x: 2.99345
            timing_AStarSearchUntil:
                total_astar_search_until:15.7484
                num_values_f_less_fmax:13203
                ASU Exp:
                    total_ASUExp:15.7484
                    time_top_o:0.0556649
                    time_check_in_c:0.210152
                    time_add_parent:0.337017
                    num_neighbors:14322057
                    time_add_neighbors_to_o:15.0599
        Stage2:
            total_Stage2:0.102602
            num_len_path:256
            time_expanding_s:0.00433316
            timing_AStarSearchUntil:
                total_astar_search_until:0.0979585
                num_values_f_less_fmax:1313
                ASU Exp:
                    total_ASUExp:0.0979491
                    time_top_o:0.00144953
                    time_check_in_c:0.00165213
                    time_add_parent:0.0018273
                    num_neighbors:69060
                    time_add_neighbors_to_o:0.0829105
        Stage3:
            total_Stage3:22.498
            num_until_goal_expanded:3183
            timing_S3Exp:
                total_S3Exp: 0.669715
                time_top_o: 0.00236391
                time_check_in_c: 0.000784084
                time_add_parent: 0.00196142
                num_neighbors: 67087
                time_add_neighbors_to_o: 0.184291
    timing_PIOW_overlapping:
        total_PIOW: 9.9952
        num_windows: 1544
        time_check_overlap: 0.000114468
        num_overlapping_windows: 7
        time_merge_windows: 2.0237e-05
        time_remove_window: 5.04e-06
        time_remove_window: 1.9604e-05
        timing_PlanIn:
            total_PlanIn:9.99497
            num_until_goal_expanded:4930
            timing_expansions:
                total_S3Exp: 9.99491
                time_top_o: 0.018562
                time_check_in_c: 0.00485976
                time_add_parent: 0.00690045
                num_neighbors: 7655346
                time_add_neighbors_to_o: 9.58052
    num_new_collisions: 16
    timing_PIOW_new_collisions:
        total_PIOW: 0.0061011
        num_windows: 240
        time_check_overlap: 1.4473e-05
        num_overlapping_windows: 0
        time_merge_windows: 0
        time_remove_window: 0
        time_remove_window: 1.4873e-05
        timing_PlanIn:
            total_PlanIn:0.00596271
            num_until_goal_expanded:334
            timing_expansions:
                total_S3Exp: 0.00588144
                time_top_o: 0.000114453
                time_check_in_c: 0.000159823
                time_add_parent: 0.000213481
                num_neighbors: 3701
                time_add_neighbors_to_o: 0.00415569
    num_windows_should_quit: 0
    time_should_quit: 3.731e-05
    time_remove_window: 0
Complete!
