Total time: 1.87479
is_optimal: false
optimality_bound: 1.0022
successive_bounds: [1.00688, 1.00578, 1.00578, 1.0044, 1.0044, 1.00303, 1.00248, 1.00248, 1.0022]
successive_runtimes: [0.0145186, 0.0199762, 0.0259521, 0.0364364, 0.0466787, 0.0582476, 0.284577, 0.980104, 1.87479]
num_agents: 50
time_individual_plan: 0.00810824
time_first_plan: 0.00587403
num_max_agents_in_window_first_iteration: 2
num_recWAMPF: 9
timing_recWAMPF:
    total_RecWAMPF: 1.86614
    num_windows: 212
    num_max_agents_in_window: 4
    timing_gari:
        total_GARI: 1.63236
        time_path_btw_starts: 0.00110646
        Stage1:
            total_Stage1:1.27883
            time_add_x_to_o: 0.383596
            time_clear_x: 0.203555
            timing_AStarSearchUntil:
                total_astar_search_until:0.691654
                num_values_f_less_fmax:8743
                ASU Exp:
                    total_ASUExp:0.691649
                    time_top_o:0.00824025
                    time_check_in_c:0.00641192
                    time_add_parent:0.00158278
                    num_neighbors:1346891
                    time_add_neighbors_to_o:0.652061
        Stage2:
            total_Stage2:0.00807277
            num_len_path:203
            time_expanding_s:0.000158691
            timing_AStarSearchUntil:
                total_astar_search_until:0.00784339
                num_values_f_less_fmax:412
                ASU Exp:
                    total_ASUExp:0.00783892
                    time_top_o:0.000108981
                    time_check_in_c:7.9671e-05
                    time_add_parent:0.000128784
                    num_neighbors:16697
                    time_add_neighbors_to_o:0.00703466
        Stage3:
            total_Stage3:0.342906
            num_until_goal_expanded:3087
            timing_S3Exp:
                total_S3Exp: 0.199976
                time_top_o: 0.00157985
                time_check_in_c: 0.000547011
                time_add_parent: 0.00100599
                num_neighbors: 389551
                time_add_neighbors_to_o: 0.19285
    timing_PIOW_overlapping:
        total_PIOW: 0.221646
        num_windows: 1286
        time_check_overlap: 3.8853e-05
        num_overlapping_windows: 3
        time_merge_windows: 4.047e-06
        time_remove_window: 9.24e-07
        time_remove_window: 3.893e-06
        timing_PlanIn:
            total_PlanIn:0.221554
            num_until_goal_expanded:595
            timing_expansions:
                total_S3Exp: 0.221548
                time_top_o: 0.000384368
                time_check_in_c: 0.000160407
                time_add_parent: 0.000243904
                num_neighbors: 412241
                time_add_neighbors_to_o: 0.209314
    num_new_collisions: 15
    timing_PIOW_new_collisions:
        total_PIOW: 0.00238296
        num_windows: 218
        time_check_overlap: 5.32e-06
        num_overlapping_windows: 1
        time_merge_windows: 0
        time_remove_window: 0.0189177
        time_remove_window: 8.779e-06
        timing_PlanIn:
            total_PlanIn:0.00235114
            num_until_goal_expanded:243
            timing_expansions:
                total_S3Exp: 0.00232717
                time_top_o: 3.0576e-05
                time_check_in_c: 5.3286e-05
                time_add_parent: 6.1666e-05
                num_neighbors: 3349
                time_add_neighbors_to_o: 0.00179035
    num_windows_should_quit: 0
    time_should_quit: 9.182e-06
    time_remove_window: 0
Complete!
