Total time: 0.0342326
is_optimal: true
optimality_bound: 1
successive_bounds: [1.00456, 1.00456, 1.00456, 1.00456, 1.00304, 1.00304, 1.00304, 1, 1]
successive_runtimes: [0.00335408, 0.00417461, 0.00494666, 0.00576328, 0.00652621, 0.00707268, 0.00750132, 0.0342326]
num_agents: 20
time_individual_plan: 0.00215081
time_first_plan: 0.000690039
num_max_agents_in_window_first_iteration: 2
num_recWAMPF: 8
timing_recWAMPF:
    total_RecWAMPF: 0.0315669
    num_windows: 43
    num_max_agents_in_window: 3
    timing_gari:
        total_GARI: 0.00380219
        time_path_btw_starts: 0.000111541
        Stage1:
            total_Stage1:0.00128396
            time_add_x_to_o: 0.000734561
            time_clear_x: 9.4906e-05
            timing_AStarSearchUntil:
                total_astar_search_until:0.000452297
                num_values_f_less_fmax:375
                ASU Exp:
                    total_ASUExp:0.000451111
                    time_top_o:7.1482e-05
                    time_check_in_c:4.0418e-05
                    time_add_parent:3.4856e-05
                    num_neighbors:580
                    time_add_neighbors_to_o:0.000207774
        Stage2:
            total_Stage2:0.000928763
            num_len_path:41
            time_expanding_s:1.8236e-05
            timing_AStarSearchUntil:
                total_astar_search_until:0.000900264
                num_values_f_less_fmax:71
                ASU Exp:
                    total_ASUExp:0.0008993
                    time_top_o:1.6195e-05
                    time_check_in_c:1.2506e-05
                    time_add_parent:2.1278e-05
                    num_neighbors:1865
                    time_add_neighbors_to_o:0.000771587
        Stage3:
            total_Stage3:0.0014722
            num_until_goal_expanded:194
            timing_S3Exp:
                total_S3Exp: 0.00101326
                time_top_o: 3.5943e-05
                time_check_in_c: 2.2742e-05
                time_add_parent: 4.8124e-05
                num_neighbors: 1543
                time_add_neighbors_to_o: 0.000688641
    timing_PIOW_overlapping:
        total_PIOW: 0.0263286
        num_windows: 66
        time_check_overlap: 2.147e-06
        num_overlapping_windows: 2
        time_merge_windows: 2.12e-06
        time_remove_window: 3.21e-07
        time_remove_window: 2.02e-06
        timing_PlanIn:
            total_PlanIn:0.0263154
            num_until_goal_expanded:396
            timing_expansions:
                total_S3Exp: 0.0263011
                time_top_o: 9.2175e-05
                time_check_in_c: 7.6464e-05
                time_add_parent: 0.000110042
                num_neighbors: 45516
                time_add_neighbors_to_o: 0.0242767
    num_new_collisions: 3
    timing_PIOW_new_collisions:
        total_PIOW: 0.000399022
        num_windows: 6
        time_check_overlap: 3.05e-07
        num_overlapping_windows: 0
        time_merge_windows: 0
        time_remove_window: 0
        time_remove_window: 8.59e-07
        timing_PlanIn:
            total_PlanIn:0.000394811
            num_until_goal_expanded:48
            timing_expansions:
                total_S3Exp: 0.00038838
                time_top_o: 6.558e-06
                time_check_in_c: 9.665e-06
                time_add_parent: 1.3275e-05
                num_neighbors: 559
                time_add_neighbors_to_o: 0.0002866
    num_windows_should_quit: 0
    time_should_quit: 1.018e-06
    time_remove_window: 0
Complete!
