Total time: 0.0444154
is_optimal: true
optimality_bound: 1
successive_bounds: [1.00422, 1.00352, 1.00352, 1.00246, 1.00246, 1.00246, 1.00211, 1.00141, 1.00141, 1.00141, 1.00141, 1, 1]
successive_runtimes: [0.0122887, 0.0155492, 0.0185777, 0.021268, 0.0248153, 0.0279489, 0.0302699, 0.0326066, 0.0347936, 0.0385013, 0.040954, 0.0444154]
num_agents: 50
time_individual_plan: 0.00796629
time_first_plan: 0.00379557
num_max_agents_in_window_first_iteration: 2
num_recWAMPF: 12
timing_recWAMPF:
    total_RecWAMPF: 0.0359201
    num_windows: 168
    num_max_agents_in_window: 3
    timing_gari:
        total_GARI: 0.0231738
        time_path_btw_starts: 0.000453409
        Stage1:
            total_Stage1:0.00707499
            time_add_x_to_o: 0.00451029
            time_clear_x: 0.000673329
            timing_AStarSearchUntil:
                total_astar_search_until:0.00188313
                num_values_f_less_fmax:1246
                ASU Exp:
                    total_ASUExp:0.00187957
                    time_top_o:0.000255499
                    time_check_in_c:0.00024226
                    time_add_parent:6.0367e-05
                    num_neighbors:2504
                    time_add_neighbors_to_o:0.00089085
        Stage2:
            total_Stage2:0.00436992
            num_len_path:160
            time_expanding_s:0.000110666
            timing_AStarSearchUntil:
                total_astar_search_until:0.00421871
                num_values_f_less_fmax:321
                ASU Exp:
                    total_ASUExp:0.00421538
                    time_top_o:7.489e-05
                    time_check_in_c:6.3634e-05
                    time_add_parent:0.000101086
                    num_neighbors:9205
                    time_add_neighbors_to_o:0.00358767
        Stage3:
            total_Stage3:0.0112467
            num_until_goal_expanded:1045
            timing_S3Exp:
                total_S3Exp: 0.00823167
                time_top_o: 0.000231566
                time_check_in_c: 0.000136561
                time_add_parent: 0.000242255
                num_neighbors: 15252
                time_add_neighbors_to_o: 0.00628729
    timing_PIOW_overlapping:
        total_PIOW: 0.00196129
        num_windows: 596
        time_check_overlap: 1.7632e-05
        num_overlapping_windows: 1
        time_merge_windows: 1.147e-06
        time_remove_window: 1.42e-07
        time_remove_window: 1.098e-06
        timing_PlanIn:
            total_PlanIn:0.001928
            num_until_goal_expanded:75
            timing_expansions:
                total_S3Exp: 0.00192603
                time_top_o: 1.3037e-05
                time_check_in_c: 1.1477e-05
                time_add_parent: 1.8129e-05
                num_neighbors: 3226
                time_add_neighbors_to_o: 0.00167132
    num_new_collisions: 8
    timing_PIOW_new_collisions:
        total_PIOW: 0.00124658
        num_windows: 56
        time_check_overlap: 1.566e-06
        num_overlapping_windows: 0
        time_merge_windows: 0
        time_remove_window: 0
        time_remove_window: 2.314e-06
        timing_PlanIn:
            total_PlanIn:0.00123474
            num_until_goal_expanded:203
            timing_expansions:
                total_S3Exp: 0.00122232
                time_top_o: 2.2829e-05
                time_check_in_c: 3.3837e-05
                time_add_parent: 5.033e-05
                num_neighbors: 1758
                time_add_neighbors_to_o: 0.000860928
    num_windows_should_quit: 0
    time_should_quit: 4.771e-06
    time_remove_window: 0
Complete!
