Total time: 0.0773523
is_optimal: false
optimality_bound: 1.00059
successive_bounds: [1.00446, 1.00357, 1.00238, 1.00149, 1.00119, 1.00119, 1.00059, 1.00059, 1.00059, 1.00059, 1.00059]
successive_runtimes: [0.0115595, 0.0136325, 0.0187725, 0.0252515, 0.0326277, 0.0361205, 0.0417865, 0.0603535, 0.0669424, 0.0727079, 0.0773522]
num_agents: 50
time_individual_plan: 0.00788776
time_first_plan: 0.00314089
num_max_agents_in_window_first_iteration: 2
num_recWAMPF: 11
timing_recWAMPF:
    total_RecWAMPF: 0.0689051
    num_windows: 122
    num_max_agents_in_window: 4
    timing_gari:
        total_GARI: 0.0304489
        time_path_btw_starts: 0.000234185
        Stage1:
            total_Stage1:0.0077009
            time_add_x_to_o: 0.00683346
            time_clear_x: 0.000702938
            timing_AStarSearchUntil:
                total_astar_search_until:0.000158767
                num_values_f_less_fmax:96
                ASU Exp:
                    total_ASUExp:0.000156233
                    time_top_o:1.7879e-05
                    time_check_in_c:1.1497e-05
                    time_add_parent:5.314e-06
                    num_neighbors:261
                    time_add_neighbors_to_o:9.015e-05
        Stage2:
            total_Stage2:0.00334002
            num_len_path:105
            time_expanding_s:0.000146826
            timing_AStarSearchUntil:
                total_astar_search_until:0.00316096
                num_values_f_less_fmax:194
                ASU Exp:
                    total_ASUExp:0.00315863
                    time_top_o:4.644e-05
                    time_check_in_c:3.7101e-05
                    time_add_parent:6.0923e-05
                    num_neighbors:6967
                    time_add_neighbors_to_o:0.00275072
        Stage3:
            total_Stage3:0.0182966
            num_until_goal_expanded:416
            timing_S3Exp:
                total_S3Exp: 0.0105145
                time_top_o: 9.8229e-05
                time_check_in_c: 5.8523e-05
                time_add_parent: 0.000100621
                num_neighbors: 19068
                time_add_neighbors_to_o: 0.00960939
    timing_PIOW_overlapping:
        total_PIOW: 0.0283047
        num_windows: 461
        time_check_overlap: 1.3107e-05
        num_overlapping_windows: 7
        time_merge_windows: 7.133e-06
        time_remove_window: 1.381e-06
        time_remove_window: 6.785e-06
        timing_PlanIn:
            total_PlanIn:0.0282629
            num_until_goal_expanded:299
            timing_expansions:
                total_S3Exp: 0.0282489
                time_top_o: 7.0938e-05
                time_check_in_c: 5.348e-05
                time_add_parent: 8.0091e-05
                num_neighbors: 43964
                time_add_neighbors_to_o: 0.026434
    num_new_collisions: 10
    timing_PIOW_new_collisions:
        total_PIOW: 0.000914227
        num_windows: 90
        time_check_overlap: 2.456e-06
        num_overlapping_windows: 0
        time_merge_windows: 0
        time_remove_window: 0
        time_remove_window: 6.26e-06
        timing_PlanIn:
            total_PlanIn:0.000895654
            num_until_goal_expanded:95
            timing_expansions:
                total_S3Exp: 0.000881266
                time_top_o: 1.217e-05
                time_check_in_c: 1.6654e-05
                time_add_parent: 2.4555e-05
                num_neighbors: 1306
                time_add_neighbors_to_o: 0.000670271
    num_windows_should_quit: 0
    time_should_quit: 4.474e-06
    time_remove_window: 0
Complete!
