Total time: 8.39426
is_optimal: false
optimality_bound: 1.0045
successive_bounds: [1.00698, 1.00698, 1.00698, 1.00563, 1.00518, 1.0045]
successive_runtimes: [0.0343469, 0.0561997, 0.139877, 0.284167, 0.396055, 8.39426]
num_agents: 60
time_individual_plan: 0.0102235
time_first_plan: 0.0236019
num_max_agents_in_window_first_iteration: 3
num_recWAMPF: 6
timing_recWAMPF:
    total_RecWAMPF: 8.38351
    num_windows: 170
    num_max_agents_in_window: 4
    timing_gari:
        total_GARI: 0.380562
        time_path_btw_starts: 0.000747499
        Stage1:
            total_Stage1:0.274996
            time_add_x_to_o: 0.0736281
            time_clear_x: 0.0276847
            timing_AStarSearchUntil:
                total_astar_search_until:0.173659
                num_values_f_less_fmax:12300
                ASU Exp:
                    total_ASUExp:0.173655
                    time_top_o:0.0076254
                    time_check_in_c:0.00286427
                    time_add_parent:0.00214103
                    num_neighbors:343944
                    time_add_neighbors_to_o:0.146328
        Stage2:
            total_Stage2:0.0073494
            num_len_path:156
            time_expanding_s:7.5716e-05
            timing_AStarSearchUntil:
                total_astar_search_until:0.00722276
                num_values_f_less_fmax:421
                ASU Exp:
                    total_ASUExp:0.00721949
                    time_top_o:0.000102604
                    time_check_in_c:9.2278e-05
                    time_add_parent:0.00012677
                    num_neighbors:16195
                    time_add_neighbors_to_o:0.00643326
        Stage3:
            total_Stage3:0.0841518
            num_until_goal_expanded:4142
            timing_S3Exp:
                total_S3Exp: 0.0571514
                time_top_o: 0.00133098
                time_check_in_c: 0.000657697
                time_add_parent: 0.00143908
                num_neighbors: 114808
                time_add_neighbors_to_o: 0.0482597
    timing_PIOW_overlapping:
        total_PIOW: 7.97294
        num_windows: 1496
        time_check_overlap: 4.2945e-05
        num_overlapping_windows: 14
        time_merge_windows: 1.8663e-05
        time_remove_window: 3.297e-06
        time_remove_window: 1.8016e-05
        timing_PlanIn:
            total_PlanIn:7.97283
            num_until_goal_expanded:26215
            timing_expansions:
                total_S3Exp: 7.97279
                time_top_o: 0.0393419
                time_check_in_c: 0.00669923
                time_add_parent: 0.0140955
                num_neighbors: 13026886
                time_add_neighbors_to_o: 7.53655
    num_new_collisions: 21
    timing_PIOW_new_collisions:
        total_PIOW: 0.0159109
        num_windows: 432
        time_check_overlap: 1.1186e-05
        num_overlapping_windows: 2
        time_merge_windows: 0
        time_remove_window: 0.158316
        time_remove_window: 8.743e-06
        timing_PlanIn:
            total_PlanIn:0.015861
            num_until_goal_expanded:938
            timing_expansions:
                total_S3Exp: 0.0158204
                time_top_o: 0.00017475
                time_check_in_c: 0.000161662
                time_add_parent: 0.000240616
                num_neighbors: 30241
                time_add_neighbors_to_o: 0.0132459
    num_windows_should_quit: 0
    time_should_quit: 1.2949e-05
    time_remove_window: 0
Complete!
