Total time: 0.510831
is_optimal: false
optimality_bound: 1.00352
successive_bounds: [1.02819, 1.00705, 1.00512, 1.00416, 1.00416, 1.00416, 1.00352, 1.00352, 1.00352, 1.00352, 1.00352, 1.00352, 1.00352, 1.00352, 1.00352, 1.00352, 1.00352, 1.00352, 1.00352, 1.00352]
successive_runtimes: [0.0195661, 0.0523042, 0.0836964, 0.217178, 0.291086, 0.435735, 0.454691, 0.463427, 0.467346, 0.47124, 0.475046, 0.478819, 0.483228, 0.487644, 0.491595, 0.495343, 0.499304, 0.502651, 0.506628, 0.510831]
num_agents: 50
time_individual_plan: 0.00939721
time_first_plan: 0.00964215
num_max_agents_in_window_first_iteration: 2
num_recWAMPF: 20
timing_recWAMPF:
    total_RecWAMPF: 0.500902
    num_windows: 219
    num_max_agents_in_window: 4
    timing_gari:
        total_GARI: 0.328768
        time_path_btw_starts: 0.000646947
        Stage1:
            total_Stage1:0.198525
            time_add_x_to_o: 0.0665895
            time_clear_x: 0.0123814
            timing_AStarSearchUntil:
                total_astar_search_until:0.119541
                num_values_f_less_fmax:5939
                ASU Exp:
                    total_ASUExp:0.119535
                    time_top_o:0.00220531
                    time_check_in_c:0.00164804
                    time_add_parent:0.000797663
                    num_neighbors:238091
                    time_add_neighbors_to_o:0.11062
        Stage2:
            total_Stage2:0.015994
            num_len_path:187
            time_expanding_s:0.000411598
            timing_AStarSearchUntil:
                total_astar_search_until:0.0155003
                num_values_f_less_fmax:261
                ASU Exp:
                    total_ASUExp:0.0154959
                    time_top_o:8.5473e-05
                    time_check_in_c:5.6493e-05
                    time_add_parent:9.5634e-05
                    num_neighbors:37214
                    time_add_neighbors_to_o:0.0148171
        Stage3:
            total_Stage3:0.113549
            num_until_goal_expanded:1335
            timing_S3Exp:
                total_S3Exp: 0.0499983
                time_top_o: 0.000429176
                time_check_in_c: 0.000303566
                time_add_parent: 0.00062341
                num_neighbors: 85403
                time_add_neighbors_to_o: 0.0465235
    timing_PIOW_overlapping:
        total_PIOW: 0.149757
        num_windows: 873
        time_check_overlap: 2.8734e-05
        num_overlapping_windows: 11
        time_merge_windows: 1.888e-05
        time_remove_window: 3.095e-06
        time_remove_window: 1.8321e-05
        timing_PlanIn:
            total_PlanIn:0.149671
            num_until_goal_expanded:1148
            timing_expansions:
                total_S3Exp: 0.149645
                time_top_o: 0.000368469
                time_check_in_c: 0.000244651
                time_add_parent: 0.000332949
                num_neighbors: 268926
                time_add_neighbors_to_o: 0.14005
    num_new_collisions: 15
    timing_PIOW_new_collisions:
        total_PIOW: 0.00651111
        num_windows: 210
        time_check_overlap: 5.199e-06
        num_overlapping_windows: 0
        time_merge_windows: 0
        time_remove_window: 0
        time_remove_window: 7.375e-06
        timing_PlanIn:
            total_PlanIn:0.0064822
            num_until_goal_expanded:600
            timing_expansions:
                total_S3Exp: 0.00645918
                time_top_o: 7.9579e-05
                time_check_in_c: 0.000119796
                time_add_parent: 0.000150371
                num_neighbors: 11921
                time_add_neighbors_to_o: 0.00521074
    num_windows_should_quit: 0
    time_should_quit: 1.4985e-05
    time_remove_window: 0
Complete!
