Total time: 0.021368
is_optimal: true
optimality_bound: 1
successive_bounds: [1.00197, 1.00197, 1.00197, 1.00197, 1.00197, 1.00197, 1.00197, 1.00098, 1.00098, 1.00098, 1.00098, 1, 1]
successive_runtimes: [0.00877272, 0.00939329, 0.0100324, 0.0107236, 0.0114813, 0.0123595, 0.0134652, 0.0171265, 0.0183678, 0.0192156, 0.0200845, 0.021368]
num_agents: 30
time_individual_plan: 0.00709558
time_first_plan: 0.000928665
num_max_agents_in_window_first_iteration: 2
num_recWAMPF: 12
timing_recWAMPF:
    total_RecWAMPF: 0.0135207
    num_windows: 69
    num_max_agents_in_window: 2
    timing_gari:
        total_GARI: 0.0102519
        time_path_btw_starts: 0.000171799
        Stage1:
            total_Stage1:0.00126961
            time_add_x_to_o: 0.00107598
            time_clear_x: 0.000185758
            timing_AStarSearchUntil:
                total_astar_search_until:3.597e-06
                num_values_f_less_fmax:0
                ASU Exp:
                    total_ASUExp:1.75e-06
                    time_top_o:0
                    time_check_in_c:0
                    time_add_parent:0
                    num_neighbors:0
                    time_add_neighbors_to_o:0
        Stage2:
            total_Stage2:0.00368719
            num_len_path:61
            time_expanding_s:4.475e-05
            timing_AStarSearchUntil:
                total_astar_search_until:0.00362129
                num_values_f_less_fmax:262
                ASU Exp:
                    total_ASUExp:0.00361965
                    time_top_o:8.6347e-05
                    time_check_in_c:7.0572e-05
                    time_add_parent:9.5949e-05
                    num_neighbors:6140
                    time_add_neighbors_to_o:0.00304562
        Stage3:
            total_Stage3:0.00511121
            num_until_goal_expanded:862
            timing_S3Exp:
                total_S3Exp: 0.00364975
                time_top_o: 0.000228779
                time_check_in_c: 0.000112123
                time_add_parent: 0.000186571
                num_neighbors: 4912
                time_add_neighbors_to_o: 0.00234813
    timing_PIOW_overlapping:
        total_PIOW: 8.39e-06
        num_windows: 99
        time_check_overlap: 4.088e-06
        num_overlapping_windows: 0
        time_merge_windows: 0
        time_remove_window: 0
        time_remove_window: 0
        timing_PlanIn:
            total_PlanIn:0
            num_until_goal_expanded:0
            timing_expansions:
                total_S3Exp: 0
                time_top_o: 0
                time_check_in_c: 0
                time_add_parent: 0
                num_neighbors: 0
                time_add_neighbors_to_o: 0
    num_new_collisions: 3
    timing_PIOW_new_collisions:
        total_PIOW: 0.000502692
        num_windows: 6
        time_check_overlap: 3.79e-07
        num_overlapping_windows: 0
        time_merge_windows: 0
        time_remove_window: 0
        time_remove_window: 1.071e-06
        timing_PlanIn:
            total_PlanIn:0.000497298
            num_until_goal_expanded:67
            timing_expansions:
                total_S3Exp: 0.000490668
                time_top_o: 1.1231e-05
                time_check_in_c: 1.3497e-05
                time_add_parent: 2.0494e-05
                num_neighbors: 617
                time_add_neighbors_to_o: 0.000331017
    num_windows_should_quit: 0
    time_should_quit: 2.947e-06
    time_remove_window: 0
Complete!
