Total time: 0.0268919
is_optimal: true
optimality_bound: 1
successive_bounds: [1.00198, 1.00198, 1.00198, 1.00198, 1.00198, 1.00198, 1.00198, 1.00198, 1.00198, 1.00198, 1.00198, 1.00198, 1.00198, 1.00198, 1.00198, 1.00099, 1.00099, 1.00099, 1.00099, 1.00099, 1.00099, 1.00099, 1.00099, 1.00099, 1.00099, 1.00099, 1.00099, 1.00099, 1.00099, 1.00099, 1, 1]
successive_runtimes: [0.0051385, 0.00560491, 0.00604559, 0.00649408, 0.00694313, 0.00741615, 0.00786455, 0.00830241, 0.00874285, 0.00919513, 0.00964279, 0.0101001, 0.0106063, 0.0110779, 0.0115578, 0.0123695, 0.0129863, 0.0136098, 0.0142623, 0.0148809, 0.0154982, 0.0188711, 0.0204932, 0.0218013, 0.0226097, 0.0232557, 0.0239048, 0.0245681, 0.025223, 0.0258823, 0.0268918]
num_agents: 30
time_individual_plan: 0.00398293
time_first_plan: 0.000468209
num_max_agents_in_window_first_iteration: 2
num_recWAMPF: 31
timing_recWAMPF:
    total_RecWAMPF: 0.0222154
    num_windows: 122
    num_max_agents_in_window: 2
    timing_gari:
        total_GARI: 0.0157467
        time_path_btw_starts: 0.000276157
        Stage1:
            total_Stage1:0.00305075
            time_add_x_to_o: 0.00180402
            time_clear_x: 0.000270017
            timing_AStarSearchUntil:
                total_astar_search_until:0.000969166
                num_values_f_less_fmax:405
                ASU Exp:
                    total_ASUExp:0.000965996
                    time_top_o:0.000118338
                    time_check_in_c:6.4798e-05
                    time_add_parent:2.0761e-05
                    num_neighbors:1640
                    time_add_neighbors_to_o:0.000626505
        Stage2:
            total_Stage2:0.00413739
            num_len_path:84
            time_expanding_s:3.5729e-05
            timing_AStarSearchUntil:
                total_astar_search_until:0.0040622
                num_values_f_less_fmax:279
                ASU Exp:
                    total_ASUExp:0.00405939
                    time_top_o:8.4534e-05
                    time_check_in_c:8.1861e-05
                    time_add_parent:8.9858e-05
                    num_neighbors:7500
                    time_add_neighbors_to_o:0.00344644
        Stage3:
            total_Stage3:0.00826061
            num_until_goal_expanded:657
            timing_S3Exp:
                total_S3Exp: 0.0043017
                time_top_o: 0.000152894
                time_check_in_c: 0.000105706
                time_add_parent: 0.000202136
                num_neighbors: 5954
                time_add_neighbors_to_o: 0.00280462
    timing_PIOW_overlapping:
        total_PIOW: 8.921e-06
        num_windows: 120
        time_check_overlap: 3.997e-06
        num_overlapping_windows: 0
        time_merge_windows: 0
        time_remove_window: 0
        time_remove_window: 0
        timing_PlanIn:
            total_PlanIn:0
            num_until_goal_expanded:0
            timing_expansions:
                total_S3Exp: 0
                time_top_o: 0
                time_check_in_c: 0
                time_add_parent: 0
                num_neighbors: 0
                time_add_neighbors_to_o: 0
    num_new_collisions: 2
    timing_PIOW_new_collisions:
        total_PIOW: 0.000221401
        num_windows: 2
        time_check_overlap: 1.52e-07
        num_overlapping_windows: 0
        time_merge_windows: 0
        time_remove_window: 0
        time_remove_window: 8.28e-07
        timing_PlanIn:
            total_PlanIn:0.000217077
            num_until_goal_expanded:20
            timing_expansions:
                total_S3Exp: 0.000212187
                time_top_o: 3.684e-06
                time_check_in_c: 3.999e-06
                time_add_parent: 7.484e-06
                num_neighbors: 280
                time_add_neighbors_to_o: 0.00014496
    num_windows_should_quit: 0
    time_should_quit: 4.018e-06
    time_remove_window: 0
Complete!
