Total time: 0.0844064
is_optimal: true
optimality_bound: 1
successive_bounds: [1.00123, 1.00123, 1.00123, 1.00123, 1.00123, 1, 1]
successive_runtimes: [0.0060335, 0.00631631, 0.00658898, 0.0198739, 0.0416803, 0.0844063]
num_agents: 20
time_individual_plan: 0.00507912
time_first_plan: 0.000430609
num_max_agents_in_window_first_iteration: 2
num_recWAMPF: 6
timing_recWAMPF:
    total_RecWAMPF: 0.0788021
    num_windows: 17
    num_max_agents_in_window: 3
    timing_gari:
        total_GARI: 0.0648441
        time_path_btw_starts: 4.6871e-05
        Stage1:
            total_Stage1:0.0491659
            time_add_x_to_o: 0.0108701
            time_clear_x: 0.00252606
            timing_AStarSearchUntil:
                total_astar_search_until:0.0357681
                num_values_f_less_fmax:1439
                ASU Exp:
                    total_ASUExp:0.0357677
                    time_top_o:0.000721599
                    time_check_in_c:0.000279746
                    time_add_parent:0.000387028
                    num_neighbors:78515
                    time_add_neighbors_to_o:0.0326857
        Stage2:
            total_Stage2:0.00123682
            num_len_path:17
            time_expanding_s:7.462e-06
            timing_AStarSearchUntil:
                total_astar_search_until:0.00122405
                num_values_f_less_fmax:32
                ASU Exp:
                    total_ASUExp:0.00122369
                    time_top_o:9.463e-06
                    time_check_in_c:6.054e-06
                    time_add_parent:9.409e-06
                    num_neighbors:2765
                    time_add_neighbors_to_o:0.0011543
        Stage3:
            total_Stage3:0.0143915
            num_until_goal_expanded:533
            timing_S3Exp:
                total_S3Exp: 0.00861836
                time_top_o: 0.000176736
                time_check_in_c: 7.5636e-05
                time_add_parent: 0.000139399
                num_neighbors: 16795
                time_add_neighbors_to_o: 0.00758775
    timing_PIOW_overlapping:
        total_PIOW: 0.012988
        num_windows: 15
        time_check_overlap: 4.52e-07
        num_overlapping_windows: 1
        time_merge_windows: 9.9e-07
        time_remove_window: 1.43e-07
        time_remove_window: 9.36e-07
        timing_PlanIn:
            total_PlanIn:0.0129843
            num_until_goal_expanded:448
            timing_expansions:
                total_S3Exp: 0.0129821
                time_top_o: 0.000132427
                time_check_in_c: 7.4027e-05
                time_add_parent: 0.000126515
                num_neighbors: 24636
                time_add_neighbors_to_o: 0.0113277
    num_new_collisions: 2
    timing_PIOW_new_collisions:
        total_PIOW: 0.000175629
        num_windows: 2
        time_check_overlap: 1.8e-07
        num_overlapping_windows: 0
        time_merge_windows: 0
        time_remove_window: 0
        time_remove_window: 7.26e-07
        timing_PlanIn:
            total_PlanIn:0.000172586
            num_until_goal_expanded:12
            timing_expansions:
                total_S3Exp: 0.000166988
                time_top_o: 2.198e-06
                time_check_in_c: 2.375e-06
                time_add_parent: 4.329e-06
                num_neighbors: 224
                time_add_neighbors_to_o: 0.000134865
    num_windows_should_quit: 0
    time_should_quit: 4.86e-07
    time_remove_window: 0
Complete!
