Total time: 143.789
is_optimal: false
optimality_bound: 1.00144
successive_bounds: [1.02157, 1.00503, 1.00216, 1.00216, 1.00216, 1.0018, 1.00144, 1.00144, 1.00144]
successive_runtimes: [0.0170967, 0.0375507, 0.0527012, 0.0572212, 0.118916, 6.49819, 23.2904, 65.2454, 143.789]
num_agents: 40
time_individual_plan: 0.00965751
time_first_plan: 0.0068121
num_max_agents_in_window_first_iteration: 2
num_recWAMPF: 9
timing_recWAMPF:
    total_RecWAMPF: 143.779
    num_windows: 180
    num_max_agents_in_window: 6
    timing_gari:
        total_GARI: 130.27
        time_path_btw_starts: 0.00145393
        Stage1:
            total_Stage1:124.999
            time_add_x_to_o: 10.1295
            time_clear_x: 5.0831
            timing_AStarSearchUntil:
                total_astar_search_until:109.786
                num_values_f_less_fmax:120405
                ASU Exp:
                    total_ASUExp:109.786
                    time_top_o:0.310406
                    time_check_in_c:0.17535
                    time_add_parent:0.0597975
                    num_neighbors:198631088
                    time_add_neighbors_to_o:108.993
        Stage2:
            total_Stage2:0.0940117
            num_len_path:197
            time_expanding_s:0.000168484
            timing_AStarSearchUntil:
                total_astar_search_until:0.0937726
                num_values_f_less_fmax:381
                ASU Exp:
                    total_ASUExp:0.093769
                    time_top_o:0.00015329
                    time_check_in_c:8.0829e-05
                    time_add_parent:0.000136368
                    num_neighbors:181314
                    time_add_neighbors_to_o:0.0928744
        Stage3:
            total_Stage3:5.17266
            num_until_goal_expanded:2123
            timing_S3Exp:
                total_S3Exp: 0.127204
                time_top_o: 0.00124139
                time_check_in_c: 0.000400444
                time_add_parent: 0.000884071
                num_neighbors: 176517
                time_add_neighbors_to_o: 0.12119
    timing_PIOW_overlapping:
        total_PIOW: 5.8294
        num_windows: 952
        time_check_overlap: 3.0094e-05
        num_overlapping_windows: 3
        time_merge_windows: 7.05e-06
        time_remove_window: 1.271e-06
        time_remove_window: 6.859e-06
        timing_PlanIn:
            total_PlanIn:5.82931
            num_until_goal_expanded:1822
            timing_expansions:
                total_S3Exp: 5.8293
                time_top_o: 0.00122821
                time_check_in_c: 0.000560843
                time_add_parent: 0.000847509
                num_neighbors: 10494023
                time_add_neighbors_to_o: 5.5596
    num_new_collisions: 16
    timing_PIOW_new_collisions:
        total_PIOW: 7.67158
        num_windows: 244
        time_check_overlap: 7.653e-06
        num_overlapping_windows: 4
        time_merge_windows: 0
        time_remove_window: 136.263
        time_remove_window: 7.149e-06
        timing_PlanIn:
            total_PlanIn:7.67154
            num_until_goal_expanded:1764
            timing_expansions:
                total_S3Exp: 7.67151
                time_top_o: 0.00124544
                time_check_in_c: 0.000532241
                time_add_parent: 0.000762828
                num_neighbors: 13447378
                time_add_neighbors_to_o: 7.33154
    num_windows_should_quit: 0
    time_should_quit: 1.1201e-05
    time_remove_window: 0
Complete!
