Total time: 0.015954
is_optimal: true
optimality_bound: 1
successive_bounds: [1.00132, 1.00132, 1.00132, 1.00132, 1.00132, 1.00132, 1.00132, 1.00132, 1.00132, 1.00132, 1.00132, 1.00132, 1.00132, 1.00132, 1, 1]
successive_runtimes: [0.00487601, 0.00520206, 0.00556752, 0.00596315, 0.00638164, 0.00680672, 0.00723164, 0.00766429, 0.00811319, 0.00882163, 0.00942205, 0.00989406, 0.011263, 0.0118402, 0.0159539]
num_agents: 20
time_individual_plan: 0.00383855
time_first_plan: 0.000509728
num_max_agents_in_window_first_iteration: 2
num_recWAMPF: 15
timing_recWAMPF:
    total_RecWAMPF: 0.0115853
    num_windows: 58
    num_max_agents_in_window: 2
    timing_gari:
        total_GARI: 0.00960775
        time_path_btw_starts: 0.000129109
        Stage1:
            total_Stage1:0.00138652
            time_add_x_to_o: 0.000896171
            time_clear_x: 0.000123607
            timing_AStarSearchUntil:
                total_astar_search_until:0.000363677
                num_values_f_less_fmax:31
                ASU Exp:
                    total_ASUExp:0.000362344
                    time_top_o:8.753e-06
                    time_check_in_c:1.0639e-05
                    time_add_parent:1.7693e-05
                    num_neighbors:745
                    time_add_neighbors_to_o:0.000282727
        Stage2:
            total_Stage2:0.00476586
            num_len_path:69
            time_expanding_s:5.8597e-05
            timing_AStarSearchUntil:
                total_astar_search_until:0.004693
                num_values_f_less_fmax:392
                ASU Exp:
                    total_ASUExp:0.00469183
                    time_top_o:0.000105438
                    time_check_in_c:7.0209e-05
                    time_add_parent:0.000103918
                    num_neighbors:9658
                    time_add_neighbors_to_o:0.00399747
        Stage3:
            total_Stage3:0.00331757
            num_until_goal_expanded:455
            timing_S3Exp:
                total_S3Exp: 0.00223551
                time_top_o: 9.7867e-05
                time_check_in_c: 5.873e-05
                time_add_parent: 0.000102239
                num_neighbors: 3856
                time_add_neighbors_to_o: 0.00154672
    timing_PIOW_overlapping:
        total_PIOW: 3.396e-06
        num_windows: 56
        time_check_overlap: 1.599e-06
        num_overlapping_windows: 0
        time_merge_windows: 0
        time_remove_window: 0
        time_remove_window: 0
        timing_PlanIn:
            total_PlanIn:0
            num_until_goal_expanded:0
            timing_expansions:
                total_S3Exp: 0
                time_top_o: 0
                time_check_in_c: 0
                time_add_parent: 0
                num_neighbors: 0
                time_add_neighbors_to_o: 0
    num_new_collisions: 2
    timing_PIOW_new_collisions:
        total_PIOW: 0.000253665
        num_windows: 2
        time_check_overlap: 1.22e-07
        num_overlapping_windows: 0
        time_merge_windows: 0
        time_remove_window: 0
        time_remove_window: 7.03e-07
        timing_PlanIn:
            total_PlanIn:0.00025068
            num_until_goal_expanded:32
            timing_expansions:
                total_S3Exp: 0.000245757
                time_top_o: 4.411e-06
                time_check_in_c: 6.42e-06
                time_add_parent: 9.4e-06
                num_neighbors: 372
                time_add_neighbors_to_o: 0.000176264
    num_windows_should_quit: 0
    time_should_quit: 1.13e-06
    time_remove_window: 0
Complete!
