Total time: 0.495484
is_optimal: true
optimality_bound: 1
successive_bounds: [1.00421, 1.00421, 1.00421, 1.00421, 1.00421, 1.00421, 1.00421, 1.00421, 1.00421, 1.00421, 1.00421, 1.00421, 1.00421, 1.00421, 1.00421, 1.00316, 1.00316, 1.00316, 1.00316, 1.00316, 1.00211, 1.00211, 1.00211, 1.00211, 1.00211, 1.00211, 1.00211, 1.00105, 1.00105, 1, 1]
successive_runtimes: [0.00513438, 0.00626378, 0.00735498, 0.00836494, 0.00941708, 0.010444, 0.011539, 0.0126031, 0.013667, 0.0147263, 0.0158592, 0.0170349, 0.018277, 0.0196381, 0.0210438, 0.0233156, 0.0334351, 0.0481402, 0.0641104, 0.0812725, 0.124862, 0.153492, 0.18526, 0.220491, 0.256232, 0.294798, 0.336769, 0.389494, 0.441092, 0.495484]
num_agents: 30
time_individual_plan: 0.00318828
time_first_plan: 0.00137068
num_max_agents_in_window_first_iteration: 2
num_recWAMPF: 30
timing_recWAMPF:
    total_RecWAMPF: 0.491714
    num_windows: 236
    num_max_agents_in_window: 2
    timing_gari:
        total_GARI: 0.483665
        time_path_btw_starts: 0.000826913
        Stage1:
            total_Stage1:0.333732
            time_add_x_to_o: 0.107771
            time_clear_x: 0.0378555
            timing_AStarSearchUntil:
                total_astar_search_until:0.188089
                num_values_f_less_fmax:30211
                ASU Exp:
                    total_ASUExp:0.188082
                    time_top_o:0.0169969
                    time_check_in_c:0.0135758
                    time_add_parent:0.00689711
                    num_neighbors:331419
                    time_add_neighbors_to_o:0.131655
        Stage2:
            total_Stage2:0.0457674
            num_len_path:292
            time_expanding_s:0.000190203
            timing_AStarSearchUntil:
                total_astar_search_until:0.045489
                num_values_f_less_fmax:3246
                ASU Exp:
                    total_ASUExp:0.0454839
                    time_top_o:0.00103852
                    time_check_in_c:0.00073219
                    time_add_parent:0.000952236
                    num_neighbors:86295
                    time_add_neighbors_to_o:0.0394589
        Stage3:
            total_Stage3:0.103291
            num_until_goal_expanded:1345
            timing_S3Exp:
                total_S3Exp: 0.00762313
                time_top_o: 0.000361421
                time_check_in_c: 0.00021093
                time_add_parent: 0.000454941
                num_neighbors: 9673
                time_add_neighbors_to_o: 0.00409214
    timing_PIOW_overlapping:
        total_PIOW: 3.3025e-05
        num_windows: 464
        time_check_overlap: 2.0189e-05
        num_overlapping_windows: 0
        time_merge_windows: 0
        time_remove_window: 0
        time_remove_window: 0
        timing_PlanIn:
            total_PlanIn:0
            num_until_goal_expanded:0
            timing_expansions:
                total_S3Exp: 0
                time_top_o: 0
                time_check_in_c: 0
                time_add_parent: 0
                num_neighbors: 0
                time_add_neighbors_to_o: 0
    num_new_collisions: 4
    timing_PIOW_new_collisions:
        total_PIOW: 0.000626579
        num_windows: 12
        time_check_overlap: 4.56e-07
        num_overlapping_windows: 0
        time_merge_windows: 0
        time_remove_window: 0
        time_remove_window: 2.1e-06
        timing_PlanIn:
            total_PlanIn:0.000620434
            num_until_goal_expanded:79
            timing_expansions:
                total_S3Exp: 0.00061198
                time_top_o: 1.0443e-05
                time_check_in_c: 1.3826e-05
                time_add_parent: 2.1673e-05
                num_neighbors: 901
                time_add_neighbors_to_o: 0.00043286
    num_windows_should_quit: 0
    time_should_quit: 1.0023e-05
    time_remove_window: 0
Complete!
