Total time: 71.8385
is_optimal: false
optimality_bound: 1.0012
successive_bounds: [1.00419, 1.00419, 1.0024, 1.0024, 1.0012, 1.0012, 1.0012, 1.0012, 1.0012, 1.0012, 1.0012, 1.0012, 1.0012, 1.0012, 1.0012, 1.0012, 1.0012, 1.0012, 1.0012, 1.0012, 1.0012, 1.0012, 1.0012, 1.0012, 1.0012, 1.0012, 1.0012, 1.0012, 1.0012, 1.0012, 1.0012, 1.0012, 1.0012, 1.0012, 1.0012, 1.0012, 1.0012, 1.0012, 1.0012]
successive_runtimes: [0.0209036, 0.025405, 0.031339, 0.0365404, 0.0420316, 0.164082, 0.242613, 0.319857, 0.381586, 1.07673, 1.89732, 2.55108, 3.07533, 3.46649, 3.78172, 4.06203, 4.33668, 4.61283, 4.88146, 5.15613, 5.4202, 5.69669, 5.97156, 6.26648, 6.56644, 6.88629, 7.17896, 7.46122, 7.78937, 8.08206, 8.34907, 8.60243, 8.84957, 9.1286, 9.38641, 9.63823, 9.88748, 31.0399, 71.8385]
num_agents: 30
time_individual_plan: 0.0139114
time_first_plan: 0.00535189
num_max_agents_in_window_first_iteration: 2
num_recWAMPF: 39
timing_recWAMPF:
    total_RecWAMPF: 71.823
    num_windows: 131
    num_max_agents_in_window: 5
    timing_gari:
        total_GARI: 70.9937
        time_path_btw_starts: 0.00082987
        Stage1:
            total_Stage1:39.0159
            time_add_x_to_o: 3.93531
            time_clear_x: 1.20132
            timing_AStarSearchUntil:
                total_astar_search_until:33.8792
                num_values_f_less_fmax:22396
                ASU Exp:
                    total_ASUExp:33.8792
                    time_top_o:0.0699222
                    time_check_in_c:0.0874632
                    time_add_parent:0.0845497
                    num_neighbors:35229643
                    time_add_neighbors_to_o:33.3633
        Stage2:
            total_Stage2:0.0882862
            num_len_path:88
            time_expanding_s:0.00593884
            timing_AStarSearchUntil:
                total_astar_search_until:0.0822155
                num_values_f_less_fmax:108
                ASU Exp:
                    total_ASUExp:0.0822104
                    time_top_o:8.8136e-05
                    time_check_in_c:7.445e-05
                    time_add_parent:0.00249734
                    num_neighbors:73652
                    time_add_neighbors_to_o:0.0678024
        Stage3:
            total_Stage3:31.8873
            num_until_goal_expanded:15488
            timing_S3Exp:
                total_S3Exp: 21.9028
                time_top_o: 0.0267757
                time_check_in_c: 0.00652926
                time_add_parent: 0.0178051
                num_neighbors: 22762375
                time_add_neighbors_to_o: 21.6284
    timing_PIOW_overlapping:
        total_PIOW: 0.815608
        num_windows: 220
        time_check_overlap: 1.9668e-05
        num_overlapping_windows: 5
        time_merge_windows: 1.6459e-05
        time_remove_window: 2.271e-06
        time_remove_window: 1.6002e-05
        timing_PlanIn:
            total_PlanIn:0.815526
            num_until_goal_expanded:853
            timing_expansions:
                total_S3Exp: 0.815498
                time_top_o: 0.000837329
                time_check_in_c: 0.000427059
                time_add_parent: 0.000936514
                num_neighbors: 747593
                time_add_neighbors_to_o: 0.780808
    num_new_collisions: 6
    timing_PIOW_new_collisions:
        total_PIOW: 0.00377873
        num_windows: 30
        time_check_overlap: 4.917e-06
        num_overlapping_windows: 0
        time_merge_windows: 0
        time_remove_window: 0
        time_remove_window: 6.035e-06
        timing_PlanIn:
            total_PlanIn:0.00374813
            num_until_goal_expanded:114
            timing_expansions:
                total_S3Exp: 0.00371448
                time_top_o: 5.3319e-05
                time_check_in_c: 8.0405e-05
                time_add_parent: 0.000155885
                num_neighbors: 1348
                time_add_neighbors_to_o: 0.00270547
    num_windows_should_quit: 0
    time_should_quit: 1.6527e-05
    time_remove_window: 0
Complete!
