Total time: 0.31977
is_optimal: true
optimality_bound: 1
successive_bounds: [1.00197, 1.00197, 1.00197, 1.00197, 1.00197, 1.00098, 1.00098, 1.00098, 1.00098, 1.00098, 1.00098, 1.00098, 1.00098, 1.00098, 1.00098, 1.00098, 1.00098, 1, 1]
successive_runtimes: [0.032538, 0.0529187, 0.0605962, 0.0686113, 0.0775351, 0.0869496, 0.0972088, 0.10984, 0.124769, 0.141603, 0.155934, 0.169014, 0.185797, 0.204174, 0.22453, 0.245929, 0.267046, 0.31977]
num_agents: 30
time_individual_plan: 0.00719722
time_first_plan: 0.0246239
num_max_agents_in_window_first_iteration: 4
num_recWAMPF: 18
timing_recWAMPF:
    total_RecWAMPF: 0.311849
    num_windows: 140
    num_max_agents_in_window: 4
    timing_gari:
        total_GARI: 0.283347
        time_path_btw_starts: 0.000483041
        Stage1:
            total_Stage1:0.0277065
            time_add_x_to_o: 0.0214453
            time_clear_x: 0.0031434
            timing_AStarSearchUntil:
                total_astar_search_until:0.00310776
                num_values_f_less_fmax:247
                ASU Exp:
                    total_ASUExp:0.00310353
                    time_top_o:8.9775e-05
                    time_check_in_c:6.7273e-05
                    time_add_parent:0.000100837
                    num_neighbors:5760
                    time_add_neighbors_to_o:0.00254064
        Stage2:
            total_Stage2:0.0431494
            num_len_path:142
            time_expanding_s:0.000438432
            timing_AStarSearchUntil:
                total_astar_search_until:0.0426344
                num_values_f_less_fmax:2656
                ASU Exp:
                    total_ASUExp:0.042631
                    time_top_o:0.00116192
                    time_check_in_c:0.000604145
                    time_add_parent:0.00092794
                    num_neighbors:75204
                    time_add_neighbors_to_o:0.0366273
        Stage3:
            total_Stage3:0.211964
            num_until_goal_expanded:6467
            timing_S3Exp:
                total_S3Exp: 0.107747
                time_top_o: 0.00253174
                time_check_in_c: 0.00130364
                time_add_parent: 0.00195581
                num_neighbors: 134143
                time_add_neighbors_to_o: 0.0892753
    timing_PIOW_overlapping:
        total_PIOW: 2.8895e-05
        num_windows: 272
        time_check_overlap: 1.5973e-05
        num_overlapping_windows: 0
        time_merge_windows: 0
        time_remove_window: 0
        time_remove_window: 0
        timing_PlanIn:
            total_PlanIn:0
            num_until_goal_expanded:0
            timing_expansions:
                total_S3Exp: 0
                time_top_o: 0
                time_check_in_c: 0
                time_add_parent: 0
                num_neighbors: 0
                time_add_neighbors_to_o: 0
    num_new_collisions: 6
    timing_PIOW_new_collisions:
        total_PIOW: 0.0239531
        num_windows: 24
        time_check_overlap: 1.378e-06
        num_overlapping_windows: 2
        time_merge_windows: 0
        time_remove_window: 0.0223977
        time_remove_window: 2.282e-06
        timing_PlanIn:
            total_PlanIn:0.0239207
            num_until_goal_expanded:267
            timing_expansions:
                total_S3Exp: 0.0238932
                time_top_o: 8.1958e-05
                time_check_in_c: 6.0283e-05
                time_add_parent: 9.1553e-05
                num_neighbors: 30170
                time_add_neighbors_to_o: 0.0222209
    num_windows_should_quit: 0
    time_should_quit: 1.2309e-05
    time_remove_window: 0
Complete!
