Total time: 0.0308196
is_optimal: true
optimality_bound: 1
successive_bounds: [1.0042, 1.0042, 1.0042, 1.0042, 1.0042, 1.0042, 1.00315, 1.0021, 1.0021, 1, 1]
successive_runtimes: [0.00728894, 0.00914164, 0.0112648, 0.0136934, 0.0162874, 0.018974, 0.0217106, 0.0251729, 0.0269616, 0.0308195]
num_agents: 30
time_individual_plan: 0.00510172
time_first_plan: 0.00144487
num_max_agents_in_window_first_iteration: 2
num_recWAMPF: 10
timing_recWAMPF:
    total_RecWAMPF: 0.0249726
    num_windows: 95
    num_max_agents_in_window: 2
    timing_gari:
        total_GARI: 0.0218757
        time_path_btw_starts: 0.000371772
        Stage1:
            total_Stage1:0.00680807
            time_add_x_to_o: 0.0034437
            time_clear_x: 0.000519985
            timing_AStarSearchUntil:
                total_astar_search_until:0.00283863
                num_values_f_less_fmax:2390
                ASU Exp:
                    total_ASUExp:0.00283618
                    time_top_o:0.00059216
                    time_check_in_c:0.000382139
                    time_add_parent:0.000179815
                    num_neighbors:2543
                    time_add_neighbors_to_o:0.00101284
        Stage2:
            total_Stage2:0.00621989
            num_len_path:109
            time_expanding_s:5.174e-05
            timing_AStarSearchUntil:
                total_astar_search_until:0.0061367
                num_values_f_less_fmax:430
                ASU Exp:
                    total_ASUExp:0.00613446
                    time_top_o:0.000131356
                    time_check_in_c:8.7995e-05
                    time_add_parent:0.000136613
                    num_neighbors:10755
                    time_add_neighbors_to_o:0.00523491
        Stage3:
            total_Stage3:0.00845999
            num_until_goal_expanded:1205
            timing_S3Exp:
                total_S3Exp: 0.00623858
                time_top_o: 0.000306247
                time_check_in_c: 0.000189159
                time_add_parent: 0.000394824
                num_neighbors: 8780
                time_add_neighbors_to_o: 0.00404631
    timing_PIOW_overlapping:
        total_PIOW: 1.6813e-05
        num_windows: 225
        time_check_overlap: 8.885e-06
        num_overlapping_windows: 0
        time_merge_windows: 0
        time_remove_window: 0
        time_remove_window: 0
        timing_PlanIn:
            total_PlanIn:0
            num_until_goal_expanded:0
            timing_expansions:
                total_S3Exp: 0
                time_top_o: 0
                time_check_in_c: 0
                time_add_parent: 0
                num_neighbors: 0
                time_add_neighbors_to_o: 0
    num_new_collisions: 5
    timing_PIOW_new_collisions:
        total_PIOW: 0.000873274
        num_windows: 20
        time_check_overlap: 9.02e-07
        num_overlapping_windows: 0
        time_merge_windows: 0
        time_remove_window: 0
        time_remove_window: 2.618e-06
        timing_PlanIn:
            total_PlanIn:0.000863688
            num_until_goal_expanded:111
            timing_expansions:
                total_S3Exp: 0.000853139
                time_top_o: 1.6443e-05
                time_check_in_c: 2.3459e-05
                time_add_parent: 3.5504e-05
                num_neighbors: 1067
                time_add_neighbors_to_o: 0.000591034
    num_windows_should_quit: 0
    time_should_quit: 3.118e-06
    time_remove_window: 0
Complete!
