Total time: 0.0204827
is_optimal: true
optimality_bound: 1
successive_bounds: [1.00284, 1.00284, 1.00284, 1.00284, 1.00284, 1.00284, 1.00284, 1.00284, 1.00284, 1.00284, 1.00284, 1.00284, 1.00284, 1.00284, 1.00284, 1.00284, 1.00284, 1.00284, 1.00284, 1, 1]
successive_runtimes: [0.00254066, 0.00265665, 0.00276821, 0.00287952, 0.00299201, 0.00311192, 0.00323896, 0.0033691, 0.00350296, 0.00364125, 0.00377461, 0.00391194, 0.00404978, 0.00420833, 0.00436569, 0.0045154, 0.00467046, 0.00483462, 0.00500754, 0.0204827]
num_agents: 10
time_individual_plan: 0.00168538
time_first_plan: 0.000161236
num_max_agents_in_window_first_iteration: 2
num_recWAMPF: 20
timing_recWAMPF:
    total_RecWAMPF: 0.0180996
    num_windows: 39
    num_max_agents_in_window: 2
    timing_gari:
        total_GARI: 0.0175538
        time_path_btw_starts: 0.000104718
        Stage1:
            total_Stage1:0.000246369
            time_add_x_to_o: 0.000216377
            time_clear_x: 2.5356e-05
            timing_AStarSearchUntil:
                total_astar_search_until:2.048e-06
                num_values_f_less_fmax:0
                ASU Exp:
                    total_ASUExp:1.034e-06
                    time_top_o:0
                    time_check_in_c:0
                    time_add_parent:0
                    num_neighbors:0
                    time_add_neighbors_to_o:0
        Stage2:
            total_Stage2:0.0159298
            num_len_path:55
            time_expanding_s:2.387e-05
            timing_AStarSearchUntil:
                total_astar_search_until:0.0158951
                num_values_f_less_fmax:1058
                ASU Exp:
                    total_ASUExp:0.0158942
                    time_top_o:0.000380387
                    time_check_in_c:0.000238365
                    time_add_parent:0.000321416
                    num_neighbors:26349
                    time_add_neighbors_to_o:0.0137151
        Stage3:
            total_Stage3:0.00126533
            num_until_goal_expanded:37
            timing_S3Exp:
                total_S3Exp: 0.00021198
                time_top_o: 5.462e-06
                time_check_in_c: 3.894e-06
                time_add_parent: 1.019e-05
                num_neighbors: 87
                time_add_neighbors_to_o: 7.0017e-05
    timing_PIOW_overlapping:
        total_PIOW: 7.91e-07
        num_windows: 19
        time_check_overlap: 0
        num_overlapping_windows: 0
        time_merge_windows: 0
        time_remove_window: 0
        time_remove_window: 0
        timing_PlanIn:
            total_PlanIn:0
            num_until_goal_expanded:0
            timing_expansions:
                total_S3Exp: 0
                time_top_o: 0
                time_check_in_c: 0
                time_add_parent: 0
                num_neighbors: 0
                time_add_neighbors_to_o: 0
    num_new_collisions: 1
    timing_PIOW_new_collisions:
        total_PIOW: 0.000126832
        num_windows: 0
        time_check_overlap: 0
        num_overlapping_windows: 0
        time_merge_windows: 0
        time_remove_window: 0
        time_remove_window: 2.97e-07
        timing_PlanIn:
            total_PlanIn:0.000124819
            num_until_goal_expanded:8
            timing_expansions:
                total_S3Exp: 0.00012146
                time_top_o: 1.999e-06
                time_check_in_c: 2.487e-06
                time_add_parent: 4.225e-06
                num_neighbors: 139
                time_add_neighbors_to_o: 9.4015e-05
    num_windows_should_quit: 0
    time_should_quit: 1.482e-06
    time_remove_window: 0
Complete!
