Total time: 0.269729
is_optimal: true
optimality_bound: 1
successive_bounds: [1.03259, 1.00296, 1.00296, 1.00296, 1.00296, 1.00296, 1.00296, 1.00296, 1.00296, 1.00296, 1.00296, 1.00296, 1.00296, 1.00296, 1, 1]
successive_runtimes: [0.0139624, 0.0496533, 0.0688284, 0.0766872, 0.0858278, 0.0988657, 0.112268, 0.125677, 0.141779, 0.16269, 0.182703, 0.201263, 0.22381, 0.244274, 0.269729]
num_agents: 20
time_individual_plan: 0.00807387
time_first_plan: 0.00474087
num_max_agents_in_window_first_iteration: 2
num_recWAMPF: 15
timing_recWAMPF:
    total_RecWAMPF: 0.2605
    num_windows: 29
    num_max_agents_in_window: 2
    timing_gari:
        total_GARI: 0.254355
        time_path_btw_starts: 0.000127856
        Stage1:
            total_Stage1:0.172951
            time_add_x_to_o: 0.0492278
            time_clear_x: 0.0139325
            timing_AStarSearchUntil:
                total_astar_search_until:0.109782
                num_values_f_less_fmax:17922
                ASU Exp:
                    total_ASUExp:0.10978
                    time_top_o:0.0142271
                    time_check_in_c:0.0103223
                    time_add_parent:0.00517191
                    num_neighbors:99514
                    time_add_neighbors_to_o:0.0670702
        Stage2:
            total_Stage2:0.0084939
            num_len_path:34
            time_expanding_s:3.9828e-05
            timing_AStarSearchUntil:
                total_astar_search_until:0.00842888
                num_values_f_less_fmax:314
                ASU Exp:
                    total_ASUExp:0.00842792
                    time_top_o:0.00021632
                    time_check_in_c:0.000139491
                    time_add_parent:0.000230875
                    num_neighbors:8059
                    time_add_neighbors_to_o:0.00718078
        Stage3:
            total_Stage3:0.0727662
            num_until_goal_expanded:2928
            timing_S3Exp:
                total_S3Exp: 0.0280931
                time_top_o: 0.00225878
                time_check_in_c: 0.00131465
                time_add_parent: 0.00212271
                num_neighbors: 17689
                time_add_neighbors_to_o: 0.0146643
    timing_PIOW_overlapping:
        total_PIOW: 2.225e-06
        num_windows: 14
        time_check_overlap: 0
        num_overlapping_windows: 0
        time_merge_windows: 0
        time_remove_window: 0
        time_remove_window: 0
        timing_PlanIn:
            total_PlanIn:0
            num_until_goal_expanded:0
            timing_expansions:
                total_S3Exp: 0
                time_top_o: 0
                time_check_in_c: 0
                time_add_parent: 0
                num_neighbors: 0
                time_add_neighbors_to_o: 0
    num_new_collisions: 1
    timing_PIOW_new_collisions:
        total_PIOW: 0.00459588
        num_windows: 0
        time_check_overlap: 0
        num_overlapping_windows: 0
        time_merge_windows: 0
        time_remove_window: 0
        time_remove_window: 4.95e-07
        timing_PlanIn:
            total_PlanIn:0.00459157
            num_until_goal_expanded:298
            timing_expansions:
                total_S3Exp: 0.00458535
                time_top_o: 6.0355e-05
                time_check_in_c: 7.1851e-05
                time_add_parent: 0.000104022
                num_neighbors: 6188
                time_add_neighbors_to_o: 0.00364347
    num_windows_should_quit: 0
    time_should_quit: 2.529e-06
    time_remove_window: 0
Complete!
