Total time: 9.33566
is_optimal: false
optimality_bound: 1.00072
successive_bounds: [1.00323, 1.00323, 1.00323, 1.00287, 1.00287, 1.00287, 1.00287, 1.00215, 1.00215, 1.00215, 1.00215, 1.00215, 1.00215, 1.00215, 1.00215, 1.00144, 1.00144, 1.00144, 1.00072, 1.00072, 1.00072]
successive_runtimes: [0.00853941, 0.00973196, 0.0110133, 0.0122944, 0.0141845, 0.0155576, 0.01695, 0.0896985, 0.386666, 0.849712, 1.31481, 1.74729, 2.14539, 2.55368, 3.07285, 3.67088, 4.94947, 5.84692, 7.82676, 8.52228, 9.33566]
num_agents: 40
time_individual_plan: 0.0065118
time_first_plan: 0.00149624
num_max_agents_in_window_first_iteration: 2
num_recWAMPF: 21
timing_recWAMPF:
    total_RecWAMPF: 9.32861
    num_windows: 152
    num_max_agents_in_window: 3
    timing_gari:
        total_GARI: 8.47745
        time_path_btw_starts: 0.0920735
        Stage1:
            total_Stage1:5.85938
            time_add_x_to_o: 1.37384
            time_clear_x: 0.636025
            timing_AStarSearchUntil:
                total_astar_search_until:2.87694
                num_values_f_less_fmax:128208
                ASU Exp:
                    total_ASUExp:2.87693
                    time_top_o:0.133748
                    time_check_in_c:0.0600554
                    time_add_parent:0.0328401
                    num_neighbors:6851933
                    time_add_neighbors_to_o:3.4838
        Stage2:
            total_Stage2:0.159377
            num_len_path:136
            time_expanding_s:9.7349e-05
            timing_AStarSearchUntil:
                total_astar_search_until:0.159191
                num_values_f_less_fmax:2422
                ASU Exp:
                    total_ASUExp:0.159187
                    time_top_o:0.00142851
                    time_check_in_c:0.000907191
                    time_add_parent:0.00130541
                    num_neighbors:310589
                    time_add_neighbors_to_o:0.151883
        Stage3:
            total_Stage3:2.36658
            num_until_goal_expanded:19502
            timing_S3Exp:
                total_S3Exp: 0.983271
                time_top_o: 0.0250639
                time_check_in_c: 0.0078515
                time_add_parent: 0.0101123
                num_neighbors: 1922216
                time_add_neighbors_to_o: 0.911368
    timing_PIOW_overlapping:
        total_PIOW: 0.187877
        num_windows: 300
        time_check_overlap: 1.9017e-05
        num_overlapping_windows: 2
        time_merge_windows: 3.206e-06
        time_remove_window: 5.89e-07
        time_remove_window: 3.108e-06
        timing_PlanIn:
            total_PlanIn:0.187841
            num_until_goal_expanded:3112
            timing_expansions:
                total_S3Exp: 0.187837
                time_top_o: 0.00144594
                time_check_in_c: 0.000607082
                time_add_parent: 0.0010097
                num_neighbors: 396406
                time_add_neighbors_to_o: 0.170456
    num_new_collisions: 5
    timing_PIOW_new_collisions:
        total_PIOW: 0.000565185
        num_windows: 20
        time_check_overlap: 7.64e-07
        num_overlapping_windows: 0
        time_merge_windows: 0
        time_remove_window: 0
        time_remove_window: 3.222e-06
        timing_PlanIn:
            total_PlanIn:0.000555961
            num_until_goal_expanded:48
            timing_expansions:
                total_S3Exp: 0.000546923
                time_top_o: 6.914e-06
                time_check_in_c: 9.207e-06
                time_add_parent: 1.321e-05
                num_neighbors: 857
                time_add_neighbors_to_o: 0.000435195
    num_windows_should_quit: 0
    time_should_quit: 7.106e-06
    time_remove_window: 0
Complete!
