Total time: 21.8081
is_optimal: false
optimality_bound: 1.00072
successive_bounds: [1.00323, 1.00323, 1.00323, 1.00287, 1.00287, 1.00287, 1.00287, 1.00215, 1.00215, 1.00215, 1.00215, 1.00215, 1.00215, 1.00215, 1.00215, 1.00144, 1.00144, 1.00144, 1.00072, 1.00072, 1.00072, 1.00072]
successive_runtimes: [0.0136938, 0.0154059, 0.0172509, 0.0192013, 0.0221987, 0.0250689, 0.0271592, 0.179471, 0.769427, 1.65202, 2.47048, 3.19, 3.90572, 4.61709, 5.51371, 6.58818, 8.93591, 10.4356, 14.047, 15.2683, 16.7006, 21.8081]
num_agents: 40
time_individual_plan: 0.0109594
time_first_plan: 0.00185622
num_max_agents_in_window_first_iteration: 2
num_recWAMPF: 22
timing_recWAMPF:
    total_RecWAMPF: 21.7963
    num_windows: 158
    num_max_agents_in_window: 3
    timing_gari:
        total_GARI: 17.8237
        time_path_btw_starts: 0.142584
        Stage1:
            total_Stage1:13.1985
            time_add_x_to_o: 2.42794
            time_clear_x: 1.19416
            timing_AStarSearchUntil:
                total_astar_search_until:5.64482
                num_values_f_less_fmax:151577
                ASU Exp:
                    total_ASUExp:5.64481
                    time_top_o:0.338454
                    time_check_in_c:0.130737
                    time_add_parent:0.134679
                    num_neighbors:8733231
                    time_add_neighbors_to_o:8.64158
        Stage2:
            total_Stage2:0.303953
            num_len_path:138
            time_expanding_s:0.00018235
            timing_AStarSearchUntil:
                total_astar_search_until:0.303618
                num_values_f_less_fmax:2424
                ASU Exp:
                    total_ASUExp:0.303613
                    time_top_o:0.00427021
                    time_check_in_c:0.00206743
                    time_add_parent:0.00263196
                    num_neighbors:310704
                    time_add_neighbors_to_o:0.286398
        Stage3:
            total_Stage3:4.17854
            num_until_goal_expanded:19596
            timing_S3Exp:
                total_S3Exp: 1.90155
                time_top_o: 0.0530269
                time_check_in_c: 0.0170472
                time_add_parent: 0.0193136
                num_neighbors: 1924492
                time_add_neighbors_to_o: 1.74001
    timing_PIOW_overlapping:
        total_PIOW: 0.385022
        num_windows: 309
        time_check_overlap: 3.2325e-05
        num_overlapping_windows: 2
        time_merge_windows: 5.504e-06
        time_remove_window: 9.02e-07
        time_remove_window: 5.335e-06
        timing_PlanIn:
            total_PlanIn:0.384957
            num_until_goal_expanded:3112
            timing_expansions:
                total_S3Exp: 0.38495
                time_top_o: 0.00509094
                time_check_in_c: 0.00169884
                time_add_parent: 0.00286661
                num_neighbors: 396406
                time_add_neighbors_to_o: 0.347748
    num_new_collisions: 5
    timing_PIOW_new_collisions:
        total_PIOW: 0.000834774
        num_windows: 20
        time_check_overlap: 1.389e-06
        num_overlapping_windows: 0
        time_merge_windows: 0
        time_remove_window: 0
        time_remove_window: 4.642e-06
        timing_PlanIn:
            total_PlanIn:0.000820383
            num_until_goal_expanded:48
            timing_expansions:
                total_S3Exp: 0.00080653
                time_top_o: 1.1087e-05
                time_check_in_c: 1.3987e-05
                time_add_parent: 2.0051e-05
                num_neighbors: 857
                time_add_neighbors_to_o: 0.000637762
    num_windows_should_quit: 0
    time_should_quit: 1.6424e-05
    time_remove_window: 0
Complete!
