Total time: 32.1679
is_optimal: false
optimality_bound: 1.002
successive_bounds: [1.01451, 1.00551, 1.0035, 1.003, 1.003, 1.003, 1.003, 1.002, 1.002, 1.002, 1.002, 1.002, 1.002, 1.002, 1.002]
successive_runtimes: [0.0111156, 0.0225684, 0.244053, 0.29022, 0.320249, 0.344237, 2.51183, 6.15626, 8.43443, 10.3926, 13.2354, 16.8566, 21.4006, 26.422, 32.1679]
num_agents: 30
time_individual_plan: 0.0074748
time_first_plan: 0.00296174
num_max_agents_in_window_first_iteration: 2
num_recWAMPF: 15
timing_recWAMPF:
    total_RecWAMPF: 32.1597
    num_windows: 124
    num_max_agents_in_window: 4
    timing_gari:
        total_GARI: 30.2418
        time_path_btw_starts: 0.000588655
        Stage1:
            total_Stage1:20.6152
            time_add_x_to_o: 4.59605
            time_clear_x: 2.22202
            timing_AStarSearchUntil:
                total_astar_search_until:13.7971
                num_values_f_less_fmax:123151
                ASU Exp:
                    total_ASUExp:13.7971
                    time_top_o:0.207323
                    time_check_in_c:0.267428
                    time_add_parent:0.0484242
                    num_neighbors:22482979
                    time_add_neighbors_to_o:13.0555
        Stage2:
            total_Stage2:0.0347064
            num_len_path:145
            time_expanding_s:0.000172871
            timing_AStarSearchUntil:
                total_astar_search_until:0.0344488
                num_values_f_less_fmax:491
                ASU Exp:
                    total_ASUExp:0.0344457
                    time_top_o:0.000222103
                    time_check_in_c:0.00012392
                    time_add_parent:0.000202181
                    num_neighbors:62098
                    time_add_neighbors_to_o:0.0331578
        Stage3:
            total_Stage3:9.59131
            num_until_goal_expanded:57067
            timing_S3Exp:
                total_S3Exp: 4.74311
                time_top_o: 0.058134
                time_check_in_c: 0.0241783
                time_add_parent: 0.041587
                num_neighbors: 7867336
                time_add_neighbors_to_o: 4.52318
    timing_PIOW_overlapping:
        total_PIOW: 0.218886
        num_windows: 273
        time_check_overlap: 1.5865e-05
        num_overlapping_windows: 2
        time_merge_windows: 3.926e-06
        time_remove_window: 1.023e-06
        time_remove_window: 3.802e-06
        timing_PlanIn:
            total_PlanIn:0.218846
            num_until_goal_expanded:1550
            timing_expansions:
                total_S3Exp: 0.218839
                time_top_o: 0.00101271
                time_check_in_c: 0.0004292
                time_add_parent: 0.000651236
                num_neighbors: 365917
                time_add_neighbors_to_o: 0.20199
    num_new_collisions: 8
    timing_PIOW_new_collisions:
        total_PIOW: 1.69565
        num_windows: 55
        time_check_overlap: 2.624e-06
        num_overlapping_windows: 2
        time_merge_windows: 0
        time_remove_window: 0.844202
        time_remove_window: 4.924e-06
        timing_PlanIn:
            total_PlanIn:1.69562
            num_until_goal_expanded:7515
            timing_expansions:
                total_S3Exp: 1.6956
                time_top_o: 0.00916621
                time_check_in_c: 0.00336226
                time_add_parent: 0.00463853
                num_neighbors: 2678577
                time_add_neighbors_to_o: 1.57771
    num_windows_should_quit: 0
    time_should_quit: 1.0251e-05
    time_remove_window: 0
Complete!
