Total time: 30.131
is_optimal: false
optimality_bound: 1.00484
successive_bounds: [1.00548, 1.00548, 1.00548, 1.00548, 1.00548, 1.00548, 1.00516, 1.00516, 1.00516, 1.00516, 1.00484, 1.00484, 1.00484]
successive_runtimes: [0.0435788, 0.0659257, 3.27396, 4.58423, 5.64431, 6.67051, 7.59757, 8.56239, 9.60783, 10.6033, 11.7866, 12.906, 30.131]
num_agents: 50
time_individual_plan: 0.00717612
time_first_plan: 0.0356936
num_max_agents_in_window_first_iteration: 3
num_recWAMPF: 13
timing_recWAMPF:
    total_RecWAMPF: 30.1231
    num_windows: 184
    num_max_agents_in_window: 5
    timing_gari:
        total_GARI: 10.7013
        time_path_btw_starts: 0.00746481
        Stage1:
            total_Stage1:4.61303
            time_add_x_to_o: 1.59726
            time_clear_x: 0.758508
            timing_AStarSearchUntil:
                total_astar_search_until:2.25724
                num_values_f_less_fmax:15887
                ASU Exp:
                    total_ASUExp:2.25724
                    time_top_o:0.0240029
                    time_check_in_c:0.00782595
                    time_add_parent:0.00433277
                    num_neighbors:2991723
                    time_add_neighbors_to_o:2.20148
        Stage2:
            total_Stage2:0.102738
            num_len_path:157
            time_expanding_s:0.000528485
            timing_AStarSearchUntil:
                total_astar_search_until:0.102054
                num_values_f_less_fmax:1103
                ASU Exp:
                    total_ASUExp:0.102049
                    time_top_o:0.000792462
                    time_check_in_c:0.000265667
                    time_add_parent:0.000470977
                    num_neighbors:179830
                    time_add_neighbors_to_o:0.0961614
        Stage3:
            total_Stage3:5.97763
            num_until_goal_expanded:3408
            timing_S3Exp:
                total_S3Exp: 0.670995
                time_top_o: 0.00389753
                time_check_in_c: 0.000887009
                time_add_parent: 0.00248944
                num_neighbors: 874010
                time_add_neighbors_to_o: 0.639171
    timing_PIOW_overlapping:
        total_PIOW: 3.21339
        num_windows: 704
        time_check_overlap: 4.5561e-05
        num_overlapping_windows: 5
        time_merge_windows: 1.1969e-05
        time_remove_window: 1.934e-06
        time_remove_window: 1.1618e-05
        timing_PlanIn:
            total_PlanIn:3.21329
            num_until_goal_expanded:6945
            timing_expansions:
                total_S3Exp: 3.21328
                time_top_o: 0.0111543
                time_check_in_c: 0.00264263
                time_add_parent: 0.00457468
                num_neighbors: 4491977
                time_add_neighbors_to_o: 3.0429
    num_new_collisions: 15
    timing_PIOW_new_collisions:
        total_PIOW: 16.2004
        num_windows: 175
        time_check_overlap: 8.386e-06
        num_overlapping_windows: 4
        time_merge_windows: 0
        time_remove_window: 14.1268
        time_remove_window: 6.479e-06
        timing_PlanIn:
            total_PlanIn:16.2003
            num_until_goal_expanded:9078
            timing_expansions:
                total_S3Exp: 16.2003
                time_top_o: 0.0216684
                time_check_in_c: 0.00316371
                time_add_parent: 0.00582058
                num_neighbors: 20776338
                time_add_neighbors_to_o: 15.5296
    num_windows_should_quit: 0
    time_should_quit: 1.645e-05
    time_remove_window: 0
Complete!
