Total time: 1.44145
is_optimal: false
optimality_bound: 1.0028
successive_bounds: [1.00455, 1.00455, 1.00455, 1.00385, 1.00385, 1.00315, 1.00315, 1.00315, 1.0028]
successive_runtimes: [0.00892608, 0.011895, 0.0146887, 0.0175317, 0.0202101, 0.0228092, 0.41965, 0.903697, 1.44145]
num_agents: 40
time_individual_plan: 0.00510091
time_first_plan: 0.00330316
num_max_agents_in_window_first_iteration: 3
num_recWAMPF: 9
timing_recWAMPF:
    total_RecWAMPF: 1.43582
    num_windows: 147
    num_max_agents_in_window: 4
    timing_gari:
        total_GARI: 0.989602
        time_path_btw_starts: 0.000533064
        Stage1:
            total_Stage1:0.750728
            time_add_x_to_o: 0.287801
            time_clear_x: 0.0858902
            timing_AStarSearchUntil:
                total_astar_search_until:0.377028
                num_values_f_less_fmax:3630
                ASU Exp:
                    total_ASUExp:0.377024
                    time_top_o:0.00426761
                    time_check_in_c:0.0228456
                    time_add_parent:0.00155923
                    num_neighbors:443595
                    time_add_neighbors_to_o:0.295401
        Stage2:
            total_Stage2:0.044939
            num_len_path:138
            time_expanding_s:9.0488e-05
            timing_AStarSearchUntil:
                total_astar_search_until:0.0448009
                num_values_f_less_fmax:314
                ASU Exp:
                    total_ASUExp:0.044798
                    time_top_o:0.000139689
                    time_check_in_c:8.7188e-05
                    time_add_parent:0.000127372
                    num_neighbors:78678
                    time_add_neighbors_to_o:0.043955
        Stage3:
            total_Stage3:0.193378
            num_until_goal_expanded:1096
            timing_S3Exp:
                total_S3Exp: 0.0604969
                time_top_o: 0.000511503
                time_check_in_c: 0.000206901
                time_add_parent: 0.00040526
                num_neighbors: 112546
                time_add_neighbors_to_o: 0.0578285
    timing_PIOW_overlapping:
        total_PIOW: 0.393852
        num_windows: 608
        time_check_overlap: 1.9954e-05
        num_overlapping_windows: 1
        time_merge_windows: 1.338e-06
        time_remove_window: 3.4e-07
        time_remove_window: 1.286e-06
        timing_PlanIn:
            total_PlanIn:0.393813
            num_until_goal_expanded:1146
            timing_expansions:
                total_S3Exp: 0.393811
                time_top_o: 0.00113659
                time_check_in_c: 0.000283367
                time_add_parent: 0.000514112
                num_neighbors: 710638
                time_add_neighbors_to_o: 0.371971
    num_new_collisions: 13
    timing_PIOW_new_collisions:
        total_PIOW: 0.0470335
        num_windows: 130
        time_check_overlap: 4.444e-06
        num_overlapping_windows: 4
        time_merge_windows: 0
        time_remove_window: 2.80694
        time_remove_window: 6.661e-06
        timing_PlanIn:
            total_PlanIn:0.0470045
            num_until_goal_expanded:512
            timing_expansions:
                total_S3Exp: 0.0469816
                time_top_o: 0.00014414
                time_check_in_c: 0.00010489
                time_add_parent: 0.000148078
                num_neighbors: 87166
                time_add_neighbors_to_o: 0.0435598
    num_windows_should_quit: 0
    time_should_quit: 6.393e-06
    time_remove_window: 0
Complete!
