Total time: 0.0165075
is_optimal: true
optimality_bound: 1
successive_bounds: [1.0009, 1.0009, 1.0009, 1.0009, 1.0009, 1.0009, 1.0009, 1.0009, 1.0009, 1.0009, 1.0009, 1.0009, 1.0009, 1.0009, 1.0009, 1.0009, 1.0009, 1.0009, 1.0009, 1.0009, 1.0009, 1.0009, 1.0009, 1.0009, 1.0009, 1.0009, 1.0009, 1.0009, 1.0009, 1.0009, 1.0009, 1.0009, 1.0009, 1, 1]
successive_runtimes: [0.00462359, 0.00495787, 0.00528549, 0.00562176, 0.00596553, 0.00630863, 0.00664864, 0.00699697, 0.00734772, 0.00771534, 0.00807697, 0.0085039, 0.00882826, 0.00914583, 0.00946208, 0.00977848, 0.0100967, 0.0104183, 0.0107453, 0.0110662, 0.0113872, 0.0117132, 0.0120426, 0.0123699, 0.0127004, 0.0130309, 0.0133813, 0.0137155, 0.0140499, 0.014387, 0.0147245, 0.0150633, 0.0154659, 0.0165075]
num_agents: 30
time_individual_plan: 0.00368296
time_first_plan: 0.000411924
num_max_agents_in_window_first_iteration: 2
num_recWAMPF: 34
timing_recWAMPF:
    total_RecWAMPF: 0.0122915
    num_windows: 67
    num_max_agents_in_window: 2
    timing_gari:
        total_GARI: 0.00445
        time_path_btw_starts: 0.000114155
        Stage1:
            total_Stage1:0.000231222
            time_add_x_to_o: 0.000200815
            time_clear_x: 2.4337e-05
            timing_AStarSearchUntil:
                total_astar_search_until:2.894e-06
                num_values_f_less_fmax:0
                ASU Exp:
                    total_ASUExp:1.395e-06
                    time_top_o:0
                    time_check_in_c:0
                    time_add_parent:0
                    num_neighbors:0
                    time_add_neighbors_to_o:0
        Stage2:
            total_Stage2:0.000849796
            num_len_path:44
            time_expanding_s:1.8604e-05
            timing_AStarSearchUntil:
                total_astar_search_until:0.000813936
                num_values_f_less_fmax:66
                ASU Exp:
                    total_ASUExp:0.000812565
                    time_top_o:1.6905e-05
                    time_check_in_c:1.4231e-05
                    time_add_parent:2.2275e-05
                    num_neighbors:1630
                    time_add_neighbors_to_o:0.000651957
        Stage3:
            total_Stage3:0.00324457
            num_until_goal_expanded:165
            timing_S3Exp:
                total_S3Exp: 0.00163938
                time_top_o: 5.7381e-05
                time_check_in_c: 2.1744e-05
                time_add_parent: 3.5122e-05
                num_neighbors: 2147
                time_add_neighbors_to_o: 0.00119028
    timing_PIOW_overlapping:
        total_PIOW: 7.75e-07
        num_windows: 33
        time_check_overlap: 0
        num_overlapping_windows: 0
        time_merge_windows: 0
        time_remove_window: 0
        time_remove_window: 0
        timing_PlanIn:
            total_PlanIn:0
            num_until_goal_expanded:0
            timing_expansions:
                total_S3Exp: 0
                time_top_o: 0
                time_check_in_c: 0
                time_add_parent: 0
                num_neighbors: 0
                time_add_neighbors_to_o: 0
    num_new_collisions: 1
    timing_PIOW_new_collisions:
        total_PIOW: 0.000133624
        num_windows: 0
        time_check_overlap: 0
        num_overlapping_windows: 0
        time_merge_windows: 0
        time_remove_window: 0
        time_remove_window: 3.62e-07
        timing_PlanIn:
            total_PlanIn:0.000131624
            num_until_goal_expanded:9
            timing_expansions:
                total_S3Exp: 0.000128514
                time_top_o: 2.016e-06
                time_check_in_c: 2.13e-06
                time_add_parent: 3.412e-06
                num_neighbors: 185
                time_add_neighbors_to_o: 0.000102891
    num_windows_should_quit: 0
    time_should_quit: 1.826e-06
    time_remove_window: 0
Complete!
