Total time: 182.511
is_optimal: false
optimality_bound: 1.00061
successive_bounds: [1.00581, 1.0052, 1.00459, 1.00459, 1.00459, 1.00459, 1.00367, 1.00367, 1.00367, 1.00367, 1.00306, 1.00306, 1.00245, 1.00245, 1.00245, 1.00214, 1.00214, 1.00214, 1.00214, 1.00153, 1.00092, 1.00092, 1.00092, 1.00092, 1.00092, 1.00092, 1.00092, 1.00061, 1.00061]
successive_runtimes: [0.0145834, 0.0247734, 0.034199, 0.0448812, 0.0632292, 0.0919294, 0.127219, 0.175609, 0.257994, 3.40187, 23.1298, 69.5853, 171.002, 171.798, 172.142, 172.492, 173.058, 173.655, 174.164, 174.725, 175.347, 175.977, 176.646, 177.377, 178.228, 179.133, 180.167, 181.391, 182.511]
num_agents: 50
time_individual_plan: 0.00547949
time_first_plan: 0.00856853
num_max_agents_in_window_first_iteration: 3
num_recWAMPF: 29
timing_recWAMPF:
    total_RecWAMPF: 182.505
    num_windows: 555
    num_max_agents_in_window: 6
    timing_gari:
        total_GARI: 178.513
        time_path_btw_starts: 0.00332139
        Stage1:
            total_Stage1:150.781
            time_add_x_to_o: 15.2567
            time_clear_x: 8.2858
            timing_AStarSearchUntil:
                total_astar_search_until:127.239
                num_values_f_less_fmax:240004
                ASU Exp:
                    total_ASUExp:127.239
                    time_top_o:0.514744
                    time_check_in_c:0.250056
                    time_add_parent:0.159073
                    num_neighbors:218906521
                    time_add_neighbors_to_o:125.816
        Stage2:
            total_Stage2:0.951508
            num_len_path:567
            time_expanding_s:0.0112066
            timing_AStarSearchUntil:
                total_astar_search_until:0.939964
                num_values_f_less_fmax:5388
                ASU Exp:
                    total_ASUExp:0.939951
                    time_top_o:0.00258275
                    time_check_in_c:0.00122684
                    time_add_parent:0.00236591
                    num_neighbors:1634847
                    time_add_neighbors_to_o:0.911192
        Stage3:
            total_Stage3:26.7718
            num_until_goal_expanded:49371
            timing_S3Exp:
                total_S3Exp: 13.8548
                time_top_o: 0.0539465
                time_check_in_c: 0.0146939
                time_add_parent: 0.0311272
                num_neighbors: 23267719
                time_add_neighbors_to_o: 13.5485
    timing_PIOW_overlapping:
        total_PIOW: 0.166848
        num_windows: 2702
        time_check_overlap: 0.000149776
        num_overlapping_windows: 2
        time_merge_windows: 3.257e-06
        time_remove_window: 7.83e-07
        time_remove_window: 3.157e-06
        timing_PlanIn:
            total_PlanIn:0.166627
            num_until_goal_expanded:546
            timing_expansions:
                total_S3Exp: 0.166622
                time_top_o: 0.000230607
                time_check_in_c: 0.0001281
                time_add_parent: 0.000233118
                num_neighbors: 269468
                time_add_neighbors_to_o: 0.158228
    num_new_collisions: 17
    timing_PIOW_new_collisions:
        total_PIOW: 3.80192
        num_windows: 264
        time_check_overlap: 9.883e-06
        num_overlapping_windows: 6
        time_merge_windows: 0
        time_remove_window: 344.101
        time_remove_window: 8.71e-06
        timing_PlanIn:
            total_PlanIn:3.80186
            num_until_goal_expanded:8116
            timing_expansions:
                total_S3Exp: 3.80182
                time_top_o: 0.00800898
                time_check_in_c: 0.00202688
                time_add_parent: 0.00368352
                num_neighbors: 6203101
                time_add_neighbors_to_o: 3.61366
    num_windows_should_quit: 0
    time_should_quit: 4.2777e-05
    time_remove_window: 0
Complete!
