Total time: 0.130674
is_optimal: true
optimality_bound: 1
successive_bounds: [1.03599, 1.03599, 1.00192, 1.00192, 1.00192, 1.00192, 1.00192, 1.00096, 1.00096, 1.00096, 1.00096, 1.00096, 1.00096, 1.00096, 1, 1]
successive_runtimes: [0.0112473, 0.0371441, 0.07857, 0.0813239, 0.084385, 0.0880183, 0.0922274, 0.096438, 0.100217, 0.10394, 0.107897, 0.112321, 0.117049, 0.123887, 0.130674]
num_agents: 30
time_individual_plan: 0.00556926
time_first_plan: 0.00509478
num_max_agents_in_window_first_iteration: 2
num_recWAMPF: 15
timing_recWAMPF:
    total_RecWAMPF: 0.124518
    num_windows: 58
    num_max_agents_in_window: 2
    timing_gari:
        total_GARI: 0.108289
        time_path_btw_starts: 0.000170285
        Stage1:
            total_Stage1:0.0811685
            time_add_x_to_o: 0.0206976
            time_clear_x: 0.0035587
            timing_AStarSearchUntil:
                total_astar_search_until:0.0356627
                num_values_f_less_fmax:20041
                ASU Exp:
                    total_ASUExp:0.0356612
                    time_top_o:0.00630503
                    time_check_in_c:0.00335415
                    time_add_parent:0.00149314
                    num_neighbors:96055
                    time_add_neighbors_to_o:0.0367685
        Stage2:
            total_Stage2:0.00438043
            num_len_path:62
            time_expanding_s:2.2458e-05
            timing_AStarSearchUntil:
                total_astar_search_until:0.00434191
                num_values_f_less_fmax:406
                ASU Exp:
                    total_ASUExp:0.00434067
                    time_top_o:0.00010565
                    time_check_in_c:8.5621e-05
                    time_add_parent:9.652e-05
                    num_neighbors:9597
                    time_add_neighbors_to_o:0.00366448
        Stage3:
            total_Stage3:0.0225598
            num_until_goal_expanded:4869
            timing_S3Exp:
                total_S3Exp: 0.0176506
                time_top_o: 0.00116349
                time_check_in_c: 0.000645233
                time_add_parent: 0.00132756
                num_neighbors: 27199
                time_add_neighbors_to_o: 0.00997797
    timing_PIOW_overlapping:
        total_PIOW: 3.638e-06
        num_windows: 56
        time_check_overlap: 1.594e-06
        num_overlapping_windows: 0
        time_merge_windows: 0
        time_remove_window: 0
        time_remove_window: 0
        timing_PlanIn:
            total_PlanIn:0
            num_until_goal_expanded:0
            timing_expansions:
                total_S3Exp: 0
                time_top_o: 0
                time_check_in_c: 0
                time_add_parent: 0
                num_neighbors: 0
                time_add_neighbors_to_o: 0
    num_new_collisions: 2
    timing_PIOW_new_collisions:
        total_PIOW: 0.0046305
        num_windows: 2
        time_check_overlap: 2.01e-07
        num_overlapping_windows: 0
        time_merge_windows: 0
        time_remove_window: 0
        time_remove_window: 8e-07
        timing_PlanIn:
            total_PlanIn:0.00462695
            num_until_goal_expanded:446
            timing_expansions:
                total_S3Exp: 0.00462239
                time_top_o: 5.7937e-05
                time_check_in_c: 8.7558e-05
                time_add_parent: 0.00010986
                num_neighbors: 8522
                time_add_neighbors_to_o: 0.0037487
    num_windows_should_quit: 0
    time_should_quit: 1.937e-06
    time_remove_window: 0
Complete!
