Total time: 0.170393
is_optimal: true
optimality_bound: 1
successive_bounds: [1.00402, 1.00201, 1.00201, 1.00201, 1.00101, 1.00101, 1.00101, 1.00101, 1.00101, 1.00101, 1.00101, 1.00101, 1.00101, 1.00101, 1.00101, 1.00101, 1.00101, 1.00101, 1.00101, 1.00101, 1.00101, 1.00101, 1.00101, 1.00101, 1, 1]
successive_runtimes: [0.0056858, 0.00821448, 0.0105164, 0.0129586, 0.0166297, 0.0212881, 0.0265523, 0.0325166, 0.0386425, 0.045505, 0.0519973, 0.0587505, 0.0661141, 0.0732443, 0.0805351, 0.0881202, 0.0961485, 0.104319, 0.112778, 0.122061, 0.131042, 0.140423, 0.150234, 0.160425, 0.170393]
num_agents: 30
time_individual_plan: 0.00322683
time_first_plan: 0.00193474
num_max_agents_in_window_first_iteration: 2
num_recWAMPF: 25
timing_recWAMPF:
    total_RecWAMPF: 0.166638
    num_windows: 196
    num_max_agents_in_window: 2
    timing_gari:
        total_GARI: 0.158955
        time_path_btw_starts: 0.00036592
        Stage1:
            total_Stage1:0.0735575
            time_add_x_to_o: 0.0290266
            time_clear_x: 0.00506301
            timing_AStarSearchUntil:
                total_astar_search_until:0.0394571
                num_values_f_less_fmax:36411
                ASU Exp:
                    total_ASUExp:0.0394528
                    time_top_o:0.0100711
                    time_check_in_c:0.00536109
                    time_add_parent:0.00170862
                    num_neighbors:37783
                    time_add_neighbors_to_o:0.0138365
        Stage2:
            total_Stage2:0.00371408
            num_len_path:172
            time_expanding_s:7.0801e-05
            timing_AStarSearchUntil:
                total_astar_search_until:0.0035912
                num_values_f_less_fmax:290
                ASU Exp:
                    total_ASUExp:0.00358738
                    time_top_o:7.6077e-05
                    time_check_in_c:5.6682e-05
                    time_add_parent:9.2836e-05
                    num_neighbors:8211
                    time_add_neighbors_to_o:0.00303022
        Stage3:
            total_Stage3:0.0812847
            num_until_goal_expanded:16429
            timing_S3Exp:
                total_S3Exp: 0.0633687
                time_top_o: 0.00443737
                time_check_in_c: 0.00256958
                time_add_parent: 0.0049218
                num_neighbors: 89415
                time_add_neighbors_to_o: 0.0354242
    timing_PIOW_overlapping:
        total_PIOW: 3.5892e-05
        num_windows: 384
        time_check_overlap: 2.5737e-05
        num_overlapping_windows: 0
        time_merge_windows: 0
        time_remove_window: 0
        time_remove_window: 0
        timing_PlanIn:
            total_PlanIn:0
            num_until_goal_expanded:0
            timing_expansions:
                total_S3Exp: 0
                time_top_o: 0
                time_check_in_c: 0
                time_add_parent: 0
                num_neighbors: 0
                time_add_neighbors_to_o: 0
    num_new_collisions: 4
    timing_PIOW_new_collisions:
        total_PIOW: 0.00118987
        num_windows: 12
        time_check_overlap: 3.88e-07
        num_overlapping_windows: 0
        time_merge_windows: 0
        time_remove_window: 0
        time_remove_window: 1.352e-06
        timing_PlanIn:
            total_PlanIn:0.00118362
            num_until_goal_expanded:214
            timing_expansions:
                total_S3Exp: 0.00117614
                time_top_o: 2.3792e-05
                time_check_in_c: 3.7855e-05
                time_add_parent: 5.1948e-05
                num_neighbors: 1509
                time_add_neighbors_to_o: 0.000770286
    num_windows_should_quit: 0
    time_should_quit: 6.672e-06
    time_remove_window: 0
Complete!
