Total time: 0.15138
is_optimal: false
optimality_bound: 1.00335
successive_bounds: [1.00484, 1.00484, 1.0041, 1.00335, 1.00335, 1.00335, 1.00335, 1.00335, 1.0041, 1.00335, 1.00335]
successive_runtimes: [0.00984896, 0.0136905, 0.0180731, 0.0244367, 0.0337806, 0.0456927, 0.057328, 0.0813786, 0.104591, 0.129026, 0.15138]
num_agents: 40
time_individual_plan: 0.0053126
time_first_plan: 0.00400929
num_max_agents_in_window_first_iteration: 3
num_recWAMPF: 11
timing_recWAMPF:
    total_RecWAMPF: 0.145538
    num_windows: 189
    num_max_agents_in_window: 3
    timing_gari:
        total_GARI: 0.13029
        time_path_btw_starts: 0.000649808
        Stage1:
            total_Stage1:0.0675379
            time_add_x_to_o: 0.0284042
            time_clear_x: 0.00419612
            timing_AStarSearchUntil:
                total_astar_search_until:0.0349274
                num_values_f_less_fmax:8624
                ASU Exp:
                    total_ASUExp:0.0349231
                    time_top_o:0.00245529
                    time_check_in_c:0.00172737
                    time_add_parent:0.00188466
                    num_neighbors:68484
                    time_add_neighbors_to_o:0.0258459
        Stage2:
            total_Stage2:0.00681973
            num_len_path:176
            time_expanding_s:0.00010083
            timing_AStarSearchUntil:
                total_astar_search_until:0.00666093
                num_values_f_less_fmax:292
                ASU Exp:
                    total_ASUExp:0.00665703
                    time_top_o:8.1499e-05
                    time_check_in_c:7.3145e-05
                    time_add_parent:8.8781e-05
                    num_neighbors:15320
                    time_add_neighbors_to_o:0.00605176
        Stage3:
            total_Stage3:0.0552489
            num_until_goal_expanded:4759
            timing_S3Exp:
                total_S3Exp: 0.0433248
                time_top_o: 0.0012765
                time_check_in_c: 0.000706245
                time_add_parent: 0.00146971
                num_neighbors: 86978
                time_add_neighbors_to_o: 0.0351393
    timing_PIOW_overlapping:
        total_PIOW: 4.5451e-05
        num_windows: 810
        time_check_overlap: 2.7078e-05
        num_overlapping_windows: 0
        time_merge_windows: 0
        time_remove_window: 0
        time_remove_window: 0
        timing_PlanIn:
            total_PlanIn:0
            num_until_goal_expanded:0
            timing_expansions:
                total_S3Exp: 0
                time_top_o: 0
                time_check_in_c: 0
                time_add_parent: 0
                num_neighbors: 0
                time_add_neighbors_to_o: 0
    num_new_collisions: 12
    timing_PIOW_new_collisions:
        total_PIOW: 0.00860448
        num_windows: 142
        time_check_overlap: 4.643e-06
        num_overlapping_windows: 3
        time_merge_windows: 0
        time_remove_window: 0.212643
        time_remove_window: 4.414e-06
        timing_PlanIn:
            total_PlanIn:0.00857868
            num_until_goal_expanded:430
            timing_expansions:
                total_S3Exp: 0.00855419
                time_top_o: 7.7739e-05
                time_check_in_c: 9.3883e-05
                time_add_parent: 0.000115782
                num_neighbors: 14381
                time_add_neighbors_to_o: 0.00731035
    num_windows_should_quit: 0
    time_should_quit: 8.32e-06
    time_remove_window: 0
Complete!
