Total time: 0.00820543
is_optimal: true
optimality_bound: 1
successive_bounds: [1.00297, 1.00297, 1.00297, 1.00297, 1.00297, 1.00297, 1.00297, 1.00297, 1.00297, 1.00297, 1.00297, 1.00297, 1.00297, 1.00297, 1, 1]
successive_runtimes: [0.00373305, 0.0040478, 0.00423196, 0.00442208, 0.00462604, 0.00483359, 0.00504667, 0.0052672, 0.00561992, 0.00591434, 0.00615998, 0.00641402, 0.00667067, 0.00693411, 0.00820541]
num_agents: 10
time_individual_plan: 0.00267795
time_first_plan: 0.00026723
num_max_agents_in_window_first_iteration: 2
num_recWAMPF: 15
timing_recWAMPF:
    total_RecWAMPF: 0.00473542
    num_windows: 29
    num_max_agents_in_window: 2
    timing_gari:
        total_GARI: 0.00400943
        time_path_btw_starts: 0.000112499
        Stage1:
            total_Stage1:0.000290654
            time_add_x_to_o: 0.000260274
            time_clear_x: 2.6225e-05
            timing_AStarSearchUntil:
                total_astar_search_until:1.688e-06
                num_values_f_less_fmax:0
                ASU Exp:
                    total_ASUExp:6.76e-07
                    time_top_o:0
                    time_check_in_c:0
                    time_add_parent:0
                    num_neighbors:0
                    time_add_neighbors_to_o:0
        Stage2:
            total_Stage2:0.000932279
            num_len_path:22
            time_expanding_s:1.838e-05
            timing_AStarSearchUntil:
                total_astar_search_until:0.000899885
                num_values_f_less_fmax:38
                ASU Exp:
                    total_ASUExp:0.0008989
                    time_top_o:1.3794e-05
                    time_check_in_c:1.6962e-05
                    time_add_parent:3.2941e-05
                    num_neighbors:940
                    time_add_neighbors_to_o:0.000732905
        Stage3:
            total_Stage3:0.00266173
            num_until_goal_expanded:71
            timing_S3Exp:
                total_S3Exp: 0.00190343
                time_top_o: 2.9664e-05
                time_check_in_c: 3.3757e-05
                time_add_parent: 6.9724e-05
                num_neighbors: 935
                time_add_neighbors_to_o: 0.00142573
    timing_PIOW_overlapping:
        total_PIOW: 7e-07
        num_windows: 14
        time_check_overlap: 0
        num_overlapping_windows: 0
        time_merge_windows: 0
        time_remove_window: 0
        time_remove_window: 0
        timing_PlanIn:
            total_PlanIn:0
            num_until_goal_expanded:0
            timing_expansions:
                total_S3Exp: 0
                time_top_o: 0
                time_check_in_c: 0
                time_add_parent: 0
                num_neighbors: 0
                time_add_neighbors_to_o: 0
    num_new_collisions: 1
    timing_PIOW_new_collisions:
        total_PIOW: 0.000216111
        num_windows: 0
        time_check_overlap: 0
        num_overlapping_windows: 0
        time_merge_windows: 0
        time_remove_window: 0
        time_remove_window: 7.64e-07
        timing_PlanIn:
            total_PlanIn:0.000212051
            num_until_goal_expanded:7
            timing_expansions:
                total_S3Exp: 0.000205635
                time_top_o: 2.562e-06
                time_check_in_c: 4.134e-06
                time_add_parent: 7.691e-06
                num_neighbors: 120
                time_add_neighbors_to_o: 0.000157422
    num_windows_should_quit: 0
    time_should_quit: 1.987e-06
    time_remove_window: 0
Complete!
