Total time: 5.88223
is_optimal: false
optimality_bound: 1.00071
successive_bounds: [1.00566, 1.00496, 1.00283, 1.00283, 1.00212, 1.00071, 1.00071, 1.00071, 1.00071, 1.00071, 1.00071, 1.00071, 1.00071]
successive_runtimes: [0.0123207, 0.633357, 1.10119, 1.29989, 1.53372, 1.70726, 2.16017, 2.53772, 2.83812, 3.46834, 4.08093, 4.8575, 5.88223]
num_agents: 40
time_individual_plan: 0.00803834
time_first_plan: 0.00375274
num_max_agents_in_window_first_iteration: 3
num_recWAMPF: 13
timing_recWAMPF:
    total_RecWAMPF: 5.87366
    num_windows: 134
    num_max_agents_in_window: 4
    timing_gari:
        total_GARI: 5.2342
        time_path_btw_starts: 0.00568101
        Stage1:
            total_Stage1:2.31716
            time_add_x_to_o: 0.310465
            time_clear_x: 0.066044
            timing_AStarSearchUntil:
                total_astar_search_until:1.94064
                num_values_f_less_fmax:42415
                ASU Exp:
                    total_ASUExp:1.94063
                    time_top_o:0.0426968
                    time_check_in_c:0.0167437
                    time_add_parent:0.0220595
                    num_neighbors:3412896
                    time_add_neighbors_to_o:1.79788
        Stage2:
            total_Stage2:0.893037
            num_len_path:146
            time_expanding_s:0.000512044
            timing_AStarSearchUntil:
                total_astar_search_until:0.89245
                num_values_f_less_fmax:17353
                ASU Exp:
                    total_ASUExp:0.892447
                    time_top_o:0.0156842
                    time_check_in_c:0.00298643
                    time_add_parent:0.00740612
                    num_neighbors:1737895
                    time_add_neighbors_to_o:0.841159
        Stage3:
            total_Stage3:2.01828
            num_until_goal_expanded:4378
            timing_S3Exp:
                total_S3Exp: 0.16469
                time_top_o: 0.00304697
                time_check_in_c: 0.000748291
                time_add_parent: 0.00163249
                num_neighbors: 307671
                time_add_neighbors_to_o: 0.152779
    timing_PIOW_overlapping:
        total_PIOW: 0.0210212
        num_windows: 350
        time_check_overlap: 2.5006e-05
        num_overlapping_windows: 1
        time_merge_windows: 2.492e-06
        time_remove_window: 5.19e-07
        time_remove_window: 2.44e-06
        timing_PlanIn:
            total_PlanIn:0.0209812
            num_until_goal_expanded:138
            timing_expansions:
                total_S3Exp: 0.0209787
                time_top_o: 4.0134e-05
                time_check_in_c: 2.9525e-05
                time_add_parent: 4.2291e-05
                num_neighbors: 38559
                time_add_neighbors_to_o: 0.0196397
    num_new_collisions: 8
    timing_PIOW_new_collisions:
        total_PIOW: 0.611383
        num_windows: 51
        time_check_overlap: 2.156e-06
        num_overlapping_windows: 2
        time_merge_windows: 0
        time_remove_window: 0.0335883
        time_remove_window: 3.246e-06
        timing_PlanIn:
            total_PlanIn:0.611367
            num_until_goal_expanded:14167
            timing_expansions:
                total_S3Exp: 0.611349
                time_top_o: 0.0127872
                time_check_in_c: 0.00355721
                time_add_parent: 0.00630483
                num_neighbors: 1287732
                time_add_neighbors_to_o: 0.538436
    num_windows_should_quit: 0
    time_should_quit: 1.1379e-05
    time_remove_window: 0
Complete!
