Total time: 1.46484
is_optimal: true
optimality_bound: 1
successive_bounds: [1.00452, 1.00452, 1.00452, 1.00452, 1.00452, 1.00452, 1.00452, 1.00452, 1.00452, 1.00452, 1.00452, 1.00452, 1.00452, 1.00452, 1.00452, 1.00452, 1.00452, 1.00452, 1.00302, 1.00302, 1.00302, 1.00302, 1.00151, 1.00151, 1.00151, 1.00151, 1.00151, 1.00151, 1.00151, 1.00151, 1.00151, 1.00151, 1.00151, 1.00151, 1.00151, 1, 1]
successive_runtimes: [0.00429181, 0.00528693, 0.00629783, 0.00757182, 0.00886631, 0.010278, 0.0138131, 0.0195229, 0.0259744, 0.0333379, 0.0404863, 0.0486879, 0.0584595, 0.0689529, 0.0789616, 0.0909498, 0.103815, 0.154742, 0.585664, 0.834145, 0.872904, 0.909845, 0.952351, 0.989469, 1.0266, 1.06465, 1.10186, 1.13928, 1.17664, 1.2146, 1.25203, 1.28946, 1.32672, 1.36457, 1.40188, 1.46484]
num_agents: 20
time_individual_plan: 0.00281679
time_first_plan: 0.000734947
num_max_agents_in_window_first_iteration: 2
num_recWAMPF: 36
timing_recWAMPF:
    total_RecWAMPF: 1.46127
    num_windows: 213
    num_max_agents_in_window: 3
    timing_gari:
        total_GARI: 1.42066
        time_path_btw_starts: 0.000922224
        Stage1:
            total_Stage1:0.654964
            time_add_x_to_o: 0.175573
            time_clear_x: 0.0402584
            timing_AStarSearchUntil:
                total_astar_search_until:0.439116
                num_values_f_less_fmax:16544
                ASU Exp:
                    total_ASUExp:0.43911
                    time_top_o:0.01228
                    time_check_in_c:0.00552639
                    time_add_parent:0.00611384
                    num_neighbors:676865
                    time_add_neighbors_to_o:0.39757
        Stage2:
            total_Stage2:0.052962
            num_len_path:190
            time_expanding_s:0.000860725
            timing_AStarSearchUntil:
                total_astar_search_until:0.0519539
                num_values_f_less_fmax:2164
                ASU Exp:
                    total_ASUExp:0.0519484
                    time_top_o:0.00140242
                    time_check_in_c:0.000687461
                    time_add_parent:0.00200541
                    num_neighbors:60219
                    time_add_neighbors_to_o:0.040034
        Stage3:
            total_Stage3:0.711744
            num_until_goal_expanded:2447
            timing_S3Exp:
                total_S3Exp: 0.0605136
                time_top_o: 0.000922093
                time_check_in_c: 0.00055054
                time_add_parent: 0.00115166
                num_neighbors: 18119
                time_add_neighbors_to_o: 0.0115551
    timing_PIOW_overlapping:
        total_PIOW: 3.5648e-05
        num_windows: 315
        time_check_overlap: 1.8798e-05
        num_overlapping_windows: 0
        time_merge_windows: 0
        time_remove_window: 0
        time_remove_window: 0
        timing_PlanIn:
            total_PlanIn:0
            num_until_goal_expanded:0
            timing_expansions:
                total_S3Exp: 0
                time_top_o: 0
                time_check_in_c: 0
                time_add_parent: 0
                num_neighbors: 0
                time_add_neighbors_to_o: 0
    num_new_collisions: 4
    timing_PIOW_new_collisions:
        total_PIOW: 0.0377071
        num_windows: 13
        time_check_overlap: 1.025e-06
        num_overlapping_windows: 1
        time_merge_windows: 0
        time_remove_window: 0.118795
        time_remove_window: 1.378e-06
        timing_PlanIn:
            total_PlanIn:0.0376962
            num_until_goal_expanded:633
            timing_expansions:
                total_S3Exp: 0.0376843
                time_top_o: 0.000296241
                time_check_in_c: 0.000144568
                time_add_parent: 0.000240896
                num_neighbors: 60450
                time_add_neighbors_to_o: 0.0337867
    num_windows_should_quit: 0
    time_should_quit: 1.5347e-05
    time_remove_window: 0
Complete!
