Total time: 0.0462032
is_optimal: true
optimality_bound: 1
successive_bounds: [1.00391, 1.00391, 1.00391, 1.00391, 1.00391, 1.00391, 1.00391, 1.00196, 1.00196, 1.00196, 1.00196, 1.00196, 1.00196, 1.00196, 1.00196, 1.00196, 1.00196, 1.00196, 1, 1]
successive_runtimes: [0.00498249, 0.00652894, 0.00793292, 0.00984645, 0.0119563, 0.0142921, 0.01695, 0.0195468, 0.0213396, 0.0231673, 0.0251387, 0.0278522, 0.0302729, 0.0328659, 0.0351059, 0.0370369, 0.0388954, 0.040997, 0.0462032]
num_agents: 20
time_individual_plan: 0.00369688
time_first_plan: 0.000600444
num_max_agents_in_window_first_iteration: 2
num_recWAMPF: 19
timing_recWAMPF:
    total_RecWAMPF: 0.0418152
    num_windows: 111
    num_max_agents_in_window: 2
    timing_gari:
        total_GARI: 0.0398394
        time_path_btw_starts: 0.000321804
        Stage1:
            total_Stage1:0.0229939
            time_add_x_to_o: 0.00781546
            time_clear_x: 0.00120027
            timing_AStarSearchUntil:
                total_astar_search_until:0.01397
                num_values_f_less_fmax:3296
                ASU Exp:
                    total_ASUExp:0.0139665
                    time_top_o:0.00113235
                    time_check_in_c:0.000856948
                    time_add_parent:0.000496029
                    num_neighbors:19708
                    time_add_neighbors_to_o:0.00950231
        Stage2:
            total_Stage2:0.0047321
            num_len_path:120
            time_expanding_s:7.2266e-05
            timing_AStarSearchUntil:
                total_astar_search_until:0.00461923
                num_values_f_less_fmax:303
                ASU Exp:
                    total_ASUExp:0.00461622
                    time_top_o:0.000101198
                    time_check_in_c:7.6301e-05
                    time_add_parent:0.000127238
                    num_neighbors:7688
                    time_add_neighbors_to_o:0.00387236
        Stage3:
            total_Stage3:0.0117671
            num_until_goal_expanded:1146
            timing_S3Exp:
                total_S3Exp: 0.00654268
                time_top_o: 0.000352038
                time_check_in_c: 0.000209352
                time_add_parent: 0.000511965
                num_neighbors: 8289
                time_add_neighbors_to_o: 0.00385414
    timing_PIOW_overlapping:
        total_PIOW: 1.6943e-05
        num_windows: 162
        time_check_overlap: 7.937e-06
        num_overlapping_windows: 0
        time_merge_windows: 0
        time_remove_window: 0
        time_remove_window: 0
        timing_PlanIn:
            total_PlanIn:0
            num_until_goal_expanded:0
            timing_expansions:
                total_S3Exp: 0
                time_top_o: 0
                time_check_in_c: 0
                time_add_parent: 0
                num_neighbors: 0
                time_add_neighbors_to_o: 0
    num_new_collisions: 3
    timing_PIOW_new_collisions:
        total_PIOW: 0.000440392
        num_windows: 6
        time_check_overlap: 4.19e-07
        num_overlapping_windows: 0
        time_merge_windows: 0
        time_remove_window: 0
        time_remove_window: 1e-06
        timing_PlanIn:
            total_PlanIn:0.00043398
            num_until_goal_expanded:60
            timing_expansions:
                total_S3Exp: 0.000426952
                time_top_o: 9.259e-06
                time_check_in_c: 1.3082e-05
                time_add_parent: 1.9831e-05
                num_neighbors: 518
                time_add_neighbors_to_o: 0.000272585
    num_windows_should_quit: 0
    time_should_quit: 4.774e-06
    time_remove_window: 0
Complete!
