Total time: 9.86999
is_optimal: false
optimality_bound: 1.00157
successive_bounds: [1.00787, 1.00787, 1.00787, 1.00787, 1.00629, 1.00629, 1.00629, 1.00472, 1.00472, 1.00472, 1.00472, 1.00472, 1.00472, 1.00472, 1.00472, 1.00472, 1.00472, 1.00472, 1.00472, 1.00472, 1.00472, 1.00472, 1.00472, 1.00315, 1.00315, 1.00157, 1.00157, 1.00157, 1.00157, 1.00157, 1.00157, 1.00157, 1.00157, 1.00157, 1.00157, 1.00157, 1.00157]
successive_runtimes: [0.00558537, 0.0167855, 0.0292175, 0.0486739, 0.0996389, 0.148473, 0.189232, 0.291337, 0.392888, 0.460042, 0.530695, 0.604675, 0.682552, 0.763784, 0.848537, 0.935773, 1.03208, 1.12163, 1.22105, 1.31488, 1.40819, 1.50798, 1.6211, 1.88712, 2.27766, 2.68795, 3.09915, 3.55118, 4.05332, 4.60666, 5.21618, 5.91355, 6.59041, 7.30692, 8.10837, 8.95364, 9.86999]
num_agents: 20
time_individual_plan: 0.00221831
time_first_plan: 0.00282411
num_max_agents_in_window_first_iteration: 3
num_recWAMPF: 37
timing_recWAMPF:
    total_RecWAMPF: 9.86722
    num_windows: 270
    num_max_agents_in_window: 3
    timing_gari:
        total_GARI: 9.86002
        time_path_btw_starts: 0.000786879
        Stage1:
            total_Stage1:5.06794
            time_add_x_to_o: 1.42235
            time_clear_x: 1.05997
            timing_AStarSearchUntil:
                total_astar_search_until:2.58559
                num_values_f_less_fmax:135160
                ASU Exp:
                    total_ASUExp:2.58558
                    time_top_o:0.125421
                    time_check_in_c:0.0534137
                    time_add_parent:0.0167627
                    num_neighbors:4451421
                    time_add_neighbors_to_o:2.3022
        Stage2:
            total_Stage2:0.0448431
            num_len_path:210
            time_expanding_s:0.000158453
            timing_AStarSearchUntil:
                total_astar_search_until:0.0445203
                num_values_f_less_fmax:848
                ASU Exp:
                    total_ASUExp:0.0445131
                    time_top_o:0.000366982
                    time_check_in_c:0.000167412
                    time_add_parent:0.000291862
                    num_neighbors:96678
                    time_add_neighbors_to_o:0.0425763
        Stage3:
            total_Stage3:4.74636
            num_until_goal_expanded:138864
            timing_S3Exp:
                total_S3Exp: 2.37311
                time_top_o: 0.0964677
                time_check_in_c: 0.0297063
                time_add_parent: 0.0863975
                num_neighbors: 4030420
                time_add_neighbors_to_o: 1.98354
    timing_PIOW_overlapping:
        total_PIOW: 4.5742e-05
        num_windows: 499
        time_check_overlap: 2.9606e-05
        num_overlapping_windows: 0
        time_merge_windows: 0
        time_remove_window: 0
        time_remove_window: 0
        timing_PlanIn:
            total_PlanIn:0
            num_until_goal_expanded:0
            timing_expansions:
                total_S3Exp: 0
                time_top_o: 0
                time_check_in_c: 0
                time_add_parent: 0
                num_neighbors: 0
                time_add_neighbors_to_o: 0
    num_new_collisions: 5
    timing_PIOW_new_collisions:
        total_PIOW: 0.00256224
        num_windows: 22
        time_check_overlap: 7.41e-07
        num_overlapping_windows: 1
        time_merge_windows: 0
        time_remove_window: 0.00338834
        time_remove_window: 1.116e-06
        timing_PlanIn:
            total_PlanIn:0.00255407
            num_until_goal_expanded:136
            timing_expansions:
                total_S3Exp: 0.00254466
                time_top_o: 1.9792e-05
                time_check_in_c: 2.4463e-05
                time_add_parent: 3.7924e-05
                num_neighbors: 4604
                time_add_neighbors_to_o: 0.002156
    num_windows_should_quit: 1
    time_should_quit: 1.956e-05
    time_remove_window: 3.84e-07
Complete!
