Total time: 4.5361
is_optimal: false
optimality_bound: 1.00251
successive_bounds: [1.00602, 1.00552, 1.00477, 1.00477, 1.00477, 1.00427, 1.00427, 1.00377, 1.00326, 1.00326, 1.00326, 1.00326, 1.00326, 1.00326, 1.00326, 1.00326, 1.00326, 1.00251, 1.00251, 1.00251, 1.00251]
successive_runtimes: [0.0285075, 0.0750543, 0.133296, 0.202581, 0.301385, 0.422562, 0.600451, 0.829506, 1.11167, 1.18299, 1.19975, 1.21581, 1.23164, 1.25028, 1.26824, 1.28676, 1.30611, 1.32444, 2.84267, 4.16307, 4.5361]
num_agents: 60
time_individual_plan: 0.00829551
time_first_plan: 0.0194714
num_max_agents_in_window_first_iteration: 3
num_recWAMPF: 21
timing_recWAMPF:
    total_RecWAMPF: 4.52705
    num_windows: 256
    num_max_agents_in_window: 5
    timing_gari:
        total_GARI: 2.87627
        time_path_btw_starts: 0.000918634
        Stage1:
            total_Stage1:1.47401
            time_add_x_to_o: 0.847468
            time_clear_x: 0.182279
            timing_AStarSearchUntil:
                total_astar_search_until:0.444241
                num_values_f_less_fmax:9036
                ASU Exp:
                    total_ASUExp:0.444233
                    time_top_o:0.00694066
                    time_check_in_c:0.00887011
                    time_add_parent:0.00942982
                    num_neighbors:736044
                    time_add_neighbors_to_o:0.40863
        Stage2:
            total_Stage2:0.0398479
            num_len_path:239
            time_expanding_s:0.000785658
            timing_AStarSearchUntil:
                total_astar_search_until:0.0389145
                num_values_f_less_fmax:632
                ASU Exp:
                    total_ASUExp:0.0389084
                    time_top_o:0.000253859
                    time_check_in_c:0.000179407
                    time_add_parent:0.000277451
                    num_neighbors:63231
                    time_add_neighbors_to_o:0.0330926
        Stage3:
            total_Stage3:1.36142
            num_until_goal_expanded:5845
            timing_S3Exp:
                total_S3Exp: 0.618402
                time_top_o: 0.00329487
                time_check_in_c: 0.00114238
                time_add_parent: 0.00280094
                num_neighbors: 667979
                time_add_neighbors_to_o: 0.412299
    timing_PIOW_overlapping:
        total_PIOW: 0.113119
        num_windows: 907
        time_check_overlap: 4.4051e-05
        num_overlapping_windows: 7
        time_merge_windows: 1.328e-05
        time_remove_window: 2.162e-06
        time_remove_window: 1.2863e-05
        timing_PlanIn:
            total_PlanIn:0.113012
            num_until_goal_expanded:1854
            timing_expansions:
                total_S3Exp: 0.112989
                time_top_o: 0.00083609
                time_check_in_c: 0.000377985
                time_add_parent: 0.00058208
                num_neighbors: 202594
                time_add_neighbors_to_o: 0.102091
    num_new_collisions: 16
    timing_PIOW_new_collisions:
        total_PIOW: 1.51471
        num_windows: 198
        time_check_overlap: 9.713e-06
        num_overlapping_windows: 4
        time_merge_windows: 0
        time_remove_window: 2.95657
        time_remove_window: 1.1615e-05
        timing_PlanIn:
            total_PlanIn:1.51466
            num_until_goal_expanded:1664
            timing_expansions:
                total_S3Exp: 1.51462
                time_top_o: 0.00128272
                time_check_in_c: 0.000452816
                time_add_parent: 0.000807402
                num_neighbors: 1857109
                time_add_neighbors_to_o: 1.45247
    num_windows_should_quit: 0
    time_should_quit: 2.5882e-05
    time_remove_window: 0
Complete!
