Total time: 234.095
is_optimal: false
optimality_bound: 1.0018
successive_bounds: [1.0175, 1.00643, 1.00643, 1.00437, 1.00386, 1.0036, 1.00309, 1.00309, 1.00283, 1.00283, 1.00283, 1.00283, 1.00283, 1.00283, 1.00206, 1.00206, 1.00206, 1.00206, 1.0018, 1.0018, 1.0018]
successive_runtimes: [0.0569711, 0.115335, 0.142881, 0.155737, 0.165406, 0.32765, 0.760951, 1.5496, 3.41659, 6.13388, 9.59939, 14.181, 22.118, 31.3284, 43.4171, 57.8742, 70.4778, 101.543, 138.208, 201.238, 234.095]
num_agents: 50
time_individual_plan: 0.0315921
time_first_plan: 0.0240357
num_max_agents_in_window_first_iteration: 2
num_recWAMPF: 21
timing_recWAMPF:
    total_RecWAMPF: 234.062
    num_windows: 358
    num_max_agents_in_window: 4
    timing_gari:
        total_GARI: 233.39
        time_path_btw_starts: 0.00167923
        Stage1:
            total_Stage1:102.435
            time_add_x_to_o: 25.1318
            time_clear_x: 11.9145
            timing_AStarSearchUntil:
                total_astar_search_until:65.3888
                num_values_f_less_fmax:299104
                ASU Exp:
                    total_ASUExp:65.3888
                    time_top_o:0.743303
                    time_check_in_c:0.211108
                    time_add_parent:0.200518
                    num_neighbors:76843553
                    time_add_neighbors_to_o:63.3039
        Stage2:
            total_Stage2:0.100741
            num_len_path:352
            time_expanding_s:0.000811893
            timing_AStarSearchUntil:
                total_astar_search_until:0.0996761
                num_values_f_less_fmax:1191
                ASU Exp:
                    total_ASUExp:0.0996648
                    time_top_o:0.000605406
                    time_check_in_c:0.000460314
                    time_add_parent:0.0009172
                    num_neighbors:121985
                    time_add_neighbors_to_o:0.0943405
        Stage3:
            total_Stage3:130.852
            num_until_goal_expanded:151683
            timing_S3Exp:
                total_S3Exp: 72.4173
                time_top_o: 0.404018
                time_check_in_c: 0.143416
                time_add_parent: 0.238853
                num_neighbors: 70075089
                time_add_neighbors_to_o: 71.0066
    timing_PIOW_overlapping:
        total_PIOW: 0.0403941
        num_windows: 1929
        time_check_overlap: 0.000111682
        num_overlapping_windows: 9
        time_merge_windows: 1.9378e-05
        time_remove_window: 2.847e-06
        time_remove_window: 1.8786e-05
        timing_PlanIn:
            total_PlanIn:0.0401783
            num_until_goal_expanded:697
            timing_expansions:
                total_S3Exp: 0.0401511
                time_top_o: 0.00023605
                time_check_in_c: 0.000237875
                time_add_parent: 0.000490087
                num_neighbors: 41942
                time_add_neighbors_to_o: 0.0355499
    num_new_collisions: 20
    timing_PIOW_new_collisions:
        total_PIOW: 0.603426
        num_windows: 315
        time_check_overlap: 1.9513e-05
        num_overlapping_windows: 5
        time_merge_windows: 0
        time_remove_window: 91.0928
        time_remove_window: 1.7925e-05
        timing_PlanIn:
            total_PlanIn:0.603309
            num_until_goal_expanded:1873
            timing_expansions:
                total_S3Exp: 0.603228
                time_top_o: 0.00128857
                time_check_in_c: 0.000822425
                time_add_parent: 0.0018107
                num_neighbors: 602251
                time_add_neighbors_to_o: 0.570136
    num_windows_should_quit: 0
    time_should_quit: 3.5779e-05
    time_remove_window: 0
Complete!
