Total time: 6.84975
is_optimal: false
optimality_bound: 1.00283
successive_bounds: [1.0175, 1.00643, 1.00643, 1.00437, 1.00386, 1.0036, 1.00309, 1.00309, 1.00283, 1.00283, 1.00283]
successive_runtimes: [0.0224419, 0.0459011, 0.0600007, 0.0668358, 0.072166, 0.160979, 0.408872, 0.932664, 2.21771, 4.22811, 6.84975]
num_agents: 50
time_individual_plan: 0.0123637
time_first_plan: 0.00955181
num_max_agents_in_window_first_iteration: 2
num_recWAMPF: 11
timing_recWAMPF:
    total_RecWAMPF: 6.83686
    num_windows: 231
    num_max_agents_in_window: 4
    timing_gari:
        total_GARI: 6.69956
        time_path_btw_starts: 0.00195458
        Stage1:
            total_Stage1:5.60731
            time_add_x_to_o: 1.06662
            time_clear_x: 0.383692
            timing_AStarSearchUntil:
                total_astar_search_until:4.15698
                num_values_f_less_fmax:26787
                ASU Exp:
                    total_ASUExp:4.15697
                    time_top_o:0.0397473
                    time_check_in_c:0.0434081
                    time_add_parent:0.0844409
                    num_neighbors:7234618
                    time_add_neighbors_to_o:3.94416
        Stage2:
            total_Stage2:0.032463
            num_len_path:255
            time_expanding_s:0.000439937
            timing_AStarSearchUntil:
                total_astar_search_until:0.031941
                num_values_f_less_fmax:647
                ASU Exp:
                    total_ASUExp:0.0319363
                    time_top_o:0.000200499
                    time_check_in_c:0.000130796
                    time_add_parent:0.000217691
                    num_neighbors:68733
                    time_add_neighbors_to_o:0.030395
        Stage3:
            total_Stage3:1.05748
            num_until_goal_expanded:2758
            timing_S3Exp:
                total_S3Exp: 0.409885
                time_top_o: 0.00330038
                time_check_in_c: 0.000756337
                time_add_parent: 0.00105807
                num_neighbors: 815322
                time_add_neighbors_to_o: 0.400239
    timing_PIOW_overlapping:
        total_PIOW: 0.02153
        num_windows: 1517
        time_check_overlap: 4.8062e-05
        num_overlapping_windows: 9
        time_merge_windows: 9.786e-06
        time_remove_window: 1.656e-06
        time_remove_window: 9.358e-06
        timing_PlanIn:
            total_PlanIn:0.0214267
            num_until_goal_expanded:697
            timing_expansions:
                total_S3Exp: 0.021409
                time_top_o: 0.000145788
                time_check_in_c: 0.000116405
                time_add_parent: 0.000172519
                num_neighbors: 41942
                time_add_neighbors_to_o: 0.0190393
    num_new_collisions: 20
    timing_PIOW_new_collisions:
        total_PIOW: 0.103382
        num_windows: 315
        time_check_overlap: 1.0934e-05
        num_overlapping_windows: 4
        time_merge_windows: 0
        time_remove_window: 4.12574
        time_remove_window: 6.686e-06
        timing_PlanIn:
            total_PlanIn:0.103327
            num_until_goal_expanded:989
            timing_expansions:
                total_S3Exp: 0.10329
                time_top_o: 0.000252236
                time_check_in_c: 0.000200578
                time_add_parent: 0.000270919
                num_neighbors: 194581
                time_add_neighbors_to_o: 0.0963107
    num_windows_should_quit: 0
    time_should_quit: 1.2513e-05
    time_remove_window: 0
Complete!
