Total time: 4.23635
is_optimal: true
optimality_bound: 1
successive_bounds: [1.00256, 1.00256, 1.00256, 1.00256, 1.00256, 1.00256, 1.00256, 1.00256, 1.00256, 1.00256, 1.00256, 1.00256, 1.00256, 1.00256, 1.00256, 1.00256, 1.00256, 1.00256, 1.00256, 1.00256, 1.00256, 1.00256, 1.00256, 1.00256, 1, 1]
successive_runtimes: [0.00381473, 0.00480697, 0.0058862, 0.00738764, 0.00906691, 0.0107056, 0.0125288, 0.0144629, 0.0165474, 0.0216839, 0.0288479, 0.0361313, 0.0421622, 0.065823, 0.140027, 0.259802, 0.40825, 0.604941, 0.884483, 1.33315, 1.91757, 2.49287, 3.01699, 3.58722, 4.23635]
num_agents: 10
time_individual_plan: 0.00272525
time_first_plan: 0.000370867
num_max_agents_in_window_first_iteration: 2
num_recWAMPF: 25
timing_recWAMPF:
    total_RecWAMPF: 4.2329
    num_windows: 49
    num_max_agents_in_window: 3
    timing_gari:
        total_GARI: 4.21363
        time_path_btw_starts: 0.00108942
        Stage1:
            total_Stage1:3.28174
            time_add_x_to_o: 0.793364
            time_clear_x: 0.380526
            timing_AStarSearchUntil:
                total_astar_search_until:2.10784
                num_values_f_less_fmax:66705
                ASU Exp:
                    total_ASUExp:2.10784
                    time_top_o:0.0778118
                    time_check_in_c:0.0302617
                    time_add_parent:0.0533131
                    num_neighbors:3352142
                    time_add_neighbors_to_o:1.82163
        Stage2:
            total_Stage2:0.00440171
            num_len_path:43
            time_expanding_s:3.1819e-05
            timing_AStarSearchUntil:
                total_astar_search_until:0.00433659
                num_values_f_less_fmax:214
                ASU Exp:
                    total_ASUExp:0.00433522
                    time_top_o:7.5764e-05
                    time_check_in_c:4.9073e-05
                    time_add_parent:0.000198789
                    num_neighbors:7305
                    time_add_neighbors_to_o:0.00374773
        Stage3:
            total_Stage3:0.926384
            num_until_goal_expanded:10927
            timing_S3Exp:
                total_S3Exp: 0.201792
                time_top_o: 0.00727849
                time_check_in_c: 0.00331735
                time_add_parent: 0.00675075
                num_neighbors: 266138
                time_add_neighbors_to_o: 0.147692
    timing_PIOW_overlapping:
        total_PIOW: 2.33e-06
        num_windows: 24
        time_check_overlap: 0
        num_overlapping_windows: 0
        time_merge_windows: 0
        time_remove_window: 0
        time_remove_window: 0
        timing_PlanIn:
            total_PlanIn:0
            num_until_goal_expanded:0
            timing_expansions:
                total_S3Exp: 0
                time_top_o: 0
                time_check_in_c: 0
                time_add_parent: 0
                num_neighbors: 0
                time_add_neighbors_to_o: 0
    num_new_collisions: 2
    timing_PIOW_new_collisions:
        total_PIOW: 0.0186665
        num_windows: 1
        time_check_overlap: 7.7e-08
        num_overlapping_windows: 1
        time_merge_windows: 0
        time_remove_window: 0.0482116
        time_remove_window: 6.23e-07
        timing_PlanIn:
            total_PlanIn:0.0186611
            num_until_goal_expanded:366
            timing_expansions:
                total_S3Exp: 0.0186556
                time_top_o: 9.9068e-05
                time_check_in_c: 7.5571e-05
                time_add_parent: 0.000113117
                num_neighbors: 33388
                time_add_neighbors_to_o: 0.0167321
    num_windows_should_quit: 0
    time_should_quit: 2.567e-06
    time_remove_window: 0
Complete!
