Total time: 2.40574
is_optimal: false
optimality_bound: 1.0027
successive_bounds: [1.0036, 1.0036, 1.0036, 1.0036, 1.0036, 1.0027, 1.0027, 1.0027, 1.0027, 1.0027, 1.0027, 1.0027, 1.0027, 1.0027, 1.0027, 1.0027, 1.0027, 1.0027, 1.0027, 1.0027]
successive_runtimes: [0.00320237, 0.00360158, 0.00414409, 0.00458212, 0.00502747, 0.107324, 0.189607, 0.275186, 0.361118, 0.468464, 0.590968, 0.736315, 0.892104, 1.07365, 1.25827, 1.45698, 1.66604, 1.88887, 2.16634, 2.40574]
num_agents: 20
time_individual_plan: 0.00210248
time_first_plan: 0.00047104
num_max_agents_in_window_first_iteration: 2
num_recWAMPF: 20
timing_recWAMPF:
    total_RecWAMPF: 2.403
    num_windows: 88
    num_max_agents_in_window: 3
    timing_gari:
        total_GARI: 2.28934
        time_path_btw_starts: 0.00296252
        Stage1:
            total_Stage1:1.06213
            time_add_x_to_o: 0.402493
            time_clear_x: 0.141204
            timing_AStarSearchUntil:
                total_astar_search_until:0.51842
                num_values_f_less_fmax:14525
                ASU Exp:
                    total_ASUExp:0.518415
                    time_top_o:0.0155072
                    time_check_in_c:0.00543006
                    time_add_parent:0.015398
                    num_neighbors:769892
                    time_add_neighbors_to_o:0.454663
        Stage2:
            total_Stage2:0.0273981
            num_len_path:78
            time_expanding_s:6.141e-05
            timing_AStarSearchUntil:
                total_astar_search_until:0.0272708
                num_values_f_less_fmax:325
                ASU Exp:
                    total_ASUExp:0.0272684
                    time_top_o:0.00017574
                    time_check_in_c:0.00273107
                    time_add_parent:0.000458876
                    num_neighbors:41340
                    time_add_neighbors_to_o:0.0233598
        Stage3:
            total_Stage3:1.19682
            num_until_goal_expanded:4031
            timing_S3Exp:
                total_S3Exp: 0.299129
                time_top_o: 0.00459272
                time_check_in_c: 0.00120803
                time_add_parent: 0.00238733
                num_neighbors: 442033
                time_add_neighbors_to_o: 0.283348
    timing_PIOW_overlapping:
        total_PIOW: 0.101855
        num_windows: 103
        time_check_overlap: 6.051e-06
        num_overlapping_windows: 1
        time_merge_windows: 1.186e-06
        time_remove_window: 3.22e-07
        time_remove_window: 1.127e-06
        timing_PlanIn:
            total_PlanIn:0.101838
            num_until_goal_expanded:1220
            timing_expansions:
                total_S3Exp: 0.101836
                time_top_o: 0.000861257
                time_check_in_c: 0.000265935
                time_add_parent: 0.000494253
                num_neighbors: 160521
                time_add_neighbors_to_o: 0.0931391
    num_new_collisions: 4
    timing_PIOW_new_collisions:
        total_PIOW: 0.0103752
        num_windows: 9
        time_check_overlap: 7.97e-07
        num_overlapping_windows: 1
        time_merge_windows: 0
        time_remove_window: 0.179839
        time_remove_window: 1.312e-06
        timing_PlanIn:
            total_PlanIn:0.0103643
            num_until_goal_expanded:134
            timing_expansions:
                total_S3Exp: 0.010353
                time_top_o: 4.4813e-05
                time_check_in_c: 3.0568e-05
                time_add_parent: 5.5373e-05
                num_neighbors: 15505
                time_add_neighbors_to_o: 0.00950825
    num_windows_should_quit: 0
    time_should_quit: 6.3e-06
    time_remove_window: 0
Complete!
