Total time: 59.3822
is_optimal: false
optimality_bound: 1.00138
successive_bounds: [1.00526, 1.00526, 1.0047, 1.00415, 1.0036, 1.0036, 1.00249, 1.00249, 1.00221, 1.00194, 1.00194, 1.00166, 1.00166, 1.00166, 1.00166, 1.00166, 1.00166, 1.00166, 1.00166, 1.00166, 1.00166, 1.00166, 1.00166, 1.00166, 1.00166, 1.00138]
successive_runtimes: [0.0116285, 0.014596, 0.0177269, 0.023202, 0.0282944, 0.03335, 0.0465821, 0.0520182, 0.056948, 0.0595546, 0.0617511, 0.0669951, 0.0724247, 0.0767431, 0.0807586, 0.0846699, 0.0887293, 0.0923469, 0.0960217, 0.0997329, 0.103567, 0.107288, 0.11104, 0.115688, 0.120627, 59.3822]
num_agents: 50
time_individual_plan: 0.00702531
time_first_plan: 0.00394423
num_max_agents_in_window_first_iteration: 2
num_recWAMPF: 26
timing_recWAMPF:
    total_RecWAMPF: 59.3745
    num_windows: 405
    num_max_agents_in_window: 5
    timing_gari:
        total_GARI: 0.0852599
        time_path_btw_starts: 0.00123536
        Stage1:
            total_Stage1:0.0204256
            time_add_x_to_o: 0.0148482
            time_clear_x: 0.00193012
            timing_AStarSearchUntil:
                total_astar_search_until:0.00362157
                num_values_f_less_fmax:1732
                ASU Exp:
                    total_ASUExp:0.00361044
                    time_top_o:0.000473555
                    time_check_in_c:0.00025493
                    time_add_parent:0.0002147
                    num_neighbors:5050
                    time_add_neighbors_to_o:0.00211909
        Stage2:
            total_Stage2:0.0162837
            num_len_path:372
            time_expanding_s:0.000408669
            timing_AStarSearchUntil:
                total_astar_search_until:0.0157206
                num_values_f_less_fmax:779
                ASU Exp:
                    total_ASUExp:0.0157111
                    time_top_o:0.000268068
                    time_check_in_c:0.000465822
                    time_add_parent:0.000314086
                    num_neighbors:28731
                    time_add_neighbors_to_o:0.0135842
        Stage3:
            total_Stage3:0.0468508
            num_until_goal_expanded:2011
            timing_S3Exp:
                total_S3Exp: 0.0181568
                time_top_o: 0.000533847
                time_check_in_c: 0.000304502
                time_add_parent: 0.000574615
                num_neighbors: 23870
                time_add_neighbors_to_o: 0.0131759
    timing_PIOW_overlapping:
        total_PIOW: 0.014719
        num_windows: 1695
        time_check_overlap: 7.6227e-05
        num_overlapping_windows: 5
        time_merge_windows: 6.658e-06
        time_remove_window: 1.171e-06
        time_remove_window: 6.349e-06
        timing_PlanIn:
            total_PlanIn:0.0145742
            num_until_goal_expanded:324
            timing_expansions:
                total_S3Exp: 0.0145618
                time_top_o: 7.9045e-05
                time_check_in_c: 6.4302e-05
                time_add_parent: 9.9409e-05
                num_neighbors: 22370
                time_add_neighbors_to_o: 0.0130925
    num_new_collisions: 13
    timing_PIOW_new_collisions:
        total_PIOW: 59.2589
        num_windows: 140
        time_check_overlap: 6.354e-06
        num_overlapping_windows: 2
        time_merge_windows: 0
        time_remove_window: 0.253323
        time_remove_window: 7.356e-06
        timing_PlanIn:
            total_PlanIn:59.2589
            num_until_goal_expanded:19875
            timing_expansions:
                total_S3Exp: 59.2589
                time_top_o: 0.0369641
                time_check_in_c: 0.00919755
                time_add_parent: 0.013293
                num_neighbors: 69546660
                time_add_neighbors_to_o: 57.0582
    num_windows_should_quit: 0
    time_should_quit: 3.6069e-05
    time_remove_window: 0
Complete!
