Total time: 7.314
is_optimal: false
optimality_bound: 1.00071
successive_bounds: [1.00566, 1.00496, 1.00283, 1.00283, 1.00212, 1.00071, 1.00071, 1.00071, 1.00071, 1.00071, 1.00071, 1.00071, 1.00071]
successive_runtimes: [0.0148907, 0.829031, 1.4294, 1.66824, 1.95905, 2.17063, 2.74165, 3.1981, 3.56301, 4.34905, 5.10841, 6.06733, 7.314]
num_agents: 40
time_individual_plan: 0.0101228
time_first_plan: 0.00408821
num_max_agents_in_window_first_iteration: 3
num_recWAMPF: 13
timing_recWAMPF:
    total_RecWAMPF: 7.30319
    num_windows: 134
    num_max_agents_in_window: 4
    timing_gari:
        total_GARI: 6.4676
        time_path_btw_starts: 0.00762215
        Stage1:
            total_Stage1:2.91892
            time_add_x_to_o: 0.36253
            time_clear_x: 0.0882054
            timing_AStarSearchUntil:
                total_astar_search_until:2.46817
                num_values_f_less_fmax:42415
                ASU Exp:
                    total_ASUExp:2.46816
                    time_top_o:0.0581624
                    time_check_in_c:0.0218654
                    time_add_parent:0.0278811
                    num_neighbors:3412896
                    time_add_neighbors_to_o:2.28474
        Stage2:
            total_Stage2:1.15121
            num_len_path:146
            time_expanding_s:0.00107357
            timing_AStarSearchUntil:
                total_astar_search_until:1.15003
                num_values_f_less_fmax:17353
                ASU Exp:
                    total_ASUExp:1.15003
                    time_top_o:0.0220808
                    time_check_in_c:0.00403587
                    time_add_parent:0.00956404
                    num_neighbors:1737895
                    time_add_neighbors_to_o:1.08349
        Stage3:
            total_Stage3:2.38979
            num_until_goal_expanded:4378
            timing_S3Exp:
                total_S3Exp: 0.204285
                time_top_o: 0.0043012
                time_check_in_c: 0.000963229
                time_add_parent: 0.0021929
                num_neighbors: 307671
                time_add_neighbors_to_o: 0.188898
    timing_PIOW_overlapping:
        total_PIOW: 0.0272106
        num_windows: 350
        time_check_overlap: 2.8771e-05
        num_overlapping_windows: 1
        time_merge_windows: 2.278e-06
        time_remove_window: 5.39e-07
        time_remove_window: 2.17e-06
        timing_PlanIn:
            total_PlanIn:0.0271593
            num_until_goal_expanded:138
            timing_expansions:
                total_S3Exp: 0.0271551
                time_top_o: 5.7789e-05
                time_check_in_c: 4.0435e-05
                time_add_parent: 5.7369e-05
                num_neighbors: 38559
                time_add_neighbors_to_o: 0.0253908
    num_new_collisions: 8
    timing_PIOW_new_collisions:
        total_PIOW: 0.80261
        num_windows: 51
        time_check_overlap: 3.114e-06
        num_overlapping_windows: 2
        time_merge_windows: 0
        time_remove_window: 0.0409856
        time_remove_window: 3.457e-06
        timing_PlanIn:
            total_PlanIn:0.802588
            num_until_goal_expanded:14167
            timing_expansions:
                total_S3Exp: 0.802566
                time_top_o: 0.0179527
                time_check_in_c: 0.00498186
                time_add_parent: 0.00840737
                num_neighbors: 1287732
                time_add_neighbors_to_o: 0.707143
    num_windows_should_quit: 0
    time_should_quit: 1.1813e-05
    time_remove_window: 0
Complete!
