Total time: 1.00592
is_optimal: true
optimality_bound: 1
successive_bounds: [1.00296, 1.00296, 1.00296, 1.00296, 1.00296, 1.00296, 1.00296, 1.00296, 1.00296, 1.00296, 1.00197, 1.00197, 1.00197, 1.00197, 1.00197, 1.00099, 1.00099, 1, 1]
successive_runtimes: [0.0068549, 0.0079013, 0.0088623, 0.00997207, 0.0111154, 0.0122716, 0.0139527, 0.0151884, 0.0164198, 0.0176029, 0.0207267, 0.0218939, 0.023089, 0.0249059, 0.026416, 0.028957, 0.0307654, 1.00592]
num_agents: 30
time_individual_plan: 0.00491444
time_first_plan: 0.00130663
num_max_agents_in_window_first_iteration: 2
num_recWAMPF: 18
timing_recWAMPF:
    total_RecWAMPF: 1.00037
    num_windows: 138
    num_max_agents_in_window: 3
    timing_gari:
        total_GARI: 0.0218576
        time_path_btw_starts: 0.000372452
        Stage1:
            total_Stage1:0.00431871
            time_add_x_to_o: 0.00325657
            time_clear_x: 0.000610685
            timing_AStarSearchUntil:
                total_astar_search_until:0.000442781
                num_values_f_less_fmax:219
                ASU Exp:
                    total_ASUExp:0.000438971
                    time_top_o:5.9349e-05
                    time_check_in_c:3.0098e-05
                    time_add_parent:1.1181e-05
                    num_neighbors:675
                    time_add_neighbors_to_o:0.000268951
        Stage2:
            total_Stage2:0.0044358
            num_len_path:126
            time_expanding_s:0.000125757
            timing_AStarSearchUntil:
                total_astar_search_until:0.00425699
                num_values_f_less_fmax:315
                ASU Exp:
                    total_ASUExp:0.00425376
                    time_top_o:9.3593e-05
                    time_check_in_c:0.000108597
                    time_add_parent:0.000102626
                    num_neighbors:7917
                    time_add_neighbors_to_o:0.00354103
        Stage3:
            total_Stage3:0.0114021
            num_until_goal_expanded:2174
            timing_S3Exp:
                total_S3Exp: 0.00798346
                time_top_o: 0.000549896
                time_check_in_c: 0.000278686
                time_add_parent: 0.000454862
                num_neighbors: 11669
                time_add_neighbors_to_o: 0.00480779
    timing_PIOW_overlapping:
        total_PIOW: 0.973781
        num_windows: 277
        time_check_overlap: 1.1071e-05
        num_overlapping_windows: 2
        time_merge_windows: 2.615e-06
        time_remove_window: 6.36e-07
        time_remove_window: 2.5e-06
        timing_PlanIn:
            total_PlanIn:0.973751
            num_until_goal_expanded:3623
            timing_expansions:
                total_S3Exp: 0.973746
                time_top_o: 0.00254058
                time_check_in_c: 0.000939132
                time_add_parent: 0.00177964
                num_neighbors: 1080131
                time_add_neighbors_to_o: 0.928535
    num_new_collisions: 4
    timing_PIOW_new_collisions:
        total_PIOW: 0.000782473
        num_windows: 12
        time_check_overlap: 5.81e-07
        num_overlapping_windows: 0
        time_merge_windows: 0
        time_remove_window: 0
        time_remove_window: 1.31e-06
        timing_PlanIn:
            total_PlanIn:0.000765813
            num_until_goal_expanded:107
            timing_expansions:
                total_S3Exp: 0.000757043
                time_top_o: 1.5647e-05
                time_check_in_c: 2.1006e-05
                time_add_parent: 3.0853e-05
                num_neighbors: 970
                time_add_neighbors_to_o: 0.000510535
    num_windows_should_quit: 0
    time_should_quit: 5.175e-06
    time_remove_window: 0
Complete!
