Total time: 1134.11
is_optimal: false
optimality_bound: 1.00032
successive_bounds: [1.00537, 1.00537, 1.00537, 1.00537, 1.00474, 1.00411, 1.00348, 1.00348, 1.00284, 1.00284, 1.00221, 1.00221, 1.00221, 1.00158, 1.00095, 1.00095, 1.00095, 1.00095, 1.00095, 1.00095, 1.00032, 1.00032, 1.00032, 1.00032, 1.00032, 1.00032, 1.00032, 1.00032, 1.00032]
successive_runtimes: [1.318, 1.33076, 2.49926, 4.88841, 8.60661, 12.4601, 15.9158, 17.6875, 18.8208, 20.0602, 21.4068, 22.8462, 24.3537, 26.1826, 30.1404, 39.4904, 49.5129, 59.5317, 69.8338, 80.1925, 90.8716, 102.328, 114.522, 127.979, 141.23, 166.646, 181.774, 519.112, 1134.11]
num_agents: 50
time_individual_plan: 0.0223034
time_first_plan: 1.29406
num_max_agents_in_window_first_iteration: 3
num_recWAMPF: 29
timing_recWAMPF:
    total_RecWAMPF: 1134.09
    num_windows: 568
    num_max_agents_in_window: 5
    timing_gari:
        total_GARI: 808.714
        time_path_btw_starts: 0.0126196
        Stage1:
            total_Stage1:473
            time_add_x_to_o: 42.4425
            time_clear_x: 11.8191
            timing_AStarSearchUntil:
                total_astar_search_until:418.738
                num_values_f_less_fmax:581870
                ASU Exp:
                    total_ASUExp:418.738
                    time_top_o:1.65688
                    time_check_in_c:0.888288
                    time_add_parent:0.713124
                    num_neighbors:426538676
                    time_add_neighbors_to_o:411.61
        Stage2:
            total_Stage2:0.739644
            num_len_path:465
            time_expanding_s:0.000754996
            timing_AStarSearchUntil:
                total_astar_search_until:0.738388
                num_values_f_less_fmax:2629
                ASU Exp:
                    total_ASUExp:0.738372
                    time_top_o:0.00241008
                    time_check_in_c:0.001011
                    time_add_parent:0.00221422
                    num_neighbors:850633
                    time_add_neighbors_to_o:0.723192
        Stage3:
            total_Stage3:334.961
            num_until_goal_expanded:778484
            timing_S3Exp:
                total_S3Exp: 251.519
                time_top_o: 1.50209
                time_check_in_c: 0.303066
                time_add_parent: 0.884174
                num_neighbors: 292795207
                time_add_neighbors_to_o: 244.838
    timing_PIOW_overlapping:
        total_PIOW: 3.79315
        num_windows: 2852
        time_check_overlap: 0.000217139
        num_overlapping_windows: 4
        time_merge_windows: 1.2154e-05
        time_remove_window: 2.486e-06
        time_remove_window: 1.185e-05
        timing_PlanIn:
            total_PlanIn:3.79281
            num_until_goal_expanded:16952
            timing_expansions:
                total_S3Exp: 3.7928
                time_top_o: 0.0247158
                time_check_in_c: 0.00742759
                time_add_parent: 0.0160135
                num_neighbors: 4501809
                time_add_neighbors_to_o: 3.51965
    num_new_collisions: 16
    timing_PIOW_new_collisions:
        total_PIOW: 321.553
        num_windows: 218
        time_check_overlap: 1.4292e-05
        num_overlapping_windows: 3
        time_merge_windows: 3.717e-06
        time_remove_window: 197.563
        time_remove_window: 1.7575e-05
        timing_PlanIn:
            total_PlanIn:321.553
            num_until_goal_expanded:461864
            timing_expansions:
                total_S3Exp: 320.696
                time_top_o: 1.40625
                time_check_in_c: 0.268295
                time_add_parent: 0.59843
                num_neighbors: 318768786
                time_add_neighbors_to_o: 305.242
    num_windows_should_quit: 1
    time_should_quit: 5.93e-05
    time_remove_window: 5.43e-07
Complete!
