Total time: 0.243499
is_optimal: true
optimality_bound: 1
successive_bounds: [1.02798, 1.00271, 1.00181, 1.00181, 1.00181, 1.00181, 1.00181, 1.00181, 1.00181, 1.00181, 1.00181, 1.00181, 1.00181, 1.00181, 1.00181, 1.00181, 1.00181, 1.00181, 1.00181, 1.00181, 1.00181, 1.00181, 1]
successive_runtimes: [0.112037, 0.21677, 0.226095, 0.23071, 0.231559, 0.232413, 0.233258, 0.234031, 0.2349, 0.235743, 0.236406, 0.237058, 0.237699, 0.238342, 0.238979, 0.239618, 0.240257, 0.240898, 0.241536, 0.242211, 0.242848, 0.243499]
num_agents: 20
time_individual_plan: 0.00242842
time_first_plan: 0.109091
num_max_agents_in_window_first_iteration: 2
num_recWAMPF: 22
timing_recWAMPF:
    total_RecWAMPF: 0.24055
    num_windows: 46
    num_max_agents_in_window: 3
    timing_gari:
        total_GARI: 0.0651172
        time_path_btw_starts: 6.6457e-05
        Stage1:
            total_Stage1:0.0532427
            time_add_x_to_o: 0.016338
            time_clear_x: 0.00277832
            timing_AStarSearchUntil:
                total_astar_search_until:0.00652747
                num_values_f_less_fmax:5241
                ASU Exp:
                    total_ASUExp:0.00652636
                    time_top_o:0.00213662
                    time_check_in_c:0.00105703
                    time_add_parent:0.000704009
                    num_neighbors:66863
                    time_add_neighbors_to_o:0.0251387
        Stage2:
            total_Stage2:0.00137088
            num_len_path:22
            time_expanding_s:1.2064e-05
            timing_AStarSearchUntil:
                total_astar_search_until:0.00134539
                num_values_f_less_fmax:22
                ASU Exp:
                    total_ASUExp:0.0013445
                    time_top_o:8.746e-06
                    time_check_in_c:5.957e-06
                    time_add_parent:1.116e-05
                    num_neighbors:3325
                    time_add_neighbors_to_o:0.00119303
        Stage3:
            total_Stage3:0.0104292
            num_until_goal_expanded:154
            timing_S3Exp:
                total_S3Exp: 0.000663466
                time_top_o: 4.3448e-05
                time_check_in_c: 1.8555e-05
                time_add_parent: 4.1093e-05
                num_neighbors: 679
                time_add_neighbors_to_o: 0.000239197
    timing_PIOW_overlapping:
        total_PIOW: 0.0072348
        num_windows: 29
        time_check_overlap: 4.54e-07
        num_overlapping_windows: 2
        time_merge_windows: 3.815e-06
        time_remove_window: 4.47e-07
        time_remove_window: 3.729e-06
        timing_PlanIn:
            total_PlanIn:0.00722689
            num_until_goal_expanded:212
            timing_expansions:
                total_S3Exp: 0.00722075
                time_top_o: 4.7339e-05
                time_check_in_c: 8.1391e-05
                time_add_parent: 6.7793e-05
                num_neighbors: 13746
                time_add_neighbors_to_o: 0.00617869
    num_new_collisions: 3
    timing_PIOW_new_collisions:
        total_PIOW: 0.108865
        num_windows: 6
        time_check_overlap: 3.04e-07
        num_overlapping_windows: 0
        time_merge_windows: 0
        time_remove_window: 0
        time_remove_window: 2.267e-06
        timing_PlanIn:
            total_PlanIn:0.108858
            num_until_goal_expanded:8842
            timing_expansions:
                total_S3Exp: 0.10612
                time_top_o: 0.00193485
                time_check_in_c: 0.00145859
                time_add_parent: 0.00195468
                num_neighbors: 222783
                time_add_neighbors_to_o: 0.0875127
    num_windows_should_quit: 1
    time_should_quit: 1.396e-06
    time_remove_window: 2.99e-07
Complete!
