Total time: 1.02942
is_optimal: true
optimality_bound: 1
successive_bounds: [1.00283, 1.00283, 1.00283, 1.00283, 1.00189, 1.00189, 1.00189, 1.00189, 1.00189, 1.00189, 1.00094, 1.00094, 1.00094, 1.00094, 1.00094, 1.00094, 1.00094, 1.00094, 1.00094, 1.00094, 1.00094, 1.00094, 1.00094, 1.00094, 1.00094, 1.00094, 1.00094, 1.00094, 1.00094, 1.00094, 1.00094, 1.00094, 1.00094, 1, 1]
successive_runtimes: [0.00546186, 0.00654455, 0.00756379, 0.00863278, 0.00966428, 0.0103975, 0.0110937, 0.0118505, 0.0125718, 0.0135078, 0.0145374, 0.0152929, 0.0160654, 0.0169557, 0.0177957, 0.0186874, 0.0196421, 0.0206975, 0.425271, 0.491367, 0.558868, 0.626617, 0.693074, 0.759209, 0.825284, 0.891141, 0.957735, 1.02376, 1.02438, 1.025, 1.02562, 1.02624, 1.02686, 1.02942]
num_agents: 30
time_individual_plan: 0.00389456
time_first_plan: 0.00103548
num_max_agents_in_window_first_iteration: 2
num_recWAMPF: 34
timing_recWAMPF:
    total_RecWAMPF: 1.02498
    num_windows: 224
    num_max_agents_in_window: 3
    timing_gari:
        total_GARI: 0.612571
        time_path_btw_starts: 0.00045927
        Stage1:
            total_Stage1:0.00451358
            time_add_x_to_o: 0.00241851
            time_clear_x: 0.000301293
            timing_AStarSearchUntil:
                total_astar_search_until:0.00178059
                num_values_f_less_fmax:470
                ASU Exp:
                    total_ASUExp:0.00177519
                    time_top_o:0.000104048
                    time_check_in_c:0.000104987
                    time_add_parent:6.8577e-05
                    num_neighbors:3248
                    time_add_neighbors_to_o:0.00125572
        Stage2:
            total_Stage2:0.00497792
            num_len_path:179
            time_expanding_s:8.7388e-05
            timing_AStarSearchUntil:
                total_astar_search_until:0.00481817
                num_values_f_less_fmax:337
                ASU Exp:
                    total_ASUExp:0.00481347
                    time_top_o:9.5413e-05
                    time_check_in_c:8.2127e-05
                    time_add_parent:0.000108255
                    num_neighbors:9513
                    time_add_neighbors_to_o:0.00410784
        Stage3:
            total_Stage3:0.60258
            num_until_goal_expanded:774
            timing_S3Exp:
                total_S3Exp: 0.00763917
                time_top_o: 0.000179289
                time_check_in_c: 0.00012445
                time_add_parent: 0.000233005
                num_neighbors: 10463
                time_add_neighbors_to_o: 0.00532507
    timing_PIOW_overlapping:
        total_PIOW: 0.403557
        num_windows: 390
        time_check_overlap: 1.6236e-05
        num_overlapping_windows: 1
        time_merge_windows: 1.241e-06
        time_remove_window: 3.97e-07
        time_remove_window: 1.189e-06
        timing_PlanIn:
            total_PlanIn:0.403525
            num_until_goal_expanded:5300
            timing_expansions:
                total_S3Exp: 0.403523
                time_top_o: 0.00252645
                time_check_in_c: 0.000945632
                time_add_parent: 0.0022604
                num_neighbors: 600904
                time_add_neighbors_to_o: 0.375044
    num_new_collisions: 4
    timing_PIOW_new_collisions:
        total_PIOW: 0.000572057
        num_windows: 12
        time_check_overlap: 3.65e-07
        num_overlapping_windows: 0
        time_merge_windows: 0
        time_remove_window: 0
        time_remove_window: 1.089e-06
        timing_PlanIn:
            total_PlanIn:0.000566267
            num_until_goal_expanded:57
            timing_expansions:
                total_S3Exp: 0.00055801
                time_top_o: 8.006e-06
                time_check_in_c: 1.0072e-05
                time_add_parent: 1.5358e-05
                num_neighbors: 743
                time_add_neighbors_to_o: 0.000421751
    num_windows_should_quit: 2
    time_should_quit: 7.458e-06
    time_remove_window: 5.11e-07
Complete!
