Total time: 0.0331024
is_optimal: true
optimality_bound: 1
successive_bounds: [1.00155, 1.00155, 1.00155, 1.00155, 1.00155, 1.00155, 1.00155, 1.00155, 1.00155, 1.00155, 1.00155, 1.00155, 1.00155, 1.00155, 1.00155, 1.00155, 1.00155, 1.00155, 1.00155, 1, 1]
successive_runtimes: [0.00451776, 0.00473613, 0.00496265, 0.00523474, 0.00546865, 0.00569364, 0.00593448, 0.00653207, 0.00684633, 0.0085905, 0.00927259, 0.00989555, 0.0104924, 0.0112494, 0.0121016, 0.0131648, 0.0141266, 0.0151333, 0.0312204, 0.0331024]
num_agents: 20
time_individual_plan: 0.00373671
time_first_plan: 0.000254026
num_max_agents_in_window_first_iteration: 2
num_recWAMPF: 20
timing_recWAMPF:
    total_RecWAMPF: 0.0288358
    num_windows: 39
    num_max_agents_in_window: 2
    timing_gari:
        total_GARI: 0.0268829
        time_path_btw_starts: 8.474e-05
        Stage1:
            total_Stage1:0.00499018
            time_add_x_to_o: 0.00157316
            time_clear_x: 0.000166538
            timing_AStarSearchUntil:
                total_astar_search_until:0.003248
                num_values_f_less_fmax:474
                ASU Exp:
                    total_ASUExp:0.003247
                    time_top_o:0.000128921
                    time_check_in_c:7.9732e-05
                    time_add_parent:0.000103586
                    num_neighbors:7246
                    time_add_neighbors_to_o:0.00255687
        Stage2:
            total_Stage2:0.00157616
            num_len_path:40
            time_expanding_s:1.3885e-05
            timing_AStarSearchUntil:
                total_astar_search_until:0.00155188
                num_values_f_less_fmax:139
                ASU Exp:
                    total_ASUExp:0.00155103
                    time_top_o:3.2775e-05
                    time_check_in_c:2.3994e-05
                    time_add_parent:3.5675e-05
                    num_neighbors:3343
                    time_add_neighbors_to_o:0.0013219
        Stage3:
            total_Stage3:0.0202257
            num_until_goal_expanded:1743
            timing_S3Exp:
                total_S3Exp: 0.0175252
                time_top_o: 0.000535354
                time_check_in_c: 0.000327295
                time_add_parent: 0.000441566
                num_neighbors: 35630
                time_add_neighbors_to_o: 0.0144796
    timing_PIOW_overlapping:
        total_PIOW: 4.65e-07
        num_windows: 19
        time_check_overlap: 0
        num_overlapping_windows: 0
        time_merge_windows: 0
        time_remove_window: 0
        time_remove_window: 0
        timing_PlanIn:
            total_PlanIn:0
            num_until_goal_expanded:0
            timing_expansions:
                total_S3Exp: 0
                time_top_o: 0
                time_check_in_c: 0
                time_add_parent: 0
                num_neighbors: 0
                time_add_neighbors_to_o: 0
    num_new_collisions: 1
    timing_PIOW_new_collisions:
        total_PIOW: 0.000144548
        num_windows: 0
        time_check_overlap: 0
        num_overlapping_windows: 0
        time_merge_windows: 0
        time_remove_window: 0
        time_remove_window: 3.49e-07
        timing_PlanIn:
            total_PlanIn:0.000142843
            num_until_goal_expanded:12
            timing_expansions:
                total_S3Exp: 0.000139623
                time_top_o: 2.133e-06
                time_check_in_c: 2.579e-06
                time_add_parent: 3.767e-06
                num_neighbors: 217
                time_add_neighbors_to_o: 0.000109724
    num_windows_should_quit: 0
    time_should_quit: 8.97e-07
    time_remove_window: 0
Complete!
