Total time: 8.63487
is_optimal: false
optimality_bound: 1.00403
successive_bounds: [1.00604, 1.00604, 1.00604, 1.00604, 1.00504, 1.00453, 1.00403, 1.00403, 1.00403, 1.00403, 1.00403, 1.00403, 1.00403, 1.00403]
successive_runtimes: [0.0060766, 0.00802048, 0.0101037, 0.0125035, 0.327102, 1.16656, 2.72833, 3.80447, 4.79277, 5.68838, 6.52016, 7.29621, 8.05582, 8.63487]
num_agents: 30
time_individual_plan: 0.00385672
time_first_plan: 0.00158325
num_max_agents_in_window_first_iteration: 2
num_recWAMPF: 14
timing_recWAMPF:
    total_RecWAMPF: 8.63037
    num_windows: 112
    num_max_agents_in_window: 4
    timing_gari:
        total_GARI: 8.30877
        time_path_btw_starts: 0.0189388
        Stage1:
            total_Stage1:4.48935
            time_add_x_to_o: 1.51891
            time_clear_x: 0.615247
            timing_AStarSearchUntil:
                total_astar_search_until:2.35518
                num_values_f_less_fmax:14434
                ASU Exp:
                    total_ASUExp:2.35518
                    time_top_o:0.0231716
                    time_check_in_c:0.0358628
                    time_add_parent:0.0272242
                    num_neighbors:3489389
                    time_add_neighbors_to_o:2.24925
        Stage2:
            total_Stage2:0.0195885
            num_len_path:104
            time_expanding_s:7.8475e-05
            timing_AStarSearchUntil:
                total_astar_search_until:0.0194365
                num_values_f_less_fmax:542
                ASU Exp:
                    total_ASUExp:0.0194339
                    time_top_o:0.000232083
                    time_check_in_c:0.000161812
                    time_add_parent:0.000246877
                    num_neighbors:26640
                    time_add_neighbors_to_o:0.0180251
        Stage3:
            total_Stage3:3.77959
            num_until_goal_expanded:5243
            timing_S3Exp:
                total_S3Exp: 1.15938
                time_top_o: 0.00735885
                time_check_in_c: 0.00214409
                time_add_parent: 0.00285331
                num_neighbors: 1501251
                time_add_neighbors_to_o: 1.08543
    timing_PIOW_overlapping:
        total_PIOW: 0.317659
        num_windows: 278
        time_check_overlap: 1.4783e-05
        num_overlapping_windows: 4
        time_merge_windows: 7.589e-06
        time_remove_window: 1.748e-06
        time_remove_window: 7.33e-06
        timing_PlanIn:
            total_PlanIn:0.31761
            num_until_goal_expanded:1438
            timing_expansions:
                total_S3Exp: 0.317596
                time_top_o: 0.00106903
                time_check_in_c: 0.000408227
                time_add_parent: 0.000582561
                num_neighbors: 486645
                time_add_neighbors_to_o: 0.297261
    num_new_collisions: 7
    timing_PIOW_new_collisions:
        total_PIOW: 0.00105189
        num_windows: 42
        time_check_overlap: 1.658e-06
        num_overlapping_windows: 0
        time_merge_windows: 0
        time_remove_window: 0
        time_remove_window: 2.011e-06
        timing_PlanIn:
            total_PlanIn:0.00102724
            num_until_goal_expanded:117
            timing_expansions:
                total_S3Exp: 0.00101445
                time_top_o: 1.7952e-05
                time_check_in_c: 2.6095e-05
                time_add_parent: 3.565e-05
                num_neighbors: 1202
                time_add_neighbors_to_o: 0.000699406
    num_windows_should_quit: 0
    time_should_quit: 9.449e-06
    time_remove_window: 0
Complete!
