Total time: 0.0105509
is_optimal: true
optimality_bound: 1
successive_bounds: [1.00273, 1.00273, 1.00273, 1.00273, 1.00273, 1.00273, 1.00273, 1.00273, 1.00273, 1.00273, 1.00273, 1.00273, 1.00273, 1.00273, 1.00273, 1.00273, 1.00273, 1.00273, 1.00273, 1.00273, 1.00273, 1.00273, 1.00273, 1.00273, 1.00273, 1, 1]
successive_runtimes: [0.00235623, 0.00253574, 0.0026997, 0.00288764, 0.00307026, 0.00325884, 0.00345128, 0.00366327, 0.00386789, 0.00405706, 0.00430484, 0.00458502, 0.00492956, 0.00517399, 0.00547499, 0.00580111, 0.00610585, 0.00641071, 0.00673639, 0.0071445, 0.0075931, 0.00804784, 0.00855728, 0.00903, 0.00951772, 0.0105509]
num_agents: 10
time_individual_plan: 0.00164612
time_first_plan: 0.000183821
num_max_agents_in_window_first_iteration: 2
num_recWAMPF: 26
timing_recWAMPF:
    total_RecWAMPF: 0.00837547
    num_windows: 51
    num_max_agents_in_window: 2
    timing_gari:
        total_GARI: 0.00764322
        time_path_btw_starts: 0.000106301
        Stage1:
            total_Stage1:0.00217063
            time_add_x_to_o: 0.00101149
            time_clear_x: 0.000107132
            timing_AStarSearchUntil:
                total_astar_search_until:0.00104879
                num_values_f_less_fmax:132
                ASU Exp:
                    total_ASUExp:0.00104764
                    time_top_o:3.4717e-05
                    time_check_in_c:2.8694e-05
                    time_add_parent:3.4387e-05
                    num_neighbors:2350
                    time_add_neighbors_to_o:0.000829285
        Stage2:
            total_Stage2:0.0020217
            num_len_path:51
            time_expanding_s:1.6991e-05
            timing_AStarSearchUntil:
                total_astar_search_until:0.00199181
                num_values_f_less_fmax:184
                ASU Exp:
                    total_ASUExp:0.00199071
                    time_top_o:4.1679e-05
                    time_check_in_c:3.3823e-05
                    time_add_parent:4.6127e-05
                    num_neighbors:4541
                    time_add_neighbors_to_o:0.00168531
        Stage3:
            total_Stage3:0.00333649
            num_until_goal_expanded:121
            timing_S3Exp:
                total_S3Exp: 0.00124186
                time_top_o: 2.4344e-05
                time_check_in_c: 1.6777e-05
                time_add_parent: 3.142e-05
                num_neighbors: 1531
                time_add_neighbors_to_o: 0.000926908
    timing_PIOW_overlapping:
        total_PIOW: 6.51e-07
        num_windows: 25
        time_check_overlap: 0
        num_overlapping_windows: 0
        time_merge_windows: 0
        time_remove_window: 0
        time_remove_window: 0
        timing_PlanIn:
            total_PlanIn:0
            num_until_goal_expanded:0
            timing_expansions:
                total_S3Exp: 0
                time_top_o: 0
                time_check_in_c: 0
                time_add_parent: 0
                num_neighbors: 0
                time_add_neighbors_to_o: 0
    num_new_collisions: 1
    timing_PIOW_new_collisions:
        total_PIOW: 0.000151115
        num_windows: 0
        time_check_overlap: 0
        num_overlapping_windows: 0
        time_merge_windows: 0
        time_remove_window: 0
        time_remove_window: 3.84e-07
        timing_PlanIn:
            total_PlanIn:0.000149307
            num_until_goal_expanded:12
            timing_expansions:
                total_S3Exp: 0.000146126
                time_top_o: 2.285e-06
                time_check_in_c: 2.538e-06
                time_add_parent: 4.406e-06
                num_neighbors: 236
                time_add_neighbors_to_o: 0.000115638
    num_windows_should_quit: 0
    time_should_quit: 1.31e-06
    time_remove_window: 0
Complete!
