Total time: 336.857
is_optimal: false
optimality_bound: 1.00098
successive_bounds: [1.03096, 1.02899, 1.02801, 1.02703, 1.02506, 1.00393, 1.00295, 1.00295, 1.00295, 1.00098, 1.00098, 1.00098, 1.00098, 1.00098, 1.00098, 1.00098, 1.00098, 1.00098, 1.00098]
successive_runtimes: [0.0674081, 0.332787, 3.27208, 20.6289, 65.9764, 166.727, 166.731, 166.735, 166.738, 166.989, 167.369, 167.757, 170.438, 175.041, 185.546, 198.542, 230.735, 285.327, 336.857]
num_agents: 30
time_individual_plan: 0.0175871
time_first_plan: 0.048411
num_max_agents_in_window_first_iteration: 3
num_recWAMPF: 19
timing_recWAMPF:
    total_RecWAMPF: 336.838
    num_windows: 124
    num_max_agents_in_window: 6
    timing_gari:
        total_GARI: 334.365
        time_path_btw_starts: 0.000678107
        Stage1:
            total_Stage1:60.3469
            time_add_x_to_o: 1.64377
            time_clear_x: 1.60711
            timing_AStarSearchUntil:
                total_astar_search_until:53.2825
                num_values_f_less_fmax:114717
                ASU Exp:
                    total_ASUExp:53.2825
                    time_top_o:0.160099
                    time_check_in_c:0.0503746
                    time_add_parent:0.011812
                    num_neighbors:0
                    time_add_neighbors_to_o:3.0286e-05
        Stage2:
            total_Stage2:118.037
            num_len_path:105
            time_expanding_s:0.00862001
            timing_AStarSearchUntil:
                total_astar_search_until:114.248
                num_values_f_less_fmax:234556
                ASU Exp:
                    total_ASUExp:114.248
                    time_top_o:0.356884
                    time_check_in_c:0.113861
                    time_add_parent:0.241126
                    num_neighbors:5200653
                    time_add_neighbors_to_o:3.11058
        Stage3:
            total_Stage3:154.69
            num_until_goal_expanded:66595
            timing_S3Exp:
                total_S3Exp: 104.17
                time_top_o: 0.119453
                time_check_in_c: 1.47247
                time_add_parent: 0.748664
                num_neighbors: 103735494
                time_add_neighbors_to_o: 100.878
    timing_PIOW_overlapping:
        total_PIOW: 0.24748
        num_windows: 249
        time_check_overlap: 1.5888e-05
        num_overlapping_windows: 3
        time_merge_windows: 6.506e-06
        time_remove_window: 9.92e-07
        time_remove_window: 6.286e-06
        timing_PlanIn:
            total_PlanIn:0.242845
            num_until_goal_expanded:1752
            timing_expansions:
                total_S3Exp: 0.242835
                time_top_o: 0.000878886
                time_check_in_c: 0.000444106
                time_add_parent: 0.00131154
                num_neighbors: 313960
                time_add_neighbors_to_o: 0.223923
    num_new_collisions: 8
    timing_PIOW_new_collisions:
        total_PIOW: 2.21802
        num_windows: 25
        time_check_overlap: 3.224e-06
        num_overlapping_windows: 2
        time_merge_windows: 6.278e-06
        time_remove_window: 6.13e-07
        time_remove_window: 3.958e-06
        timing_PlanIn:
            total_PlanIn:2.1822
            num_until_goal_expanded:3856
            timing_expansions:
                total_S3Exp: 2.18215
                time_top_o: 0.003288
                time_check_in_c: 0.00149883
                time_add_parent: 0.00425186
                num_neighbors: 2423590
                time_add_neighbors_to_o: 2.06254
    num_windows_should_quit: 1
    time_should_quit: 4.13e-06
    time_remove_window: 9.4e-08
Complete!
