Total time: 4.65767
is_optimal: false
optimality_bound: 1.00214
successive_bounds: [1.00498, 1.00356, 1.00285, 1.00285, 1.00214, 1.00214, 1.00214]
successive_runtimes: [0.0301333, 0.0351065, 0.0401796, 0.0450639, 0.0506495, 2.71932, 4.65767]
num_agents: 40
time_individual_plan: 0.0254041
time_first_plan: 0.00394097
num_max_agents_in_window_first_iteration: 3
num_recWAMPF: 7
timing_recWAMPF:
    total_RecWAMPF: 4.63147
    num_windows: 100
    num_max_agents_in_window: 4
    timing_gari:
        total_GARI: 1.95858
        time_path_btw_starts: 0.00026774
        Stage1:
            total_Stage1:1.12373
            time_add_x_to_o: 0.384261
            time_clear_x: 0.0726591
            timing_AStarSearchUntil:
                total_astar_search_until:0.666806
                num_values_f_less_fmax:4560
                ASU Exp:
                    total_ASUExp:0.666803
                    time_top_o:0.00887286
                    time_check_in_c:0.00184788
                    time_add_parent:0.00108377
                    num_neighbors:932461
                    time_add_neighbors_to_o:0.650219
        Stage2:
            total_Stage2:0.00483389
            num_len_path:93
            time_expanding_s:6.0282e-05
            timing_AStarSearchUntil:
                total_astar_search_until:0.0047405
                num_values_f_less_fmax:214
                ASU Exp:
                    total_ASUExp:0.00473827
                    time_top_o:6.1364e-05
                    time_check_in_c:0.000101488
                    time_add_parent:7.4186e-05
                    num_neighbors:8757
                    time_add_neighbors_to_o:0.00421969
        Stage3:
            total_Stage3:0.829725
            num_until_goal_expanded:3496
            timing_S3Exp:
                total_S3Exp: 0.581358
                time_top_o: 0.00480399
                time_check_in_c: 0.000986568
                time_add_parent: 0.00184589
                num_neighbors: 813540
                time_add_neighbors_to_o: 0.566894
    timing_PIOW_overlapping:
        total_PIOW: 2.6668
        num_windows: 489
        time_check_overlap: 1.7978e-05
        num_overlapping_windows: 9
        time_merge_windows: 1.2889e-05
        time_remove_window: 2.505e-06
        time_remove_window: 1.2331e-05
        timing_PlanIn:
            total_PlanIn:2.66674
            num_until_goal_expanded:9590
            timing_expansions:
                total_S3Exp: 2.66671
                time_top_o: 0.0127475
                time_check_in_c: 0.00337321
                time_add_parent: 0.00531993
                num_neighbors: 4175686
                time_add_neighbors_to_o: 2.50004
    num_new_collisions: 12
    timing_PIOW_new_collisions:
        total_PIOW: 0.00219352
        num_windows: 120
        time_check_overlap: 5.111e-06
        num_overlapping_windows: 1
        time_merge_windows: 0
        time_remove_window: 0.0269449
        time_remove_window: 4.662e-06
        timing_PlanIn:
            total_PlanIn:0.00216371
            num_until_goal_expanded:157
            timing_expansions:
                total_S3Exp: 0.00213575
                time_top_o: 3.1808e-05
                time_check_in_c: 3.4982e-05
                time_add_parent: 5.9448e-05
                num_neighbors: 2704
                time_add_neighbors_to_o: 0.00162209
    num_windows_should_quit: 0
    time_should_quit: 4.339e-06
    time_remove_window: 0
Complete!
