Total time: 2.16731
is_optimal: false
optimality_bound: 1.00087
successive_bounds: [1.00611, 1.00552, 1.00262, 1.00262, 1.00233, 1.00233, 1.00204, 1.00204, 1.00204, 1.00087, 1.00087]
successive_runtimes: [0.0176256, 0.0283174, 1.53423, 1.58349, 1.65213, 1.72645, 1.81565, 1.89215, 1.97384, 2.06705, 2.16731]
num_agents: 50
time_individual_plan: 0.00780731
time_first_plan: 0.00928415
num_max_agents_in_window_first_iteration: 3
num_recWAMPF: 11
timing_recWAMPF:
    total_RecWAMPF: 2.15897
    num_windows: 204
    num_max_agents_in_window: 4
    timing_gari:
        total_GARI: 0.645477
        time_path_btw_starts: 0.00124623
        Stage1:
            total_Stage1:0.288959
            time_add_x_to_o: 0.129874
            time_clear_x: 0.0415652
            timing_AStarSearchUntil:
                total_astar_search_until:0.117504
                num_values_f_less_fmax:8384
                ASU Exp:
                    total_ASUExp:0.117498
                    time_top_o:0.00407381
                    time_check_in_c:0.00326894
                    time_add_parent:0.00530822
                    num_neighbors:217546
                    time_add_neighbors_to_o:0.0937834
        Stage2:
            total_Stage2:0.0228249
            num_len_path:209
            time_expanding_s:0.000130348
            timing_AStarSearchUntil:
                total_astar_search_until:0.0226106
                num_values_f_less_fmax:1407
                ASU Exp:
                    total_ASUExp:0.0226064
                    time_top_o:0.000422998
                    time_check_in_c:0.000272012
                    time_add_parent:0.000401336
                    num_neighbors:45666
                    time_add_neighbors_to_o:0.0200317
        Stage3:
            total_Stage3:0.329966
            num_until_goal_expanded:5900
            timing_S3Exp:
                total_S3Exp: 0.251926
                time_top_o: 0.00265699
                time_check_in_c: 0.0012003
                time_add_parent: 0.002418
                num_neighbors: 546160
                time_add_neighbors_to_o: 0.237052
    timing_PIOW_overlapping:
        total_PIOW: 0.00422639
        num_windows: 971
        time_check_overlap: 3.3159e-05
        num_overlapping_windows: 1
        time_merge_windows: 2.539e-06
        time_remove_window: 3.26e-07
        time_remove_window: 2.49e-06
        timing_PlanIn:
            total_PlanIn:0.00416674
            num_until_goal_expanded:86
            timing_expansions:
                total_S3Exp: 0.00416429
                time_top_o: 2.2286e-05
                time_check_in_c: 1.5466e-05
                time_add_parent: 2.2789e-05
                num_neighbors: 7670
                time_add_neighbors_to_o: 0.00378042
    num_new_collisions: 15
    timing_PIOW_new_collisions:
        total_PIOW: 1.49566
        num_windows: 241
        time_check_overlap: 6.59e-06
        num_overlapping_windows: 5
        time_merge_windows: 3.548e-06
        time_remove_window: 0.096163
        time_remove_window: 1.0136e-05
        timing_PlanIn:
            total_PlanIn:1.4956
            num_until_goal_expanded:99863
            timing_expansions:
                total_S3Exp: 0.0768029
                time_top_o: 0.0264851
                time_check_in_c: 0.0197744
                time_add_parent: 0.0248357
                num_neighbors: 2672270
                time_add_neighbors_to_o: 1.11085
    num_windows_should_quit: 0
    time_should_quit: 1.6084e-05
    time_remove_window: 0
Complete!
