Total time: 25.3831
is_optimal: false
optimality_bound: 1.00251
successive_bounds: [1.02232, 1.00391, 1.00335, 1.00279, 1.00251]
successive_runtimes: [0.0320372, 0.0778963, 0.108479, 0.121962, 25.3831]
num_agents: 60
time_individual_plan: 0.0164242
time_first_plan: 0.0149641
num_max_agents_in_window_first_iteration: 3
num_recWAMPF: 5
timing_recWAMPF:
    total_RecWAMPF: 25.3661
    num_windows: 106
    num_max_agents_in_window: 6
    timing_gari:
        total_GARI: 0.0957081
        time_path_btw_starts: 0.000547248
        Stage1:
            total_Stage1:0.0675808
            time_add_x_to_o: 0.0259082
            time_clear_x: 0.00378605
            timing_AStarSearchUntil:
                total_astar_search_until:0.0378788
                num_values_f_less_fmax:5254
                ASU Exp:
                    total_ASUExp:0.0378758
                    time_top_o:0.00206493
                    time_check_in_c:0.00142349
                    time_add_parent:0.000839924
                    num_neighbors:59660
                    time_add_neighbors_to_o:0.0294531
        Stage2:
            total_Stage2:0.00340077
            num_len_path:98
            time_expanding_s:9.6357e-05
            timing_AStarSearchUntil:
                total_astar_search_until:0.00326203
                num_values_f_less_fmax:213
                ASU Exp:
                    total_ASUExp:0.00325966
                    time_top_o:6.8657e-05
                    time_check_in_c:5.3622e-05
                    time_add_parent:8.9128e-05
                    num_neighbors:5600
                    time_add_neighbors_to_o:0.00273963
        Stage3:
            total_Stage3:0.0238751
            num_until_goal_expanded:1142
            timing_S3Exp:
                total_S3Exp: 0.0126973
                time_top_o: 0.000401282
                time_check_in_c: 0.000279186
                time_add_parent: 0.000511673
                num_neighbors: 12458
                time_add_neighbors_to_o: 0.0070898
    timing_PIOW_overlapping:
        total_PIOW: 0.943191
        num_windows: 587
        time_check_overlap: 2.587e-05
        num_overlapping_windows: 1
        time_merge_windows: 2.532e-06
        time_remove_window: 3.13e-07
        time_remove_window: 2.466e-06
        timing_PlanIn:
            total_PlanIn:0.943138
            num_until_goal_expanded:5656
            timing_expansions:
                total_S3Exp: 0.943135
                time_top_o: 0.00628703
                time_check_in_c: 0.00227435
                time_add_parent: 0.00322483
                num_neighbors: 1349255
                time_add_neighbors_to_o: 0.871843
    num_new_collisions: 18
    timing_PIOW_new_collisions:
        total_PIOW: 24.3197
        num_windows: 260
        time_check_overlap: 1.3787e-05
        num_overlapping_windows: 7
        time_merge_windows: 1.733e-06
        time_remove_window: 12.8858
        time_remove_window: 1.0311e-05
        timing_PlanIn:
            total_PlanIn:24.3197
            num_until_goal_expanded:18570
            timing_expansions:
                total_S3Exp: 24.3196
                time_top_o: 0.0340694
                time_check_in_c: 0.00984787
                time_add_parent: 0.0123586
                num_neighbors: 32906918
                time_add_neighbors_to_o: 23.1486
    num_windows_should_quit: 0
    time_should_quit: 1.0736e-05
    time_remove_window: 0
Complete!
