Total time: 0.334143
is_optimal: false
optimality_bound: 1.00354
successive_bounds: [1.00591, 1.00512, 1.00472, 1.00394, 1.00394, 1.00394, 1.00394, 1.00394, 1.00394, 1.00354, 1.00354, 1.00354, 1.00354, 1.00354, 1.00354, 1.00354, 1.00354, 1.00354, 1.00354, 1.00354, 1.00354, 1.00354, 1.00354, 1.00354, 1.00354, 1.00354, 1.00354, 1.00354, 1.00354, 1.00354, 1.00354, 1.00354, 1.00354]
successive_runtimes: [0.0160743, 0.0761904, 0.0794204, 0.0846487, 0.0860848, 0.0907631, 0.0965442, 0.117507, 0.135411, 0.153504, 0.165551, 0.173419, 0.180768, 0.188119, 0.199294, 0.208874, 0.216807, 0.224692, 0.231788, 0.238892, 0.246087, 0.253257, 0.260415, 0.26771, 0.274976, 0.282294, 0.289568, 0.29692, 0.30427, 0.311689, 0.319095, 0.326651, 0.334143]
num_agents: 40
time_individual_plan: 0.00448979
time_first_plan: 0.0110722
num_max_agents_in_window_first_iteration: 3
num_recWAMPF: 33
timing_recWAMPF:
    total_RecWAMPF: 0.329134
    num_windows: 273
    num_max_agents_in_window: 3
    timing_gari:
        total_GARI: 0.304662
        time_path_btw_starts: 0.000944243
        Stage1:
            total_Stage1:0.0897953
            time_add_x_to_o: 0.0268619
            time_clear_x: 0.00329472
            timing_AStarSearchUntil:
                total_astar_search_until:0.0596188
                num_values_f_less_fmax:2043
                ASU Exp:
                    total_ASUExp:0.0596119
                    time_top_o:0.000942175
                    time_check_in_c:0.00035376
                    time_add_parent:0.000582383
                    num_neighbors:143352
                    time_add_neighbors_to_o:0.0551142
        Stage2:
            total_Stage2:0.0202119
            num_len_path:235
            time_expanding_s:0.000274918
            timing_AStarSearchUntil:
                total_astar_search_until:0.0198125
                num_values_f_less_fmax:850
                ASU Exp:
                    total_ASUExp:0.0198068
                    time_top_o:0.000274807
                    time_check_in_c:0.000193099
                    time_add_parent:0.000287206
                    num_neighbors:41666
                    time_add_neighbors_to_o:0.0179364
        Stage3:
            total_Stage3:0.193652
            num_until_goal_expanded:1221
            timing_S3Exp:
                total_S3Exp: 0.0318953
                time_top_o: 0.000346478
                time_check_in_c: 0.000193513
                time_add_parent: 0.000382817
                num_neighbors: 60526
                time_add_neighbors_to_o: 0.0279803
    timing_PIOW_overlapping:
        total_PIOW: 0.00232495
        num_windows: 606
        time_check_overlap: 3.3178e-05
        num_overlapping_windows: 4
        time_merge_windows: 4.272e-06
        time_remove_window: 6.26e-07
        time_remove_window: 4.108e-06
        timing_PlanIn:
            total_PlanIn:0.00226735
            num_until_goal_expanded:104
            timing_expansions:
                total_S3Exp: 0.00226034
                time_top_o: 1.5322e-05
                time_check_in_c: 1.8606e-05
                time_add_parent: 2.7276e-05
                num_neighbors: 3739
                time_add_neighbors_to_o: 0.0019744
    num_new_collisions: 9
    timing_PIOW_new_collisions:
        total_PIOW: 0.00962996
        num_windows: 72
        time_check_overlap: 2.12e-06
        num_overlapping_windows: 1
        time_merge_windows: 0
        time_remove_window: 0.00643061
        time_remove_window: 4.695e-06
        timing_PlanIn:
            total_PlanIn:0.00961306
            num_until_goal_expanded:340
            timing_expansions:
                total_S3Exp: 0.00959508
                time_top_o: 6.5415e-05
                time_check_in_c: 6.2142e-05
                time_add_parent: 9.2347e-05
                num_neighbors: 19786
                time_add_neighbors_to_o: 0.00843985
    num_windows_should_quit: 1
    time_should_quit: 1.8866e-05
    time_remove_window: 2.38e-07
Complete!
