Total time: 0.00799943
is_optimal: true
optimality_bound: 1
successive_bounds: [1.00297, 1.00297, 1.00297, 1.00297, 1.00297, 1.00297, 1.00297, 1.00297, 1.00297, 1.00297, 1.00297, 1, 1]
successive_runtimes: [0.00262212, 0.00288536, 0.00341272, 0.00394164, 0.00446807, 0.00493316, 0.00551906, 0.00621001, 0.00705472, 0.00734775, 0.00754116, 0.00799941]
num_agents: 10
time_individual_plan: 0.00179487
time_first_plan: 0.00015313
num_max_agents_in_window_first_iteration: 2
num_recWAMPF: 12
timing_recWAMPF:
    total_RecWAMPF: 0.00552774
    num_windows: 23
    num_max_agents_in_window: 2
    timing_gari:
        total_GARI: 0.00516889
        time_path_btw_starts: 5.5901e-05
        Stage1:
            total_Stage1:0.00167703
            time_add_x_to_o: 0.000727622
            time_clear_x: 7.7244e-05
            timing_AStarSearchUntil:
                total_astar_search_until:0.000870742
                num_values_f_less_fmax:95
                ASU Exp:
                    total_ASUExp:0.000870091
                    time_top_o:2.7393e-05
                    time_check_in_c:2.6665e-05
                    time_add_parent:2.2144e-05
                    num_neighbors:1810
                    time_add_neighbors_to_o:0.000697791
        Stage2:
            total_Stage2:0.00198476
            num_len_path:21
            time_expanding_s:1.0662e-05
            timing_AStarSearchUntil:
                total_astar_search_until:0.00196667
                num_values_f_less_fmax:165
                ASU Exp:
                    total_ASUExp:0.00196608
                    time_top_o:4.35e-05
                    time_check_in_c:3.3758e-05
                    time_add_parent:5.2258e-05
                    num_neighbors:3750
                    time_add_neighbors_to_o:0.00162313
        Stage3:
            total_Stage3:0.00144669
            num_until_goal_expanded:54
            timing_S3Exp:
                total_S3Exp: 0.000596459
                time_top_o: 1.2609e-05
                time_check_in_c: 8.346e-06
                time_add_parent: 1.2992e-05
                num_neighbors: 719
                time_add_neighbors_to_o: 0.000452616
    timing_PIOW_overlapping:
        total_PIOW: 5.07e-07
        num_windows: 11
        time_check_overlap: 0
        num_overlapping_windows: 0
        time_merge_windows: 0
        time_remove_window: 0
        time_remove_window: 0
        timing_PlanIn:
            total_PlanIn:0
            num_until_goal_expanded:0
            timing_expansions:
                total_S3Exp: 0
                time_top_o: 0
                time_check_in_c: 0
                time_add_parent: 0
                num_neighbors: 0
                time_add_neighbors_to_o: 0
    num_new_collisions: 1
    timing_PIOW_new_collisions:
        total_PIOW: 0.000127382
        num_windows: 0
        time_check_overlap: 0
        num_overlapping_windows: 0
        time_merge_windows: 0
        time_remove_window: 0
        time_remove_window: 2.45e-07
        timing_PlanIn:
            total_PlanIn:0.000125164
            num_until_goal_expanded:11
            timing_expansions:
                total_S3Exp: 0.000121826
                time_top_o: 2.541e-06
                time_check_in_c: 2.513e-06
                time_add_parent: 4.767e-06
                num_neighbors: 171
                time_add_neighbors_to_o: 8.8564e-05
    num_windows_should_quit: 0
    time_should_quit: 8.62e-07
    time_remove_window: 0
Complete!
