Total time: 0.192397
is_optimal: false
optimality_bound: 1.00335
successive_bounds: [1.00484, 1.00484, 1.0041, 1.00335, 1.00335, 1.00335, 1.00335, 1.00335, 1.0041, 1.00335, 1.00335]
successive_runtimes: [0.0221431, 0.0280881, 0.0339555, 0.0413488, 0.0516154, 0.0652761, 0.0791901, 0.107932, 0.136383, 0.165801, 0.192397]
num_agents: 40
time_individual_plan: 0.0140175
time_first_plan: 0.00662546
num_max_agents_in_window_first_iteration: 3
num_recWAMPF: 11
timing_recWAMPF:
    total_RecWAMPF: 0.176875
    num_windows: 189
    num_max_agents_in_window: 3
    timing_gari:
        total_GARI: 0.15854
        time_path_btw_starts: 0.000910727
        Stage1:
            total_Stage1:0.0814994
            time_add_x_to_o: 0.0345258
            time_clear_x: 0.00553874
            timing_AStarSearchUntil:
                total_astar_search_until:0.0414213
                num_values_f_less_fmax:8624
                ASU Exp:
                    total_ASUExp:0.0414156
                    time_top_o:0.00310688
                    time_check_in_c:0.00210466
                    time_add_parent:0.00238385
                    num_neighbors:68484
                    time_add_neighbors_to_o:0.030187
        Stage2:
            total_Stage2:0.00840115
            num_len_path:176
            time_expanding_s:0.000127975
            timing_AStarSearchUntil:
                total_astar_search_until:0.00819307
                num_values_f_less_fmax:292
                ASU Exp:
                    total_ASUExp:0.00818811
                    time_top_o:0.000106269
                    time_check_in_c:9.8522e-05
                    time_add_parent:0.00011545
                    num_neighbors:15320
                    time_add_neighbors_to_o:0.00740438
        Stage3:
            total_Stage3:0.0676806
            num_until_goal_expanded:4759
            timing_S3Exp:
                total_S3Exp: 0.0518394
                time_top_o: 0.00166895
                time_check_in_c: 0.000893092
                time_add_parent: 0.00186599
                num_neighbors: 86978
                time_add_neighbors_to_o: 0.0416074
    timing_PIOW_overlapping:
        total_PIOW: 7.0792e-05
        num_windows: 810
        time_check_overlap: 4.2306e-05
        num_overlapping_windows: 0
        time_merge_windows: 0
        time_remove_window: 0
        time_remove_window: 0
        timing_PlanIn:
            total_PlanIn:0
            num_until_goal_expanded:0
            timing_expansions:
                total_S3Exp: 0
                time_top_o: 0
                time_check_in_c: 0
                time_add_parent: 0
                num_neighbors: 0
                time_add_neighbors_to_o: 0
    num_new_collisions: 12
    timing_PIOW_new_collisions:
        total_PIOW: 0.0114751
        num_windows: 142
        time_check_overlap: 9.774e-06
        num_overlapping_windows: 3
        time_merge_windows: 0
        time_remove_window: 0.28719
        time_remove_window: 8.558e-06
        timing_PlanIn:
            total_PlanIn:0.0114248
            num_until_goal_expanded:430
            timing_expansions:
                total_S3Exp: 0.011382
                time_top_o: 0.000122733
                time_check_in_c: 0.000131119
                time_add_parent: 0.000191896
                num_neighbors: 14381
                time_add_neighbors_to_o: 0.00948587
    num_windows_should_quit: 0
    time_should_quit: 1.1657e-05
    time_remove_window: 0
Complete!
