Total time: 0.0350142
is_optimal: false
optimality_bound: 1.00469
successive_bounds: [1.00469, 1.00469, 1.00469, 1.00469, 1.00625, 1.00469, 1.00469, 1.00469]
successive_runtimes: [0.00604852, 0.00833152, 0.0120542, 0.0165125, 0.0203465, 0.0246064, 0.0295514, 0.0350142]
num_agents: 20
time_individual_plan: 0.00442473
time_first_plan: 0.00107132
num_max_agents_in_window_first_iteration: 2
num_recWAMPF: 8
timing_recWAMPF:
    total_RecWAMPF: 0.0300354
    num_windows: 45
    num_max_agents_in_window: 2
    timing_gari:
        total_GARI: 0.0278435
        time_path_btw_starts: 0.000104297
        Stage1:
            total_Stage1:0.0143597
            time_add_x_to_o: 0.00545837
            time_clear_x: 0.000824437
            timing_AStarSearchUntil:
                total_astar_search_until:0.0080743
                num_values_f_less_fmax:5279
                ASU Exp:
                    total_ASUExp:0.0080605
                    time_top_o:0.00126808
                    time_check_in_c:0.000616722
                    time_add_parent:0.00044851
                    num_neighbors:12196
                    time_add_neighbors_to_o:0.0043194
        Stage2:
            total_Stage2:0.00309235
            num_len_path:46
            time_expanding_s:1.8402e-05
            timing_AStarSearchUntil:
                total_astar_search_until:0.00306178
                num_values_f_less_fmax:283
                ASU Exp:
                    total_ASUExp:0.00306083
                    time_top_o:6.5337e-05
                    time_check_in_c:5.6981e-05
                    time_add_parent:0.000117944
                    num_neighbors:6672
                    time_add_neighbors_to_o:0.00252609
        Stage3:
            total_Stage3:0.0102802
            num_until_goal_expanded:2086
            timing_S3Exp:
                total_S3Exp: 0.00857401
                time_top_o: 0.00050703
                time_check_in_c: 0.00031152
                time_add_parent: 0.000628232
                num_neighbors: 13109
                time_add_neighbors_to_o: 0.00516928
    timing_PIOW_overlapping:
        total_PIOW: 3.656e-06
        num_windows: 63
        time_check_overlap: 1.816e-06
        num_overlapping_windows: 0
        time_merge_windows: 0
        time_remove_window: 0
        time_remove_window: 0
        timing_PlanIn:
            total_PlanIn:0
            num_until_goal_expanded:0
            timing_expansions:
                total_S3Exp: 0
                time_top_o: 0
                time_check_in_c: 0
                time_add_parent: 0
                num_neighbors: 0
                time_add_neighbors_to_o: 0
    num_new_collisions: 4
    timing_PIOW_new_collisions:
        total_PIOW: 0.00116626
        num_windows: 11
        time_check_overlap: 5.25e-07
        num_overlapping_windows: 1
        time_merge_windows: 0
        time_remove_window: 0.0116936
        time_remove_window: 1.215e-06
        timing_PlanIn:
            total_PlanIn:0.00115949
            num_until_goal_expanded:154
            timing_expansions:
                total_S3Exp: 0.00113868
                time_top_o: 2.1379e-05
                time_check_in_c: 2.6541e-05
                time_add_parent: 3.9436e-05
                num_neighbors: 1907
                time_add_neighbors_to_o: 0.000835726
    num_windows_should_quit: 0
    time_should_quit: 1.309e-06
    time_remove_window: 0
Complete!
