Total time: 9.71709
is_optimal: false
optimality_bound: 1.00104
successive_bounds: [1.00553, 1.00449, 1.00449, 1.00449, 1.00415, 1.00276, 1.00276, 1.00276, 1.00276, 1.00276, 1.00173, 1.00173, 1.00104, 1.00104, 1.00104, 1.00104, 1.00104, 1.00104, 1.00104, 1.00104, 1.00104]
successive_runtimes: [0.011857, 0.014107, 0.0160225, 0.0180382, 0.0204205, 0.372369, 0.446596, 0.473001, 0.500013, 0.526878, 3.74254, 6.28461, 6.67895, 7.05493, 7.42693, 7.79706, 8.17008, 8.5724, 8.95267, 9.33254, 9.71709]
num_agents: 40
time_individual_plan: 0.00751638
time_first_plan: 0.00381095
num_max_agents_in_window_first_iteration: 2
num_recWAMPF: 21
timing_recWAMPF:
    total_RecWAMPF: 9.70904
    num_windows: 360
    num_max_agents_in_window: 6
    timing_gari:
        total_GARI: 6.15766
        time_path_btw_starts: 0.00117444
        Stage1:
            total_Stage1:1.82195
            time_add_x_to_o: 1.5117
            time_clear_x: 0.299609
            timing_AStarSearchUntil:
                total_astar_search_until:0.010612
                num_values_f_less_fmax:1390
                ASU Exp:
                    total_ASUExp:0.0106019
                    time_top_o:0.000466781
                    time_check_in_c:0.000506843
                    time_add_parent:0.000689334
                    num_neighbors:17896
                    time_add_neighbors_to_o:0.00792577
        Stage2:
            total_Stage2:0.185028
            num_len_path:361
            time_expanding_s:0.00309927
            timing_AStarSearchUntil:
                total_astar_search_until:0.181739
                num_values_f_less_fmax:4387
                ASU Exp:
                    total_ASUExp:0.181732
                    time_top_o:0.0014434
                    time_check_in_c:0.000890252
                    time_add_parent:0.00145209
                    num_neighbors:323464
                    time_add_neighbors_to_o:0.168519
        Stage3:
            total_Stage3:4.14943
            num_until_goal_expanded:1783
            timing_S3Exp:
                total_S3Exp: 0.426525
                time_top_o: 0.000557912
                time_check_in_c: 0.000288938
                time_add_parent: 0.000552646
                num_neighbors: 27575
                time_add_neighbors_to_o: 0.0129423
    timing_PIOW_overlapping:
        total_PIOW: 0.204076
        num_windows: 1600
        time_check_overlap: 7.1249e-05
        num_overlapping_windows: 2
        time_merge_windows: 3.913e-06
        time_remove_window: 8.18e-07
        time_remove_window: 3.762e-06
        timing_PlanIn:
            total_PlanIn:0.203957
            num_until_goal_expanded:3194
            timing_expansions:
                total_S3Exp: 0.203936
                time_top_o: 0.00121595
                time_check_in_c: 0.000571875
                time_add_parent: 0.00109528
                num_neighbors: 337582
                time_add_neighbors_to_o: 0.187972
    num_new_collisions: 13
    timing_PIOW_new_collisions:
        total_PIOW: 3.33426
        num_windows: 160
        time_check_overlap: 6.553e-06
        num_overlapping_windows: 3
        time_merge_windows: 0
        time_remove_window: 1.33655
        time_remove_window: 6.681e-06
        timing_PlanIn:
            total_PlanIn:3.33422
            num_until_goal_expanded:7255
            timing_expansions:
                total_S3Exp: 3.3342
                time_top_o: 0.00361255
                time_check_in_c: 0.00161823
                time_add_parent: 0.00354476
                num_neighbors: 5107169
                time_add_neighbors_to_o: 3.18093
    num_windows_should_quit: 1
    time_should_quit: 2.0902e-05
    time_remove_window: 2.82e-07
Complete!
