Total time: 0.0222439
is_optimal: true
optimality_bound: 1
successive_bounds: [1.00182, 1.00182, 1.00182, 1.00182, 1.00091, 1.00091, 1.00091, 1.00091, 1.00091, 1.00091, 1.00091, 1.00091, 1.00091, 1.00091, 1, 1]
successive_runtimes: [0.0105913, 0.0113414, 0.0120878, 0.0128232, 0.013738, 0.0144552, 0.0152195, 0.0160626, 0.0168799, 0.0177184, 0.0185697, 0.0194529, 0.0202617, 0.0210392, 0.0222439]
num_agents: 30
time_individual_plan: 0.00888928
time_first_plan: 0.000851481
num_max_agents_in_window_first_iteration: 2
num_recWAMPF: 15
timing_recWAMPF:
    total_RecWAMPF: 0.0124999
    num_windows: 58
    num_max_agents_in_window: 2
    timing_gari:
        total_GARI: 0.00614055
        time_path_btw_starts: 0.000228499
        Stage1:
            total_Stage1:0.000739707
            time_add_x_to_o: 0.000651408
            time_clear_x: 7.8827e-05
            timing_AStarSearchUntil:
                total_astar_search_until:4.556e-06
                num_values_f_less_fmax:0
                ASU Exp:
                    total_ASUExp:2.352e-06
                    time_top_o:0
                    time_check_in_c:0
                    time_add_parent:0
                    num_neighbors:0
                    time_add_neighbors_to_o:0
        Stage2:
            total_Stage2:0.00175229
            num_len_path:55
            time_expanding_s:4.7008e-05
            timing_AStarSearchUntil:
                total_astar_search_until:0.00168092
                num_values_f_less_fmax:86
                ASU Exp:
                    total_ASUExp:0.00167908
                    time_top_o:3.5103e-05
                    time_check_in_c:2.8716e-05
                    time_add_parent:4.521e-05
                    num_neighbors:2089
                    time_add_neighbors_to_o:0.00139639
        Stage3:
            total_Stage3:0.00340587
            num_until_goal_expanded:139
            timing_S3Exp:
                total_S3Exp: 0.0019951
                time_top_o: 4.3555e-05
                time_check_in_c: 3.0321e-05
                time_add_parent: 4.9092e-05
                num_neighbors: 1627
                time_add_neighbors_to_o: 0.00149491
    timing_PIOW_overlapping:
        total_PIOW: 5.655e-06
        num_windows: 56
        time_check_overlap: 2.735e-06
        num_overlapping_windows: 0
        time_merge_windows: 0
        time_remove_window: 0
        time_remove_window: 0
        timing_PlanIn:
            total_PlanIn:0
            num_until_goal_expanded:0
            timing_expansions:
                total_S3Exp: 0
                time_top_o: 0
                time_check_in_c: 0
                time_add_parent: 0
                num_neighbors: 0
                time_add_neighbors_to_o: 0
    num_new_collisions: 2
    timing_PIOW_new_collisions:
        total_PIOW: 0.000379919
        num_windows: 2
        time_check_overlap: 1.67e-07
        num_overlapping_windows: 0
        time_merge_windows: 0
        time_remove_window: 0
        time_remove_window: 1.098e-06
        timing_PlanIn:
            total_PlanIn:0.000374747
            num_until_goal_expanded:17
            timing_expansions:
                total_S3Exp: 0.000367469
                time_top_o: 4.953e-06
                time_check_in_c: 5.487e-06
                time_add_parent: 8.701e-06
                num_neighbors: 330
                time_add_neighbors_to_o: 0.000298073
    num_windows_should_quit: 0
    time_should_quit: 2.852e-06
    time_remove_window: 0
Complete!
