Total time: 3.44535
is_optimal: true
optimality_bound: 1
successive_bounds: [1.00571, 1.00571, 1.00571, 1.00571, 1.00571, 1.00571, 1.00571, 1.00444, 1.00444, 1.00444, 1.00444, 1.00444, 1.0019, 1.0019, 1.0019, 1.0019, 1.0019, 1.0019, 1.0019, 1.0019, 1.0019, 1.0019, 1.0019, 1.00127, 1.00127, 1, 1]
successive_runtimes: [0.00643093, 0.0129747, 0.0200806, 0.0286201, 0.0375078, 0.0470834, 0.0577852, 0.0694985, 0.0815315, 0.152763, 0.372714, 0.602584, 1.34698, 1.79817, 2.07174, 2.25302, 2.38705, 2.51772, 2.63353, 2.74804, 2.86143, 2.9735, 3.08415, 3.19829, 3.3124, 3.44535]
num_agents: 30
time_individual_plan: 0.00290751
time_first_plan: 0.00300469
num_max_agents_in_window_first_iteration: 3
num_recWAMPF: 26
timing_recWAMPF:
    total_RecWAMPF: 3.44192
    num_windows: 209
    num_max_agents_in_window: 3
    timing_gari:
        total_GARI: 3.42737
        time_path_btw_starts: 0.00777238
        Stage1:
            total_Stage1:1.7353
            time_add_x_to_o: 0.483653
            time_clear_x: 0.140122
            timing_AStarSearchUntil:
                total_astar_search_until:1.11151
                num_values_f_less_fmax:35555
                ASU Exp:
                    total_ASUExp:1.1115
                    time_top_o:0.0321371
                    time_check_in_c:0.0157799
                    time_add_parent:0.0119153
                    num_neighbors:2188386
                    time_add_neighbors_to_o:0.994171
        Stage2:
            total_Stage2:0.0723361
            num_len_path:164
            time_expanding_s:9.5519e-05
            timing_AStarSearchUntil:
                total_astar_search_until:0.0721371
                num_values_f_less_fmax:1178
                ASU Exp:
                    total_ASUExp:0.0721325
                    time_top_o:0.000568602
                    time_check_in_c:0.000486563
                    time_add_parent:0.000375186
                    num_neighbors:166298
                    time_add_neighbors_to_o:0.0686834
        Stage3:
            total_Stage3:1.6119
            num_until_goal_expanded:13534
            timing_S3Exp:
                total_S3Exp: 0.18843
                time_top_o: 0.00641172
                time_check_in_c: 0.00210868
                time_add_parent: 0.00628005
                num_neighbors: 324500
                time_add_neighbors_to_o: 0.149547
    timing_PIOW_overlapping:
        total_PIOW: 0.00574093
        num_windows: 449
        time_check_overlap: 2.097e-05
        num_overlapping_windows: 1
        time_merge_windows: 2.676e-06
        time_remove_window: 2.12e-07
        time_remove_window: 2.627e-06
        timing_PlanIn:
            total_PlanIn:0.00570217
            num_until_goal_expanded:169
            timing_expansions:
                total_S3Exp: 0.00569968
                time_top_o: 4.3891e-05
                time_check_in_c: 3.6514e-05
                time_add_parent: 6.0536e-05
                num_neighbors: 7389
                time_add_neighbors_to_o: 0.00513853
    num_new_collisions: 6
    timing_PIOW_new_collisions:
        total_PIOW: 0.00239811
        num_windows: 29
        time_check_overlap: 9.59e-07
        num_overlapping_windows: 1
        time_merge_windows: 0
        time_remove_window: 0.0039817
        time_remove_window: 1.599e-06
        timing_PlanIn:
            total_PlanIn:0.00238912
            num_until_goal_expanded:172
            timing_expansions:
                total_S3Exp: 0.00237862
                time_top_o: 2.3345e-05
                time_check_in_c: 3.0255e-05
                time_add_parent: 4.525e-05
                num_neighbors: 4325
                time_add_neighbors_to_o: 0.00194391
    num_windows_should_quit: 2
    time_should_quit: 1.3019e-05
    time_remove_window: 5.84e-07
Complete!
