Total time: 1.19325
is_optimal: true
optimality_bound: 1
successive_bounds: [1.00452, 1.00452, 1.00452, 1.00452, 1.00452, 1.00452, 1.00452, 1.00452, 1.00452, 1.00452, 1.00452, 1.00452, 1.00452, 1.00452, 1.00452, 1.00452, 1.00452, 1.00452, 1.00302, 1.00302, 1.00302, 1.00302, 1.00151, 1.00151, 1.00151, 1.00151, 1.00151, 1.00151, 1.00151, 1.00151, 1.00151, 1.00151, 1.00151, 1.00151, 1.00151, 1, 1]
successive_runtimes: [0.00346379, 0.00430279, 0.00521933, 0.00624913, 0.00731509, 0.0085628, 0.011484, 0.0159906, 0.0213961, 0.027288, 0.0332012, 0.0395613, 0.046734, 0.0540696, 0.0614314, 0.0692622, 0.0777291, 0.115254, 0.440703, 0.652169, 0.68579, 0.718173, 0.751065, 0.784391, 0.816735, 0.849129, 0.881428, 0.913894, 0.946329, 0.978722, 1.011, 1.04342, 1.07582, 1.10823, 1.14063, 1.19325]
num_agents: 20
time_individual_plan: 0.00230436
time_first_plan: 0.000645876
num_max_agents_in_window_first_iteration: 2
num_recWAMPF: 36
timing_recWAMPF:
    total_RecWAMPF: 1.19043
    num_windows: 213
    num_max_agents_in_window: 3
    timing_gari:
        total_GARI: 1.15841
        time_path_btw_starts: 0.000733807
        Stage1:
            total_Stage1:0.507765
            time_add_x_to_o: 0.142324
            time_clear_x: 0.0326417
            timing_AStarSearchUntil:
                total_astar_search_until:0.332786
                num_values_f_less_fmax:16544
                ASU Exp:
                    total_ASUExp:0.33278
                    time_top_o:0.00823028
                    time_check_in_c:0.00395993
                    time_add_parent:0.00434214
                    num_neighbors:676865
                    time_add_neighbors_to_o:0.302917
        Stage2:
            total_Stage2:0.0430273
            num_len_path:190
            time_expanding_s:0.000660086
            timing_AStarSearchUntil:
                total_astar_search_until:0.0422559
                num_values_f_less_fmax:2164
                ASU Exp:
                    total_ASUExp:0.0422512
                    time_top_o:0.000906278
                    time_check_in_c:0.000558333
                    time_add_parent:0.00163991
                    num_neighbors:60219
                    time_add_neighbors_to_o:0.0327296
        Stage3:
            total_Stage3:0.606833
            num_until_goal_expanded:2447
            timing_S3Exp:
                total_S3Exp: 0.0511362
                time_top_o: 0.000658156
                time_check_in_c: 0.000400144
                time_add_parent: 0.000779728
                num_neighbors: 18119
                time_add_neighbors_to_o: 0.0091681
    timing_PIOW_overlapping:
        total_PIOW: 2.6759e-05
        num_windows: 315
        time_check_overlap: 1.6594e-05
        num_overlapping_windows: 0
        time_merge_windows: 0
        time_remove_window: 0
        time_remove_window: 0
        timing_PlanIn:
            total_PlanIn:0
            num_until_goal_expanded:0
            timing_expansions:
                total_S3Exp: 0
                time_top_o: 0
                time_check_in_c: 0
                time_add_parent: 0
                num_neighbors: 0
                time_add_neighbors_to_o: 0
    num_new_collisions: 4
    timing_PIOW_new_collisions:
        total_PIOW: 0.0286426
        num_windows: 13
        time_check_overlap: 1.124e-06
        num_overlapping_windows: 1
        time_merge_windows: 0
        time_remove_window: 0.0877976
        time_remove_window: 1.245e-06
        timing_PlanIn:
            total_PlanIn:0.0286336
            num_until_goal_expanded:633
            timing_expansions:
                total_S3Exp: 0.0286238
                time_top_o: 0.00017661
                time_check_in_c: 0.000109979
                time_add_parent: 0.000172254
                num_neighbors: 60450
                time_add_neighbors_to_o: 0.0257535
    num_windows_should_quit: 0
    time_should_quit: 9.555e-06
    time_remove_window: 0
Complete!
