Total time: 4.512
is_optimal: false
optimality_bound: 1.00393
successive_bounds: [1.0076, 1.00707, 1.00655, 1.0055, 1.0055, 1.0055, 1.00498, 1.00445, 1.00393, 1.00393, 1.00393, 1.00393]
successive_runtimes: [0.0182673, 0.0217502, 0.0256821, 0.0363242, 0.042889, 0.0515099, 0.0600187, 0.0685097, 0.140371, 0.187446, 3.43126, 4.512]
num_agents: 60
time_individual_plan: 0.0106297
time_first_plan: 0.00710686
num_max_agents_in_window_first_iteration: 2
num_recWAMPF: 12
timing_recWAMPF:
    total_RecWAMPF: 4.50084
    num_windows: 192
    num_max_agents_in_window: 4
    timing_gari:
        total_GARI: 1.21029
        time_path_btw_starts: 0.000667513
        Stage1:
            total_Stage1:0.567208
            time_add_x_to_o: 0.138507
            time_clear_x: 0.0263247
            timing_AStarSearchUntil:
                total_astar_search_until:0.402365
                num_values_f_less_fmax:3860
                ASU Exp:
                    total_ASUExp:0.40236
                    time_top_o:0.00494246
                    time_check_in_c:0.00317611
                    time_add_parent:0.00257467
                    num_neighbors:712976
                    time_add_neighbors_to_o:0.384922
        Stage2:
            total_Stage2:0.0055073
            num_len_path:153
            time_expanding_s:8.125e-05
            timing_AStarSearchUntil:
                total_astar_search_until:0.00536984
                num_values_f_less_fmax:364
                ASU Exp:
                    total_ASUExp:0.00536631
                    time_top_o:8.6827e-05
                    time_check_in_c:6.9068e-05
                    time_add_parent:0.000105421
                    num_neighbors:11686
                    time_add_neighbors_to_o:0.00468439
        Stage3:
            total_Stage3:0.636881
            num_until_goal_expanded:1631
            timing_S3Exp:
                total_S3Exp: 0.0756914
                time_top_o: 0.000921304
                time_check_in_c: 0.000259253
                time_add_parent: 0.000549459
                num_neighbors: 130866
                time_add_neighbors_to_o: 0.071525
    timing_PIOW_overlapping:
        total_PIOW: 0.00790094
        num_windows: 1326
        time_check_overlap: 3.8025e-05
        num_overlapping_windows: 16
        time_merge_windows: 1.0565e-05
        time_remove_window: 2.447e-06
        time_remove_window: 9.932e-06
        timing_PlanIn:
            total_PlanIn:0.0078117
            num_until_goal_expanded:354
            timing_expansions:
                total_S3Exp: 0.00778933
                time_top_o: 5.939e-05
                time_check_in_c: 5.638e-05
                time_add_parent: 9.0605e-05
                num_neighbors: 13396
                time_add_neighbors_to_o: 0.00681544
    num_new_collisions: 25
    timing_PIOW_new_collisions:
        total_PIOW: 3.26565
        num_windows: 463
        time_check_overlap: 1.3018e-05
        num_overlapping_windows: 4
        time_merge_windows: 0
        time_remove_window: 0.399672
        time_remove_window: 1.3608e-05
        timing_PlanIn:
            total_PlanIn:3.26558
            num_until_goal_expanded:13331
            timing_expansions:
                total_S3Exp: 3.26554
                time_top_o: 0.0196594
                time_check_in_c: 0.00336808
                time_add_parent: 0.00682711
                num_neighbors: 5237585
                time_add_neighbors_to_o: 3.08035
    num_windows_should_quit: 0
    time_should_quit: 8.749e-06
    time_remove_window: 0
Complete!
