Total time: 0.287206
is_optimal: true
optimality_bound: 1
successive_bounds: [1.00551, 1.00477, 1.00477, 1.00477, 1.0033, 1.0033, 1.00257, 1.00257, 1.00257, 1.00257, 1.00257, 1.00257, 1.00257, 1.00184, 1.00184, 1.0011, 1.0011, 1.00037, 1.00037, 1.00037, 1.00037, 1.00037, 1.00037, 1.00037, 1.00037, 1.00037, 1, 1]
successive_runtimes: [0.00991728, 0.0128573, 0.0165133, 0.0212923, 0.026657, 0.0325824, 0.0391742, 0.0460671, 0.0531931, 0.0607525, 0.0686057, 0.0771422, 0.0869728, 0.0957481, 0.0999217, 0.12153, 0.12878, 0.134975, 0.140128, 0.145029, 0.14987, 0.154618, 0.181394, 0.210052, 0.234388, 0.259126, 0.287206]
num_agents: 40
time_individual_plan: 0.00656982
time_first_plan: 0.00276114
num_max_agents_in_window_first_iteration: 2
num_recWAMPF: 27
timing_recWAMPF:
    total_RecWAMPF: 0.280044
    num_windows: 378
    num_max_agents_in_window: 4
    timing_gari:
        total_GARI: 0.241902
        time_path_btw_starts: 0.00138997
        Stage1:
            total_Stage1:0.0448648
            time_add_x_to_o: 0.0248309
            time_clear_x: 0.00334197
            timing_AStarSearchUntil:
                total_astar_search_until:0.0166691
                num_values_f_less_fmax:14317
                ASU Exp:
                    total_ASUExp:0.0166601
                    time_top_o:0.00357597
                    time_check_in_c:0.00241106
                    time_add_parent:0.000543764
                    num_neighbors:18864
                    time_add_neighbors_to_o:0.00683696
        Stage2:
            total_Stage2:0.0263967
            num_len_path:387
            time_expanding_s:0.000221563
            timing_AStarSearchUntil:
                total_astar_search_until:0.0260276
                num_values_f_less_fmax:2112
                ASU Exp:
                    total_ASUExp:0.0260198
                    time_top_o:0.000705971
                    time_check_in_c:0.000451981
                    time_add_parent:0.000619341
                    num_neighbors:52264
                    time_add_neighbors_to_o:0.021891
        Stage3:
            total_Stage3:0.169171
            num_until_goal_expanded:9346
            timing_S3Exp:
                total_S3Exp: 0.094555
                time_top_o: 0.00249867
                time_check_in_c: 0.00153249
                time_add_parent: 0.00272422
                num_neighbors: 149798
                time_add_neighbors_to_o: 0.0767769
    timing_PIOW_overlapping:
        total_PIOW: 0.000953728
        num_windows: 1327
        time_check_overlap: 4.791e-05
        num_overlapping_windows: 1
        time_merge_windows: 1.007e-06
        time_remove_window: 1.86e-07
        time_remove_window: 9.56e-07
        timing_PlanIn:
            total_PlanIn:0.000872302
            num_until_goal_expanded:36
            timing_expansions:
                total_S3Exp: 0.000870256
                time_top_o: 6.848e-06
                time_check_in_c: 5.872e-06
                time_add_parent: 9.543e-06
                num_neighbors: 1396
                time_add_neighbors_to_o: 0.000758602
    num_new_collisions: 9
    timing_PIOW_new_collisions:
        total_PIOW: 0.0230603
        num_windows: 69
        time_check_overlap: 2.392e-06
        num_overlapping_windows: 1
        time_merge_windows: 0
        time_remove_window: 0.160258
        time_remove_window: 3.249e-06
        timing_PlanIn:
            total_PlanIn:0.0230419
            num_until_goal_expanded:355
            timing_expansions:
                total_S3Exp: 0.0230249
                time_top_o: 8.4401e-05
                time_check_in_c: 7.3039e-05
                time_add_parent: 9.7057e-05
                num_neighbors: 34128
                time_add_neighbors_to_o: 0.0213363
    num_windows_should_quit: 0
    time_should_quit: 1.7789e-05
    time_remove_window: 0
Complete!
