Total time: 2.14031
is_optimal: false
optimality_bound: 1.00114
successive_bounds: [1.00455, 1.00455, 1.00455, 1.00228, 1.00171, 1.00171, 1.00171, 1.00171, 1.00171, 1.00171, 1.00171, 1.00114, 1.00114]
successive_runtimes: [0.0092621, 0.0107005, 0.0126115, 0.0148338, 0.0164599, 0.01787, 0.0192627, 0.020848, 0.0234645, 0.0255656, 0.0387543, 0.57482, 2.14031]
num_agents: 30
time_individual_plan: 0.00762978
time_first_plan: 0.00110954
num_max_agents_in_window_first_iteration: 2
num_recWAMPF: 13
timing_recWAMPF:
    total_RecWAMPF: 2.13215
    num_windows: 146
    num_max_agents_in_window: 3
    timing_gari:
        total_GARI: 0.881319
        time_path_btw_starts: 0.000311478
        Stage1:
            total_Stage1:0.854663
            time_add_x_to_o: 0.13437
            time_clear_x: 0.0298207
            timing_AStarSearchUntil:
                total_astar_search_until:0.00344787
                num_values_f_less_fmax:21087
                ASU Exp:
                    total_ASUExp:0.00344445
                    time_top_o:0.0262138
                    time_check_in_c:0.0303888
                    time_add_parent:0.00698736
                    num_neighbors:1202460
                    time_add_neighbors_to_o:0.604407
        Stage2:
            total_Stage2:0.00573198
            num_len_path:151
            time_expanding_s:6.9328e-05
            timing_AStarSearchUntil:
                total_astar_search_until:0.00562645
                num_values_f_less_fmax:510
                ASU Exp:
                    total_ASUExp:0.00562336
                    time_top_o:0.000123954
                    time_check_in_c:0.000103878
                    time_add_parent:0.000152166
                    num_neighbors:12065
                    time_add_neighbors_to_o:0.00473374
        Stage3:
            total_Stage3:0.0205932
            num_until_goal_expanded:1951
            timing_S3Exp:
                total_S3Exp: 0.0171003
                time_top_o: 0.000537979
                time_check_in_c: 0.000329055
                time_add_parent: 0.000484523
                num_neighbors: 34512
                time_add_neighbors_to_o: 0.0137096
    timing_PIOW_overlapping:
        total_PIOW: 0.533069
        num_windows: 416
        time_check_overlap: 1.4674e-05
        num_overlapping_windows: 1
        time_merge_windows: 1.194e-06
        time_remove_window: 4.11e-07
        time_remove_window: 1.138e-06
        timing_PlanIn:
            total_PlanIn:0.53304
            num_until_goal_expanded:9256
            timing_expansions:
                total_S3Exp: 0.533038
                time_top_o: 0.00655118
                time_check_in_c: 0.00230846
                time_add_parent: 0.003964
                num_neighbors: 1060690
                time_add_neighbors_to_o: 0.48114
    num_new_collisions: 6
    timing_PIOW_new_collisions:
        total_PIOW: 0.000593594
        num_windows: 30
        time_check_overlap: 1.039e-06
        num_overlapping_windows: 0
        time_merge_windows: 0
        time_remove_window: 0
        time_remove_window: 1.506e-06
        timing_PlanIn:
            total_PlanIn:0.00058573
            num_until_goal_expanded:77
            timing_expansions:
                total_S3Exp: 0.000576195
                time_top_o: 9.892e-06
                time_check_in_c: 1.2995e-05
                time_add_parent: 2.0087e-05
                num_neighbors: 864
                time_add_neighbors_to_o: 0.000421633
    num_windows_should_quit: 0
    time_should_quit: 5.565e-06
    time_remove_window: 0
Complete!
