Total time: 54.2341
is_optimal: false
optimality_bound: 1.00162
successive_bounds: [1.00406, 1.00244, 1.00217, 1.00217, 1.00189, 1.00189, 1.00189, 1.00162, 1.00162, 1.00162, 1.00162]
successive_runtimes: [0.0212438, 0.0271477, 0.036467, 0.0437487, 0.0508196, 6.04493, 12.4975, 19.1829, 24.9028, 41.5282, 54.2341]
num_agents: 60
time_individual_plan: 0.0140169
time_first_plan: 0.00658477
num_max_agents_in_window_first_iteration: 2
num_recWAMPF: 11
timing_recWAMPF:
    total_RecWAMPF: 54.2194
    num_windows: 193
    num_max_agents_in_window: 4
    timing_gari:
        total_GARI: 48.213
        time_path_btw_starts: 0.00160352
        Stage1:
            total_Stage1:23.645
            time_add_x_to_o: 6.62222
            time_clear_x: 2.00851
            timing_AStarSearchUntil:
                total_astar_search_until:15.0142
                num_values_f_less_fmax:72322
                ASU Exp:
                    total_ASUExp:15.0142
                    time_top_o:0.142585
                    time_check_in_c:0.0592746
                    time_add_parent:0.0281605
                    num_neighbors:19230806
                    time_add_neighbors_to_o:14.3625
        Stage2:
            total_Stage2:0.0124326
            num_len_path:175
            time_expanding_s:0.000399213
            timing_AStarSearchUntil:
                total_astar_search_until:0.0119454
                num_values_f_less_fmax:632
                ASU Exp:
                    total_ASUExp:0.0119406
                    time_top_o:0.0002162
                    time_check_in_c:0.000152682
                    time_add_parent:0.000248812
                    num_neighbors:19394
                    time_add_neighbors_to_o:0.0104414
        Stage3:
            total_Stage3:24.5533
            num_until_goal_expanded:39497
            timing_S3Exp:
                total_S3Exp: 11.6429
                time_top_o: 0.0936339
                time_check_in_c: 0.022758
                time_add_parent: 0.0314765
                num_neighbors: 14532169
                time_add_neighbors_to_o: 11.3836
    timing_PIOW_overlapping:
        total_PIOW: 5.99133
        num_windows: 902
        time_check_overlap: 4.4483e-05
        num_overlapping_windows: 4
        time_merge_windows: 7.271e-06
        time_remove_window: 1.936e-06
        time_remove_window: 6.963e-06
        timing_PlanIn:
            total_PlanIn:5.99124
            num_until_goal_expanded:16563
            timing_expansions:
                total_S3Exp: 5.99123
                time_top_o: 0.017212
                time_check_in_c: 0.00618531
                time_add_parent: 0.0114465
                num_neighbors: 7632751
                time_add_neighbors_to_o: 5.67774
    num_new_collisions: 12
    timing_PIOW_new_collisions:
        total_PIOW: 0.0024127
        num_windows: 132
        time_check_overlap: 4.825e-06
        num_overlapping_windows: 0
        time_merge_windows: 0
        time_remove_window: 0
        time_remove_window: 6.657e-06
        timing_PlanIn:
            total_PlanIn:0.00238378
            num_until_goal_expanded:295
            timing_expansions:
                total_S3Exp: 0.00236165
                time_top_o: 4.8033e-05
                time_check_in_c: 6.193e-05
                time_add_parent: 9.1537e-05
                num_neighbors: 2830
                time_add_neighbors_to_o: 0.00163973
    num_windows_should_quit: 0
    time_should_quit: 1.1997e-05
    time_remove_window: 0
Complete!
