Total time: 0.797053
is_optimal: false
optimality_bound: 1.00251
successive_bounds: [1.01103, 1.00551, 1.00401, 1.00251, 1.00251, 1.00251, 1.00251, 1.00251, 1.00251, 1.00251, 1.00251, 1.00251]
successive_runtimes: [0.0324767, 0.0404492, 0.0753484, 0.0815555, 0.0871848, 0.0930221, 0.0990898, 0.105218, 0.111573, 0.183168, 0.248269, 0.797053]
num_agents: 30
time_individual_plan: 0.0176267
time_first_plan: 0.0132158
num_max_agents_in_window_first_iteration: 2
num_recWAMPF: 12
timing_recWAMPF:
    total_RecWAMPF: 0.777783
    num_windows: 176
    num_max_agents_in_window: 5
    timing_gari:
        total_GARI: 0.159499
        time_path_btw_starts: 0.00109995
        Stage1:
            total_Stage1:0.0605201
            time_add_x_to_o: 0.00226179
            time_clear_x: 0.000466594
            timing_AStarSearchUntil:
                total_astar_search_until:0.0510595
                num_values_f_less_fmax:435
                ASU Exp:
                    total_ASUExp:0.0510487
                    time_top_o:0.000342655
                    time_check_in_c:0.000172517
                    time_add_parent:0
                    num_neighbors:0
                    time_add_neighbors_to_o:0
        Stage2:
            total_Stage2:0.0431299
            num_len_path:165
            time_expanding_s:0.000233362
            timing_AStarSearchUntil:
                total_astar_search_until:0.0377424
                num_values_f_less_fmax:716
                ASU Exp:
                    total_ASUExp:0.037735
                    time_top_o:0.000579545
                    time_check_in_c:0.000371699
                    time_add_parent:0.000893143
                    num_neighbors:9351
                    time_add_neighbors_to_o:0.0117211
        Stage3:
            total_Stage3:0.0474775
            num_until_goal_expanded:2518
            timing_S3Exp:
                total_S3Exp: 0.0226174
                time_top_o: 0.00121286
                time_check_in_c: 0.000818789
                time_add_parent: 0.00192128
                num_neighbors: 12583
                time_add_neighbors_to_o: 0.0126649
    timing_PIOW_overlapping:
        total_PIOW: 0.59847
        num_windows: 663
        time_check_overlap: 4.5778e-05
        num_overlapping_windows: 2
        time_merge_windows: 3.966e-06
        time_remove_window: 7.8e-07
        time_remove_window: 3.813e-06
        timing_PlanIn:
            total_PlanIn:0.587019
            num_until_goal_expanded:2706
            timing_expansions:
                total_S3Exp: 0.587007
                time_top_o: 0.0029325
                time_check_in_c: 0.000876763
                time_add_parent: 0.00279808
                num_neighbors: 653647
                time_add_neighbors_to_o: 0.541313
    num_new_collisions: 9
    timing_PIOW_new_collisions:
        total_PIOW: 0.0110428
        num_windows: 41
        time_check_overlap: 4.688e-06
        num_overlapping_windows: 1
        time_merge_windows: 3.045e-06
        time_remove_window: 1.75e-07
        time_remove_window: 3.508e-06
        timing_PlanIn:
            total_PlanIn:0.0109462
            num_until_goal_expanded:486
            timing_expansions:
                total_S3Exp: 0.0108767
                time_top_o: 0.000277684
                time_check_in_c: 0.000281334
                time_add_parent: 0.00064855
                num_neighbors: 4912
                time_add_neighbors_to_o: 0.0073338
    num_windows_should_quit: 0
    time_should_quit: 5.081e-06
    time_remove_window: 0
Complete!
