Total time: 0.376839
is_optimal: true
optimality_bound: 1
successive_bounds: [1.00241, 1.00241, 1.00241, 1.00241, 1.00241, 1.00241, 1.00241, 1.00241, 1.00241, 1.00241, 1.00241, 1.00241, 1.00241, 1.00241, 1.00241, 1.00241, 1.00241, 1.00241, 1.00241, 1.00241, 1.00241, 1.00241, 1.00241, 1.00241, 1.00241, 1.00241, 1.00241, 1.00241, 1.00241, 1.00241, 1.00241, 1.00241, 1, 1]
successive_runtimes: [0.00874851, 0.00905055, 0.00956577, 0.0100346, 0.010474, 0.010935, 0.011441, 0.0119633, 0.0124978, 0.0130906, 0.0136351, 0.0141645, 0.0147069, 0.0152229, 0.0157244, 0.0162408, 0.0167684, 0.0173165, 0.017868, 0.0184365, 0.0190188, 0.0196162, 0.0202263, 0.0208573, 0.0215193, 0.0221755, 0.0228564, 0.0235456, 0.0242471, 0.0249912, 0.0257049, 0.0264182, 0.376839]
num_agents: 10
time_individual_plan: 0.00700824
time_first_plan: 0.000400578
num_max_agents_in_window_first_iteration: 2
num_recWAMPF: 33
timing_recWAMPF:
    total_RecWAMPF: 0.368479
    num_windows: 65
    num_max_agents_in_window: 2
    timing_gari:
        total_GARI: 0.366289
        time_path_btw_starts: 0.000450638
        Stage1:
            total_Stage1:0.000632858
            time_add_x_to_o: 0.000227668
            time_clear_x: 2.6816e-05
            timing_AStarSearchUntil:
                total_astar_search_until:0.000194952
                num_values_f_less_fmax:116
                ASU Exp:
                    total_ASUExp:0.000191128
                    time_top_o:6.7511e-05
                    time_check_in_c:2.2561e-05
                    time_add_parent:0
                    num_neighbors:0
                    time_add_neighbors_to_o:0
        Stage2:
            total_Stage2:0.347562
            num_len_path:72
            time_expanding_s:7.485e-05
            timing_AStarSearchUntil:
                total_astar_search_until:0.347386
                num_values_f_less_fmax:2618
                ASU Exp:
                    total_ASUExp:0.347383
                    time_top_o:0.00248714
                    time_check_in_c:0.000961271
                    time_add_parent:0.0024965
                    num_neighbors:36548
                    time_add_neighbors_to_o:0.0297821
        Stage3:
            total_Stage3:0.01698
            num_until_goal_expanded:1184
            timing_S3Exp:
                total_S3Exp: 0.0123686
                time_top_o: 0.000528041
                time_check_in_c: 0.000414193
                time_add_parent: 0.0010044
                num_neighbors: 6746
                time_add_neighbors_to_o: 0.00678014
    timing_PIOW_overlapping:
        total_PIOW: 2.15e-06
        num_windows: 32
        time_check_overlap: 0
        num_overlapping_windows: 0
        time_merge_windows: 0
        time_remove_window: 0
        time_remove_window: 0
        timing_PlanIn:
            total_PlanIn:0
            num_until_goal_expanded:0
            timing_expansions:
                total_S3Exp: 0
                time_top_o: 0
                time_check_in_c: 0
                time_add_parent: 0
                num_neighbors: 0
                time_add_neighbors_to_o: 0
    num_new_collisions: 1
    timing_PIOW_new_collisions:
        total_PIOW: 0.000298997
        num_windows: 0
        time_check_overlap: 0
        num_overlapping_windows: 0
        time_merge_windows: 0
        time_remove_window: 0
        time_remove_window: 7.37e-07
        timing_PlanIn:
            total_PlanIn:0.000294785
            num_until_goal_expanded:18
            timing_expansions:
                total_S3Exp: 0.000284217
                time_top_o: 8.128e-06
                time_check_in_c: 1.0215e-05
                time_add_parent: 2.2972e-05
                num_neighbors: 53
                time_add_neighbors_to_o: 8.0781e-05
    num_windows_should_quit: 0
    time_should_quit: 1.881e-06
    time_remove_window: 0
Complete!
