Total time: 59.7395
is_optimal: false
optimality_bound: 1.00095
successive_bounds: [1.00537, 1.00537, 1.00537, 1.00537, 1.00474, 1.00411, 1.00348, 1.00348, 1.00284, 1.00284, 1.00221, 1.00221, 1.00221, 1.00158, 1.00095, 1.00095, 1.00095, 1.00095, 1.00095]
successive_runtimes: [1.12869, 1.13937, 2.16564, 4.39268, 7.71606, 11.0763, 13.8205, 15.6864, 16.7315, 17.8316, 19.0588, 20.6177, 22.0388, 23.6354, 27.1547, 35.4173, 43.4686, 51.4778, 59.7395]
num_agents: 50
time_individual_plan: 0.00854202
time_first_plan: 1.11937
num_max_agents_in_window_first_iteration: 3
num_recWAMPF: 19
timing_recWAMPF:
    total_RecWAMPF: 59.7302
    num_windows: 390
    num_max_agents_in_window: 4
    timing_gari:
        total_GARI: 55.2925
        time_path_btw_starts: 0.203692
        Stage1:
            total_Stage1:36.885
            time_add_x_to_o: 8.08442
            time_clear_x: 3.52577
            timing_AStarSearchUntil:
                total_astar_search_until:25.2748
                num_values_f_less_fmax:143827
                ASU Exp:
                    total_ASUExp:25.2748
                    time_top_o:0.296276
                    time_check_in_c:0.370712
                    time_add_parent:0.0800611
                    num_neighbors:35573355
                    time_add_neighbors_to_o:23.9738
        Stage2:
            total_Stage2:0.406536
            num_len_path:351
            time_expanding_s:0.000330264
            timing_AStarSearchUntil:
                total_astar_search_until:0.405892
                num_values_f_less_fmax:1856
                ASU Exp:
                    total_ASUExp:0.405882
                    time_top_o:0.00215012
                    time_check_in_c:0.00249202
                    time_add_parent:0.00123735
                    num_neighbors:440756
                    time_add_neighbors_to_o:0.394096
        Stage3:
            total_Stage3:17.7971
            num_until_goal_expanded:70724
            timing_S3Exp:
                total_S3Exp: 6.55611
                time_top_o: 0.0793838
                time_check_in_c: 0.0279262
                time_add_parent: 0.0556187
                num_neighbors: 9862979
                time_add_neighbors_to_o: 6.23687
    timing_PIOW_overlapping:
        total_PIOW: 3.30779
        num_windows: 2059
        time_check_overlap: 0.000118173
        num_overlapping_windows: 4
        time_merge_windows: 9.952e-06
        time_remove_window: 2.731e-06
        time_remove_window: 9.665e-06
        timing_PlanIn:
            total_PlanIn:3.30757
            num_until_goal_expanded:16952
            timing_expansions:
                total_S3Exp: 3.30756
                time_top_o: 0.0284636
                time_check_in_c: 0.00710515
                time_add_parent: 0.0112636
                num_neighbors: 4501809
                time_add_neighbors_to_o: 3.06605
    num_new_collisions: 15
    timing_PIOW_new_collisions:
        total_PIOW: 1.11612
        num_windows: 198
        time_check_overlap: 8.747e-06
        num_overlapping_windows: 2
        time_merge_windows: 2.227e-06
        time_remove_window: 0.0110607
        time_remove_window: 8.449e-06
        timing_PlanIn:
            total_PlanIn:1.11604
            num_until_goal_expanded:52177
            timing_expansions:
                total_S3Exp: 0.314443
                time_top_o: 0.0229857
                time_check_in_c: 0.0149778
                time_add_parent: 0.0193791
                num_neighbors: 1384121
                time_add_neighbors_to_o: 0.809807
    num_windows_should_quit: 0
    time_should_quit: 4.3271e-05
    time_remove_window: 0
Complete!
