Total time: 0.00458912
is_optimal: true
optimality_bound: 1
successive_bounds: [1.00297, 1.00297, 1.00297, 1.00297, 1.00297, 1.00297, 1.00297, 1.00297, 1.00297, 1.00297, 1.00297, 1.00297, 1.00297, 1.00297, 1, 1]
successive_runtimes: [0.0022683, 0.00248848, 0.00262578, 0.00276437, 0.00291071, 0.00306802, 0.0032224, 0.00338494, 0.00354873, 0.00366344, 0.0037684, 0.00387556, 0.00399439, 0.004107, 0.00458909]
num_agents: 10
time_individual_plan: 0.00150165
time_first_plan: 0.000126952
num_max_agents_in_window_first_iteration: 2
num_recWAMPF: 15
timing_recWAMPF:
    total_RecWAMPF: 0.00244495
    num_windows: 29
    num_max_agents_in_window: 2
    timing_gari:
        total_GARI: 0.0020714
        time_path_btw_starts: 0.000100402
        Stage1:
            total_Stage1:0.000181249
            time_add_x_to_o: 0.000158918
            time_clear_x: 1.903e-05
            timing_AStarSearchUntil:
                total_astar_search_until:1.573e-06
                num_values_f_less_fmax:0
                ASU Exp:
                    total_ASUExp:7.29e-07
                    time_top_o:0
                    time_check_in_c:0
                    time_add_parent:0
                    num_neighbors:0
                    time_add_neighbors_to_o:0
        Stage2:
            total_Stage2:0.00057797
            num_len_path:22
            time_expanding_s:3.1075e-05
            timing_AStarSearchUntil:
                total_astar_search_until:0.00053813
                num_values_f_less_fmax:38
                ASU Exp:
                    total_ASUExp:0.000537383
                    time_top_o:1.1128e-05
                    time_check_in_c:9.087e-06
                    time_add_parent:1.7566e-05
                    num_neighbors:940
                    time_add_neighbors_to_o:0.000447075
        Stage3:
            total_Stage3:0.0012061
            num_until_goal_expanded:71
            timing_S3Exp:
                total_S3Exp: 0.000800274
                time_top_o: 1.5892e-05
                time_check_in_c: 1.1644e-05
                time_add_parent: 1.7093e-05
                num_neighbors: 935
                time_add_neighbors_to_o: 0.00061928
    timing_PIOW_overlapping:
        total_PIOW: 5.26e-07
        num_windows: 14
        time_check_overlap: 0
        num_overlapping_windows: 0
        time_merge_windows: 0
        time_remove_window: 0
        time_remove_window: 0
        timing_PlanIn:
            total_PlanIn:0
            num_until_goal_expanded:0
            timing_expansions:
                total_S3Exp: 0
                time_top_o: 0
                time_check_in_c: 0
                time_add_parent: 0
                num_neighbors: 0
                time_add_neighbors_to_o: 0
    num_new_collisions: 1
    timing_PIOW_new_collisions:
        total_PIOW: 0.000100536
        num_windows: 0
        time_check_overlap: 0
        num_overlapping_windows: 0
        time_merge_windows: 0
        time_remove_window: 0
        time_remove_window: 2.67e-07
        timing_PlanIn:
            total_PlanIn:9.8271e-05
            num_until_goal_expanded:7
            timing_expansions:
                total_S3Exp: 9.5113e-05
                time_top_o: 1.851e-06
                time_check_in_c: 1.712e-06
                time_add_parent: 3.584e-06
                num_neighbors: 120
                time_add_neighbors_to_o: 7.0945e-05
    num_windows_should_quit: 0
    time_should_quit: 1.042e-06
    time_remove_window: 0
Complete!
