Total time: 1.68935
is_optimal: false
optimality_bound: 1.00233
successive_bounds: [1.00512, 1.00512, 1.00512, 1.00419, 1.00419, 1.00419, 1.00419, 1.00419, 1.00419, 1.00326, 1.00326, 1.00233, 1.00233, 1.00233, 1.00233]
successive_runtimes: [0.00684352, 0.00818039, 0.00946303, 0.010913, 0.0122311, 0.0141132, 0.0160605, 0.0178445, 0.0264813, 0.0331553, 0.0388355, 0.34815, 0.745058, 1.23703, 1.68935]
num_agents: 30
time_individual_plan: 0.00504216
time_first_plan: 0.00127333
num_max_agents_in_window_first_iteration: 2
num_recWAMPF: 15
timing_recWAMPF:
    total_RecWAMPF: 1.68378
    num_windows: 188
    num_max_agents_in_window: 3
    timing_gari:
        total_GARI: 1.37433
        time_path_btw_starts: 0.0012506
        Stage1:
            total_Stage1:0.993268
            time_add_x_to_o: 0.314158
            time_clear_x: 0.130302
            timing_AStarSearchUntil:
                total_astar_search_until:0.548794
                num_values_f_less_fmax:27940
                ASU Exp:
                    total_ASUExp:0.548788
                    time_top_o:0.0282433
                    time_check_in_c:0.00919848
                    time_add_parent:0.00788941
                    num_neighbors:995553
                    time_add_neighbors_to_o:0.468898
        Stage2:
            total_Stage2:0.00822787
            num_len_path:193
            time_expanding_s:0.000106552
            timing_AStarSearchUntil:
                total_astar_search_until:0.00805733
                num_values_f_less_fmax:598
                ASU Exp:
                    total_ASUExp:0.00805299
                    time_top_o:0.000146893
                    time_check_in_c:0.000129565
                    time_add_parent:0.00016056
                    num_neighbors:17036
                    time_add_neighbors_to_o:0.00697095
        Stage3:
            total_Stage3:0.371551
            num_until_goal_expanded:5713
            timing_S3Exp:
                total_S3Exp: 0.169744
                time_top_o: 0.00335711
                time_check_in_c: 0.00095467
                time_add_parent: 0.00207221
                num_neighbors: 258717
                time_add_neighbors_to_o: 0.138416
    timing_PIOW_overlapping:
        total_PIOW: 0.304989
        num_windows: 616
        time_check_overlap: 2.4478e-05
        num_overlapping_windows: 2
        time_merge_windows: 4.582e-06
        time_remove_window: 8.31e-07
        time_remove_window: 4.478e-06
        timing_PlanIn:
            total_PlanIn:0.304938
            num_until_goal_expanded:5607
            timing_expansions:
                total_S3Exp: 0.304933
                time_top_o: 0.00373619
                time_check_in_c: 0.0011915
                time_add_parent: 0.00215681
                num_neighbors: 597644
                time_add_neighbors_to_o: 0.27465
    num_new_collisions: 7
    timing_PIOW_new_collisions:
        total_PIOW: 0.000698908
        num_windows: 42
        time_check_overlap: 1.455e-06
        num_overlapping_windows: 0
        time_merge_windows: 0
        time_remove_window: 0
        time_remove_window: 2.676e-06
        timing_PlanIn:
            total_PlanIn:0.000687622
            num_until_goal_expanded:71
            timing_expansions:
                total_S3Exp: 0.000676583
                time_top_o: 9.318e-06
                time_check_in_c: 1.2254e-05
                time_add_parent: 1.9079e-05
                num_neighbors: 1033
                time_add_neighbors_to_o: 0.000527776
    num_windows_should_quit: 0
    time_should_quit: 7.469e-06
    time_remove_window: 0
Complete!
