Total time: 0.0518122
is_optimal: true
optimality_bound: 1
successive_bounds: [1.00196, 1.00196, 1.00098, 1.00098, 1.00098, 1.00098, 1.00098, 1.00098, 1.00098, 1.00098, 1.00098, 1.00098, 1.00098, 1.00098, 1.00098, 1.00098, 1.00098, 1.00098, 1.00098, 1.00098, 1.00098, 1.00098, 1.00098, 1.00098, 1.00098, 1, 1]
successive_runtimes: [0.0126885, 0.0143748, 0.0161241, 0.0177369, 0.0193798, 0.021018, 0.0231477, 0.0253145, 0.0276332, 0.0298141, 0.0319678, 0.0339972, 0.0381071, 0.0396931, 0.0416206, 0.0427866, 0.0439675, 0.0451879, 0.0458582, 0.0465242, 0.0472531, 0.0479709, 0.0487496, 0.0495507, 0.0503881, 0.0518122]
num_agents: 30
time_individual_plan: 0.00614022
time_first_plan: 0.00582095
num_max_agents_in_window_first_iteration: 3
num_recWAMPF: 26
timing_recWAMPF:
    total_RecWAMPF: 0.0449385
    num_windows: 137
    num_max_agents_in_window: 3
    timing_gari:
        total_GARI: 0.034599
        time_path_btw_starts: 0.000360444
        Stage1:
            total_Stage1:0.00346622
            time_add_x_to_o: 0.00205392
            time_clear_x: 0.000236436
            timing_AStarSearchUntil:
                total_astar_search_until:0.00116716
                num_values_f_less_fmax:122
                ASU Exp:
                    total_ASUExp:0.00116312
                    time_top_o:4.0363e-05
                    time_check_in_c:3.2831e-05
                    time_add_parent:3.2942e-05
                    num_neighbors:2260
                    time_add_neighbors_to_o:0.000914638
        Stage2:
            total_Stage2:0.00345566
            num_len_path:122
            time_expanding_s:7.6121e-05
            timing_AStarSearchUntil:
                total_astar_search_until:0.00333308
                num_values_f_less_fmax:208
                ASU Exp:
                    total_ASUExp:0.00332958
                    time_top_o:6.6071e-05
                    time_check_in_c:5.4173e-05
                    time_add_parent:9.3098e-05
                    num_neighbors:6456
                    time_add_neighbors_to_o:0.00280602
        Stage3:
            total_Stage3:0.027288
            num_until_goal_expanded:763
            timing_S3Exp:
                total_S3Exp: 0.0148171
                time_top_o: 0.000240087
                time_check_in_c: 0.000131211
                time_add_parent: 0.000220822
                num_neighbors: 19613
                time_add_neighbors_to_o: 0.0125931
    timing_PIOW_overlapping:
        total_PIOW: 1.814e-05
        num_windows: 185
        time_check_overlap: 9.705e-06
        num_overlapping_windows: 0
        time_merge_windows: 0
        time_remove_window: 0
        time_remove_window: 0
        timing_PlanIn:
            total_PlanIn:0
            num_until_goal_expanded:0
            timing_expansions:
                total_S3Exp: 0
                time_top_o: 0
                time_check_in_c: 0
                time_add_parent: 0
                num_neighbors: 0
                time_add_neighbors_to_o: 0
    num_new_collisions: 4
    timing_PIOW_new_collisions:
        total_PIOW: 0.00543564
        num_windows: 9
        time_check_overlap: 7.34e-07
        num_overlapping_windows: 1
        time_merge_windows: 0
        time_remove_window: 0.00796052
        time_remove_window: 1.278e-06
        timing_PlanIn:
            total_PlanIn:0.00542605
            num_until_goal_expanded:132
            timing_expansions:
                total_S3Exp: 0.00540613
                time_top_o: 4.0436e-05
                time_check_in_c: 3.1469e-05
                time_add_parent: 5.0447e-05
                num_neighbors: 5496
                time_add_neighbors_to_o: 0.0048574
    num_windows_should_quit: 1
    time_should_quit: 4.795e-06
    time_remove_window: 1.93e-07
Complete!
