Total time: 0.0816717
is_optimal: true
optimality_bound: 1
successive_bounds: [1.00215, 1.00107, 1.00107, 1.00107, 1.00107, 1.00107, 1.00107, 1.00107, 1.00107, 1.00107, 1.00107, 1.00107, 1.00107, 1.00107, 1.00107, 1.00107, 1.00107, 1.00107, 1, 1]
successive_runtimes: [0.0148443, 0.0169285, 0.0189672, 0.0272275, 0.0340099, 0.0380079, 0.0418188, 0.0454003, 0.0484978, 0.0510157, 0.054907, 0.058179, 0.0613709, 0.0645557, 0.0678059, 0.0711209, 0.0742528, 0.07759, 0.0816716]
num_agents: 30
time_individual_plan: 0.0110027
time_first_plan: 0.00230113
num_max_agents_in_window_first_iteration: 2
num_recWAMPF: 19
timing_recWAMPF:
    total_RecWAMPF: 0.0691178
    num_windows: 134
    num_max_agents_in_window: 3
    timing_gari:
        total_GARI: 0.0502831
        time_path_btw_starts: 0.00077978
        Stage1:
            total_Stage1:0.0125614
            time_add_x_to_o: 0.00917336
            time_clear_x: 0.00138279
            timing_AStarSearchUntil:
                total_astar_search_until:0.00198891
                num_values_f_less_fmax:63
                ASU Exp:
                    total_ASUExp:0.0019808
                    time_top_o:3.7889e-05
                    time_check_in_c:5.7905e-05
                    time_add_parent:7.079e-05
                    num_neighbors:1530
                    time_add_neighbors_to_o:0.00162129
        Stage2:
            total_Stage2:0.00982052
            num_len_path:95
            time_expanding_s:0.000249254
            timing_AStarSearchUntil:
                total_astar_search_until:0.00947713
                num_values_f_less_fmax:175
                ASU Exp:
                    total_ASUExp:0.00947021
                    time_top_o:0.000111093
                    time_check_in_c:0.000124257
                    time_add_parent:0.000223668
                    num_neighbors:6713
                    time_add_neighbors_to_o:0.00816539
        Stage3:
            total_Stage3:0.0270437
            num_until_goal_expanded:484
            timing_S3Exp:
                total_S3Exp: 0.0139942
                time_top_o: 0.000258873
                time_check_in_c: 0.000219408
                time_add_parent: 0.000477959
                num_neighbors: 7069
                time_add_neighbors_to_o: 0.0100712
    timing_PIOW_overlapping:
        total_PIOW: 0.00630624
        num_windows: 242
        time_check_overlap: 2.0853e-05
        num_overlapping_windows: 1
        time_merge_windows: 4.275e-06
        time_remove_window: 3.95e-07
        time_remove_window: 4.123e-06
        timing_PlanIn:
            total_PlanIn:0.0062593
            num_until_goal_expanded:46
            timing_expansions:
                total_S3Exp: 0.00625331
                time_top_o: 2.8039e-05
                time_check_in_c: 2.8612e-05
                time_add_parent: 6.4034e-05
                num_neighbors: 2986
                time_add_neighbors_to_o: 0.00561538
    num_new_collisions: 5
    timing_PIOW_new_collisions:
        total_PIOW: 0.002177
        num_windows: 18
        time_check_overlap: 2.217e-06
        num_overlapping_windows: 0
        time_merge_windows: 0
        time_remove_window: 0
        time_remove_window: 4.37e-06
        timing_PlanIn:
            total_PlanIn:0.00215414
            num_until_goal_expanded:65
            timing_expansions:
                total_S3Exp: 0.00211411
                time_top_o: 2.8338e-05
                time_check_in_c: 4.4377e-05
                time_add_parent: 8.1414e-05
                num_neighbors: 965
                time_add_neighbors_to_o: 0.00159005
    num_windows_should_quit: 0
    time_should_quit: 1.1406e-05
    time_remove_window: 0
Complete!
