Total time: 0.0299216
is_optimal: false
optimality_bound: 1.00316
successive_bounds: [1.00316, 1.00316, 1.00316, 1.00316, 1.00474, 1.00316, 1.00316, 1.00316]
successive_runtimes: [0.0040889, 0.00613061, 0.0091638, 0.0122574, 0.0158357, 0.0197241, 0.0241621, 0.0299216]
num_agents: 20
time_individual_plan: 0.00262702
time_first_plan: 0.000945871
num_max_agents_in_window_first_iteration: 2
num_recWAMPF: 8
timing_recWAMPF:
    total_RecWAMPF: 0.026777
    num_windows: 30
    num_max_agents_in_window: 2
    timing_gari:
        total_GARI: 0.0246979
        time_path_btw_starts: 6.2193e-05
        Stage1:
            total_Stage1:0.0129451
            time_add_x_to_o: 0.00494127
            time_clear_x: 0.000832026
            timing_AStarSearchUntil:
                total_astar_search_until:0.00717002
                num_values_f_less_fmax:5141
                ASU Exp:
                    total_ASUExp:0.00716927
                    time_top_o:0.00124101
                    time_check_in_c:0.000590978
                    time_add_parent:0.00027294
                    num_neighbors:10138
                    time_add_neighbors_to_o:0.00362798
        Stage2:
            total_Stage2:0.00267478
            num_len_path:33
            time_expanding_s:1.1828e-05
            timing_AStarSearchUntil:
                total_astar_search_until:0.00265459
                num_values_f_less_fmax:212
                ASU Exp:
                    total_ASUExp:0.00265395
                    time_top_o:4.9946e-05
                    time_check_in_c:4.0311e-05
                    time_add_parent:5.5145e-05
                    num_neighbors:5751
                    time_add_neighbors_to_o:0.00231166
        Stage3:
            total_Stage3:0.00901037
            num_until_goal_expanded:2006
            timing_S3Exp:
                total_S3Exp: 0.00756982
                time_top_o: 0.000477597
                time_check_in_c: 0.00029941
                time_add_parent: 0.000634121
                num_neighbors: 11379
                time_add_neighbors_to_o: 0.00458436
    timing_PIOW_overlapping:
        total_PIOW: 1.735e-06
        num_windows: 28
        time_check_overlap: 7.76e-07
        num_overlapping_windows: 0
        time_merge_windows: 0
        time_remove_window: 0
        time_remove_window: 0
        timing_PlanIn:
            total_PlanIn:0
            num_until_goal_expanded:0
            timing_expansions:
                total_S3Exp: 0
                time_top_o: 0
                time_check_in_c: 0
                time_add_parent: 0
                num_neighbors: 0
                time_add_neighbors_to_o: 0
    num_new_collisions: 3
    timing_PIOW_new_collisions:
        total_PIOW: 0.00113842
        num_windows: 5
        time_check_overlap: 3.11e-07
        num_overlapping_windows: 1
        time_merge_windows: 0
        time_remove_window: 0.0087648
        time_remove_window: 8.19e-07
        timing_PlanIn:
            total_PlanIn:0.00113318
            num_until_goal_expanded:140
            timing_expansions:
                total_S3Exp: 0.0011271
                time_top_o: 1.9354e-05
                time_check_in_c: 2.5663e-05
                time_add_parent: 5.1111e-05
                num_neighbors: 1686
                time_add_neighbors_to_o: 0.000810832
    num_windows_should_quit: 0
    time_should_quit: 8.42e-07
    time_remove_window: 0
Complete!
