Total time: 0.0211825
is_optimal: true
optimality_bound: 1
successive_bounds: [1.00082, 1.00082, 1.00082, 1.00082, 1.00082, 1.00082, 1.00082, 1.00082, 1.00082, 1.00082, 1.00082, 1.00082, 1.00082, 1.00082, 1.00082, 1.00082, 1.00082, 1.00082, 1.00082, 1.00082, 1.00082, 1.00082, 1, 1]
successive_runtimes: [0.00830182, 0.0087425, 0.00916222, 0.00962261, 0.0100398, 0.0104484, 0.0108749, 0.0113146, 0.0117339, 0.0121528, 0.0125777, 0.0129994, 0.0134223, 0.013822, 0.0142475, 0.0147577, 0.0152753, 0.0158211, 0.0163441, 0.0169143, 0.0175405, 0.0193442, 0.0211825]
num_agents: 30
time_individual_plan: 0.00710299
time_first_plan: 0.000521521
num_max_agents_in_window_first_iteration: 2
num_recWAMPF: 23
timing_recWAMPF:
    total_RecWAMPF: 0.013398
    num_windows: 45
    num_max_agents_in_window: 2
    timing_gari:
        total_GARI: 0.00820283
        time_path_btw_starts: 0.000101083
        Stage1:
            total_Stage1:0.00471515
            time_add_x_to_o: 0.00126458
            time_clear_x: 0.000201669
            timing_AStarSearchUntil:
                total_astar_search_until:0.00324596
                num_values_f_less_fmax:665
                ASU Exp:
                    total_ASUExp:0.00324468
                    time_top_o:0.000179372
                    time_check_in_c:0.000120728
                    time_add_parent:0.000101212
                    num_neighbors:5195
                    time_add_neighbors_to_o:0.00244762
        Stage2:
            total_Stage2:0.00087377
            num_len_path:44
            time_expanding_s:1.7295e-05
            timing_AStarSearchUntil:
                total_astar_search_until:0.000842646
                num_values_f_less_fmax:66
                ASU Exp:
                    total_ASUExp:0.000841539
                    time_top_o:1.7488e-05
                    time_check_in_c:1.6332e-05
                    time_add_parent:1.8223e-05
                    num_neighbors:1703
                    time_add_neighbors_to_o:0.00071645
        Stage3:
            total_Stage3:0.00250431
            num_until_goal_expanded:368
            timing_S3Exp:
                total_S3Exp: 0.00159082
                time_top_o: 8.4397e-05
                time_check_in_c: 5.3359e-05
                time_add_parent: 0.000109838
                num_neighbors: 2685
                time_add_neighbors_to_o: 0.00091935
    timing_PIOW_overlapping:
        total_PIOW: 9.53e-07
        num_windows: 22
        time_check_overlap: 0
        num_overlapping_windows: 0
        time_merge_windows: 0
        time_remove_window: 0
        time_remove_window: 0
        timing_PlanIn:
            total_PlanIn:0
            num_until_goal_expanded:0
            timing_expansions:
                total_S3Exp: 0
                time_top_o: 0
                time_check_in_c: 0
                time_add_parent: 0
                num_neighbors: 0
                time_add_neighbors_to_o: 0
    num_new_collisions: 1
    timing_PIOW_new_collisions:
        total_PIOW: 0.000174748
        num_windows: 0
        time_check_overlap: 0
        num_overlapping_windows: 0
        time_merge_windows: 0
        time_remove_window: 0
        time_remove_window: 4.48e-07
        timing_PlanIn:
            total_PlanIn:0.00017259
            num_until_goal_expanded:21
            timing_expansions:
                total_S3Exp: 0.000169466
                time_top_o: 3.534e-06
                time_check_in_c: 4.815e-06
                time_add_parent: 6.931e-06
                num_neighbors: 181
                time_add_neighbors_to_o: 9.2952e-05
    num_windows_should_quit: 0
    time_should_quit: 1.555e-06
    time_remove_window: 0
Complete!
