Total time: 0.633221
is_optimal: true
optimality_bound: 1
successive_bounds: [1.00551, 1.00477, 1.00477, 1.00477, 1.0033, 1.0033, 1.00257, 1.00257, 1.00257, 1.00257, 1.00257, 1.00257, 1.00257, 1.00184, 1.00184, 1.0011, 1.0011, 1.00037, 1.00037, 1.00037, 1.00037, 1.00037, 1.00037, 1.00037, 1.00037, 1.00037, 1, 1]
successive_runtimes: [0.0169631, 0.0217534, 0.028676, 0.03828, 0.0516106, 0.0667176, 0.0838645, 0.0995861, 0.116091, 0.135877, 0.154725, 0.174691, 0.201697, 0.224456, 0.235467, 0.283483, 0.297177, 0.307647, 0.319526, 0.329676, 0.339206, 0.35072, 0.402635, 0.45637, 0.505237, 0.565681, 0.633221]
num_agents: 40
time_individual_plan: 0.01036
time_first_plan: 0.00566029
num_max_agents_in_window_first_iteration: 2
num_recWAMPF: 27
timing_recWAMPF:
    total_RecWAMPF: 0.621898
    num_windows: 378
    num_max_agents_in_window: 4
    timing_gari:
        total_GARI: 0.556824
        time_path_btw_starts: 0.00360132
        Stage1:
            total_Stage1:0.105554
            time_add_x_to_o: 0.0563005
            time_clear_x: 0.0110404
            timing_AStarSearchUntil:
                total_astar_search_until:0.0381647
                num_values_f_less_fmax:14317
                ASU Exp:
                    total_ASUExp:0.0381464
                    time_top_o:0.00900621
                    time_check_in_c:0.00802388
                    time_add_parent:0.00136042
                    num_neighbors:18864
                    time_add_neighbors_to_o:0.0127662
        Stage2:
            total_Stage2:0.0574905
            num_len_path:387
            time_expanding_s:0.000467227
            timing_AStarSearchUntil:
                total_astar_search_until:0.0566886
                num_values_f_less_fmax:2112
                ASU Exp:
                    total_ASUExp:0.0566754
                    time_top_o:0.00202349
                    time_check_in_c:0.000963201
                    time_add_parent:0.00159252
                    num_neighbors:52264
                    time_add_neighbors_to_o:0.046913
        Stage3:
            total_Stage3:0.389972
            num_until_goal_expanded:9346
            timing_S3Exp:
                total_S3Exp: 0.224083
                time_top_o: 0.00753683
                time_check_in_c: 0.00380719
                time_add_parent: 0.0073678
                num_neighbors: 149798
                time_add_neighbors_to_o: 0.179967
    timing_PIOW_overlapping:
        total_PIOW: 0.00194374
        num_windows: 1327
        time_check_overlap: 0.000111156
        num_overlapping_windows: 1
        time_merge_windows: 8.722e-06
        time_remove_window: 3.43e-07
        time_remove_window: 8.63e-06
        timing_PlanIn:
            total_PlanIn:0.00174888
            num_until_goal_expanded:36
            timing_expansions:
                total_S3Exp: 0.00174511
                time_top_o: 1.3401e-05
                time_check_in_c: 1.0789e-05
                time_add_parent: 2.1339e-05
                num_neighbors: 1396
                time_add_neighbors_to_o: 0.00153036
    num_new_collisions: 9
    timing_PIOW_new_collisions:
        total_PIOW: 0.046246
        num_windows: 69
        time_check_overlap: 7.447e-06
        num_overlapping_windows: 1
        time_merge_windows: 0
        time_remove_window: 0.361985
        time_remove_window: 1.3645e-05
        timing_PlanIn:
            total_PlanIn:0.0461763
            num_until_goal_expanded:355
            timing_expansions:
                total_S3Exp: 0.0461042
                time_top_o: 0.000231706
                time_check_in_c: 0.000199434
                time_add_parent: 0.000301667
                num_neighbors: 34128
                time_add_neighbors_to_o: 0.0423535
    num_windows_should_quit: 0
    time_should_quit: 4.2293e-05
    time_remove_window: 0
Complete!
