Total time: 0.33277
is_optimal: false
optimality_bound: 1.00197
successive_bounds: [1.00295, 1.00295, 1.00295, 1.00295, 1.00295, 1.00295, 1.00197]
successive_runtimes: [0.0235229, 0.0306987, 0.0386289, 0.0469844, 0.0575431, 0.0679093, 0.33277]
num_agents: 30
time_individual_plan: 0.00349533
time_first_plan: 0.0195046
num_max_agents_in_window_first_iteration: 3
num_recWAMPF: 7
timing_recWAMPF:
    total_RecWAMPF: 0.32875
    num_windows: 37
    num_max_agents_in_window: 4
    timing_gari:
        total_GARI: 0.0436785
        time_path_btw_starts: 0.000103651
        Stage1:
            total_Stage1:0.0267486
            time_add_x_to_o: 0.00771803
            time_clear_x: 0.000813573
            timing_AStarSearchUntil:
                total_astar_search_until:0.0182143
                num_values_f_less_fmax:434
                ASU Exp:
                    total_ASUExp:0.0182133
                    time_top_o:0.000188665
                    time_check_in_c:8.8934e-05
                    time_add_parent:0.000324703
                    num_neighbors:38050
                    time_add_neighbors_to_o:0.016965
        Stage2:
            total_Stage2:0.00194238
            num_len_path:36
            time_expanding_s:1.6125e-05
            timing_AStarSearchUntil:
                total_astar_search_until:0.00191275
                num_values_f_less_fmax:71
                ASU Exp:
                    total_ASUExp:0.00191198
                    time_top_o:1.9655e-05
                    time_check_in_c:1.3898e-05
                    time_add_parent:2.4132e-05
                    num_neighbors:4043
                    time_add_neighbors_to_o:0.00176353
        Stage3:
            total_Stage3:0.0148762
            num_until_goal_expanded:58
            timing_S3Exp:
                total_S3Exp: 0.00112362
                time_top_o: 1.4858e-05
                time_check_in_c: 9.554e-06
                time_add_parent: 1.5539e-05
                num_neighbors: 1409
                time_add_neighbors_to_o: 0.000905356
    timing_PIOW_overlapping:
        total_PIOW: 0.264264
        num_windows: 52
        time_check_overlap: 2.082e-06
        num_overlapping_windows: 1
        time_merge_windows: 2.344e-06
        time_remove_window: 3.98e-07
        time_remove_window: 2.294e-06
        timing_PlanIn:
            total_PlanIn:0.264254
            num_until_goal_expanded:1359
            timing_expansions:
                total_S3Exp: 0.264251
                time_top_o: 0.00139307
                time_check_in_c: 0.000320925
                time_add_parent: 0.000515225
                num_neighbors: 440815
                time_add_neighbors_to_o: 0.248535
    num_new_collisions: 4
    timing_PIOW_new_collisions:
        total_PIOW: 0.0190178
        num_windows: 13
        time_check_overlap: 6.56e-07
        num_overlapping_windows: 1
        time_merge_windows: 0
        time_remove_window: 0.00462274
        time_remove_window: 1.096e-06
        timing_PlanIn:
            total_PlanIn:0.0190099
            num_until_goal_expanded:292
            timing_expansions:
                total_S3Exp: 0.0189952
                time_top_o: 0.000101879
                time_check_in_c: 4.8531e-05
                time_add_parent: 8.1323e-05
                num_neighbors: 33729
                time_add_neighbors_to_o: 0.0174633
    num_windows_should_quit: 0
    time_should_quit: 2.226e-06
    time_remove_window: 0
Complete!
