Total time: 0.0344716
is_optimal: true
optimality_bound: 1
successive_bounds: [1.00396, 1.00308, 1.00308, 1.00308, 1.00308, 1.00308, 1.00308, 1.00308, 1.0022, 1.00088, 1, 1]
successive_runtimes: [0.00575654, 0.0073367, 0.00874874, 0.0102034, 0.0117185, 0.0132381, 0.0148395, 0.0163838, 0.0230382, 0.0319364, 0.0344716]
num_agents: 30
time_individual_plan: 0.00383944
time_first_plan: 0.00139742
num_max_agents_in_window_first_iteration: 2
num_recWAMPF: 11
timing_recWAMPF:
    total_RecWAMPF: 0.0301105
    num_windows: 105
    num_max_agents_in_window: 3
    timing_gari:
        total_GARI: 0.0224945
        time_path_btw_starts: 0.000335969
        Stage1:
            total_Stage1:0.00686474
            time_add_x_to_o: 0.00379851
            time_clear_x: 0.000512995
            timing_AStarSearchUntil:
                total_astar_search_until:0.00254798
                num_values_f_less_fmax:2119
                ASU Exp:
                    total_ASUExp:0.00254566
                    time_top_o:0.00043471
                    time_check_in_c:0.000245313
                    time_add_parent:0.000122529
                    num_neighbors:2945
                    time_add_neighbors_to_o:0.00116168
        Stage2:
            total_Stage2:0.00864545
            num_len_path:119
            time_expanding_s:5.6398e-05
            timing_AStarSearchUntil:
                total_astar_search_until:0.00856343
                num_values_f_less_fmax:680
                ASU Exp:
                    total_ASUExp:0.00856135
                    time_top_o:0.000170437
                    time_check_in_c:0.000133353
                    time_add_parent:0.000180879
                    num_neighbors:17182
                    time_add_neighbors_to_o:0.00735773
        Stage3:
            total_Stage3:0.0066344
            num_until_goal_expanded:1027
            timing_S3Exp:
                total_S3Exp: 0.00439402
                time_top_o: 0.000218145
                time_check_in_c: 0.000137681
                time_add_parent: 0.000316213
                num_neighbors: 7163
                time_add_neighbors_to_o: 0.00278782
    timing_PIOW_overlapping:
        total_PIOW: 1.3677e-05
        num_windows: 250
        time_check_overlap: 7.439e-06
        num_overlapping_windows: 0
        time_merge_windows: 0
        time_remove_window: 0
        time_remove_window: 0
        timing_PlanIn:
            total_PlanIn:0
            num_until_goal_expanded:0
            timing_expansions:
                total_S3Exp: 0
                time_top_o: 0
                time_check_in_c: 0
                time_add_parent: 0
                num_neighbors: 0
                time_add_neighbors_to_o: 0
    num_new_collisions: 6
    timing_PIOW_new_collisions:
        total_PIOW: 0.00443889
        num_windows: 29
        time_check_overlap: 1.095e-06
        num_overlapping_windows: 1
        time_merge_windows: 0
        time_remove_window: 0.0283654
        time_remove_window: 4.071e-06
        timing_PlanIn:
            total_PlanIn:0.00442664
            num_until_goal_expanded:138
            timing_expansions:
                total_S3Exp: 0.00441562
                time_top_o: 2.3926e-05
                time_check_in_c: 2.5351e-05
                time_add_parent: 3.6421e-05
                num_neighbors: 6965
                time_add_neighbors_to_o: 0.00397389
    num_windows_should_quit: 0
    time_should_quit: 3.339e-06
    time_remove_window: 0
Complete!
