Total time: 6.54746
is_optimal: false
optimality_bound: 1.004
successive_bounds: [1.00801, 1.00585, 1.00524, 1.00524, 1.00524, 1.00524, 1.00493, 1.004, 1.004, 1.004]
successive_runtimes: [0.0210772, 0.0272761, 0.0524914, 0.0731754, 0.105598, 0.159304, 0.221201, 2.96241, 4.616, 6.54746]
num_agents: 50
time_individual_plan: 0.0148028
time_first_plan: 0.00568743
num_max_agents_in_window_first_iteration: 2
num_recWAMPF: 10
timing_recWAMPF:
    total_RecWAMPF: 6.53206
    num_windows: 113
    num_max_agents_in_window: 4
    timing_gari:
        total_GARI: 3.8362
        time_path_btw_starts: 0.000288485
        Stage1:
            total_Stage1:2.09126
            time_add_x_to_o: 0.519819
            time_clear_x: 0.204297
            timing_AStarSearchUntil:
                total_astar_search_until:1.36713
                num_values_f_less_fmax:12856
                ASU Exp:
                    total_ASUExp:1.36713
                    time_top_o:0.0171513
                    time_check_in_c:0.0633002
                    time_add_parent:0.0044653
                    num_neighbors:2582872
                    time_add_neighbors_to_o:1.26149
        Stage2:
            total_Stage2:0.0104764
            num_len_path:105
            time_expanding_s:5.1582e-05
            timing_AStarSearchUntil:
                total_astar_search_until:0.0103853
                num_values_f_less_fmax:415
                ASU Exp:
                    total_ASUExp:0.010383
                    time_top_o:0.000122815
                    time_check_in_c:9.6733e-05
                    time_add_parent:0.000156747
                    num_neighbors:21669
                    time_add_neighbors_to_o:0.00952831
        Stage3:
            total_Stage3:1.73415
            num_until_goal_expanded:8535
            timing_S3Exp:
                total_S3Exp: 1.12739
                time_top_o: 0.00980245
                time_check_in_c: 0.00422259
                time_add_parent: 0.00381784
                num_neighbors: 1928776
                time_add_neighbors_to_o: 1.09536
    timing_PIOW_overlapping:
        total_PIOW: 2.68399
        num_windows: 443
        time_check_overlap: 1.5811e-05
        num_overlapping_windows: 9
        time_merge_windows: 1.0841e-05
        time_remove_window: 1.865e-06
        time_remove_window: 1.0426e-05
        timing_PlanIn:
            total_PlanIn:2.68393
            num_until_goal_expanded:12918
            timing_expansions:
                total_S3Exp: 2.68391
                time_top_o: 0.0159192
                time_check_in_c: 0.0034497
                time_add_parent: 0.00598578
                num_neighbors: 4724106
                time_add_neighbors_to_o: 2.51636
    num_new_collisions: 13
    timing_PIOW_new_collisions:
        total_PIOW: 0.00242846
        num_windows: 142
        time_check_overlap: 4.095e-06
        num_overlapping_windows: 0
        time_merge_windows: 0
        time_remove_window: 0
        time_remove_window: 4.258e-06
        timing_PlanIn:
            total_PlanIn:0.00240593
            num_until_goal_expanded:277
            timing_expansions:
                total_S3Exp: 0.00238353
                time_top_o: 3.679e-05
                time_check_in_c: 4.7544e-05
                time_add_parent: 7.022e-05
                num_neighbors: 4184
                time_add_neighbors_to_o: 0.00183046
    num_windows_should_quit: 0
    time_should_quit: 7.155e-06
    time_remove_window: 0
Complete!
