Total time: 0.139784
is_optimal: false
optimality_bound: 1.00372
successive_bounds: [1.00526, 1.00526, 1.00526, 1.00434, 1.00434, 1.00434, 1.00434, 1.00372, 1.00372, 1.00372, 1.00372, 1.00372, 1.00372, 1.00372, 1.00372, 1.00372, 1.00372, 1.00372, 1.00372, 1.00372, 1.00372, 1.00372, 1.00372, 1.00372, 1.00372, 1.00372, 1.00372, 1.00372]
successive_runtimes: [0.00991996, 0.0130714, 0.0167847, 0.0228029, 0.0243662, 0.0255448, 0.0266928, 0.029465, 0.0307894, 0.0320301, 0.0332243, 0.034422, 0.0497868, 0.0642676, 0.0689245, 0.073052, 0.0771533, 0.0813115, 0.087406, 0.0933641, 0.0989686, 0.104562, 0.110121, 0.115777, 0.121645, 0.12734, 0.133977, 0.139783]
num_agents: 50
time_individual_plan: 0.0052885
time_first_plan: 0.00410742
num_max_agents_in_window_first_iteration: 2
num_recWAMPF: 28
timing_recWAMPF:
    total_RecWAMPF: 0.133966
    num_windows: 96
    num_max_agents_in_window: 4
    timing_gari:
        total_GARI: 0.0929817
        time_path_btw_starts: 0.000195771
        Stage1:
            total_Stage1:0.0166991
            time_add_x_to_o: 0.0134347
            time_clear_x: 0.00219144
            timing_AStarSearchUntil:
                total_astar_search_until:0.00106722
                num_values_f_less_fmax:730
                ASU Exp:
                    total_ASUExp:0.00106456
                    time_top_o:0.000167572
                    time_check_in_c:0.000107122
                    time_add_parent:2.9227e-05
                    num_neighbors:1274
                    time_add_neighbors_to_o:0.000490147
        Stage2:
            total_Stage2:0.0051474
            num_len_path:65
            time_expanding_s:3.179e-05
            timing_AStarSearchUntil:
                total_astar_search_until:0.00508661
                num_values_f_less_fmax:110
                ASU Exp:
                    total_ASUExp:0.00508469
                    time_top_o:2.9086e-05
                    time_check_in_c:2.3302e-05
                    time_add_parent:3.8786e-05
                    num_neighbors:12289
                    time_add_neighbors_to_o:0.00452803
        Stage3:
            total_Stage3:0.0709211
            num_until_goal_expanded:906
            timing_S3Exp:
                total_S3Exp: 0.0255671
                time_top_o: 0.000220055
                time_check_in_c: 0.000134337
                time_add_parent: 0.000252645
                num_neighbors: 36501
                time_add_neighbors_to_o: 0.0235981
    timing_PIOW_overlapping:
        total_PIOW: 0.00522949
        num_windows: 240
        time_check_overlap: 5.024e-06
        num_overlapping_windows: 8
        time_merge_windows: 5.544e-06
        time_remove_window: 1.039e-06
        time_remove_window: 5.216e-06
        timing_PlanIn:
            total_PlanIn:0.00520636
            num_until_goal_expanded:304
            timing_expansions:
                total_S3Exp: 0.00519233
                time_top_o: 4.9775e-05
                time_check_in_c: 5.3158e-05
                time_add_parent: 7.6685e-05
                num_neighbors: 7788
                time_add_neighbors_to_o: 0.0044296
    num_new_collisions: 10
    timing_PIOW_new_collisions:
        total_PIOW: 0.0153168
        num_windows: 73
        time_check_overlap: 1.996e-06
        num_overlapping_windows: 1
        time_merge_windows: 0
        time_remove_window: 0.0356839
        time_remove_window: 5.722e-06
        timing_PlanIn:
            total_PlanIn:0.0152896
            num_until_goal_expanded:233
            timing_expansions:
                total_S3Exp: 0.0152721
                time_top_o: 3.9668e-05
                time_check_in_c: 4.5115e-05
                time_add_parent: 6.1647e-05
                num_neighbors: 22875
                time_add_neighbors_to_o: 0.0142217
    num_windows_should_quit: 0
    time_should_quit: 4.68e-06
    time_remove_window: 0
Complete!
