Total time: 0.10924
is_optimal: true
optimality_bound: 1
successive_bounds: [1.00155, 1.00104, 1.00104, 1.00104, 1.00104, 1.00052, 1.00052, 1.00052, 1.00052, 1.00052, 1.00052, 1.00052, 1.00052, 1.00052, 1.00052, 1.00052, 1, 1]
successive_runtimes: [0.0449822, 0.0481938, 0.0521922, 0.056352, 0.0601029, 0.0669226, 0.0708773, 0.0749263, 0.0788668, 0.0823568, 0.0857268, 0.0894997, 0.0930951, 0.0969427, 0.100853, 0.104651, 0.10924]
num_agents: 40
time_individual_plan: 0.038225
time_first_plan: 0.00541424
num_max_agents_in_window_first_iteration: 2
num_recWAMPF: 17
timing_recWAMPF:
    total_RecWAMPF: 0.0696641
    num_windows: 132
    num_max_agents_in_window: 2
    timing_gari:
        total_GARI: 0.0479236
        time_path_btw_starts: 0.000825166
        Stage1:
            total_Stage1:0.0118043
            time_add_x_to_o: 0.00775771
            time_clear_x: 0.00135366
            timing_AStarSearchUntil:
                total_astar_search_until:0.00267935
                num_values_f_less_fmax:254
                ASU Exp:
                    total_ASUExp:0.00267284
                    time_top_o:0.00013021
                    time_check_in_c:0.000106473
                    time_add_parent:0.000121744
                    num_neighbors:2151
                    time_add_neighbors_to_o:0.00197109
        Stage2:
            total_Stage2:0.0119788
            num_len_path:136
            time_expanding_s:0.000185785
            timing_AStarSearchUntil:
                total_astar_search_until:0.0117188
                num_values_f_less_fmax:379
                ASU Exp:
                    total_ASUExp:0.0117135
                    time_top_o:0.000197054
                    time_check_in_c:0.000237331
                    time_add_parent:0.000432625
                    num_neighbors:9265
                    time_add_neighbors_to_o:0.00963896
        Stage3:
            total_Stage3:0.0232405
            num_until_goal_expanded:2126
            timing_S3Exp:
                total_S3Exp: 0.0152198
                time_top_o: 0.00102217
                time_check_in_c: 0.000576107
                time_add_parent: 0.000826771
                num_neighbors: 7989
                time_add_neighbors_to_o: 0.00853777
    timing_PIOW_overlapping:
        total_PIOW: 2.9664e-05
        num_windows: 256
        time_check_overlap: 1.668e-05
        num_overlapping_windows: 0
        time_merge_windows: 0
        time_remove_window: 0
        time_remove_window: 0
        timing_PlanIn:
            total_PlanIn:0
            num_until_goal_expanded:0
            timing_expansions:
                total_S3Exp: 0
                time_top_o: 0
                time_check_in_c: 0
                time_add_parent: 0
                num_neighbors: 0
                time_add_neighbors_to_o: 0
    num_new_collisions: 4
    timing_PIOW_new_collisions:
        total_PIOW: 0.00241415
        num_windows: 12
        time_check_overlap: 1.102e-06
        num_overlapping_windows: 0
        time_merge_windows: 0
        time_remove_window: 0
        time_remove_window: 3.78e-06
        timing_PlanIn:
            total_PlanIn:0.00239828
            num_until_goal_expanded:124
            timing_expansions:
                total_S3Exp: 0.00237702
                time_top_o: 3.9401e-05
                time_check_in_c: 6.4291e-05
                time_add_parent: 0.000129977
                num_neighbors: 1150
                time_add_neighbors_to_o: 0.00165184
    num_windows_should_quit: 0
    time_should_quit: 9.415e-06
    time_remove_window: 0
Complete!
