Total time: 54.2315
is_optimal: false
optimality_bound: 1.00167
successive_bounds: [1.00334, 1.00223, 1.00167, 1.00167, 1.00167, 1.00167, 1.00167, 1.00167, 1.00167, 1.00167, 1.00167, 1.00167, 1.00167, 1.00167, 1.00167, 1.00167, 1.00167, 1.00167, 1.00167, 1.00167, 1.00167, 1.00167, 1.00167, 1.00167, 1.00167, 1.00167, 1.00167, 1.00167, 1.00167]
successive_runtimes: [10.8494, 25.1732, 39.4121, 50.337, 50.3713, 50.4013, 50.5209, 50.6215, 50.7207, 50.8073, 50.9001, 51.0019, 51.1129, 51.2325, 51.3472, 51.5162, 51.6595, 51.8134, 51.9771, 52.1507, 52.3335, 52.529, 52.7319, 52.9454, 53.1691, 53.4068, 53.6506, 53.9549, 54.2315]
num_agents: 50
time_individual_plan: 0.0073532
time_first_plan: 10.8413
num_max_agents_in_window_first_iteration: 4
num_recWAMPF: 29
timing_recWAMPF:
    total_RecWAMPF: 54.2234
    num_windows: 195
    num_max_agents_in_window: 4
    timing_gari:
        total_GARI: 32.4422
        time_path_btw_starts: 0.000656393
        Stage1:
            total_Stage1:25.7122
            time_add_x_to_o: 6.2619
            time_clear_x: 2.56795
            timing_AStarSearchUntil:
                total_astar_search_until:16.8823
                num_values_f_less_fmax:83555
                ASU Exp:
                    total_ASUExp:16.8823
                    time_top_o:0.201897
                    time_check_in_c:1.07299
                    time_add_parent:0.045317
                    num_neighbors:24775816
                    time_add_neighbors_to_o:15.4328
        Stage2:
            total_Stage2:0.59297
            num_len_path:169
            time_expanding_s:0.000208984
            timing_AStarSearchUntil:
                total_astar_search_until:0.592612
                num_values_f_less_fmax:1285
                ASU Exp:
                    total_ASUExp:0.592607
                    time_top_o:0.00145723
                    time_check_in_c:0.00059018
                    time_add_parent:0.00353835
                    num_neighbors:851670
                    time_add_neighbors_to_o:0.583701
        Stage3:
            total_Stage3:6.13617
            num_until_goal_expanded:10086
            timing_S3Exp:
                total_S3Exp: 0.978741
                time_top_o: 0.013571
                time_check_in_c: 0.00342384
                time_add_parent: 0.00724834
                num_neighbors: 1347832
                time_add_neighbors_to_o: 0.932423
    timing_PIOW_overlapping:
        total_PIOW: 10.9241
        num_windows: 394
        time_check_overlap: 2.6535e-05
        num_overlapping_windows: 5
        time_merge_windows: 1.0567e-05
        time_remove_window: 1.564e-06
        time_remove_window: 1.0094e-05
        timing_PlanIn:
            total_PlanIn:10.9241
            num_until_goal_expanded:25007
            timing_expansions:
                total_S3Exp: 10.9241
                time_top_o: 0.0502657
                time_check_in_c: 0.012134
                time_add_parent: 0.017029
                num_neighbors: 14904048
                time_add_neighbors_to_o: 10.3318
    num_new_collisions: 10
    timing_PIOW_new_collisions:
        total_PIOW: 10.839
        num_windows: 74
        time_check_overlap: 4.422e-06
        num_overlapping_windows: 2
        time_merge_windows: 0
        time_remove_window: 0.0242072
        time_remove_window: 4.406e-06
        timing_PlanIn:
            total_PlanIn:10.839
            num_until_goal_expanded:24684
            timing_expansions:
                total_S3Exp: 10.8389
                time_top_o: 0.0475403
                time_check_in_c: 0.0123188
                time_add_parent: 0.0165016
                num_neighbors: 14836002
                time_add_neighbors_to_o: 10.2539
    num_windows_should_quit: 0
    time_should_quit: 1.6956e-05
    time_remove_window: 0
Complete!
