Total time: 117.168
is_optimal: false
optimality_bound: 1.00214
successive_bounds: [1.00498, 1.00356, 1.00285, 1.00285, 1.00214, 1.00214, 1.00214, 1.00214, 1.00214]
successive_runtimes: [0.0240591, 0.0299554, 0.035796, 0.040866, 0.0461057, 2.39689, 4.14776, 69.0302, 117.168]
num_agents: 40
time_individual_plan: 0.0179029
time_first_plan: 0.0053087
num_max_agents_in_window_first_iteration: 3
num_recWAMPF: 9
timing_recWAMPF:
    total_RecWAMPF: 117.149
    num_windows: 108
    num_max_agents_in_window: 5
    timing_gari:
        total_GARI: 51.4742
        time_path_btw_starts: 0.000306886
        Stage1:
            total_Stage1:22.0767
            time_add_x_to_o: 6.8532
            time_clear_x: 1.48352
            timing_AStarSearchUntil:
                total_astar_search_until:13.74
                num_values_f_less_fmax:24826
                ASU Exp:
                    total_ASUExp:13.74
                    time_top_o:0.0636432
                    time_check_in_c:0.140772
                    time_add_parent:0.00856542
                    num_neighbors:17755401
                    time_add_neighbors_to_o:13.4896
        Stage2:
            total_Stage2:0.00868456
            num_len_path:97
            time_expanding_s:6.8917e-05
            timing_AStarSearchUntil:
                total_astar_search_until:0.00857573
                num_values_f_less_fmax:218
                ASU Exp:
                    total_ASUExp:0.0085731
                    time_top_o:6.7447e-05
                    time_check_in_c:0.000124155
                    time_add_parent:7.5939e-05
                    num_neighbors:12997
                    time_add_neighbors_to_o:0.00799606
        Stage3:
            total_Stage3:29.3885
            num_until_goal_expanded:18918
            timing_S3Exp:
                total_S3Exp: 18.8568
                time_top_o: 0.0405443
                time_check_in_c: 0.00523699
                time_add_parent: 0.0125488
                num_neighbors: 22807724
                time_add_neighbors_to_o: 18.7479
    timing_PIOW_overlapping:
        total_PIOW: 2.34918
        num_windows: 497
        time_check_overlap: 1.6045e-05
        num_overlapping_windows: 9
        time_merge_windows: 1.0698e-05
        time_remove_window: 2.455e-06
        time_remove_window: 1.0248e-05
        timing_PlanIn:
            total_PlanIn:2.34912
            num_until_goal_expanded:9590
            timing_expansions:
                total_S3Exp: 2.3491
                time_top_o: 0.0109084
                time_check_in_c: 0.00288757
                time_add_parent: 0.00459461
                num_neighbors: 4175686
                time_add_neighbors_to_o: 2.20662
    num_new_collisions: 13
    timing_PIOW_new_collisions:
        total_PIOW: 63.319
        num_windows: 124
        time_check_overlap: 5.097e-06
        num_overlapping_windows: 2
        time_merge_windows: 0
        time_remove_window: 5.73542
        time_remove_window: 5.746e-06
        timing_PlanIn:
            total_PlanIn:63.3189
            num_until_goal_expanded:36189
            timing_expansions:
                total_S3Exp: 63.3189
                time_top_o: 0.0870334
                time_check_in_c: 0.0142744
                time_add_parent: 0.0225072
                num_neighbors: 91455208
                time_add_neighbors_to_o: 60.8241
    num_windows_should_quit: 0
    time_should_quit: 5.16e-06
    time_remove_window: 0
Complete!
