Total time: 212.264
is_optimal: true
optimality_bound: 1
successive_bounds: [1.03164, 1.0031, 1.0031, 1.0031, 1.0031, 1.00248, 1.00248, 1.00248, 1.00155, 1.00155, 1.00124, 1.00062, 1.00062, 1.00062, 1.00062, 1.00062, 1.00062, 1.00062, 1.00062, 1.00062, 1.00062, 1.00062, 1.00062, 1.00062, 1.00062, 1.00062, 1.00062, 1.00062, 1, 1]
successive_runtimes: [0.0636354, 0.158417, 0.205787, 0.224638, 0.249651, 0.296145, 0.356775, 0.789354, 1.90352, 5.72461, 11.8876, 16.2407, 20.6476, 26.6813, 33.3271, 46.9143, 60.672, 72.3119, 83.8519, 95.7778, 107.784, 119.343, 130.685, 142.223, 155.788, 168.63, 181.79, 197.302, 212.264]
num_agents: 40
time_individual_plan: 0.0367207
time_first_plan: 0.0255654
num_max_agents_in_window_first_iteration: 2
num_recWAMPF: 29
timing_recWAMPF:
    total_RecWAMPF: 212.226
    num_windows: 463
    num_max_agents_in_window: 4
    timing_gari:
        total_GARI: 210.492
        time_path_btw_starts: 0.00903724
        Stage1:
            total_Stage1:90.3836
            time_add_x_to_o: 23.2283
            time_clear_x: 10.375
            timing_AStarSearchUntil:
                total_astar_search_until:56.7802
                num_values_f_less_fmax:417675
                ASU Exp:
                    total_ASUExp:56.7802
                    time_top_o:0.798758
                    time_check_in_c:0.304148
                    time_add_parent:0.518379
                    num_neighbors:69262637
                    time_add_neighbors_to_o:53.0627
        Stage2:
            total_Stage2:1.67619
            num_len_path:430
            time_expanding_s:0.000490326
            timing_AStarSearchUntil:
                total_astar_search_until:0.474732
                num_values_f_less_fmax:27312
                ASU Exp:
                    total_ASUExp:0.474717
                    time_top_o:0.0315977
                    time_check_in_c:0.012163
                    time_add_parent:0.0309003
                    num_neighbors:1842564
                    time_add_neighbors_to_o:1.5256
        Stage3:
            total_Stage3:118.423
            num_until_goal_expanded:508126
            timing_S3Exp:
                total_S3Exp: 50.2366
                time_top_o: 0.701918
                time_check_in_c: 0.260063
                time_add_parent: 0.473926
                num_neighbors: 60096021
                time_add_neighbors_to_o: 46.8103
    timing_PIOW_overlapping:
        total_PIOW: 0.00765579
        num_windows: 1855
        time_check_overlap: 0.000116686
        num_overlapping_windows: 1
        time_merge_windows: 3.666e-06
        time_remove_window: 4.58e-07
        time_remove_window: 3.603e-06
        timing_PlanIn:
            total_PlanIn:0.00747162
            num_until_goal_expanded:85
            timing_expansions:
                total_S3Exp: 0.00746848
                time_top_o: 2.7604e-05
                time_check_in_c: 2.391e-05
                time_add_parent: 5.4624e-05
                num_neighbors: 8620
                time_add_neighbors_to_o: 0.00682565
    num_new_collisions: 11
    timing_PIOW_new_collisions:
        total_PIOW: 0.691008
        num_windows: 109
        time_check_overlap: 7.037e-06
        num_overlapping_windows: 2
        time_merge_windows: 0
        time_remove_window: 1.43959
        time_remove_window: 8.482e-06
        timing_PlanIn:
            total_PlanIn:0.690954
            num_until_goal_expanded:5355
            timing_expansions:
                total_S3Exp: 0.690909
                time_top_o: 0.00506905
                time_check_in_c: 0.00249603
                time_add_parent: 0.00494744
                num_neighbors: 802513
                time_add_neighbors_to_o: 0.629217
    num_windows_should_quit: 0
    time_should_quit: 5.1403e-05
    time_remove_window: 0
Complete!
