Total time: 0.0116514
is_optimal: true
optimality_bound: 1
successive_bounds: [1.00305, 1.00305, 1.00305, 1.00305, 1.00305, 1.00305, 1.00305, 1.00305, 1.00305, 1.00305, 1.00305, 1.00305, 1.00305, 1.00305, 1.00305, 1.00305, 1.00305, 1.00305, 1.00305, 1.00305, 1.00305, 1.00305, 1.00305, 1.00305, 1.00305, 1.00305, 1.00305, 1.00305, 1.00305, 1.00305, 1.00305, 1.00305, 1.00305, 1.00305, 1.00305, 1.00305, 1.00305, 1, 1]
successive_runtimes: [0.0021707, 0.00233396, 0.00248786, 0.00263695, 0.00280616, 0.00302414, 0.00319413, 0.00337203, 0.00355475, 0.00374353, 0.00395161, 0.00415132, 0.00435284, 0.00456251, 0.00478273, 0.00500823, 0.00524219, 0.00547896, 0.005721, 0.00595927, 0.00627309, 0.00655776, 0.00682373, 0.00709845, 0.00738497, 0.00767284, 0.0079667, 0.00826962, 0.00857694, 0.00884373, 0.00908752, 0.00933218, 0.00958256, 0.0098369, 0.0100869, 0.0103404, 0.0105953, 0.0116513]
num_agents: 10
time_individual_plan: 0.00136428
time_first_plan: 0.000144516
num_max_agents_in_window_first_iteration: 2
num_recWAMPF: 38
timing_recWAMPF:
    total_RecWAMPF: 0.0096177
    num_windows: 75
    num_max_agents_in_window: 2
    timing_gari:
        total_GARI: 0.00841088
        time_path_btw_starts: 0.000176105
        Stage1:
            total_Stage1:0.000558051
            time_add_x_to_o: 0.000486258
            time_clear_x: 6.2156e-05
            timing_AStarSearchUntil:
                total_astar_search_until:4.245e-06
                num_values_f_less_fmax:0
                ASU Exp:
                    total_ASUExp:2.018e-06
                    time_top_o:0
                    time_check_in_c:0
                    time_add_parent:0
                    num_neighbors:0
                    time_add_neighbors_to_o:0
        Stage2:
            total_Stage2:0.00191193
            num_len_path:65
            time_expanding_s:3.605e-05
            timing_AStarSearchUntil:
                total_astar_search_until:0.00184932
                num_values_f_less_fmax:121
                ASU Exp:
                    total_ASUExp:0.00184743
                    time_top_o:3.9681e-05
                    time_check_in_c:3.1334e-05
                    time_add_parent:5.0247e-05
                    num_neighbors:2985
                    time_add_neighbors_to_o:0.00154582
        Stage3:
            total_Stage3:0.00574937
            num_until_goal_expanded:149
            timing_S3Exp:
                total_S3Exp: 0.00212403
                time_top_o: 3.7621e-05
                time_check_in_c: 2.9013e-05
                time_add_parent: 3.9264e-05
                num_neighbors: 2216
                time_add_neighbors_to_o: 0.00157316
    timing_PIOW_overlapping:
        total_PIOW: 1.45e-06
        num_windows: 37
        time_check_overlap: 0
        num_overlapping_windows: 0
        time_merge_windows: 0
        time_remove_window: 0
        time_remove_window: 0
        timing_PlanIn:
            total_PlanIn:0
            num_until_goal_expanded:0
            timing_expansions:
                total_S3Exp: 0
                time_top_o: 0
                time_check_in_c: 0
                time_add_parent: 0
                num_neighbors: 0
                time_add_neighbors_to_o: 0
    num_new_collisions: 1
    timing_PIOW_new_collisions:
        total_PIOW: 0.00010732
        num_windows: 0
        time_check_overlap: 0
        num_overlapping_windows: 0
        time_merge_windows: 0
        time_remove_window: 0
        time_remove_window: 2.25e-07
        timing_PlanIn:
            total_PlanIn:0.000104711
            num_until_goal_expanded:7
            timing_expansions:
                total_S3Exp: 0.000101234
                time_top_o: 1.839e-06
                time_check_in_c: 1.699e-06
                time_add_parent: 3.593e-06
                num_neighbors: 135
                time_add_neighbors_to_o: 7.6699e-05
    num_windows_should_quit: 0
    time_should_quit: 2.619e-06
    time_remove_window: 0
Complete!
