Total time: 0.0415184
is_optimal: false
optimality_bound: 1.00161
successive_bounds: [1.00644, 1.00402, 1.00402, 1.00161, 1.00161, 1.00161, 1.00161, 1.00161, 1.00161, 1.00161, 1.00161, 1.00161, 1.00161]
successive_runtimes: [0.0100633, 0.011105, 0.0121802, 0.0176459, 0.0214198, 0.0231699, 0.0251716, 0.0276034, 0.0300779, 0.0327701, 0.0358363, 0.0386137, 0.0415184]
num_agents: 20
time_individual_plan: 0.00811814
time_first_plan: 0.001251
num_max_agents_in_window_first_iteration: 2
num_recWAMPF: 13
timing_recWAMPF:
    total_RecWAMPF: 0.0327024
    num_windows: 130
    num_max_agents_in_window: 3
    timing_gari:
        total_GARI: 0.025973
        time_path_btw_starts: 0.0005532
        Stage1:
            total_Stage1:0.00664119
            time_add_x_to_o: 0.00483493
            time_clear_x: 0.000663987
            timing_AStarSearchUntil:
                total_astar_search_until:0.00113365
                num_values_f_less_fmax:188
                ASU Exp:
                    total_ASUExp:0.00113022
                    time_top_o:6.1233e-05
                    time_check_in_c:6.8083e-05
                    time_add_parent:5.6792e-05
                    num_neighbors:1903
                    time_add_neighbors_to_o:0.000810075
        Stage2:
            total_Stage2:0.00434505
            num_len_path:129
            time_expanding_s:0.000140104
            timing_AStarSearchUntil:
                total_astar_search_until:0.00416078
                num_values_f_less_fmax:222
                ASU Exp:
                    total_ASUExp:0.00415776
                    time_top_o:6.901e-05
                    time_check_in_c:4.8364e-05
                    time_add_parent:8.4419e-05
                    num_neighbors:7848
                    time_add_neighbors_to_o:0.00362403
        Stage3:
            total_Stage3:0.0141638
            num_until_goal_expanded:1115
            timing_S3Exp:
                total_S3Exp: 0.00792542
                time_top_o: 0.000323548
                time_check_in_c: 0.000166838
                time_add_parent: 0.000334413
                num_neighbors: 9904
                time_add_neighbors_to_o: 0.00567673
    timing_PIOW_overlapping:
        total_PIOW: 0.00439148
        num_windows: 330
        time_check_overlap: 1.7669e-05
        num_overlapping_windows: 1
        time_merge_windows: 1.482e-06
        time_remove_window: 1.97e-07
        time_remove_window: 1.417e-06
        timing_PlanIn:
            total_PlanIn:0.00435746
            num_until_goal_expanded:73
            timing_expansions:
                total_S3Exp: 0.00435474
                time_top_o: 3.4452e-05
                time_check_in_c: 1.4832e-05
                time_add_parent: 2.4819e-05
                num_neighbors: 6323
                time_add_neighbors_to_o: 0.00394407
    num_new_collisions: 6
    timing_PIOW_new_collisions:
        total_PIOW: 0.000907551
        num_windows: 30
        time_check_overlap: 1.646e-06
        num_overlapping_windows: 0
        time_merge_windows: 0
        time_remove_window: 0
        time_remove_window: 1.988e-06
        timing_PlanIn:
            total_PlanIn:0.000895582
            num_until_goal_expanded:82
            timing_expansions:
                total_S3Exp: 0.000883682
                time_top_o: 3.1741e-05
                time_check_in_c: 1.7458e-05
                time_add_parent: 4.5458e-05
                num_neighbors: 982
                time_add_neighbors_to_o: 0.000617822
    num_windows_should_quit: 0
    time_should_quit: 5.299e-06
    time_remove_window: 0
Complete!
