Total time: 0.017023
is_optimal: true
optimality_bound: 1
successive_bounds: [1.00321, 1.00321, 1.00321, 1.00321, 1.00321, 1.00321, 1.0016, 1.0016, 1, 1]
successive_runtimes: [0.00462451, 0.00550853, 0.00652907, 0.00785977, 0.00958529, 0.011386, 0.0134619, 0.0152755, 0.017023]
num_agents: 20
time_individual_plan: 0.00357033
time_first_plan: 0.000520101
num_max_agents_in_window_first_iteration: 2
num_recWAMPF: 9
timing_recWAMPF:
    total_RecWAMPF: 0.0129168
    num_windows: 34
    num_max_agents_in_window: 2
    timing_gari:
        total_GARI: 0.0117221
        time_path_btw_starts: 0.000208356
        Stage1:
            total_Stage1:0.00518165
            time_add_x_to_o: 0.00219624
            time_clear_x: 0.000296106
            timing_AStarSearchUntil:
                total_astar_search_until:0.00268746
                num_values_f_less_fmax:2324
                ASU Exp:
                    total_ASUExp:0.00268666
                    time_top_o:0.000491893
                    time_check_in_c:0.00030671
                    time_add_parent:0.000220755
                    num_neighbors:2740
                    time_add_neighbors_to_o:0.00101184
        Stage2:
            total_Stage2:0.00119706
            num_len_path:30
            time_expanding_s:1.4364e-05
            timing_AStarSearchUntil:
                total_astar_search_until:0.00117292
                num_values_f_less_fmax:113
                ASU Exp:
                    total_ASUExp:0.00117224
                    time_top_o:2.4603e-05
                    time_check_in_c:2.1944e-05
                    time_add_parent:5.548e-05
                    num_neighbors:2646
                    time_add_neighbors_to_o:0.000958477
        Stage3:
            total_Stage3:0.0051299
            num_until_goal_expanded:1099
            timing_S3Exp:
                total_S3Exp: 0.00408034
                time_top_o: 0.000239404
                time_check_in_c: 0.000159154
                time_add_parent: 0.000300846
                num_neighbors: 6519
                time_add_neighbors_to_o: 0.00250188
    timing_PIOW_overlapping:
        total_PIOW: 1.928e-06
        num_windows: 32
        time_check_overlap: 8.36e-07
        num_overlapping_windows: 0
        time_merge_windows: 0
        time_remove_window: 0
        time_remove_window: 0
        timing_PlanIn:
            total_PlanIn:0
            num_until_goal_expanded:0
            timing_expansions:
                total_S3Exp: 0
                time_top_o: 0
                time_check_in_c: 0
                time_add_parent: 0
                num_neighbors: 0
                time_add_neighbors_to_o: 0
    num_new_collisions: 2
    timing_PIOW_new_collisions:
        total_PIOW: 0.000372475
        num_windows: 2
        time_check_overlap: 1.44e-07
        num_overlapping_windows: 0
        time_merge_windows: 0
        time_remove_window: 0
        time_remove_window: 6.31e-07
        timing_PlanIn:
            total_PlanIn:0.000369555
            num_until_goal_expanded:52
            timing_expansions:
                total_S3Exp: 0.000364558
                time_top_o: 6.421e-06
                time_check_in_c: 1.0168e-05
                time_add_parent: 1.4059e-05
                num_neighbors: 434
                time_add_neighbors_to_o: 0.000222913
    num_windows_should_quit: 0
    time_should_quit: 8.46e-07
    time_remove_window: 0
Complete!
