Total time: 53.1934
is_optimal: false
optimality_bound: 1.00083
successive_bounds: [1.0058, 1.0058, 1.0058, 1.00469, 1.00442, 1.00442, 1.00442, 1.00442, 1.00387, 1.00387, 1.00387, 1.00276, 1.00221, 1.00166, 1.00166, 1.00166, 1.00166, 1.00166, 1.00166, 1.00166, 1.00166, 1.00166, 1.00166, 1.00166, 1.00166, 1.00166, 1.00166, 1.0011, 1.0011, 1.0011, 1.0011, 1.0011, 1.0011, 1.0011, 1.0011, 1.0011, 1.0011, 1.00083]
successive_runtimes: [0.0221053, 0.0388256, 0.064445, 0.125263, 0.161982, 0.202198, 0.248022, 0.293913, 0.343504, 0.409538, 0.484589, 0.825096, 1.05974, 1.14939, 1.23394, 1.32289, 1.4281, 1.59358, 1.77547, 1.88537, 2.12806, 2.35675, 2.58509, 2.73319, 10.7334, 11.7736, 12.8393, 21.0955, 21.9583, 22.8035, 23.6384, 24.4754, 25.319, 26.1062, 26.8883, 27.6771, 48.4506, 53.1934]
num_agents: 50
time_individual_plan: 0.0109849
time_first_plan: 0.0104254
num_max_agents_in_window_first_iteration: 3
num_recWAMPF: 38
timing_recWAMPF:
    total_RecWAMPF: 53.1817
    num_windows: 765
    num_max_agents_in_window: 4
    timing_gari:
        total_GARI: 42.8051
        time_path_btw_starts: 0.00978244
        Stage1:
            total_Stage1:3.43084
            time_add_x_to_o: 0.473026
            time_clear_x: 0.142088
            timing_AStarSearchUntil:
                total_astar_search_until:1.07035
                num_values_f_less_fmax:50030
                ASU Exp:
                    total_ASUExp:1.07032
                    time_top_o:0.0421059
                    time_check_in_c:0.0162566
                    time_add_parent:0.0220635
                    num_neighbors:4020383
                    time_add_neighbors_to_o:2.66391
        Stage2:
            total_Stage2:1.15761
            num_len_path:663
            time_expanding_s:0.00146204
            timing_AStarSearchUntil:
                total_astar_search_until:1.15564
                num_values_f_less_fmax:19819
                ASU Exp:
                    total_ASUExp:1.15562
                    time_top_o:0.0186843
                    time_check_in_c:0.00601759
                    time_add_parent:0.0122501
                    num_neighbors:1884572
                    time_add_neighbors_to_o:1.08506
        Stage3:
            total_Stage3:38.2066
            num_until_goal_expanded:79758
            timing_S3Exp:
                total_S3Exp: 24.5637
                time_top_o: 0.149129
                time_check_in_c: 0.0319869
                time_add_parent: 0.0534466
                num_neighbors: 36535945
                time_add_neighbors_to_o: 24.1162
    timing_PIOW_overlapping:
        total_PIOW: 0.055307
        num_windows: 3939
        time_check_overlap: 0.000289009
        num_overlapping_windows: 5
        time_merge_windows: 1.0128e-05
        time_remove_window: 1.871e-06
        time_remove_window: 9.78e-06
        timing_PlanIn:
            total_PlanIn:0.0548584
            num_until_goal_expanded:893
            timing_expansions:
                total_S3Exp: 0.0548412
                time_top_o: 0.000305819
                time_check_in_c: 0.000174238
                time_add_parent: 0.000287766
                num_neighbors: 91370
                time_add_neighbors_to_o: 0.0499111
    num_new_collisions: 18
    timing_PIOW_new_collisions:
        total_PIOW: 6.95808
        num_windows: 253
        time_check_overlap: 1.243e-05
        num_overlapping_windows: 3
        time_merge_windows: 0
        time_remove_window: 4.20813
        time_remove_window: 1.1136e-05
        timing_PlanIn:
            total_PlanIn:6.958
            num_until_goal_expanded:20842
            timing_expansions:
                total_S3Exp: 6.95796
                time_top_o: 0.038787
                time_check_in_c: 0.00696183
                time_add_parent: 0.012707
                num_neighbors: 10765975
                time_add_neighbors_to_o: 6.53683
    num_windows_should_quit: 1
    time_should_quit: 6.301e-05
    time_remove_window: 3e-07
Complete!
