Total time: 0.0895463
is_optimal: false
optimality_bound: 1.00435
successive_bounds: [1.00689, 1.00653, 1.00508, 1.00508, 1.00435]
successive_runtimes: [0.0110607, 0.0244297, 0.0520116, 0.0701734, 0.0895463]
num_agents: 40
time_individual_plan: 0.00459305
time_first_plan: 0.00595186
num_max_agents_in_window_first_iteration: 3
num_recWAMPF: 5
timing_recWAMPF:
    total_RecWAMPF: 0.0844359
    num_windows: 107
    num_max_agents_in_window: 4
    timing_gari:
        total_GARI: 0.0710103
        time_path_btw_starts: 0.00122708
        Stage1:
            total_Stage1:0.0499492
            time_add_x_to_o: 0.0150809
            time_clear_x: 0.00193859
            timing_AStarSearchUntil:
                total_astar_search_until:0.0329239
                num_values_f_less_fmax:3198
                ASU Exp:
                    total_ASUExp:0.0329215
                    time_top_o:0.000945959
                    time_check_in_c:0.000477868
                    time_add_parent:0.000547002
                    num_neighbors:75794
                    time_add_neighbors_to_o:0.0286769
        Stage2:
            total_Stage2:0.00663797
            num_len_path:105
            time_expanding_s:4.3177e-05
            timing_AStarSearchUntil:
                total_astar_search_until:0.00656543
                num_values_f_less_fmax:256
                ASU Exp:
                    total_ASUExp:0.00656336
                    time_top_o:6.5895e-05
                    time_check_in_c:5.4777e-05
                    time_add_parent:7.4314e-05
                    num_neighbors:15264
                    time_add_neighbors_to_o:0.00607052
        Stage3:
            total_Stage3:0.0131799
            num_until_goal_expanded:1062
            timing_S3Exp:
                total_S3Exp: 0.00907993
                time_top_o: 0.000243884
                time_check_in_c: 0.000147804
                time_add_parent: 0.000343573
                num_neighbors: 18487
                time_add_neighbors_to_o: 0.00723874
    timing_PIOW_overlapping:
        total_PIOW: 0.00519053
        num_windows: 587
        time_check_overlap: 1.6207e-05
        num_overlapping_windows: 1
        time_merge_windows: 2.918e-06
        time_remove_window: 3.29e-07
        time_remove_window: 2.865e-06
        timing_PlanIn:
            total_PlanIn:0.00515634
            num_until_goal_expanded:67
            timing_expansions:
                total_S3Exp: 0.00515386
                time_top_o: 1.6408e-05
                time_check_in_c: 1.2958e-05
                time_add_parent: 1.7497e-05
                num_neighbors: 8825
                time_add_neighbors_to_o: 0.00477141
    num_new_collisions: 14
    timing_PIOW_new_collisions:
        total_PIOW: 0.00343439
        num_windows: 184
        time_check_overlap: 5.624e-06
        num_overlapping_windows: 2
        time_merge_windows: 0
        time_remove_window: 0.0583172
        time_remove_window: 6.5e-06
        timing_PlanIn:
            total_PlanIn:0.00340504
            num_until_goal_expanded:289
            timing_expansions:
                total_S3Exp: 0.00338091
                time_top_o: 3.713e-05
                time_check_in_c: 5.4467e-05
                time_add_parent: 0.000101117
                num_neighbors: 5730
                time_add_neighbors_to_o: 0.0026608
    num_windows_should_quit: 0
    time_should_quit: 5.768e-06
    time_remove_window: 0
Complete!
