Total time: 0.0252074
is_optimal: true
optimality_bound: 1
successive_bounds: [1.00289, 1.00289, 1.00289, 1.00289, 1.00289, 1.00289, 1.00289, 1.00289, 1.00289, 1.00289, 1.00289, 1.00289, 1.00289, 1.00289, 1.00289, 1.00289, 1.00289, 1.00289, 1.00289, 1.00289, 1.00289, 1, 1]
successive_runtimes: [0.00243189, 0.00256647, 0.00269915, 0.0028309, 0.00296406, 0.00310261, 0.00324889, 0.00340928, 0.00354779, 0.00368452, 0.00383549, 0.00397835, 0.00412363, 0.00426618, 0.0044159, 0.00457133, 0.00473645, 0.00490073, 0.00507057, 0.00524599, 0.00542089, 0.0252074]
num_agents: 10
time_individual_plan: 0.00156184
time_first_plan: 0.000199843
num_max_agents_in_window_first_iteration: 2
num_recWAMPF: 22
timing_recWAMPF:
    total_RecWAMPF: 0.022971
    num_windows: 43
    num_max_agents_in_window: 2
    timing_gari:
        total_GARI: 0.0223847
        time_path_btw_starts: 0.000135797
        Stage1:
            total_Stage1:0.000261205
            time_add_x_to_o: 0.000226456
            time_clear_x: 2.9787e-05
            timing_AStarSearchUntil:
                total_astar_search_until:2.279e-06
                num_values_f_less_fmax:0
                ASU Exp:
                    total_ASUExp:1.155e-06
                    time_top_o:0
                    time_check_in_c:0
                    time_add_parent:0
                    num_neighbors:0
                    time_add_neighbors_to_o:0
        Stage2:
            total_Stage2:0.0200663
            num_len_path:58
            time_expanding_s:2.3885e-05
            timing_AStarSearchUntil:
                total_astar_search_until:0.0200297
                num_values_f_less_fmax:1432
                ASU Exp:
                    total_ASUExp:0.0200287
                    time_top_o:0.000522113
                    time_check_in_c:0.000296483
                    time_add_parent:0.000415416
                    num_neighbors:34385
                    time_add_neighbors_to_o:0.0172241
        Stage3:
            total_Stage3:0.00191327
            num_until_goal_expanded:48
            timing_S3Exp:
                total_S3Exp: 0.000364782
                time_top_o: 7.912e-06
                time_check_in_c: 5.824e-06
                time_add_parent: 1.1787e-05
                num_neighbors: 300
                time_add_neighbors_to_o: 0.000194459
    timing_PIOW_overlapping:
        total_PIOW: 8.29e-07
        num_windows: 21
        time_check_overlap: 0
        num_overlapping_windows: 0
        time_merge_windows: 0
        time_remove_window: 0
        time_remove_window: 0
        timing_PlanIn:
            total_PlanIn:0
            num_until_goal_expanded:0
            timing_expansions:
                total_S3Exp: 0
                time_top_o: 0
                time_check_in_c: 0
                time_add_parent: 0
                num_neighbors: 0
                time_add_neighbors_to_o: 0
    num_new_collisions: 1
    timing_PIOW_new_collisions:
        total_PIOW: 0.000138387
        num_windows: 0
        time_check_overlap: 0
        num_overlapping_windows: 0
        time_merge_windows: 0
        time_remove_window: 0
        time_remove_window: 2.91e-07
        timing_PlanIn:
            total_PlanIn:0.000136528
            num_until_goal_expanded:8
            timing_expansions:
                total_S3Exp: 0.000133127
                time_top_o: 1.992e-06
                time_check_in_c: 2.168e-06
                time_add_parent: 3.78e-06
                num_neighbors: 160
                time_add_neighbors_to_o: 0.000106881
    num_windows_should_quit: 0
    time_should_quit: 1.382e-06
    time_remove_window: 0
Complete!
