Total time: 0.0285173
is_optimal: true
optimality_bound: 1
successive_bounds: [1.00173, 1.00173, 1.00173, 1.00173, 1.00173, 1.00173, 1.00173, 1.00173, 1.00173, 1.00173, 1.00173, 1, 1]
successive_runtimes: [0.0115392, 0.0125904, 0.0133253, 0.0142562, 0.0150417, 0.015994, 0.0171082, 0.018517, 0.0205002, 0.0228094, 0.0252477, 0.0285173]
num_agents: 20
time_individual_plan: 0.00911205
time_first_plan: 0.00111131
num_max_agents_in_window_first_iteration: 2
num_recWAMPF: 12
timing_recWAMPF:
    total_RecWAMPF: 0.0180838
    num_windows: 69
    num_max_agents_in_window: 2
    timing_gari:
        total_GARI: 0.0150719
        time_path_btw_starts: 0.000342753
        Stage1:
            total_Stage1:0.00696518
            time_add_x_to_o: 0.0031086
            time_clear_x: 0.000393901
            timing_AStarSearchUntil:
                total_astar_search_until:0.00345604
                num_values_f_less_fmax:308
                ASU Exp:
                    total_ASUExp:0.00345252
                    time_top_o:0.000178694
                    time_check_in_c:0.000126413
                    time_add_parent:0.000149758
                    num_neighbors:2438
                    time_add_neighbors_to_o:0.00261268
        Stage2:
            total_Stage2:0.00443323
            num_len_path:69
            time_expanding_s:9.1047e-05
            timing_AStarSearchUntil:
                total_astar_search_until:0.00430442
                num_values_f_less_fmax:120
                ASU Exp:
                    total_ASUExp:0.00430132
                    time_top_o:6.1225e-05
                    time_check_in_c:6.4334e-05
                    time_add_parent:0.000124076
                    num_neighbors:3129
                    time_add_neighbors_to_o:0.00358627
        Stage3:
            total_Stage3:0.00329587
            num_until_goal_expanded:101
            timing_S3Exp:
                total_S3Exp: 0.00200767
                time_top_o: 3.2993e-05
                time_check_in_c: 3.5482e-05
                time_add_parent: 7.4422e-05
                num_neighbors: 957
                time_add_neighbors_to_o: 0.00128908
    timing_PIOW_overlapping:
        total_PIOW: 1.1589e-05
        num_windows: 99
        time_check_overlap: 5.791e-06
        num_overlapping_windows: 0
        time_merge_windows: 0
        time_remove_window: 0
        time_remove_window: 0
        timing_PlanIn:
            total_PlanIn:0
            num_until_goal_expanded:0
            timing_expansions:
                total_S3Exp: 0
                time_top_o: 0
                time_check_in_c: 0
                time_add_parent: 0
                num_neighbors: 0
                time_add_neighbors_to_o: 0
    num_new_collisions: 3
    timing_PIOW_new_collisions:
        total_PIOW: 0.00079202
        num_windows: 6
        time_check_overlap: 7.29e-07
        num_overlapping_windows: 0
        time_merge_windows: 0
        time_remove_window: 0
        time_remove_window: 2.387e-06
        timing_PlanIn:
            total_PlanIn:0.00078256
            num_until_goal_expanded:31
            timing_expansions:
                total_S3Exp: 0.000768863
                time_top_o: 1.0046e-05
                time_check_in_c: 1.6266e-05
                time_add_parent: 3.2806e-05
                num_neighbors: 416
                time_add_neighbors_to_o: 0.000543346
    num_windows_should_quit: 0
    time_should_quit: 4.792e-06
    time_remove_window: 0
Complete!
