Total time: 0.0600872
is_optimal: true
optimality_bound: 1
successive_bounds: [1.00143, 1.00143, 1.00143, 1.00143, 1.00143, 1.00143, 1.00143, 1.00143, 1.00143, 1.00143, 1.00143, 1.00143, 1.00143, 1.00143, 1.00143, 1.00143, 1.00143, 1.00143, 1.00143, 1.00143, 1, 1]
successive_runtimes: [0.00728261, 0.00767891, 0.00808665, 0.0085225, 0.00913886, 0.00988196, 0.0104015, 0.0109237, 0.0114514, 0.0120865, 0.0133419, 0.0146585, 0.018177, 0.0239457, 0.0296025, 0.0360538, 0.0426278, 0.0478172, 0.0525668, 0.0569864, 0.0600872]
num_agents: 20
time_individual_plan: 0.00630534
time_first_plan: 0.000305855
num_max_agents_in_window_first_iteration: 2
num_recWAMPF: 21
timing_recWAMPF:
    total_RecWAMPF: 0.0531045
    num_windows: 41
    num_max_agents_in_window: 2
    timing_gari:
        total_GARI: 0.0508817
        time_path_btw_starts: 0.000112004
        Stage1:
            total_Stage1:0.033978
            time_add_x_to_o: 0.0100435
            time_clear_x: 0.00146594
            timing_AStarSearchUntil:
                total_astar_search_until:0.0224646
                num_values_f_less_fmax:3318
                ASU Exp:
                    total_ASUExp:0.0224634
                    time_top_o:0.00138382
                    time_check_in_c:0.000702001
                    time_add_parent:0.000827999
                    num_neighbors:37540
                    time_add_neighbors_to_o:0.0168726
        Stage2:
            total_Stage2:0.00624067
            num_len_path:44
            time_expanding_s:1.9501e-05
            timing_AStarSearchUntil:
                total_astar_search_until:0.00620074
                num_values_f_less_fmax:422
                ASU Exp:
                    total_ASUExp:0.00619972
                    time_top_o:0.000149564
                    time_check_in_c:0.000111633
                    time_add_parent:0.000148368
                    num_neighbors:10045
                    time_add_neighbors_to_o:0.00523233
        Stage3:
            total_Stage3:0.0105412
            num_until_goal_expanded:495
            timing_S3Exp:
                total_S3Exp: 0.00309275
                time_top_o: 0.000173908
                time_check_in_c: 8.4536e-05
                time_add_parent: 0.000174955
                num_neighbors: 4678
                time_add_neighbors_to_o: 0.00198273
    timing_PIOW_overlapping:
        total_PIOW: 1.242e-06
        num_windows: 20
        time_check_overlap: 0
        num_overlapping_windows: 0
        time_merge_windows: 0
        time_remove_window: 0
        time_remove_window: 0
        timing_PlanIn:
            total_PlanIn:0
            num_until_goal_expanded:0
            timing_expansions:
                total_S3Exp: 0
                time_top_o: 0
                time_check_in_c: 0
                time_add_parent: 0
                num_neighbors: 0
                time_add_neighbors_to_o: 0
    num_new_collisions: 1
    timing_PIOW_new_collisions:
        total_PIOW: 0.000180262
        num_windows: 0
        time_check_overlap: 0
        num_overlapping_windows: 0
        time_merge_windows: 0
        time_remove_window: 0
        time_remove_window: 4.29e-07
        timing_PlanIn:
            total_PlanIn:0.000178188
            num_until_goal_expanded:15
            timing_expansions:
                total_S3Exp: 0.000174458
                time_top_o: 3.014e-06
                time_check_in_c: 3.668e-06
                time_add_parent: 8.962e-06
                num_neighbors: 172
                time_add_neighbors_to_o: 9.2559e-05
    num_windows_should_quit: 0
    time_should_quit: 1.859e-06
    time_remove_window: 0
Complete!
