Total time: 0.0145938
is_optimal: true
optimality_bound: 1
successive_bounds: [1.00305, 1.00305, 1.00305, 1.00305, 1.00305, 1.00305, 1.00305, 1.00305, 1.00305, 1.00305, 1.00305, 1.00305, 1.00305, 1.00305, 1.00305, 1.00305, 1.00305, 1.00305, 1.00305, 1.00305, 1.00305, 1.00305, 1.00305, 1.00305, 1.00305, 1.00305, 1.00305, 1.00305, 1.00305, 1.00305, 1.00305, 1.00305, 1.00305, 1.00305, 1.00305, 1.00305, 1.00305, 1, 1]
successive_runtimes: [0.00239239, 0.0026219, 0.00282218, 0.00302172, 0.00324588, 0.00347306, 0.00369282, 0.00393392, 0.00417587, 0.00442222, 0.00469214, 0.00502265, 0.00529871, 0.00558063, 0.00586847, 0.006163, 0.00646528, 0.00677432, 0.00708536, 0.00740203, 0.00772397, 0.00804755, 0.00839514, 0.00873872, 0.00909795, 0.0095003, 0.00987035, 0.0102584, 0.0106517, 0.010979, 0.0112839, 0.0115908, 0.0119127, 0.0122278, 0.0125379, 0.0128687, 0.01319, 0.0145938]
num_agents: 10
time_individual_plan: 0.00145587
time_first_plan: 0.000210598
num_max_agents_in_window_first_iteration: 2
num_recWAMPF: 38
timing_recWAMPF:
    total_RecWAMPF: 0.0124049
    num_windows: 75
    num_max_agents_in_window: 2
    timing_gari:
        total_GARI: 0.0108357
        time_path_btw_starts: 0.00025706
        Stage1:
            total_Stage1:0.0006754
            time_add_x_to_o: 0.000605712
            time_clear_x: 6.0582e-05
            timing_AStarSearchUntil:
                total_astar_search_until:3.775e-06
                num_values_f_less_fmax:0
                ASU Exp:
                    total_ASUExp:1.551e-06
                    time_top_o:0
                    time_check_in_c:0
                    time_add_parent:0
                    num_neighbors:0
                    time_add_neighbors_to_o:0
        Stage2:
            total_Stage2:0.00268114
            num_len_path:65
            time_expanding_s:4.199e-05
            timing_AStarSearchUntil:
                total_astar_search_until:0.00261022
                num_values_f_less_fmax:121
                ASU Exp:
                    total_ASUExp:0.00260802
                    time_top_o:4.1346e-05
                    time_check_in_c:4.4593e-05
                    time_add_parent:8.6957e-05
                    num_neighbors:2985
                    time_add_neighbors_to_o:0.00213719
        Stage3:
            total_Stage3:0.00719473
            num_until_goal_expanded:149
            timing_S3Exp:
                total_S3Exp: 0.00298161
                time_top_o: 3.941e-05
                time_check_in_c: 3.7573e-05
                time_add_parent: 9.0099e-05
                num_neighbors: 2216
                time_add_neighbors_to_o: 0.00207553
    timing_PIOW_overlapping:
        total_PIOW: 1.566e-06
        num_windows: 37
        time_check_overlap: 0
        num_overlapping_windows: 0
        time_merge_windows: 0
        time_remove_window: 0
        time_remove_window: 0
        timing_PlanIn:
            total_PlanIn:0
            num_until_goal_expanded:0
            timing_expansions:
                total_S3Exp: 0
                time_top_o: 0
                time_check_in_c: 0
                time_add_parent: 0
                num_neighbors: 0
                time_add_neighbors_to_o: 0
    num_new_collisions: 1
    timing_PIOW_new_collisions:
        total_PIOW: 0.000156527
        num_windows: 0
        time_check_overlap: 0
        num_overlapping_windows: 0
        time_merge_windows: 0
        time_remove_window: 0
        time_remove_window: 4.49e-07
        timing_PlanIn:
            total_PlanIn:0.000153466
            num_until_goal_expanded:7
            timing_expansions:
                total_S3Exp: 0.000146921
                time_top_o: 1.876e-06
                time_check_in_c: 3.88e-06
                time_add_parent: 5.629e-06
                num_neighbors: 135
                time_add_neighbors_to_o: 0.000110363
    num_windows_should_quit: 0
    time_should_quit: 3.529e-06
    time_remove_window: 0
Complete!
