Total time: 0.019893
is_optimal: true
optimality_bound: 1
successive_bounds: [1.00296, 1.00296, 1.00296, 1.00198, 1.00198, 1.00198, 1.00198, 1.00198, 1.00198, 1.00198, 1.00198, 1.00198, 1.00198, 1.00198, 1.00198, 1, 1]
successive_runtimes: [0.00570217, 0.00642366, 0.00711568, 0.00869301, 0.00933149, 0.00998037, 0.0106197, 0.0113701, 0.0121799, 0.0130924, 0.0139871, 0.0149483, 0.0159889, 0.0171545, 0.0183188, 0.019893]
num_agents: 30
time_individual_plan: 0.00426602
time_first_plan: 0.000923399
num_max_agents_in_window_first_iteration: 2
num_recWAMPF: 16
timing_recWAMPF:
    total_RecWAMPF: 0.0151117
    num_windows: 93
    num_max_agents_in_window: 2
    timing_gari:
        total_GARI: 0.0103715
        time_path_btw_starts: 0.000219878
        Stage1:
            total_Stage1:0.00270748
            time_add_x_to_o: 0.00149722
            time_clear_x: 0.000155742
            timing_AStarSearchUntil:
                total_astar_search_until:0.00104958
                num_values_f_less_fmax:176
                ASU Exp:
                    total_ASUExp:0.0010475
                    time_top_o:4.4498e-05
                    time_check_in_c:3.4089e-05
                    time_add_parent:4.9606e-05
                    num_neighbors:2381
                    time_add_neighbors_to_o:0.000796505
        Stage2:
            total_Stage2:0.00410158
            num_len_path:96
            time_expanding_s:3.8648e-05
            timing_AStarSearchUntil:
                total_astar_search_until:0.00404001
                num_values_f_less_fmax:347
                ASU Exp:
                    total_ASUExp:0.00403818
                    time_top_o:7.9977e-05
                    time_check_in_c:6.8424e-05
                    time_add_parent:8.7666e-05
                    num_neighbors:8525
                    time_add_neighbors_to_o:0.00342976
        Stage3:
            total_Stage3:0.00332986
            num_until_goal_expanded:142
            timing_S3Exp:
                total_S3Exp: 0.00140237
                time_top_o: 2.5509e-05
                time_check_in_c: 1.6094e-05
                time_add_parent: 2.7242e-05
                num_neighbors: 1760
                time_add_neighbors_to_o: 0.0010435
    timing_PIOW_overlapping:
        total_PIOW: 8.17e-06
        num_windows: 135
        time_check_overlap: 4.367e-06
        num_overlapping_windows: 0
        time_merge_windows: 0
        time_remove_window: 0
        time_remove_window: 0
        timing_PlanIn:
            total_PlanIn:0
            num_until_goal_expanded:0
            timing_expansions:
                total_S3Exp: 0
                time_top_o: 0
                time_check_in_c: 0
                time_add_parent: 0
                num_neighbors: 0
                time_add_neighbors_to_o: 0
    num_new_collisions: 3
    timing_PIOW_new_collisions:
        total_PIOW: 0.000378646
        num_windows: 6
        time_check_overlap: 3.02e-07
        num_overlapping_windows: 0
        time_merge_windows: 0
        time_remove_window: 0
        time_remove_window: 1.02e-06
        timing_PlanIn:
            total_PlanIn:0.000366389
            num_until_goal_expanded:36
            timing_expansions:
                total_S3Exp: 0.000359978
                time_top_o: 6.39e-06
                time_check_in_c: 6.216e-06
                time_add_parent: 1.0332e-05
                num_neighbors: 667
                time_add_neighbors_to_o: 0.000279777
    num_windows_should_quit: 0
    time_should_quit: 2.726e-06
    time_remove_window: 0
Complete!
