Total time: 140.752
is_optimal: true
optimality_bound: 1
successive_bounds: [1.00101, 1.00101, 1.00101, 1.00101, 1.00101, 1.00101, 1.00101, 1.00101, 1.00101, 1.00101, 1.00101, 1.00101, 1.00101, 1.00101, 1.00101, 1.00101, 1.00101, 1.00101, 1.00101, 1.00101, 1.00101, 1.00101, 1.00101, 1.00101, 1.00101, 1.00101, 1.0005, 1.0005, 1.0005, 1.0005, 1.0005, 1.0005, 1.0005, 1.0005, 1.0005, 1.0005, 1, 1]
successive_runtimes: [0.0497851, 0.0532561, 0.0573323, 0.0617412, 0.0676904, 0.0733578, 0.0792821, 0.0864789, 0.0939646, 0.103265, 0.113786, 0.124719, 0.136184, 0.147945, 0.160436, 0.174919, 0.18874, 0.202436, 0.232952, 0.274755, 0.322912, 0.37873, 0.439106, 0.500349, 0.671311, 1.33682, 3.01675, 4.40207, 6.32382, 7.66302, 11.3253, 21.3041, 38.4578, 61.5618, 88.4234, 114.006, 140.752]
num_agents: 40
time_individual_plan: 0.0455926
time_first_plan: 0.00308252
num_max_agents_in_window_first_iteration: 2
num_recWAMPF: 37
timing_recWAMPF:
    total_RecWAMPF: 140.705
    num_windows: 219
    num_max_agents_in_window: 4
    timing_gari:
        total_GARI: 137.29
        time_path_btw_starts: 0.00110374
        Stage1:
            total_Stage1:88.2315
            time_add_x_to_o: 13.2323
            time_clear_x: 7.02852
            timing_AStarSearchUntil:
                total_astar_search_until:65.0824
                num_values_f_less_fmax:766040
                ASU Exp:
                    total_ASUExp:65.0824
                    time_top_o:1.34619
                    time_check_in_c:0.492137
                    time_add_parent:0.382578
                    num_neighbors:85369189
                    time_add_neighbors_to_o:63.9464
        Stage2:
            total_Stage2:0.101621
            num_len_path:231
            time_expanding_s:0.000238864
            timing_AStarSearchUntil:
                total_astar_search_until:0.101237
                num_values_f_less_fmax:2593
                ASU Exp:
                    total_ASUExp:0.101229
                    time_top_o:0.00138857
                    time_check_in_c:0.00106791
                    time_add_parent:0.00212138
                    num_neighbors:114248
                    time_add_neighbors_to_o:0.0897713
        Stage3:
            total_Stage3:48.9557
            num_until_goal_expanded:394939
            timing_S3Exp:
                total_S3Exp: 39.0081
                time_top_o: 0.443034
                time_check_in_c: 0.235702
                time_add_parent: 0.374697
                num_neighbors: 48228526
                time_add_neighbors_to_o: 35.7661
    timing_PIOW_overlapping:
        total_PIOW: 4.4109e-05
        num_windows: 324
        time_check_overlap: 2.6795e-05
        num_overlapping_windows: 0
        time_merge_windows: 0
        time_remove_window: 0
        time_remove_window: 0
        timing_PlanIn:
            total_PlanIn:0
            num_until_goal_expanded:0
            timing_expansions:
                total_S3Exp: 0
                time_top_o: 0
                time_check_in_c: 0
                time_add_parent: 0
                num_neighbors: 0
                time_add_neighbors_to_o: 0
    num_new_collisions: 5
    timing_PIOW_new_collisions:
        total_PIOW: 1.80438
        num_windows: 20
        time_check_overlap: 3.319e-06
        num_overlapping_windows: 2
        time_merge_windows: 0
        time_remove_window: 10.1964
        time_remove_window: 3.953e-06
        timing_PlanIn:
            total_PlanIn:1.80435
            num_until_goal_expanded:8366
            timing_expansions:
                total_S3Exp: 1.80433
                time_top_o: 0.00938158
                time_check_in_c: 0.00420891
                time_add_parent: 0.00734327
                num_neighbors: 2144709
                time_add_neighbors_to_o: 1.67663
    num_windows_should_quit: 1
    time_should_quit: 1.5172e-05
    time_remove_window: 4.47e-07
Complete!
