Total time: 20.652
is_optimal: false
optimality_bound: 1.00095
successive_bounds: [1.00445, 1.0035, 1.0035, 1.00286, 1.00286, 1.00286, 1.00286, 1.00286, 1.00286, 1.00286, 1.00286, 1.00223, 1.00223, 1.00223, 1.00095, 1.00095]
successive_runtimes: [0.00843382, 0.0114743, 0.0144515, 0.017109, 0.0192039, 0.021377, 0.0235886, 0.0258495, 0.0289538, 0.0314352, 0.0340691, 0.0373146, 0.0400025, 0.0425915, 7.93786, 20.652]
num_agents: 40
time_individual_plan: 0.00514235
time_first_plan: 0.00277572
num_max_agents_in_window_first_iteration: 2
num_recWAMPF: 16
timing_recWAMPF:
    total_RecWAMPF: 20.6463
    num_windows: 195
    num_max_agents_in_window: 5
    timing_gari:
        total_GARI: 12.741
        time_path_btw_starts: 0.000478896
        Stage1:
            total_Stage1:7.84445
            time_add_x_to_o: 1.59459
            time_clear_x: 0.319783
            timing_AStarSearchUntil:
                total_astar_search_until:5.93006
                num_values_f_less_fmax:9875
                ASU Exp:
                    total_ASUExp:5.93005
                    time_top_o:0.026516
                    time_check_in_c:0.00979047
                    time_add_parent:0.00480647
                    num_neighbors:9607436
                    time_add_neighbors_to_o:5.41854
        Stage2:
            total_Stage2:0.00918967
            num_len_path:187
            time_expanding_s:9.7063e-05
            timing_AStarSearchUntil:
                total_astar_search_until:0.00904265
                num_values_f_less_fmax:313
                ASU Exp:
                    total_ASUExp:0.00903861
                    time_top_o:7.924e-05
                    time_check_in_c:6.1455e-05
                    time_add_parent:8.6881e-05
                    num_neighbors:18641
                    time_add_neighbors_to_o:0.00842077
        Stage3:
            total_Stage3:4.88678
            num_until_goal_expanded:4317
            timing_S3Exp:
                total_S3Exp: 3.72282
                time_top_o: 0.00603361
                time_check_in_c: 0.000889877
                time_add_parent: 0.00173405
                num_neighbors: 4391220
                time_add_neighbors_to_o: 3.70436
    timing_PIOW_overlapping:
        total_PIOW: 7.89568
        num_windows: 686
        time_check_overlap: 2.0884e-05
        num_overlapping_windows: 7
        time_merge_windows: 1.2086e-05
        time_remove_window: 1.955e-06
        time_remove_window: 1.1681e-05
        timing_PlanIn:
            total_PlanIn:7.89562
            num_until_goal_expanded:10941
            timing_expansions:
                total_S3Exp: 7.89559
                time_top_o: 0.0109206
                time_check_in_c: 0.00329403
                time_add_parent: 0.00554301
                num_neighbors: 12469638
                time_add_neighbors_to_o: 7.53681
    num_new_collisions: 8
    timing_PIOW_new_collisions:
        total_PIOW: 0.000747212
        num_windows: 56
        time_check_overlap: 1.385e-06
        num_overlapping_windows: 0
        time_merge_windows: 0
        time_remove_window: 0
        time_remove_window: 5.11e-06
        timing_PlanIn:
            total_PlanIn:0.000733304
            num_until_goal_expanded:73
            timing_expansions:
                total_S3Exp: 0.000720399
                time_top_o: 9.994e-06
                time_check_in_c: 1.3439e-05
                time_add_parent: 1.9809e-05
                num_neighbors: 1091
                time_add_neighbors_to_o: 0.000558277
    num_windows_should_quit: 0
    time_should_quit: 5.742e-06
    time_remove_window: 0
Complete!
