Total time: 0.0197239
is_optimal: true
optimality_bound: 1
successive_bounds: [1.0014, 1.0014, 1.0014, 1.00047, 1.00047, 1.00047, 1.00047, 1.00047, 1.00047, 1.00047, 1.00047, 1.00047, 1, 1]
successive_runtimes: [0.00579111, 0.00651334, 0.00733407, 0.00809831, 0.008761, 0.00944543, 0.0101667, 0.0109711, 0.0118076, 0.0127287, 0.0136717, 0.0147534, 0.0197239]
num_agents: 30
time_individual_plan: 0.00447562
time_first_plan: 0.000649127
num_max_agents_in_window_first_iteration: 2
num_recWAMPF: 13
timing_recWAMPF:
    total_RecWAMPF: 0.0145786
    num_windows: 50
    num_max_agents_in_window: 2
    timing_gari:
        total_GARI: 0.0110457
        time_path_btw_starts: 0.000127957
        Stage1:
            total_Stage1:0.00140424
            time_add_x_to_o: 0.00115111
            time_clear_x: 0.000144454
            timing_AStarSearchUntil:
                total_astar_search_until:0.000105643
                num_values_f_less_fmax:151
                ASU Exp:
                    total_ASUExp:0.000104257
                    time_top_o:3.3493e-05
                    time_check_in_c:1.3274e-05
                    time_add_parent:1.335e-06
                    num_neighbors:75
                    time_add_neighbors_to_o:2.9105e-05
        Stage2:
            total_Stage2:0.00591762
            num_len_path:49
            time_expanding_s:4.5225e-05
            timing_AStarSearchUntil:
                total_astar_search_until:0.00585677
                num_values_f_less_fmax:397
                ASU Exp:
                    total_ASUExp:0.00585548
                    time_top_o:0.000116992
                    time_check_in_c:9.2695e-05
                    time_add_parent:0.000160877
                    num_neighbors:9842
                    time_add_neighbors_to_o:0.00499627
        Stage3:
            total_Stage3:0.00358723
            num_until_goal_expanded:203
            timing_S3Exp:
                total_S3Exp: 0.00214511
                time_top_o: 5.4221e-05
                time_check_in_c: 3.9195e-05
                time_add_parent: 5.7621e-05
                num_neighbors: 2941
                time_add_neighbors_to_o: 0.0016514
    timing_PIOW_overlapping:
        total_PIOW: 3.827e-06
        num_windows: 48
        time_check_overlap: 1.808e-06
        num_overlapping_windows: 0
        time_merge_windows: 0
        time_remove_window: 0
        time_remove_window: 0
        timing_PlanIn:
            total_PlanIn:0
            num_until_goal_expanded:0
            timing_expansions:
                total_S3Exp: 0
                time_top_o: 0
                time_check_in_c: 0
                time_add_parent: 0
                num_neighbors: 0
                time_add_neighbors_to_o: 0
    num_new_collisions: 2
    timing_PIOW_new_collisions:
        total_PIOW: 0.000274828
        num_windows: 2
        time_check_overlap: 1.51e-07
        num_overlapping_windows: 0
        time_merge_windows: 0
        time_remove_window: 0
        time_remove_window: 8.4e-07
        timing_PlanIn:
            total_PlanIn:0.000270159
            num_until_goal_expanded:35
            timing_expansions:
                total_S3Exp: 0.000263991
                time_top_o: 6.29e-06
                time_check_in_c: 7.937e-06
                time_add_parent: 1.2182e-05
                num_neighbors: 307
                time_add_neighbors_to_o: 0.000167326
    num_windows_should_quit: 0
    time_should_quit: 1.868e-06
    time_remove_window: 0
Complete!
