Total time: 34.1853
is_optimal: false
optimality_bound: 1.002
successive_bounds: [1.01451, 1.00551, 1.0035, 1.003, 1.003, 1.003, 1.003, 1.002, 1.002, 1.002, 1.002, 1.002, 1.002, 1.002, 1.002]
successive_runtimes: [0.0116598, 0.023941, 0.258675, 0.30741, 0.340631, 0.366096, 2.68572, 6.5833, 8.98581, 11.0665, 14.0885, 17.9077, 22.718, 28.0064, 34.1853]
num_agents: 30
time_individual_plan: 0.00775301
time_first_plan: 0.00326649
num_max_agents_in_window_first_iteration: 2
num_recWAMPF: 15
timing_recWAMPF:
    total_RecWAMPF: 34.1769
    num_windows: 124
    num_max_agents_in_window: 4
    timing_gari:
        total_GARI: 32.128
        time_path_btw_starts: 0.00062127
        Stage1:
            total_Stage1:21.8838
            time_add_x_to_o: 4.79926
            time_clear_x: 2.30344
            timing_AStarSearchUntil:
                total_astar_search_until:14.7811
                num_values_f_less_fmax:123151
                ASU Exp:
                    total_ASUExp:14.781
                    time_top_o:0.225105
                    time_check_in_c:0.279489
                    time_add_parent:0.0513722
                    num_neighbors:22482979
                    time_add_neighbors_to_o:13.9951
        Stage2:
            total_Stage2:0.0367182
            num_len_path:145
            time_expanding_s:0.000131072
            timing_AStarSearchUntil:
                total_astar_search_until:0.0365082
                num_values_f_less_fmax:491
                ASU Exp:
                    total_ASUExp:0.036505
                    time_top_o:0.000242134
                    time_check_in_c:0.000129119
                    time_add_parent:0.000205896
                    num_neighbors:62098
                    time_add_neighbors_to_o:0.0351677
        Stage3:
            total_Stage3:10.2069
            num_until_goal_expanded:57067
            timing_S3Exp:
                total_S3Exp: 5.10806
                time_top_o: 0.064964
                time_check_in_c: 0.0261559
                time_add_parent: 0.0453948
                num_neighbors: 7867336
                time_add_neighbors_to_o: 4.86937
    timing_PIOW_overlapping:
        total_PIOW: 0.232101
        num_windows: 273
        time_check_overlap: 1.6361e-05
        num_overlapping_windows: 2
        time_merge_windows: 4.239e-06
        time_remove_window: 8.01e-07
        time_remove_window: 4.1e-06
        timing_PlanIn:
            total_PlanIn:0.232059
            num_until_goal_expanded:1550
            timing_expansions:
                total_S3Exp: 0.232053
                time_top_o: 0.00106992
                time_check_in_c: 0.000478709
                time_add_parent: 0.000665968
                num_neighbors: 365917
                time_add_neighbors_to_o: 0.21441
    num_new_collisions: 8
    timing_PIOW_new_collisions:
        total_PIOW: 1.81324
        num_windows: 55
        time_check_overlap: 2.668e-06
        num_overlapping_windows: 2
        time_merge_windows: 0
        time_remove_window: 0.902179
        time_remove_window: 4.979e-06
        timing_PlanIn:
            total_PlanIn:1.81322
            num_until_goal_expanded:7515
            timing_expansions:
                total_S3Exp: 1.8132
                time_top_o: 0.0100429
                time_check_in_c: 0.00361845
                time_add_parent: 0.00490664
                num_neighbors: 2678577
                time_add_neighbors_to_o: 1.68918
    num_windows_should_quit: 0
    time_should_quit: 1.0164e-05
    time_remove_window: 0
Complete!
