Total time: 5.41594
is_optimal: false
optimality_bound: 1.00141
successive_bounds: [1.01519, 1.00495, 1.00459, 1.00459, 1.00389, 1.00389, 1.00389, 1.00318, 1.00318, 1.00318, 1.00318, 1.00318, 1.00141, 1.00141, 1.00141]
successive_runtimes: [0.0108295, 0.0221057, 0.0278557, 0.0306889, 0.0336765, 0.0366743, 0.0400839, 0.0437297, 0.0470198, 0.0503537, 0.0575022, 0.0674315, 0.411407, 2.79633, 5.41594]
num_agents: 40
time_individual_plan: 0.00590592
time_first_plan: 0.00439047
num_max_agents_in_window_first_iteration: 2
num_recWAMPF: 15
timing_recWAMPF:
    total_RecWAMPF: 5.40949
    num_windows: 232
    num_max_agents_in_window: 6
    timing_gari:
        total_GARI: 3.11004
        time_path_btw_starts: 0.000791581
        Stage1:
            total_Stage1:0.847732
            time_add_x_to_o: 0.713925
            time_clear_x: 0.11711
            timing_AStarSearchUntil:
                total_astar_search_until:0.0166848
                num_values_f_less_fmax:5327
                ASU Exp:
                    total_ASUExp:0.0166791
                    time_top_o:0.00135439
                    time_check_in_c:0.000866495
                    time_add_parent:0.000437183
                    num_neighbors:31494
                    time_add_neighbors_to_o:0.0119397
        Stage2:
            total_Stage2:0.0869494
            num_len_path:243
            time_expanding_s:0.00129851
            timing_AStarSearchUntil:
                total_astar_search_until:0.0855837
                num_values_f_less_fmax:5557
                ASU Exp:
                    total_ASUExp:0.0855788
                    time_top_o:0.0019719
                    time_check_in_c:0.00112481
                    time_add_parent:0.00151797
                    num_neighbors:159759
                    time_add_neighbors_to_o:0.0668054
        Stage3:
            total_Stage3:2.17371
            num_until_goal_expanded:2712
            timing_S3Exp:
                total_S3Exp: 1.15921
                time_top_o: 0.0015917
                time_check_in_c: 0.000414502
                time_add_parent: 0.000876382
                num_neighbors: 1090288
                time_add_neighbors_to_o: 0.938248
    timing_PIOW_overlapping:
        total_PIOW: 0.0150838
        num_windows: 998
        time_check_overlap: 3.3858e-05
        num_overlapping_windows: 5
        time_merge_windows: 5.705e-06
        time_remove_window: 8.81e-07
        time_remove_window: 5.485e-06
        timing_PlanIn:
            total_PlanIn:0.0150153
            num_until_goal_expanded:847
            timing_expansions:
                total_S3Exp: 0.0150053
                time_top_o: 0.000176555
                time_check_in_c: 0.000150838
                time_add_parent: 0.000214537
                num_neighbors: 24992
                time_add_neighbors_to_o: 0.012747
    num_new_collisions: 12
    timing_PIOW_new_collisions:
        total_PIOW: 2.27621
        num_windows: 102
        time_check_overlap: 5.021e-06
        num_overlapping_windows: 3
        time_merge_windows: 0
        time_remove_window: 1.10236
        time_remove_window: 8.254e-06
        timing_PlanIn:
            total_PlanIn:2.27617
            num_until_goal_expanded:1506
            timing_expansions:
                total_S3Exp: 2.27615
                time_top_o: 0.00138111
                time_check_in_c: 0.000344603
                time_add_parent: 0.000656034
                num_neighbors: 3221826
                time_add_neighbors_to_o: 2.18912
    num_windows_should_quit: 0
    time_should_quit: 8.536e-06
    time_remove_window: 0
Complete!
