Total time: 0.0067571
is_optimal: true
optimality_bound: 1
successive_bounds: [1.00149, 1.00149, 1.00149, 1.00149, 1.00149, 1.00149, 1.00149, 1.00149, 1.00149, 1.00149, 1.00149, 1.00149, 1.00149, 1.00149, 1.00149, 1.00149, 1.00149, 1.00149, 1, 1]
successive_runtimes: [0.00195352, 0.00207, 0.00217695, 0.00228331, 0.00239703, 0.00251747, 0.00263178, 0.00277219, 0.0029199, 0.00307648, 0.00323656, 0.0034604, 0.00365598, 0.00385726, 0.00406292, 0.00427508, 0.00445921, 0.00468384, 0.00675708]
num_agents: 10
time_individual_plan: 0.00129123
time_first_plan: 0.000131653
num_max_agents_in_window_first_iteration: 2
num_recWAMPF: 19
timing_recWAMPF:
    total_RecWAMPF: 0.00493283
    num_windows: 37
    num_max_agents_in_window: 2
    timing_gari:
        total_GARI: 0.00437218
        time_path_btw_starts: 7.3471e-05
        Stage1:
            total_Stage1:0.000576663
            time_add_x_to_o: 0.000494797
            time_clear_x: 5.9746e-05
            timing_AStarSearchUntil:
                total_astar_search_until:2.0256e-05
                num_values_f_less_fmax:38
                ASU Exp:
                    total_ASUExp:1.9343e-05
                    time_top_o:9.754e-06
                    time_check_in_c:3.651e-06
                    time_add_parent:0
                    num_neighbors:0
                    time_add_neighbors_to_o:0
        Stage2:
            total_Stage2:0.000894542
            num_len_path:38
            time_expanding_s:1.4633e-05
            timing_AStarSearchUntil:
                total_astar_search_until:0.000870424
                num_values_f_less_fmax:73
                ASU Exp:
                    total_ASUExp:0.000869647
                    time_top_o:1.5662e-05
                    time_check_in_c:1.3202e-05
                    time_add_parent:2.4955e-05
                    num_neighbors:1978
                    time_add_neighbors_to_o:0.0007274
        Stage3:
            total_Stage3:0.00282233
            num_until_goal_expanded:191
            timing_S3Exp:
                total_S3Exp: 0.00224564
                time_top_o: 4.8506e-05
                time_check_in_c: 3.1554e-05
                time_add_parent: 4.3094e-05
                num_neighbors: 3941
                time_add_neighbors_to_o: 0.0018764
    timing_PIOW_overlapping:
        total_PIOW: 4.6e-07
        num_windows: 18
        time_check_overlap: 0
        num_overlapping_windows: 0
        time_merge_windows: 0
        time_remove_window: 0
        time_remove_window: 0
        timing_PlanIn:
            total_PlanIn:0
            num_until_goal_expanded:0
            timing_expansions:
                total_S3Exp: 0
                time_top_o: 0
                time_check_in_c: 0
                time_add_parent: 0
                num_neighbors: 0
                time_add_neighbors_to_o: 0
    num_new_collisions: 1
    timing_PIOW_new_collisions:
        total_PIOW: 0.000101302
        num_windows: 0
        time_check_overlap: 0
        num_overlapping_windows: 0
        time_merge_windows: 0
        time_remove_window: 0
        time_remove_window: 2.88e-07
        timing_PlanIn:
            total_PlanIn:9.9785e-05
            num_until_goal_expanded:8
            timing_expansions:
                total_S3Exp: 9.4244e-05
                time_top_o: 1.492e-06
                time_check_in_c: 1.81e-06
                time_add_parent: 2.803e-06
                num_neighbors: 161
                time_add_neighbors_to_o: 7.3219e-05
    num_windows_should_quit: 0
    time_should_quit: 8.74e-07
    time_remove_window: 0
Complete!
