Total time: 230.488
is_optimal: false
optimality_bound: 1.00217
successive_bounds: [1.00543, 1.00543, 1.00543, 1.00543, 1.00543, 1.00543, 1.00543, 1.00543, 1.00434, 1.00434, 1.00217, 1.00217, 1.00217, 1.00217, 1.00217, 1.00217]
successive_runtimes: [0.0289658, 0.0333265, 0.0455702, 0.0626471, 0.102127, 0.150463, 0.204736, 0.26565, 0.345536, 0.429697, 22.5178, 46.9334, 86.4401, 133.203, 181.02, 230.488]
num_agents: 30
time_individual_plan: 0.024414
time_first_plan: 0.0035947
num_max_agents_in_window_first_iteration: 2
num_recWAMPF: 16
timing_recWAMPF:
    total_RecWAMPF: 230.463
    num_windows: 126
    num_max_agents_in_window: 5
    timing_gari:
        total_GARI: 208.451
        time_path_btw_starts: 0.00188679
        Stage1:
            total_Stage1:176.043
            time_add_x_to_o: 31.4721
            time_clear_x: 12.942
            timing_AStarSearchUntil:
                total_astar_search_until:131.629
                num_values_f_less_fmax:118773
                ASU Exp:
                    total_ASUExp:131.629
                    time_top_o:0.344199
                    time_check_in_c:0.397021
                    time_add_parent:2.8119
                    num_neighbors:141454798
                    time_add_neighbors_to_o:124.207
        Stage2:
            total_Stage2:0.0602786
            num_len_path:111
            time_expanding_s:0.000314422
            timing_AStarSearchUntil:
                total_astar_search_until:0.0598674
                num_values_f_less_fmax:1017
                ASU Exp:
                    total_ASUExp:0.0598639
                    time_top_o:0.000492237
                    time_check_in_c:0.000318185
                    time_add_parent:0.000681556
                    num_neighbors:69641
                    time_add_neighbors_to_o:0.0561514
        Stage3:
            total_Stage3:32.3451
            num_until_goal_expanded:5543
            timing_S3Exp:
                total_S3Exp: 0.180558
                time_top_o: 0.00278575
                time_check_in_c: 0.00148309
                time_add_parent: 0.00296028
                num_neighbors: 193149
                time_add_neighbors_to_o: 0.137693
    timing_PIOW_overlapping:
        total_PIOW: 0.00980158
        num_windows: 299
        time_check_overlap: 2.3149e-05
        num_overlapping_windows: 4
        time_merge_windows: 9.962e-06
        time_remove_window: 1.293e-06
        time_remove_window: 9.674e-06
        timing_PlanIn:
            total_PlanIn:0.0097407
            num_until_goal_expanded:257
            timing_expansions:
                total_S3Exp: 0.00972514
                time_top_o: 9.4201e-05
                time_check_in_c: 0.00010091
                time_add_parent: 0.000221661
                num_neighbors: 7502
                time_add_neighbors_to_o: 0.00799731
    num_new_collisions: 10
    timing_PIOW_new_collisions:
        total_PIOW: 21.9968
        num_windows: 74
        time_check_overlap: 5.55e-06
        num_overlapping_windows: 3
        time_merge_windows: 0
        time_remove_window: 1.16651
        time_remove_window: 5.414e-06
        timing_PlanIn:
            total_PlanIn:21.9967
            num_until_goal_expanded:9674
            timing_expansions:
                total_S3Exp: 21.9967
                time_top_o: 0.0247509
                time_check_in_c: 0.00532136
                time_add_parent: 0.0116158
                num_neighbors: 24105449
                time_add_neighbors_to_o: 21.1054
    num_windows_should_quit: 0
    time_should_quit: 1.1784e-05
    time_remove_window: 0
Complete!
