Total time: 0.0972679
is_optimal: true
optimality_bound: 1
successive_bounds: [1.00269, 1.00269, 1.00269, 1.00269, 1.00269, 1.00269, 1.00269, 1.00269, 1.00269, 1.00269, 1.00269, 1.00269, 1.00269, 1.00269, 1.00161, 1.00161, 1.00108, 1, 1]
successive_runtimes: [0.00472717, 0.00645246, 0.00919043, 0.0125656, 0.0152827, 0.0175034, 0.0199189, 0.0221715, 0.0266119, 0.0329564, 0.0399713, 0.046809, 0.0544109, 0.0625336, 0.0706305, 0.0746522, 0.0854719, 0.0972679]
num_agents: 30
time_individual_plan: 0.00285205
time_first_plan: 0.00135989
num_max_agents_in_window_first_iteration: 3
num_recWAMPF: 18
timing_recWAMPF:
    total_RecWAMPF: 0.0938973
    num_windows: 140
    num_max_agents_in_window: 4
    timing_gari:
        total_GARI: 0.0802921
        time_path_btw_starts: 0.000488909
        Stage1:
            total_Stage1:0.0489366
            time_add_x_to_o: 0.0212179
            time_clear_x: 0.0031812
            timing_AStarSearchUntil:
                total_astar_search_until:0.024529
                num_values_f_less_fmax:4827
                ASU Exp:
                    total_ASUExp:0.0245257
                    time_top_o:0.00145205
                    time_check_in_c:0.00132159
                    time_add_parent:0.00073088
                    num_neighbors:49410
                    time_add_neighbors_to_o:0.0181454
        Stage2:
            total_Stage2:0.00866499
            num_len_path:117
            time_expanding_s:0.000229924
            timing_AStarSearchUntil:
                total_astar_search_until:0.00839201
                num_values_f_less_fmax:380
                ASU Exp:
                    total_ASUExp:0.00838919
                    time_top_o:0.000102167
                    time_check_in_c:0.000129525
                    time_add_parent:0.000148573
                    num_neighbors:18838
                    time_add_neighbors_to_o:0.00757843
        Stage3:
            total_Stage3:0.0221808
            num_until_goal_expanded:894
            timing_S3Exp:
                total_S3Exp: 0.00982775
                time_top_o: 0.000218213
                time_check_in_c: 0.000123529
                time_add_parent: 0.000254173
                num_neighbors: 18356
                time_add_neighbors_to_o: 0.0068936
    timing_PIOW_overlapping:
        total_PIOW: 1.6007e-05
        num_windows: 272
        time_check_overlap: 8.736e-06
        num_overlapping_windows: 0
        time_merge_windows: 0
        time_remove_window: 0
        time_remove_window: 0
        timing_PlanIn:
            total_PlanIn:0
            num_until_goal_expanded:0
            timing_expansions:
                total_S3Exp: 0
                time_top_o: 0
                time_check_in_c: 0
                time_add_parent: 0
                num_neighbors: 0
                time_add_neighbors_to_o: 0
    num_new_collisions: 6
    timing_PIOW_new_collisions:
        total_PIOW: 0.0092788
        num_windows: 28
        time_check_overlap: 1.332e-06
        num_overlapping_windows: 2
        time_merge_windows: 0
        time_remove_window: 0.0819904
        time_remove_window: 2.346e-06
        timing_PlanIn:
            total_PlanIn:0.0092662
            num_until_goal_expanded:147
            timing_expansions:
                total_S3Exp: 0.00925376
                time_top_o: 2.7123e-05
                time_check_in_c: 2.771e-05
                time_add_parent: 3.9396e-05
                num_neighbors: 15563
                time_add_neighbors_to_o: 0.00854786
    num_windows_should_quit: 0
    time_should_quit: 4.883e-06
    time_remove_window: 0
Complete!
