Total time: 3.34013
is_optimal: true
optimality_bound: 1
successive_bounds: [1.00524, 1.00432, 1.00432, 1.00432, 1.0037, 1.00308, 1.00308, 1.00247, 1.00247, 1.00247, 1.00247, 1.00247, 1.00247, 1.00247, 1.00247, 1.00185, 1.00185, 1.00185, 1.00185, 1.00185, 1.00123, 1.00123, 1.00123, 1.00123, 1.00123, 1.00123, 1.00123, 1.00123, 1.00123, 1.00123, 1.00123, 1]
successive_runtimes: [0.0243255, 0.0318697, 0.037769, 0.0450921, 0.0519509, 0.0623245, 0.0713231, 0.0836899, 0.0955285, 0.105735, 0.116842, 0.128836, 0.139822, 0.151764, 0.164406, 0.195563, 0.223096, 0.238035, 0.252099, 0.270573, 0.286772, 0.298338, 0.309344, 0.320665, 0.329677, 0.342235, 0.51641, 0.651014, 0.780172, 0.985445, 3.34013]
num_agents: 50
time_individual_plan: 0.0168123
time_first_plan: 0.00677504
num_max_agents_in_window_first_iteration: 3
num_recWAMPF: 31
timing_recWAMPF:
    total_RecWAMPF: 3.32256
    num_windows: 613
    num_max_agents_in_window: 5
    timing_gari:
        total_GARI: 0.762153
        time_path_btw_starts: 0.00245267
        Stage1:
            total_Stage1:0.393859
            time_add_x_to_o: 0.14764
            time_clear_x: 0.0347814
            timing_AStarSearchUntil:
                total_astar_search_until:0.211385
                num_values_f_less_fmax:25930
                ASU Exp:
                    total_ASUExp:0.211365
                    time_top_o:0.0152468
                    time_check_in_c:0.00693652
                    time_add_parent:0.0036254
                    num_neighbors:294433
                    time_add_neighbors_to_o:0.17024
        Stage2:
            total_Stage2:0.023146
            num_len_path:547
            time_expanding_s:0.000608761
            timing_AStarSearchUntil:
                total_astar_search_until:0.0221465
                num_values_f_less_fmax:1194
                ASU Exp:
                    total_ASUExp:0.0221316
                    time_top_o:0.000502967
                    time_check_in_c:0.000351788
                    time_add_parent:0.000562207
                    num_neighbors:34045
                    time_add_neighbors_to_o:0.0184046
        Stage3:
            total_Stage3:0.342511
            num_until_goal_expanded:12275
            timing_S3Exp:
                total_S3Exp: 0.166819
                time_top_o: 0.00679993
                time_check_in_c: 0.0031606
                time_add_parent: 0.00627749
                num_neighbors: 181624
                time_add_neighbors_to_o: 0.126762
    timing_PIOW_overlapping:
        total_PIOW: 2.35934
        num_windows: 3211
        time_check_overlap: 0.00017374
        num_overlapping_windows: 10
        time_merge_windows: 2.4049e-05
        time_remove_window: 3.989e-06
        time_remove_window: 2.3103e-05
        timing_PlanIn:
            total_PlanIn:2.359
            num_until_goal_expanded:12705
            timing_expansions:
                total_S3Exp: 2.35895
                time_top_o: 0.012136
                time_check_in_c: 0.00362655
                time_add_parent: 0.00768138
                num_neighbors: 2585212
                time_add_neighbors_to_o: 2.21751
    num_new_collisions: 14
    timing_PIOW_new_collisions:
        total_PIOW: 0.182659
        num_windows: 155
        time_check_overlap: 8.95e-06
        num_overlapping_windows: 3
        time_merge_windows: 0
        time_remove_window: 0.558093
        time_remove_window: 7.92e-06
        timing_PlanIn:
            total_PlanIn:0.182607
            num_until_goal_expanded:2702
            timing_expansions:
                total_S3Exp: 0.182549
                time_top_o: 0.00255809
                time_check_in_c: 0.000724754
                time_add_parent: 0.00131135
                num_neighbors: 262256
                time_add_neighbors_to_o: 0.164297
    num_windows_should_quit: 1
    time_should_quit: 7.2391e-05
    time_remove_window: 3.26e-07
Complete!
