Total time: 0.0159593
is_optimal: true
optimality_bound: 1
successive_bounds: [1.00241, 1.00241, 1.00241, 1.00241, 1.00241, 1.00241, 1.00241, 1.00241, 1.00241, 1.00241, 1.00241, 1.00241, 1.00241, 1.00241, 1.00241, 1.00241, 1.00241, 1.00241, 1.00241, 1.00241, 1.00241, 1.00241, 1.00241, 1.00241, 1.00241, 1.00241, 1.00241, 1.00241, 1.00241, 1, 1]
successive_runtimes: [0.00277947, 0.00311176, 0.00343475, 0.00375811, 0.00410761, 0.00443389, 0.00475404, 0.00507355, 0.00539655, 0.00571751, 0.0060378, 0.00643179, 0.00676392, 0.00710794, 0.0074813, 0.0078151, 0.00814541, 0.00847415, 0.00881419, 0.00916742, 0.00949981, 0.00986553, 0.0102903, 0.0107911, 0.0112942, 0.0118775, 0.0125732, 0.0133591, 0.0142077, 0.0159593]
num_agents: 10
time_individual_plan: 0.00188858
time_first_plan: 0.000247402
num_max_agents_in_window_first_iteration: 2
num_recWAMPF: 30
timing_recWAMPF:
    total_RecWAMPF: 0.0134212
    num_windows: 59
    num_max_agents_in_window: 2
    timing_gari:
        total_GARI: 0.0124071
        time_path_btw_starts: 0.000166321
        Stage1:
            total_Stage1:0.00569478
            time_add_x_to_o: 0.00228535
            time_clear_x: 0.000369555
            timing_AStarSearchUntil:
                total_astar_search_until:0.00303584
                num_values_f_less_fmax:856
                ASU Exp:
                    total_ASUExp:0.00303394
                    time_top_o:0.000257657
                    time_check_in_c:0.000144572
                    time_add_parent:0.000100966
                    num_neighbors:4634
                    time_add_neighbors_to_o:0.00210214
        Stage2:
            total_Stage2:0.00143635
            num_len_path:58
            time_expanding_s:2.5224e-05
            timing_AStarSearchUntil:
                total_astar_search_until:0.00139023
                num_values_f_less_fmax:87
                ASU Exp:
                    total_ASUExp:0.00138863
                    time_top_o:2.5182e-05
                    time_check_in_c:5.4506e-05
                    time_add_parent:3.7244e-05
                    num_neighbors:2559
                    time_add_neighbors_to_o:0.00115592
        Stage3:
            total_Stage3:0.00509713
            num_until_goal_expanded:641
            timing_S3Exp:
                total_S3Exp: 0.00314903
                time_top_o: 0.0001683
                time_check_in_c: 0.000104061
                time_add_parent: 0.000210202
                num_neighbors: 4719
                time_add_neighbors_to_o: 0.00182224
    timing_PIOW_overlapping:
        total_PIOW: 1.506e-06
        num_windows: 29
        time_check_overlap: 0
        num_overlapping_windows: 0
        time_merge_windows: 0
        time_remove_window: 0
        time_remove_window: 0
        timing_PlanIn:
            total_PlanIn:0
            num_until_goal_expanded:0
            timing_expansions:
                total_S3Exp: 0
                time_top_o: 0
                time_check_in_c: 0
                time_add_parent: 0
                num_neighbors: 0
                time_add_neighbors_to_o: 0
    num_new_collisions: 1
    timing_PIOW_new_collisions:
        total_PIOW: 0.000197235
        num_windows: 0
        time_check_overlap: 0
        num_overlapping_windows: 0
        time_merge_windows: 0
        time_remove_window: 0
        time_remove_window: 4.42e-07
        timing_PlanIn:
            total_PlanIn:0.000195204
            num_until_goal_expanded:26
            timing_expansions:
                total_S3Exp: 0.000191937
                time_top_o: 4.222e-06
                time_check_in_c: 5.894e-06
                time_add_parent: 9.337e-06
                num_neighbors: 224
                time_add_neighbors_to_o: 0.000119876
    num_windows_should_quit: 0
    time_should_quit: 2.159e-06
    time_remove_window: 0
Complete!
