Total time: 4.76031
is_optimal: false
optimality_bound: 1.00387
successive_bounds: [1.00608, 1.00552, 1.00552, 1.00552, 1.00387]
successive_runtimes: [0.0219531, 0.0352761, 0.0450007, 0.232576, 4.76031]
num_agents: 50
time_individual_plan: 0.0116432
time_first_plan: 0.00963673
num_max_agents_in_window_first_iteration: 3
num_recWAMPF: 5
timing_recWAMPF:
    total_RecWAMPF: 4.748
    num_windows: 73
    num_max_agents_in_window: 5
    timing_gari:
        total_GARI: 0.0136774
        time_path_btw_starts: 0.00019372
        Stage1:
            total_Stage1:0.00528702
            time_add_x_to_o: 0.00250442
            time_clear_x: 0.000261593
            timing_AStarSearchUntil:
                total_astar_search_until:0.0025173
                num_values_f_less_fmax:386
                ASU Exp:
                    total_ASUExp:0.00251565
                    time_top_o:0.00011651
                    time_check_in_c:0.000146316
                    time_add_parent:2.4064e-05
                    num_neighbors:4692
                    time_add_neighbors_to_o:0.00204404
        Stage2:
            total_Stage2:0.00187284
            num_len_path:60
            time_expanding_s:2.9265e-05
            timing_AStarSearchUntil:
                total_astar_search_until:0.00181897
                num_values_f_less_fmax:113
                ASU Exp:
                    total_ASUExp:0.00181753
                    time_top_o:3.0222e-05
                    time_check_in_c:3.1197e-05
                    time_add_parent:6.6907e-05
                    num_neighbors:3080
                    time_add_neighbors_to_o:0.00153231
        Stage3:
            total_Stage3:0.00630758
            num_until_goal_expanded:278
            timing_S3Exp:
                total_S3Exp: 0.00479542
                time_top_o: 9.8416e-05
                time_check_in_c: 4.7669e-05
                time_add_parent: 0.000101248
                num_neighbors: 5367
                time_add_neighbors_to_o: 0.00402379
    timing_PIOW_overlapping:
        total_PIOW: 4.72225
        num_windows: 336
        time_check_overlap: 1.3581e-05
        num_overlapping_windows: 7
        time_merge_windows: 1.3084e-05
        time_remove_window: 3.327e-06
        time_remove_window: 1.265e-05
        timing_PlanIn:
            total_PlanIn:4.72219
            num_until_goal_expanded:2955
            timing_expansions:
                total_S3Exp: 4.72217
                time_top_o: 0.00537633
                time_check_in_c: 0.00168041
                time_add_parent: 0.00227812
                num_neighbors: 6586032
                time_add_neighbors_to_o: 4.4905
    num_new_collisions: 15
    timing_PIOW_new_collisions:
        total_PIOW: 0.00641969
        num_windows: 198
        time_check_overlap: 7.536e-06
        num_overlapping_windows: 1
        time_merge_windows: 0
        time_remove_window: 0.0160837
        time_remove_window: 9.755e-06
        timing_PlanIn:
            total_PlanIn:0.00637298
            num_until_goal_expanded:365
            timing_expansions:
                total_S3Exp: 0.00634372
                time_top_o: 6.212e-05
                time_check_in_c: 7.6275e-05
                time_add_parent: 0.000108332
                num_neighbors: 10178
                time_add_neighbors_to_o: 0.0052611
    num_windows_should_quit: 0
    time_should_quit: 6.209e-06
    time_remove_window: 0
Complete!
