Total time: 0.0796697
is_optimal: true
optimality_bound: 1
successive_bounds: [1.00201, 1.00151, 1.00151, 1.00151, 1.00151, 1.00151, 1.00151, 1.00151, 1.0005, 1.0005, 1.0005, 1.0005, 1, 1]
successive_runtimes: [0.0289179, 0.0362982, 0.0401217, 0.0436996, 0.0476495, 0.0519363, 0.0560566, 0.0602133, 0.0642938, 0.0678071, 0.0708748, 0.0739602, 0.0796697]
num_agents: 30
time_individual_plan: 0.00613885
time_first_plan: 0.0221226
num_max_agents_in_window_first_iteration: 2
num_recWAMPF: 13
timing_recWAMPF:
    total_RecWAMPF: 0.07287
    num_windows: 100
    num_max_agents_in_window: 2
    timing_gari:
        total_GARI: 0.0482789
        time_path_btw_starts: 0.000499534
        Stage1:
            total_Stage1:0.0113139
            time_add_x_to_o: 0.00544282
            time_clear_x: 0.000683328
            timing_AStarSearchUntil:
                total_astar_search_until:0.00518086
                num_values_f_less_fmax:1913
                ASU Exp:
                    total_ASUExp:0.00517823
                    time_top_o:0.000556795
                    time_check_in_c:0.000375674
                    time_add_parent:0.000152601
                    num_neighbors:6994
                    time_add_neighbors_to_o:0.00340676
        Stage2:
            total_Stage2:0.00641359
            num_len_path:114
            time_expanding_s:7.7271e-05
            timing_AStarSearchUntil:
                total_astar_search_until:0.00629701
                num_values_f_less_fmax:428
                ASU Exp:
                    total_ASUExp:0.00629468
                    time_top_o:0.000140944
                    time_check_in_c:0.000132437
                    time_add_parent:0.000251114
                    num_neighbors:10010
                    time_add_neighbors_to_o:0.00524964
        Stage3:
            total_Stage3:0.0300277
            num_until_goal_expanded:1138
            timing_S3Exp:
                total_S3Exp: 0.00594536
                time_top_o: 0.000299545
                time_check_in_c: 0.000179395
                time_add_parent: 0.000338482
                num_neighbors: 7316
                time_add_neighbors_to_o: 0.00362457
    timing_PIOW_overlapping:
        total_PIOW: 1.9715e-05
        num_windows: 192
        time_check_overlap: 1.1655e-05
        num_overlapping_windows: 0
        time_merge_windows: 0
        time_remove_window: 0
        time_remove_window: 0
        timing_PlanIn:
            total_PlanIn:0
            num_until_goal_expanded:0
            timing_expansions:
                total_S3Exp: 0
                time_top_o: 0
                time_check_in_c: 0
                time_add_parent: 0
                num_neighbors: 0
                time_add_neighbors_to_o: 0
    num_new_collisions: 4
    timing_PIOW_new_collisions:
        total_PIOW: 0.0215907
        num_windows: 12
        time_check_overlap: 9.86e-07
        num_overlapping_windows: 0
        time_merge_windows: 0
        time_remove_window: 0
        time_remove_window: 2.422e-06
        timing_PlanIn:
            total_PlanIn:0.0215812
            num_until_goal_expanded:1479
            timing_expansions:
                total_S3Exp: 0.0215617
                time_top_o: 0.000422678
                time_check_in_c: 0.000310237
                time_add_parent: 0.000432053
                num_neighbors: 31676
                time_add_neighbors_to_o: 0.0176691
    num_windows_should_quit: 0
    time_should_quit: 4.787e-06
    time_remove_window: 0
Complete!
