Total time: 0.118119
is_optimal: false
optimality_bound: 1.00106
successive_bounds: [1.00212, 1.00212, 1.00212, 1.00212, 1.00212, 1.00212, 1.00106, 1.00106, 1.00106, 1.00106, 1.00106, 1.00106, 1.00106, 1.00106, 1.00106, 1.00106, 1.00106, 1.00106, 1.00106, 1.00106, 1.00106]
successive_runtimes: [0.0100959, 0.0110843, 0.0121751, 0.0135647, 0.0151055, 0.0166905, 0.0187613, 0.0204486, 0.0221124, 0.0247834, 0.0274758, 0.0316638, 0.0361548, 0.0418411, 0.0495594, 0.0590137, 0.0687621, 0.0786283, 0.0891355, 0.101743, 0.118119]
num_agents: 50
time_individual_plan: 0.00819882
time_first_plan: 0.00125458
num_max_agents_in_window_first_iteration: 2
num_recWAMPF: 21
timing_recWAMPF:
    total_RecWAMPF: 0.109272
    num_windows: 164
    num_max_agents_in_window: 2
    timing_gari:
        total_GARI: 0.102213
        time_path_btw_starts: 0.000988678
        Stage1:
            total_Stage1:0.0772779
            time_add_x_to_o: 0.0177299
            time_clear_x: 0.00302335
            timing_AStarSearchUntil:
                total_astar_search_until:0.0565137
                num_values_f_less_fmax:14326
                ASU Exp:
                    total_ASUExp:0.0565089
                    time_top_o:0.00535785
                    time_check_in_c:0.00285094
                    time_add_parent:0.00205074
                    num_neighbors:98358
                    time_add_neighbors_to_o:0.0391074
        Stage2:
            total_Stage2:0.00816473
            num_len_path:155
            time_expanding_s:9.4596e-05
            timing_AStarSearchUntil:
                total_astar_search_until:0.00801133
                num_values_f_less_fmax:564
                ASU Exp:
                    total_ASUExp:0.00800724
                    time_top_o:0.00019902
                    time_check_in_c:0.000142195
                    time_add_parent:0.000233839
                    num_neighbors:13676
                    time_add_neighbors_to_o:0.00668463
        Stage3:
            total_Stage3:0.0157381
            num_until_goal_expanded:1095
            timing_S3Exp:
                total_S3Exp: 0.00605316
                time_top_o: 0.000284567
                time_check_in_c: 0.000190345
                time_add_parent: 0.000315851
                num_neighbors: 7863
                time_add_neighbors_to_o: 0.00365564
    timing_PIOW_overlapping:
        total_PIOW: 2.5997e-05
        num_windows: 320
        time_check_overlap: 1.3019e-05
        num_overlapping_windows: 0
        time_merge_windows: 0
        time_remove_window: 0
        time_remove_window: 0
        timing_PlanIn:
            total_PlanIn:0
            num_until_goal_expanded:0
            timing_expansions:
                total_S3Exp: 0
                time_top_o: 0
                time_check_in_c: 0
                time_add_parent: 0
                num_neighbors: 0
                time_add_neighbors_to_o: 0
    num_new_collisions: 4
    timing_PIOW_new_collisions:
        total_PIOW: 0.000532608
        num_windows: 12
        time_check_overlap: 7.2e-07
        num_overlapping_windows: 0
        time_merge_windows: 0
        time_remove_window: 0
        time_remove_window: 1.7e-06
        timing_PlanIn:
            total_PlanIn:0.00044495
            num_until_goal_expanded:66
            timing_expansions:
                total_S3Exp: 0.000436171
                time_top_o: 9.991e-06
                time_check_in_c: 1.3358e-05
                time_add_parent: 2.027e-05
                num_neighbors: 577
                time_add_neighbors_to_o: 0.000286385
    num_windows_should_quit: 1
    time_should_quit: 8.569e-06
    time_remove_window: 2.38e-07
Complete!
