Total time: 1021.43
is_optimal: false
optimality_bound: 1.0021
successive_bounds: [1.0042, 1.00315, 1.00315, 1.00315, 1.00315, 1.00315, 1.00315, 1.00315, 1.00315, 1.00315, 1.0021, 1.0021, 1.0021, 1.0021, 1.0021, 1.0021, 1.0021, 1.0021, 1.0021, 1.0021, 1.0021, 1.0021, 1.0021, 1.0021, 1.0021, 1.0021, 1.0021, 1.0021, 1.0021, 1.0021, 1.0021]
successive_runtimes: [0.016222, 0.0193785, 0.0221802, 0.0248878, 0.0276537, 0.0305288, 0.0332414, 0.0360006, 0.0387379, 0.0412402, 0.686785, 1.23152, 2.54387, 4.8817, 5.88162, 6.86193, 31.8932, 72.7385, 122.523, 171.418, 247.083, 332.209, 400.009, 470.099, 540.467, 597.418, 668.977, 731.583, 802.654, 869.995, 1021.43]
num_agents: 30
time_individual_plan: 0.0110825
time_first_plan: 0.00366313
num_max_agents_in_window_first_iteration: 2
num_recWAMPF: 31
timing_recWAMPF:
    total_RecWAMPF: 1021.41
    num_windows: 119
    num_max_agents_in_window: 4
    timing_gari:
        total_GARI: 996.678
        time_path_btw_starts: 0.0273542
        Stage1:
            total_Stage1:695.952
            time_add_x_to_o: 142.861
            time_clear_x: 76.6529
            timing_AStarSearchUntil:
                total_astar_search_until:476.437
                num_values_f_less_fmax:1958247
                ASU Exp:
                    total_ASUExp:476.437
                    time_top_o:5.06481
                    time_check_in_c:3.63497
                    time_add_parent:2.72889
                    num_neighbors:488395866
                    time_add_neighbors_to_o:444.161
        Stage2:
            total_Stage2:0.02028
            num_len_path:96
            time_expanding_s:0.000174533
            timing_AStarSearchUntil:
                total_astar_search_until:0.0199914
                num_values_f_less_fmax:169
                ASU Exp:
                    total_ASUExp:0.0199856
                    time_top_o:0.00013645
                    time_check_in_c:0.000109213
                    time_add_parent:0.000201704
                    num_neighbors:17229
                    time_add_neighbors_to_o:0.0182048
        Stage3:
            total_Stage3:300.679
            num_until_goal_expanded:69457
            timing_S3Exp:
                total_S3Exp: 24.2081
                time_top_o: 0.18825
                time_check_in_c: 0.0347737
                time_add_parent: 0.0695242
                num_neighbors: 21673454
                time_add_neighbors_to_o: 21.669
    timing_PIOW_overlapping:
        total_PIOW: 0.644654
        num_windows: 178
        time_check_overlap: 1.3396e-05
        num_overlapping_windows: 3
        time_merge_windows: 1.3335e-05
        time_remove_window: 1.35e-06
        time_remove_window: 1.2904e-05
        timing_PlanIn:
            total_PlanIn:0.644602
            num_until_goal_expanded:6351
            timing_expansions:
                total_S3Exp: 0.644585
                time_top_o: 0.00606664
                time_check_in_c: 0.00244945
                time_add_parent: 0.00520526
                num_neighbors: 678973
                time_add_neighbors_to_o: 0.582273
    num_new_collisions: 5
    timing_PIOW_new_collisions:
        total_PIOW: 24.0794
        num_windows: 13
        time_check_overlap: 1.894e-06
        num_overlapping_windows: 1
        time_merge_windows: 0
        time_remove_window: 7.81739
        time_remove_window: 4.899e-06
        timing_PlanIn:
            total_PlanIn:24.0793
            num_until_goal_expanded:38086
            timing_expansions:
                total_S3Exp: 24.0793
                time_top_o: 0.0937483
                time_check_in_c: 0.0266077
                time_add_parent: 0.0442949
                num_neighbors: 25246557
                time_add_neighbors_to_o: 22.8637
    num_windows_should_quit: 0
    time_should_quit: 1.3061e-05
    time_remove_window: 0
Complete!
