Total time: 7.80216
is_optimal: false
optimality_bound: 1.00154
successive_bounds: [1.00386, 1.00386, 1.00386, 1.00386, 1.00386, 1.00386, 1.00309, 1.00309, 1.00232, 1.00232, 1.00154]
successive_runtimes: [0.00884563, 0.0106591, 0.0127711, 0.0148784, 0.0171078, 0.0193607, 0.0217759, 0.0238272, 0.0879225, 0.20276, 7.80216]
num_agents: 40
time_individual_plan: 0.00606885
time_first_plan: 0.0022478
num_max_agents_in_window_first_iteration: 2
num_recWAMPF: 11
timing_recWAMPF:
    total_RecWAMPF: 7.79556
    num_windows: 117
    num_max_agents_in_window: 4
    timing_gari:
        total_GARI: 0.285088
        time_path_btw_starts: 0.000305602
        Stage1:
            total_Stage1:0.179494
            time_add_x_to_o: 0.0534434
            time_clear_x: 0.0111465
            timing_AStarSearchUntil:
                total_astar_search_until:0.114897
                num_values_f_less_fmax:3952
                ASU Exp:
                    total_ASUExp:0.114894
                    time_top_o:0.0033776
                    time_check_in_c:0.00805543
                    time_add_parent:0.00130938
                    num_neighbors:213784
                    time_add_neighbors_to_o:0.0969928
        Stage2:
            total_Stage2:0.00375981
            num_len_path:114
            time_expanding_s:6.1742e-05
            timing_AStarSearchUntil:
                total_astar_search_until:0.00366374
                num_values_f_less_fmax:296
                ASU Exp:
                    total_ASUExp:0.00366138
                    time_top_o:6.9373e-05
                    time_check_in_c:5.4312e-05
                    time_add_parent:8.9287e-05
                    num_neighbors:7966
                    time_add_neighbors_to_o:0.00314429
        Stage3:
            total_Stage3:0.10068
            num_until_goal_expanded:4485
            timing_S3Exp:
                total_S3Exp: 0.0654396
                time_top_o: 0.00195613
                time_check_in_c: 0.000631585
                time_add_parent: 0.00132229
                num_neighbors: 122673
                time_add_neighbors_to_o: 0.0564701
    timing_PIOW_overlapping:
        total_PIOW: 0.289927
        num_windows: 337
        time_check_overlap: 1.1461e-05
        num_overlapping_windows: 3
        time_merge_windows: 6.33e-06
        time_remove_window: 1.294e-06
        time_remove_window: 6.118e-06
        timing_PlanIn:
            total_PlanIn:0.289891
            num_until_goal_expanded:6194
            timing_expansions:
                total_S3Exp: 0.289883
                time_top_o: 0.00355459
                time_check_in_c: 0.00112015
                time_add_parent: 0.00195529
                num_neighbors: 544174
                time_add_neighbors_to_o: 0.260641
    num_new_collisions: 7
    timing_PIOW_new_collisions:
        total_PIOW: 7.21475
        num_windows: 37
        time_check_overlap: 1.746e-06
        num_overlapping_windows: 1
        time_merge_windows: 0
        time_remove_window: 0.588379
        time_remove_window: 2.3e-06
        timing_PlanIn:
            total_PlanIn:7.21473
            num_until_goal_expanded:22287
            timing_expansions:
                total_S3Exp: 7.21472
                time_top_o: 0.0387696
                time_check_in_c: 0.00752563
                time_add_parent: 0.0129758
                num_neighbors: 12095487
                time_add_neighbors_to_o: 6.81012
    num_windows_should_quit: 0
    time_should_quit: 4.039e-06
    time_remove_window: 0
Complete!
