Total time: 7.57465
is_optimal: true
optimality_bound: 1
successive_bounds: [1.00182, 1.00182, 1.00182, 1.00182, 1.00182, 1.00182, 1.00091, 1.00091, 1.00046, 1.00046, 1.00046, 1.00046, 1.00046, 1.00046, 1.00046, 1.00046, 1.00046, 1.00046, 1.00046, 1.00046, 1.00046, 1.00046, 1.00046, 1.00046, 1.00046, 1.00046, 1.00046, 1, 1]
successive_runtimes: [0.00949357, 0.0131035, 0.0291111, 0.060305, 0.123498, 0.217243, 0.306709, 0.346984, 0.367115, 0.38891, 0.414339, 0.449221, 0.481224, 0.532761, 0.634166, 0.790332, 1.01322, 1.25008, 1.57004, 1.95913, 2.38301, 2.87287, 3.49739, 4.14976, 4.87234, 5.66793, 6.53145, 7.57465]
num_agents: 30
time_individual_plan: 0.00768598
time_first_plan: 0.00111899
num_max_agents_in_window_first_iteration: 2
num_recWAMPF: 28
timing_recWAMPF:
    total_RecWAMPF: 7.56626
    num_windows: 165
    num_max_agents_in_window: 3
    timing_gari:
        total_GARI: 7.55681
        time_path_btw_starts: 0.000728379
        Stage1:
            total_Stage1:4.72315
            time_add_x_to_o: 1.59239
            time_clear_x: 0.821225
            timing_AStarSearchUntil:
                total_astar_search_until:2.30952
                num_values_f_less_fmax:95724
                ASU Exp:
                    total_ASUExp:2.30951
                    time_top_o:0.171015
                    time_check_in_c:0.0429334
                    time_add_parent:0.0299219
                    num_neighbors:3600400
                    time_add_neighbors_to_o:1.95647
        Stage2:
            total_Stage2:0.0304471
            num_len_path:172
            time_expanding_s:0.000139738
            timing_AStarSearchUntil:
                total_astar_search_until:0.0301862
                num_values_f_less_fmax:573
                ASU Exp:
                    total_ASUExp:0.0301822
                    time_top_o:0.00026524
                    time_check_in_c:0.000120792
                    time_add_parent:0.000281566
                    num_neighbors:55491
                    time_add_neighbors_to_o:0.0285583
        Stage3:
            total_Stage3:2.80243
            num_until_goal_expanded:32248
            timing_S3Exp:
                total_S3Exp: 0.577675
                time_top_o: 0.0248069
                time_check_in_c: 0.0104004
                time_add_parent: 0.0221707
                num_neighbors: 774231
                time_add_neighbors_to_o: 0.4653
    timing_PIOW_overlapping:
        total_PIOW: 2.5266e-05
        num_windows: 243
        time_check_overlap: 1.2555e-05
        num_overlapping_windows: 0
        time_merge_windows: 0
        time_remove_window: 0
        time_remove_window: 0
        timing_PlanIn:
            total_PlanIn:0
            num_until_goal_expanded:0
            timing_expansions:
                total_S3Exp: 0
                time_top_o: 0
                time_check_in_c: 0
                time_add_parent: 0
                num_neighbors: 0
                time_add_neighbors_to_o: 0
    num_new_collisions: 4
    timing_PIOW_new_collisions:
        total_PIOW: 0.00296906
        num_windows: 13
        time_check_overlap: 6.53e-07
        num_overlapping_windows: 1
        time_merge_windows: 0
        time_remove_window: 0.0106541
        time_remove_window: 1.213e-06
        timing_PlanIn:
            total_PlanIn:0.00295968
            num_until_goal_expanded:204
            timing_expansions:
                total_S3Exp: 0.00294973
                time_top_o: 3.3016e-05
                time_check_in_c: 5.1673e-05
                time_add_parent: 6.0574e-05
                num_neighbors: 4412
                time_add_neighbors_to_o: 0.00235262
    num_windows_should_quit: 0
    time_should_quit: 1.2669e-05
    time_remove_window: 0
Complete!
