Total time: 0.044095
is_optimal: true
optimality_bound: 1
successive_bounds: [1.00422, 1.00352, 1.00352, 1.00246, 1.00246, 1.00246, 1.00211, 1.00141, 1.00141, 1.00141, 1.00141, 1, 1]
successive_runtimes: [0.0123076, 0.0155756, 0.0185886, 0.0212444, 0.0247714, 0.0277916, 0.0301103, 0.0324088, 0.034597, 0.0382674, 0.0406793, 0.044095]
num_agents: 50
time_individual_plan: 0.00798565
time_first_plan: 0.00378877
num_max_agents_in_window_first_iteration: 2
num_recWAMPF: 12
timing_recWAMPF:
    total_RecWAMPF: 0.0355738
    num_windows: 168
    num_max_agents_in_window: 3
    timing_gari:
        total_GARI: 0.0229561
        time_path_btw_starts: 0.000452804
        Stage1:
            total_Stage1:0.00702109
            time_add_x_to_o: 0.00449447
            time_clear_x: 0.000670022
            timing_AStarSearchUntil:
                total_astar_search_until:0.00184805
                num_values_f_less_fmax:1246
                ASU Exp:
                    total_ASUExp:0.00184435
                    time_top_o:0.000253582
                    time_check_in_c:0.000241179
                    time_add_parent:5.9226e-05
                    num_neighbors:2504
                    time_add_neighbors_to_o:0.000891839
        Stage2:
            total_Stage2:0.00436722
            num_len_path:160
            time_expanding_s:0.000108635
            timing_AStarSearchUntil:
                total_astar_search_until:0.00421788
                num_values_f_less_fmax:321
                ASU Exp:
                    total_ASUExp:0.00421461
                    time_top_o:7.4942e-05
                    time_check_in_c:6.2664e-05
                    time_add_parent:0.000100942
                    num_neighbors:9205
                    time_add_neighbors_to_o:0.00357464
        Stage3:
            total_Stage3:0.0110867
            num_until_goal_expanded:1045
            timing_S3Exp:
                total_S3Exp: 0.0080979
                time_top_o: 0.000231154
                time_check_in_c: 0.000140584
                time_add_parent: 0.000238874
                num_neighbors: 15252
                time_add_neighbors_to_o: 0.0061453
    timing_PIOW_overlapping:
        total_PIOW: 0.0019339
        num_windows: 596
        time_check_overlap: 1.7176e-05
        num_overlapping_windows: 1
        time_merge_windows: 1.124e-06
        time_remove_window: 1.35e-07
        time_remove_window: 1.073e-06
        timing_PlanIn:
            total_PlanIn:0.00190079
            num_until_goal_expanded:75
            timing_expansions:
                total_S3Exp: 0.00189887
                time_top_o: 1.2962e-05
                time_check_in_c: 1.1662e-05
                time_add_parent: 1.837e-05
                num_neighbors: 3226
                time_add_neighbors_to_o: 0.00164086
    num_new_collisions: 8
    timing_PIOW_new_collisions:
        total_PIOW: 0.00124785
        num_windows: 56
        time_check_overlap: 1.641e-06
        num_overlapping_windows: 0
        time_merge_windows: 0
        time_remove_window: 0
        time_remove_window: 2.237e-06
        timing_PlanIn:
            total_PlanIn:0.00123632
            num_until_goal_expanded:203
            timing_expansions:
                total_S3Exp: 0.00122354
                time_top_o: 2.3123e-05
                time_check_in_c: 3.3982e-05
                time_add_parent: 5.0813e-05
                num_neighbors: 1758
                time_add_neighbors_to_o: 0.000859825
    num_windows_should_quit: 0
    time_should_quit: 4.889e-06
    time_remove_window: 0
Complete!
