Total time: 2.94697
is_optimal: false
optimality_bound: 1.00154
successive_bounds: [1.00369, 1.00246, 1.00185, 1.00185, 1.00185, 1.00154, 1.00154, 1.00154, 1.00154, 1.00154, 1.00154, 1.00154, 1.00154, 1.00154]
successive_runtimes: [1.10318, 1.63418, 2.14653, 2.81831, 2.82376, 2.83805, 2.84779, 2.85712, 2.86546, 2.87471, 2.89157, 2.904, 2.91762, 2.94697]
num_agents: 50
time_individual_plan: 0.00700484
time_first_plan: 1.09565
num_max_agents_in_window_first_iteration: 4
num_recWAMPF: 14
timing_recWAMPF:
    total_RecWAMPF: 2.93944
    num_windows: 126
    num_max_agents_in_window: 5
    timing_gari:
        total_GARI: 1.342
        time_path_btw_starts: 0.000558874
        Stage1:
            total_Stage1:0.192034
            time_add_x_to_o: 0.143889
            time_clear_x: 0.0253293
            timing_AStarSearchUntil:
                total_astar_search_until:0.0228065
                num_values_f_less_fmax:1432
                ASU Exp:
                    total_ASUExp:0.022803
                    time_top_o:0.000534634
                    time_check_in_c:0.000530121
                    time_add_parent:0.000389989
                    num_neighbors:51630
                    time_add_neighbors_to_o:0.0203046
        Stage2:
            total_Stage2:0.0245107
            num_len_path:106
            time_expanding_s:0.00159104
            timing_AStarSearchUntil:
                total_astar_search_until:0.0228661
                num_values_f_less_fmax:284
                ASU Exp:
                    total_ASUExp:0.0228629
                    time_top_o:0.00010286
                    time_check_in_c:5.4105e-05
                    time_add_parent:9.0112e-05
                    num_neighbors:43308
                    time_add_neighbors_to_o:0.0178914
        Stage3:
            total_Stage3:1.12462
            num_until_goal_expanded:4133
            timing_S3Exp:
                total_S3Exp: 0.785306
                time_top_o: 0.00267538
                time_check_in_c: 0.00118871
                time_add_parent: 0.00229463
                num_neighbors: 977152
                time_add_neighbors_to_o: 0.751948
    timing_PIOW_overlapping:
        total_PIOW: 0.483819
        num_windows: 324
        time_check_overlap: 1.6051e-05
        num_overlapping_windows: 4
        time_merge_windows: 8.79e-06
        time_remove_window: 1.196e-06
        time_remove_window: 8.541e-06
        timing_PlanIn:
            total_PlanIn:0.483773
            num_until_goal_expanded:2174
            timing_expansions:
                total_S3Exp: 0.483759
                time_top_o: 0.00108061
                time_check_in_c: 0.0004143
                time_add_parent: 0.000852252
                num_neighbors: 772988
                time_add_neighbors_to_o: 0.457345
    num_new_collisions: 12
    timing_PIOW_new_collisions:
        total_PIOW: 1.10165
        num_windows: 116
        time_check_overlap: 4.341e-06
        num_overlapping_windows: 4
        time_merge_windows: 2.192e-06
        time_remove_window: 1.74615
        time_remove_window: 5.091e-06
        timing_PlanIn:
            total_PlanIn:1.10162
            num_until_goal_expanded:21298
            timing_expansions:
                total_S3Exp: 0.151461
                time_top_o: 0.0176499
                time_check_in_c: 0.00434762
                time_add_parent: 0.0095178
                num_neighbors: 1608417
                time_add_neighbors_to_o: 0.817047
    num_windows_should_quit: 0
    time_should_quit: 9.361e-06
    time_remove_window: 0
Complete!
