Total time: 0.0885197
is_optimal: true
optimality_bound: 1
successive_bounds: [1.00402, 1.00402, 1.00402, 1.00302, 1.00201, 1.00201, 1.00201, 1.00101, 1.00101, 1.00101, 1.00101, 1.00101, 1.00101, 1.00101, 1.00101, 1.00101, 1.00101, 1.00101, 1.00101, 1.00101, 1.00101, 1.00101, 1.00101, 1.00101, 1.00101, 1.00101, 1.00101, 1, 1]
successive_runtimes: [0.0170862, 0.0183767, 0.0198248, 0.0212735, 0.0229877, 0.0246194, 0.026282, 0.0331834, 0.0353939, 0.0368217, 0.0383156, 0.0410518, 0.0426219, 0.0442553, 0.0459451, 0.0476453, 0.0494026, 0.0512344, 0.0528844, 0.0545752, 0.0563114, 0.0581096, 0.0599933, 0.0620125, 0.0712601, 0.0817771, 0.0844043, 0.0885197]
num_agents: 30
time_individual_plan: 0.0135069
time_first_plan: 0.00284897
num_max_agents_in_window_first_iteration: 2
num_recWAMPF: 28
timing_recWAMPF:
    total_RecWAMPF: 0.0742753
    num_windows: 247
    num_max_agents_in_window: 3
    timing_gari:
        total_GARI: 0.0607315
        time_path_btw_starts: 0.000754376
        Stage1:
            total_Stage1:0.00794957
            time_add_x_to_o: 0.0044586
            time_clear_x: 0.000608719
            timing_AStarSearchUntil:
                total_astar_search_until:0.00286564
                num_values_f_less_fmax:250
                ASU Exp:
                    total_ASUExp:0.00285954
                    time_top_o:9.7447e-05
                    time_check_in_c:8.0589e-05
                    time_add_parent:0.000131619
                    num_neighbors:3973
                    time_add_neighbors_to_o:0.002233
        Stage2:
            total_Stage2:0.00892659
            num_len_path:216
            time_expanding_s:0.000159389
            timing_AStarSearchUntil:
                total_astar_search_until:0.00866962
                num_values_f_less_fmax:399
                ASU Exp:
                    total_ASUExp:0.00866422
                    time_top_o:0.000160925
                    time_check_in_c:0.000138594
                    time_add_parent:0.000283129
                    num_neighbors:11485
                    time_add_neighbors_to_o:0.00719145
        Stage3:
            total_Stage3:0.0430191
            num_until_goal_expanded:2046
            timing_S3Exp:
                total_S3Exp: 0.0271465
                time_top_o: 0.000775826
                time_check_in_c: 0.000519694
                time_add_parent: 0.00117267
                num_neighbors: 29158
                time_add_neighbors_to_o: 0.0198964
    timing_PIOW_overlapping:
        total_PIOW: 0.00548089
        num_windows: 575
        time_check_overlap: 3.1115e-05
        num_overlapping_windows: 2
        time_merge_windows: 3.374e-06
        time_remove_window: 5.01e-07
        time_remove_window: 3.252e-06
        timing_PlanIn:
            total_PlanIn:0.00542133
            num_until_goal_expanded:106
            timing_expansions:
                total_S3Exp: 0.00541587
                time_top_o: 3.2475e-05
                time_check_in_c: 3.1096e-05
                time_add_parent: 6.9853e-05
                num_neighbors: 4942
                time_add_neighbors_to_o: 0.00480267
    num_new_collisions: 6
    timing_PIOW_new_collisions:
        total_PIOW: 0.00228697
        num_windows: 30
        time_check_overlap: 1.835e-06
        num_overlapping_windows: 0
        time_merge_windows: 0
        time_remove_window: 0
        time_remove_window: 2.88e-06
        timing_PlanIn:
            total_PlanIn:0.00227114
            num_until_goal_expanded:127
            timing_expansions:
                total_S3Exp: 0.00225567
                time_top_o: 2.8972e-05
                time_check_in_c: 4.0197e-05
                time_add_parent: 7.8629e-05
                num_neighbors: 2274
                time_add_neighbors_to_o: 0.00175747
    num_windows_should_quit: 0
    time_should_quit: 9.684e-06
    time_remove_window: 0
Complete!
