Total time: 8.29
is_optimal: false
optimality_bound: 1.00415
successive_bounds: [1.00587, 1.00538, 1.00538, 1.00538, 1.00538, 1.00464, 1.00464, 1.00415, 1.00415, 1.00415, 1.00415, 1.00415]
successive_runtimes: [0.0154726, 0.0196533, 0.0277962, 0.0664064, 0.10937, 0.281646, 0.380761, 0.437993, 0.483726, 0.540853, 0.601205, 8.29]
num_agents: 60
time_individual_plan: 0.00723963
time_first_plan: 0.00770343
num_max_agents_in_window_first_iteration: 3
num_recWAMPF: 12
timing_recWAMPF:
    total_RecWAMPF: 8.28223
    num_windows: 159
    num_max_agents_in_window: 5
    timing_gari:
        total_GARI: 0.58369
        time_path_btw_starts: 0.00558012
        Stage1:
            total_Stage1:0.26503
            time_add_x_to_o: 0.110907
            time_clear_x: 0.0221557
            timing_AStarSearchUntil:
                total_astar_search_until:0.131955
                num_values_f_less_fmax:2254
                ASU Exp:
                    total_ASUExp:0.13195
                    time_top_o:0.00138536
                    time_check_in_c:0.000583288
                    time_add_parent:0.000357637
                    num_neighbors:249918
                    time_add_neighbors_to_o:0.124952
        Stage2:
            total_Stage2:0.0463626
            num_len_path:154
            time_expanding_s:0.000897567
            timing_AStarSearchUntil:
                total_astar_search_until:0.0453957
                num_values_f_less_fmax:1011
                ASU Exp:
                    total_ASUExp:0.0453926
                    time_top_o:0.000384619
                    time_check_in_c:0.000286832
                    time_add_parent:0.000486588
                    num_neighbors:96228
                    time_add_neighbors_to_o:0.0412665
        Stage3:
            total_Stage3:0.266681
            num_until_goal_expanded:1277
            timing_S3Exp:
                total_S3Exp: 0.0388733
                time_top_o: 0.000521371
                time_check_in_c: 0.000229403
                time_add_parent: 0.000461872
                num_neighbors: 64056
                time_add_neighbors_to_o: 0.0356546
    timing_PIOW_overlapping:
        total_PIOW: 0.0359697
        num_windows: 726
        time_check_overlap: 2.6594e-05
        num_overlapping_windows: 9
        time_merge_windows: 9.805e-06
        time_remove_window: 1.961e-06
        time_remove_window: 9.379e-06
        timing_PlanIn:
            total_PlanIn:0.0359042
            num_until_goal_expanded:333
            timing_expansions:
                total_S3Exp: 0.0358862
                time_top_o: 7.1812e-05
                time_check_in_c: 6.489e-05
                time_add_parent: 9.1972e-05
                num_neighbors: 64759
                time_add_neighbors_to_o: 0.0335089
    num_new_collisions: 16
    timing_PIOW_new_collisions:
        total_PIOW: 7.64591
        num_windows: 205
        time_check_overlap: 6.382e-06
        num_overlapping_windows: 2
        time_merge_windows: 0
        time_remove_window: 0.667111
        time_remove_window: 6.062e-06
        timing_PlanIn:
            total_PlanIn:7.64588
            num_until_goal_expanded:4373
            timing_expansions:
                total_S3Exp: 7.64585
                time_top_o: 0.00817811
                time_check_in_c: 0.00130126
                time_add_parent: 0.00243658
                num_neighbors: 11927306
                time_add_neighbors_to_o: 7.32656
    num_windows_should_quit: 0
    time_should_quit: 9.992e-06
    time_remove_window: 0
Complete!
