Total time: 0.282572
is_optimal: true
optimality_bound: 1
successive_bounds: [1.00106, 1.00106, 1.00106, 1.00106, 1.00106, 1.00106, 1.00106, 1.00106, 1.00106, 1.00106, 1.00106, 1.00106, 1.00106, 1.00106, 1, 1]
successive_runtimes: [0.00717184, 0.00847239, 0.00972505, 0.0108666, 0.0119858, 0.01316, 0.0142583, 0.0153992, 0.0166263, 0.0196802, 0.0211935, 0.0239554, 0.0261105, 0.0274668, 0.282572]
num_agents: 30
time_individual_plan: 0.00555209
time_first_plan: 0.00109589
num_max_agents_in_window_first_iteration: 2
num_recWAMPF: 15
timing_recWAMPF:
    total_RecWAMPF: 0.276494
    num_windows: 114
    num_max_agents_in_window: 3
    timing_gari:
        total_GARI: 0.0184232
        time_path_btw_starts: 0.000174453
        Stage1:
            total_Stage1:0.00458908
            time_add_x_to_o: 0.00228043
            time_clear_x: 0.000294305
            timing_AStarSearchUntil:
                total_astar_search_until:0.00200873
                num_values_f_less_fmax:357
                ASU Exp:
                    total_ASUExp:0.00200636
                    time_top_o:9.3406e-05
                    time_check_in_c:8.9138e-05
                    time_add_parent:5.7235e-05
                    num_neighbors:4506
                    time_add_neighbors_to_o:0.00153198
        Stage2:
            total_Stage2:0.00500774
            num_len_path:83
            time_expanding_s:7.2409e-05
            timing_AStarSearchUntil:
                total_astar_search_until:0.00490703
                num_values_f_less_fmax:454
                ASU Exp:
                    total_ASUExp:0.00490479
                    time_top_o:0.000119693
                    time_check_in_c:8.1078e-05
                    time_add_parent:0.000146139
                    num_neighbors:10561
                    time_add_neighbors_to_o:0.00406585
        Stage3:
            total_Stage3:0.00863559
            num_until_goal_expanded:1123
            timing_S3Exp:
                total_S3Exp: 0.0062344
                time_top_o: 0.000257882
                time_check_in_c: 0.000166015
                time_add_parent: 0.000243837
                num_neighbors: 10691
                time_add_neighbors_to_o: 0.00449292
    timing_PIOW_overlapping:
        total_PIOW: 0.253783
        num_windows: 221
        time_check_overlap: 7.722e-06
        num_overlapping_windows: 1
        time_merge_windows: 1.016e-06
        time_remove_window: 5.51e-07
        time_remove_window: 9.67e-07
        timing_PlanIn:
            total_PlanIn:0.253766
            num_until_goal_expanded:5660
            timing_expansions:
                total_S3Exp: 0.253764
                time_top_o: 0.00353032
                time_check_in_c: 0.00114823
                time_add_parent: 0.00199281
                num_neighbors: 507044
                time_add_neighbors_to_o: 0.226531
    num_new_collisions: 4
    timing_PIOW_new_collisions:
        total_PIOW: 0.000674204
        num_windows: 12
        time_check_overlap: 4.07e-07
        num_overlapping_windows: 0
        time_merge_windows: 0
        time_remove_window: 0
        time_remove_window: 1.073e-06
        timing_PlanIn:
            total_PlanIn:0.000668959
            num_until_goal_expanded:85
            timing_expansions:
                total_S3Exp: 0.000660805
                time_top_o: 1.0662e-05
                time_check_in_c: 1.4489e-05
                time_add_parent: 2.2351e-05
                num_neighbors: 924
                time_add_neighbors_to_o: 0.000490226
    num_windows_should_quit: 0
    time_should_quit: 2.888e-06
    time_remove_window: 0
Complete!
