Total time: 0.0252574
is_optimal: true
optimality_bound: 1
successive_bounds: [1.00198, 1.00198, 1.00198, 1.00198, 1.00198, 1.00198, 1.00198, 1.00198, 1.00198, 1.00198, 1.00198, 1.00198, 1.00198, 1.00198, 1.00198, 1.00099, 1.00099, 1.00099, 1.00099, 1.00099, 1.00099, 1.00099, 1.00099, 1.00099, 1.00099, 1.00099, 1.00099, 1.00099, 1.00099, 1.00099, 1, 1]
successive_runtimes: [0.00446808, 0.00493299, 0.00537847, 0.00583114, 0.00634267, 0.0067953, 0.00724838, 0.00769176, 0.00813445, 0.00858565, 0.00903492, 0.00949487, 0.0100313, 0.010501, 0.0109728, 0.0117439, 0.0123374, 0.0129586, 0.0136204, 0.0142189, 0.0148174, 0.0177976, 0.0192228, 0.0204201, 0.0212064, 0.0218269, 0.0224474, 0.0230685, 0.0236902, 0.0243156, 0.0252574]
num_agents: 30
time_individual_plan: 0.00348244
time_first_plan: 0.00047198
num_max_agents_in_window_first_iteration: 2
num_recWAMPF: 31
timing_recWAMPF:
    total_RecWAMPF: 0.021257
    num_windows: 122
    num_max_agents_in_window: 2
    timing_gari:
        total_GARI: 0.0137505
        time_path_btw_starts: 0.000196275
        Stage1:
            total_Stage1:0.00269335
            time_add_x_to_o: 0.00163811
            time_clear_x: 0.000211245
            timing_AStarSearchUntil:
                total_astar_search_until:0.000837624
                num_values_f_less_fmax:405
                ASU Exp:
                    total_ASUExp:0.000834563
                    time_top_o:0.000100569
                    time_check_in_c:5.5723e-05
                    time_add_parent:1.7504e-05
                    num_neighbors:1640
                    time_add_neighbors_to_o:0.000548154
        Stage2:
            total_Stage2:0.00357544
            num_len_path:84
            time_expanding_s:3.6107e-05
            timing_AStarSearchUntil:
                total_astar_search_until:0.00350846
                num_values_f_less_fmax:279
                ASU Exp:
                    total_ASUExp:0.00350586
                    time_top_o:7.1359e-05
                    time_check_in_c:5.868e-05
                    time_add_parent:7.6087e-05
                    num_neighbors:7500
                    time_add_neighbors_to_o:0.00297975
        Stage3:
            total_Stage3:0.00726801
            num_until_goal_expanded:657
            timing_S3Exp:
                total_S3Exp: 0.00387478
                time_top_o: 0.000134242
                time_check_in_c: 9.2452e-05
                time_add_parent: 0.000176675
                num_neighbors: 5954
                time_add_neighbors_to_o: 0.00261277
    timing_PIOW_overlapping:
        total_PIOW: 7.021e-06
        num_windows: 120
        time_check_overlap: 3.12e-06
        num_overlapping_windows: 0
        time_merge_windows: 0
        time_remove_window: 0
        time_remove_window: 0
        timing_PlanIn:
            total_PlanIn:0
            num_until_goal_expanded:0
            timing_expansions:
                total_S3Exp: 0
                time_top_o: 0
                time_check_in_c: 0
                time_add_parent: 0
                num_neighbors: 0
                time_add_neighbors_to_o: 0
    num_new_collisions: 2
    timing_PIOW_new_collisions:
        total_PIOW: 0.00018703
        num_windows: 2
        time_check_overlap: 1.77e-07
        num_overlapping_windows: 0
        time_merge_windows: 0
        time_remove_window: 0
        time_remove_window: 6.4e-07
        timing_PlanIn:
            total_PlanIn:0.000183915
            num_until_goal_expanded:20
            timing_expansions:
                total_S3Exp: 0.000179623
                time_top_o: 3.144e-06
                time_check_in_c: 3.582e-06
                time_add_parent: 5.919e-06
                num_neighbors: 280
                time_add_neighbors_to_o: 0.000124962
    num_windows_should_quit: 0
    time_should_quit: 2.829e-06
    time_remove_window: 0
Complete!
