Total time: 5.30676
is_optimal: false
optimality_bound: 1.00372
successive_bounds: [1.00769, 1.0062, 1.00571, 1.00546, 1.00447, 1.00447, 1.00422, 1.00422, 1.00372]
successive_runtimes: [0.0189213, 0.0592434, 0.100034, 0.274911, 0.519239, 0.708251, 0.837689, 1.03992, 5.30676]
num_agents: 60
time_individual_plan: 0.00703832
time_first_plan: 0.0113334
num_max_agents_in_window_first_iteration: 3
num_recWAMPF: 9
timing_recWAMPF:
    total_RecWAMPF: 5.29917
    num_windows: 227
    num_max_agents_in_window: 5
    timing_gari:
        total_GARI: 0.946256
        time_path_btw_starts: 0.0132408
        Stage1:
            total_Stage1:0.523827
            time_add_x_to_o: 0.2534
            time_clear_x: 0.0599758
            timing_AStarSearchUntil:
                total_astar_search_until:0.210434
                num_values_f_less_fmax:11238
                ASU Exp:
                    total_ASUExp:0.210427
                    time_top_o:0.00594253
                    time_check_in_c:0.0196075
                    time_add_parent:0.00223778
                    num_neighbors:387786
                    time_add_neighbors_to_o:0.17025
        Stage2:
            total_Stage2:0.110728
            num_len_path:201
            time_expanding_s:0.000116943
            timing_AStarSearchUntil:
                total_astar_search_until:0.11051
                num_values_f_less_fmax:841
                ASU Exp:
                    total_ASUExp:0.110505
                    time_top_o:0.000398944
                    time_check_in_c:0.00024593
                    time_add_parent:0.000374982
                    num_neighbors:226007
                    time_add_neighbors_to_o:0.107941
        Stage3:
            total_Stage3:0.298293
            num_until_goal_expanded:3517
            timing_S3Exp:
                total_S3Exp: 0.042741
                time_top_o: 0.000969402
                time_check_in_c: 0.000508936
                time_add_parent: 0.00114188
                num_neighbors: 81137
                time_add_neighbors_to_o: 0.0359397
    timing_PIOW_overlapping:
        total_PIOW: 4.33348
        num_windows: 1546
        time_check_overlap: 5.6202e-05
        num_overlapping_windows: 7
        time_merge_windows: 1.2635e-05
        time_remove_window: 2.374e-06
        time_remove_window: 1.2215e-05
        timing_PlanIn:
            total_PlanIn:4.33336
            num_until_goal_expanded:3490
            timing_expansions:
                total_S3Exp: 4.33334
                time_top_o: 0.00411093
                time_check_in_c: 0.0010035
                time_add_parent: 0.00155437
                num_neighbors: 7453054
                time_add_neighbors_to_o: 4.13238
    num_new_collisions: 19
    timing_PIOW_new_collisions:
        total_PIOW: 0.00602452
        num_windows: 326
        time_check_overlap: 8.053e-06
        num_overlapping_windows: 1
        time_merge_windows: 0
        time_remove_window: 0.00978211
        time_remove_window: 1.2415e-05
        timing_PlanIn:
            total_PlanIn:0.00598066
            num_until_goal_expanded:398
            timing_expansions:
                total_S3Exp: 0.00594944
                time_top_o: 5.6082e-05
                time_check_in_c: 7.0083e-05
                time_add_parent: 0.000102948
                num_neighbors: 10745
                time_add_neighbors_to_o: 0.00495388
    num_windows_should_quit: 0
    time_should_quit: 1.8428e-05
    time_remove_window: 0
Complete!
