Total time: 0.818359
is_optimal: false
optimality_bound: 1.00247
successive_bounds: [1.0155, 1.01479, 1.00352, 1.00352, 1.00352, 1.00282, 1.00282, 1.00282, 1.00282, 1.00282, 1.00247]
successive_runtimes: [0.019959, 0.0357686, 0.0783305, 0.0827791, 0.0871965, 0.0952962, 0.0998304, 0.103646, 0.108676, 0.14655, 0.818358]
num_agents: 40
time_individual_plan: 0.0139832
time_first_plan: 0.005246
num_max_agents_in_window_first_iteration: 2
num_recWAMPF: 11
timing_recWAMPF:
    total_RecWAMPF: 0.803641
    num_windows: 171
    num_max_agents_in_window: 5
    timing_gari:
        total_GARI: 0.116551
        time_path_btw_starts: 0.000661951
        Stage1:
            total_Stage1:0.086512
            time_add_x_to_o: 0.0227427
            time_clear_x: 0.00272038
            timing_AStarSearchUntil:
                total_astar_search_until:0.0369687
                num_values_f_less_fmax:8778
                ASU Exp:
                    total_ASUExp:0.0369632
                    time_top_o:0.00371784
                    time_check_in_c:0.00180148
                    time_add_parent:0.00152325
                    num_neighbors:96368
                    time_add_neighbors_to_o:0.0477663
        Stage2:
            total_Stage2:0.00713719
            num_len_path:174
            time_expanding_s:0.000101329
            timing_AStarSearchUntil:
                total_astar_search_until:0.00697178
                num_values_f_less_fmax:337
                ASU Exp:
                    total_ASUExp:0.00696772
                    time_top_o:0.000124179
                    time_check_in_c:8.0406e-05
                    time_add_parent:0.000163836
                    num_neighbors:12186
                    time_add_neighbors_to_o:0.00609053
        Stage3:
            total_Stage3:0.0178196
            num_until_goal_expanded:1422
            timing_S3Exp:
                total_S3Exp: 0.00963371
                time_top_o: 0.000388478
                time_check_in_c: 0.000224868
                time_add_parent: 0.000442889
                num_neighbors: 12860
                time_add_neighbors_to_o: 0.00651724
    timing_PIOW_overlapping:
        total_PIOW: 0.0626604
        num_windows: 739
        time_check_overlap: 3.6167e-05
        num_overlapping_windows: 5
        time_merge_windows: 8.268e-06
        time_remove_window: 1.896e-06
        time_remove_window: 7.899e-06
        timing_PlanIn:
            total_PlanIn:0.0625798
            num_until_goal_expanded:1488
            timing_expansions:
                total_S3Exp: 0.0625678
                time_top_o: 0.00060413
                time_check_in_c: 0.000297359
                time_add_parent: 0.000498918
                num_neighbors: 100637
                time_add_neighbors_to_o: 0.0554511
    num_new_collisions: 14
    timing_PIOW_new_collisions:
        total_PIOW: 0.612614
        num_windows: 148
        time_check_overlap: 8.092e-06
        num_overlapping_windows: 4
        time_merge_windows: 0
        time_remove_window: 0.813911
        time_remove_window: 5.344e-06
        timing_PlanIn:
            total_PlanIn:0.612566
            num_until_goal_expanded:1669
            timing_expansions:
                total_S3Exp: 0.61253
                time_top_o: 0.000880987
                time_check_in_c: 0.000457825
                time_add_parent: 0.000688118
                num_neighbors: 847288
                time_add_neighbors_to_o: 0.580147
    num_windows_should_quit: 0
    time_should_quit: 1.0797e-05
    time_remove_window: 0
Complete!
