Total time: 1.20662
is_optimal: true
optimality_bound: 1
successive_bounds: [1.00503, 1.00503, 1.00503, 1.00503, 1.00503, 1.00168, 1.00168, 1.00168, 1.00168, 1.00168, 1.00168, 1.00168, 1.00168, 1.00168, 1.00168, 1.00168, 1.00168, 1.00168, 1.00168, 1.00168, 1.00168, 1.00168, 1.00168, 1.00168, 1.00168, 1.00168, 1.00168, 1.00168, 1.00168, 1, 1]
successive_runtimes: [0.00246987, 0.00310428, 0.00380731, 0.00460982, 0.00551934, 0.00670541, 0.0277519, 0.0381265, 0.0434401, 0.049577, 0.0559942, 0.0619563, 0.0682404, 0.0748889, 0.204042, 0.282208, 0.33291, 0.385377, 0.439728, 0.507505, 0.562262, 0.623447, 0.690661, 0.756651, 0.825301, 0.897781, 0.972035, 1.04858, 1.12743, 1.20662]
num_agents: 10
time_individual_plan: 0.00132807
time_first_plan: 0.000392198
num_max_agents_in_window_first_iteration: 2
num_recWAMPF: 30
timing_recWAMPF:
    total_RecWAMPF: 1.20453
    num_windows: 82
    num_max_agents_in_window: 3
    timing_gari:
        total_GARI: 1.18273
        time_path_btw_starts: 0.00118932
        Stage1:
            total_Stage1:0.334719
            time_add_x_to_o: 0.164885
            time_clear_x: 0.0432022
            timing_AStarSearchUntil:
                total_astar_search_until:0.126622
                num_values_f_less_fmax:5446
                ASU Exp:
                    total_ASUExp:0.126617
                    time_top_o:0.00519452
                    time_check_in_c:0.00397167
                    time_add_parent:0.000961263
                    num_neighbors:182479
                    time_add_neighbors_to_o:0.112921
        Stage2:
            total_Stage2:0.0369366
            num_len_path:79
            time_expanding_s:5.6602e-05
            timing_AStarSearchUntil:
                total_astar_search_until:0.0368276
                num_values_f_less_fmax:475
                ASU Exp:
                    total_ASUExp:0.0368253
                    time_top_o:0.000271733
                    time_check_in_c:0.000100449
                    time_add_parent:0.0005621
                    num_neighbors:65340
                    time_add_neighbors_to_o:0.0350609
        Stage3:
            total_Stage3:0.809859
            num_until_goal_expanded:2004
            timing_S3Exp:
                total_S3Exp: 0.138046
                time_top_o: 0.00124843
                time_check_in_c: 0.000458668
                time_add_parent: 0.000938084
                num_neighbors: 216438
                time_add_neighbors_to_o: 0.129024
    timing_PIOW_overlapping:
        total_PIOW: 0.0208516
        num_windows: 77
        time_check_overlap: 2.49e-06
        num_overlapping_windows: 2
        time_merge_windows: 3.559e-06
        time_remove_window: 5.61e-07
        time_remove_window: 3.445e-06
        timing_PlanIn:
            total_PlanIn:0.0208346
            num_until_goal_expanded:268
            timing_expansions:
                total_S3Exp: 0.0208287
                time_top_o: 8.6917e-05
                time_check_in_c: 5.6183e-05
                time_add_parent: 9.3769e-05
                num_neighbors: 30910
                time_add_neighbors_to_o: 0.0191045
    num_new_collisions: 3
    timing_PIOW_new_collisions:
        total_PIOW: 0.000345395
        num_windows: 6
        time_check_overlap: 3.19e-07
        num_overlapping_windows: 0
        time_merge_windows: 0
        time_remove_window: 0
        time_remove_window: 6.81e-07
        timing_PlanIn:
            total_PlanIn:0.00034034
            num_until_goal_expanded:32
            timing_expansions:
                total_S3Exp: 0.000333575
                time_top_o: 5.94e-06
                time_check_in_c: 7.295e-06
                time_add_parent: 1.2215e-05
                num_neighbors: 371
                time_add_neighbors_to_o: 0.00023312
    num_windows_should_quit: 0
    time_should_quit: 3.875e-06
    time_remove_window: 0
Complete!
