Total time: 0.0389001
is_optimal: true
optimality_bound: 1
successive_bounds: [1.00284, 1.00284, 1.00284, 1.00284, 1.00284, 1.00284, 1.00284, 1.00284, 1.00284, 1.00284, 1.00284, 1.00284, 1.00284, 1.00284, 1.00284, 1.00284, 1.00284, 1.00284, 1.00284, 1.00284, 1, 1]
successive_runtimes: [0.00242259, 0.00255014, 0.0026686, 0.00278409, 0.0029025, 0.00303786, 0.00317172, 0.00330443, 0.0034455, 0.00358718, 0.00373757, 0.00389004, 0.00405734, 0.00421572, 0.00439161, 0.00455138, 0.00566312, 0.00604148, 0.00639884, 0.00676849, 0.0389]
num_agents: 10
time_individual_plan: 0.00156326
time_first_plan: 0.000180586
num_max_agents_in_window_first_iteration: 2
num_recWAMPF: 21
timing_recWAMPF:
    total_RecWAMPF: 0.0366542
    num_windows: 41
    num_max_agents_in_window: 2
    timing_gari:
        total_GARI: 0.0360536
        time_path_btw_starts: 0.000124298
        Stage1:
            total_Stage1:0.000334126
            time_add_x_to_o: 0.000296726
            time_clear_x: 3.2254e-05
            timing_AStarSearchUntil:
                total_astar_search_until:2.395e-06
                num_values_f_less_fmax:0
                ASU Exp:
                    total_ASUExp:1.207e-06
                    time_top_o:0
                    time_check_in_c:0
                    time_add_parent:0
                    num_neighbors:0
                    time_add_neighbors_to_o:0
        Stage2:
            total_Stage2:0.0321622
            num_len_path:61
            time_expanding_s:2.696e-05
            timing_AStarSearchUntil:
                total_astar_search_until:0.032122
                num_values_f_less_fmax:2133
                ASU Exp:
                    total_ASUExp:0.0321209
                    time_top_o:0.0010385
                    time_check_in_c:0.000512029
                    time_add_parent:0.000689396
                    num_neighbors:54996
                    time_add_neighbors_to_o:0.0274239
        Stage3:
            total_Stage3:0.00342493
            num_until_goal_expanded:163
            timing_S3Exp:
                total_S3Exp: 0.00141874
                time_top_o: 4.523e-05
                time_check_in_c: 3.0548e-05
                time_add_parent: 5.6765e-05
                num_neighbors: 1975
                time_add_neighbors_to_o: 0.00100577
    timing_PIOW_overlapping:
        total_PIOW: 1.07e-06
        num_windows: 20
        time_check_overlap: 0
        num_overlapping_windows: 0
        time_merge_windows: 0
        time_remove_window: 0
        time_remove_window: 0
        timing_PlanIn:
            total_PlanIn:0
            num_until_goal_expanded:0
            timing_expansions:
                total_S3Exp: 0
                time_top_o: 0
                time_check_in_c: 0
                time_add_parent: 0
                num_neighbors: 0
                time_add_neighbors_to_o: 0
    num_new_collisions: 1
    timing_PIOW_new_collisions:
        total_PIOW: 0.000145424
        num_windows: 0
        time_check_overlap: 0
        num_overlapping_windows: 0
        time_merge_windows: 0
        time_remove_window: 0
        time_remove_window: 5.1e-07
        timing_PlanIn:
            total_PlanIn:0.000143087
            num_until_goal_expanded:8
            timing_expansions:
                total_S3Exp: 0.000139779
                time_top_o: 2.121e-06
                time_check_in_c: 2.543e-06
                time_add_parent: 3.782e-06
                num_neighbors: 160
                time_add_neighbors_to_o: 0.000111546
    num_windows_should_quit: 0
    time_should_quit: 1.787e-06
    time_remove_window: 0
Complete!
