Total time: 0.0356467
is_optimal: true
optimality_bound: 1
successive_bounds: [1.00391, 1.00391, 1.00391, 1.00391, 1.00391, 1.00391, 1.00391, 1.00196, 1.00196, 1.00196, 1.00196, 1.00196, 1.00196, 1.00196, 1.00196, 1.00196, 1.00196, 1.00196, 1, 1]
successive_runtimes: [0.00407419, 0.00504402, 0.00611931, 0.00771277, 0.00934756, 0.0111948, 0.0132088, 0.0152576, 0.016634, 0.018044, 0.0196042, 0.0216532, 0.0235476, 0.0255516, 0.0272907, 0.0287203, 0.0301995, 0.0317879, 0.0356466]
num_agents: 20
time_individual_plan: 0.00298834
time_first_plan: 0.000551309
num_max_agents_in_window_first_iteration: 2
num_recWAMPF: 19
timing_recWAMPF:
    total_RecWAMPF: 0.0321207
    num_windows: 111
    num_max_agents_in_window: 2
    timing_gari:
        total_GARI: 0.0300277
        time_path_btw_starts: 0.000232979
        Stage1:
            total_Stage1:0.0175547
            time_add_x_to_o: 0.00612013
            time_clear_x: 0.000824161
            timing_AStarSearchUntil:
                total_astar_search_until:0.0106041
                num_values_f_less_fmax:3296
                ASU Exp:
                    total_ASUExp:0.0106014
                    time_top_o:0.000839415
                    time_check_in_c:0.000617307
                    time_add_parent:0.00037109
                    num_neighbors:19708
                    time_add_neighbors_to_o:0.00728914
        Stage2:
            total_Stage2:0.003556
            num_len_path:120
            time_expanding_s:5.3929e-05
            timing_AStarSearchUntil:
                total_astar_search_until:0.00347265
                num_values_f_less_fmax:303
                ASU Exp:
                    total_ASUExp:0.00347031
                    time_top_o:7.2566e-05
                    time_check_in_c:5.804e-05
                    time_add_parent:9.3505e-05
                    num_neighbors:7688
                    time_add_neighbors_to_o:0.00292845
        Stage3:
            total_Stage3:0.00866726
            num_until_goal_expanded:1146
            timing_S3Exp:
                total_S3Exp: 0.00491545
                time_top_o: 0.000294416
                time_check_in_c: 0.000156677
                time_add_parent: 0.000355986
                num_neighbors: 8289
                time_add_neighbors_to_o: 0.00292314
    timing_PIOW_overlapping:
        total_PIOW: 9.831e-06
        num_windows: 162
        time_check_overlap: 5.171e-06
        num_overlapping_windows: 0
        time_merge_windows: 0
        time_remove_window: 0
        time_remove_window: 0
        timing_PlanIn:
            total_PlanIn:0
            num_until_goal_expanded:0
            timing_expansions:
                total_S3Exp: 0
                time_top_o: 0
                time_check_in_c: 0
                time_add_parent: 0
                num_neighbors: 0
                time_add_neighbors_to_o: 0
    num_new_collisions: 3
    timing_PIOW_new_collisions:
        total_PIOW: 0.000360823
        num_windows: 6
        time_check_overlap: 2.55e-07
        num_overlapping_windows: 0
        time_merge_windows: 0
        time_remove_window: 0
        time_remove_window: 7.85e-07
        timing_PlanIn:
            total_PlanIn:0.000356773
            num_until_goal_expanded:60
            timing_expansions:
                total_S3Exp: 0.000349857
                time_top_o: 7.075e-06
                time_check_in_c: 1.0561e-05
                time_add_parent: 1.5737e-05
                num_neighbors: 518
                time_add_neighbors_to_o: 0.000225413
    num_windows_should_quit: 0
    time_should_quit: 2.867e-06
    time_remove_window: 0
Complete!
