Total time: 0.330344
is_optimal: false
optimality_bound: 1.00335
successive_bounds: [1.00484, 1.00484, 1.0041, 1.00335, 1.00335, 1.00335, 1.00335, 1.00335, 1.0041, 1.00335, 1.00335]
successive_runtimes: [0.0139828, 0.0205849, 0.0279561, 0.0401716, 0.0588468, 0.0817259, 0.108694, 0.164637, 0.22673, 0.27561, 0.330344]
num_agents: 40
time_individual_plan: 0.00830107
time_first_plan: 0.00487268
num_max_agents_in_window_first_iteration: 3
num_recWAMPF: 11
timing_recWAMPF:
    total_RecWAMPF: 0.321227
    num_windows: 189
    num_max_agents_in_window: 3
    timing_gari:
        total_GARI: 0.29569
        time_path_btw_starts: 0.00137538
        Stage1:
            total_Stage1:0.157245
            time_add_x_to_o: 0.0649158
            time_clear_x: 0.0120956
            timing_AStarSearchUntil:
                total_astar_search_until:0.0802087
                num_values_f_less_fmax:8624
                ASU Exp:
                    total_ASUExp:0.0801997
                    time_top_o:0.00649755
                    time_check_in_c:0.00549949
                    time_add_parent:0.00454089
                    num_neighbors:68484
                    time_add_neighbors_to_o:0.0563868
        Stage2:
            total_Stage2:0.0132257
            num_len_path:176
            time_expanding_s:0.000203561
            timing_AStarSearchUntil:
                total_astar_search_until:0.0128852
                num_values_f_less_fmax:292
                ASU Exp:
                    total_ASUExp:0.0128784
                    time_top_o:0.000178928
                    time_check_in_c:0.000199828
                    time_add_parent:0.000205172
                    num_neighbors:15320
                    time_add_neighbors_to_o:0.011583
        Stage3:
            total_Stage3:0.123756
            num_until_goal_expanded:4759
            timing_S3Exp:
                total_S3Exp: 0.0932444
                time_top_o: 0.00358124
                time_check_in_c: 0.00160544
                time_add_parent: 0.00338196
                num_neighbors: 86978
                time_add_neighbors_to_o: 0.0737387
    timing_PIOW_overlapping:
        total_PIOW: 0.000103985
        num_windows: 810
        time_check_overlap: 6.3899e-05
        num_overlapping_windows: 0
        time_merge_windows: 0
        time_remove_window: 0
        time_remove_window: 0
        timing_PlanIn:
            total_PlanIn:0
            num_until_goal_expanded:0
            timing_expansions:
                total_S3Exp: 0
                time_top_o: 0
                time_check_in_c: 0
                time_add_parent: 0
                num_neighbors: 0
                time_add_neighbors_to_o: 0
    num_new_collisions: 12
    timing_PIOW_new_collisions:
        total_PIOW: 0.0175717
        num_windows: 142
        time_check_overlap: 9.822e-06
        num_overlapping_windows: 3
        time_merge_windows: 0
        time_remove_window: 0.438946
        time_remove_window: 6.238e-06
        timing_PlanIn:
            total_PlanIn:0.0175247
            num_until_goal_expanded:430
            timing_expansions:
                total_S3Exp: 0.0174888
                time_top_o: 0.000195527
                time_check_in_c: 0.000151574
                time_add_parent: 0.000264788
                num_neighbors: 14381
                time_add_neighbors_to_o: 0.0150529
    num_windows_should_quit: 0
    time_should_quit: 2.0534e-05
    time_remove_window: 0
Complete!
