Total time: 5.78714
is_optimal: false
optimality_bound: 1.00037
successive_bounds: [1.00367, 1.00367, 1.00294, 1.00294, 1.0022, 1.0022, 1.0022, 1.0022, 1.0022, 1.00147, 1.00147, 1.00147, 1.00073, 1.00073, 1.00073, 1.00073, 1.00073, 1.00073, 1.00073, 1.00073, 1.00073, 1.00073, 1.00037, 1.00037]
successive_runtimes: [0.00968674, 0.0115167, 0.0132291, 0.0150553, 0.016988, 0.0192281, 0.0214864, 0.0238629, 0.0264349, 0.0293379, 0.0554297, 0.077095, 0.118133, 0.159114, 0.196916, 0.234629, 0.277916, 0.363337, 1.04804, 1.58744, 2.30009, 3.38163, 4.42233, 5.78714]
num_agents: 40
time_individual_plan: 0.00661585
time_first_plan: 0.00228288
num_max_agents_in_window_first_iteration: 2
num_recWAMPF: 24
timing_recWAMPF:
    total_RecWAMPF: 5.77973
    num_windows: 291
    num_max_agents_in_window: 4
    timing_gari:
        total_GARI: 5.72977
        time_path_btw_starts: 0.000888607
        Stage1:
            total_Stage1:3.21453
            time_add_x_to_o: 0.817023
            time_clear_x: 0.244299
            timing_AStarSearchUntil:
                total_astar_search_until:2.15318
                num_values_f_less_fmax:42729
                ASU Exp:
                    total_ASUExp:2.15317
                    time_top_o:0.0540455
                    time_check_in_c:0.0191144
                    time_add_parent:0.0329423
                    num_neighbors:3094476
                    time_add_neighbors_to_o:1.99932
        Stage2:
            total_Stage2:0.587724
            num_len_path:270
            time_expanding_s:0.000188045
            timing_AStarSearchUntil:
                total_astar_search_until:0.587377
                num_values_f_less_fmax:7513
                ASU Exp:
                    total_ASUExp:0.58737
                    time_top_o:0.00395622
                    time_check_in_c:0.00174221
                    time_add_parent:0.00423129
                    num_neighbors:850170
                    time_add_neighbors_to_o:0.564826
        Stage3:
            total_Stage3:1.92655
            num_until_goal_expanded:18611
            timing_S3Exp:
                total_S3Exp: 0.372549
                time_top_o: 0.0130753
                time_check_in_c: 0.00360036
                time_add_parent: 0.0105262
                num_neighbors: 668028
                time_add_neighbors_to_o: 0.315885
    timing_PIOW_overlapping:
        total_PIOW: 0.0294094
        num_windows: 906
        time_check_overlap: 5.2245e-05
        num_overlapping_windows: 2
        time_merge_windows: 3.574e-06
        time_remove_window: 8.21e-07
        time_remove_window: 3.442e-06
        timing_PlanIn:
            total_PlanIn:0.0293126
            num_until_goal_expanded:444
            timing_expansions:
                total_S3Exp: 0.0293076
                time_top_o: 0.000152671
                time_check_in_c: 9.1919e-05
                time_add_parent: 0.000151607
                num_neighbors: 43763
                time_add_neighbors_to_o: 0.0268244
    num_new_collisions: 8
    timing_PIOW_new_collisions:
        total_PIOW: 0.0103902
        num_windows: 52
        time_check_overlap: 2.435e-06
        num_overlapping_windows: 1
        time_merge_windows: 0
        time_remove_window: 1.57915
        time_remove_window: 4.431e-06
        timing_PlanIn:
            total_PlanIn:0.0103685
            num_until_goal_expanded:156
            timing_expansions:
                total_S3Exp: 0.0103482
                time_top_o: 4.2407e-05
                time_check_in_c: 4.0105e-05
                time_add_parent: 5.6009e-05
                num_neighbors: 11817
                time_add_neighbors_to_o: 0.00955292
    num_windows_should_quit: 1
    time_should_quit: 1.698e-05
    time_remove_window: 3.27e-07
Complete!
