Total time: 0.974104
is_optimal: true
optimality_bound: 1
successive_bounds: [1.00296, 1.00296, 1.00296, 1.00296, 1.00296, 1.00296, 1.00296, 1.00296, 1.00296, 1.00296, 1.00197, 1.00197, 1.00197, 1.00197, 1.00197, 1.00099, 1.00099, 1, 1]
successive_runtimes: [0.00696738, 0.00797753, 0.00897039, 0.0100426, 0.0111438, 0.0122389, 0.0139719, 0.0152119, 0.0163817, 0.0176091, 0.020669, 0.0218352, 0.0230346, 0.0248121, 0.0263178, 0.0288144, 0.0306224, 0.974104]
num_agents: 30
time_individual_plan: 0.00489142
time_first_plan: 0.00134312
num_max_agents_in_window_first_iteration: 2
num_recWAMPF: 18
timing_recWAMPF:
    total_RecWAMPF: 0.968475
    num_windows: 138
    num_max_agents_in_window: 3
    timing_gari:
        total_GARI: 0.0216511
        time_path_btw_starts: 0.000357301
        Stage1:
            total_Stage1:0.00420388
            time_add_x_to_o: 0.00319489
            time_clear_x: 0.000573836
            timing_AStarSearchUntil:
                total_astar_search_until:0.000426627
                num_values_f_less_fmax:219
                ASU Exp:
                    total_ASUExp:0.000422984
                    time_top_o:5.9275e-05
                    time_check_in_c:2.8963e-05
                    time_add_parent:1.0917e-05
                    num_neighbors:675
                    time_add_neighbors_to_o:0.000254889
        Stage2:
            total_Stage2:0.0042675
            num_len_path:126
            time_expanding_s:0.000105354
            timing_AStarSearchUntil:
                total_astar_search_until:0.00412116
                num_values_f_less_fmax:315
                ASU Exp:
                    total_ASUExp:0.00411801
                    time_top_o:9.3018e-05
                    time_check_in_c:0.000106225
                    time_add_parent:0.000103273
                    num_neighbors:7917
                    time_add_neighbors_to_o:0.0034209
        Stage3:
            total_Stage3:0.0114814
            num_until_goal_expanded:2174
            timing_S3Exp:
                total_S3Exp: 0.0080969
                time_top_o: 0.000553767
                time_check_in_c: 0.000278072
                time_add_parent: 0.000476949
                num_neighbors: 11669
                time_add_neighbors_to_o: 0.00487716
    timing_PIOW_overlapping:
        total_PIOW: 0.942106
        num_windows: 277
        time_check_overlap: 1.1621e-05
        num_overlapping_windows: 2
        time_merge_windows: 2.345e-06
        time_remove_window: 6.7e-07
        time_remove_window: 2.224e-06
        timing_PlanIn:
            total_PlanIn:0.942076
            num_until_goal_expanded:3623
            timing_expansions:
                total_S3Exp: 0.94207
                time_top_o: 0.00243079
                time_check_in_c: 0.000911971
                time_add_parent: 0.00171274
                num_neighbors: 1080131
                time_add_neighbors_to_o: 0.897538
    num_new_collisions: 4
    timing_PIOW_new_collisions:
        total_PIOW: 0.000820175
        num_windows: 12
        time_check_overlap: 5.85e-07
        num_overlapping_windows: 0
        time_merge_windows: 0
        time_remove_window: 0
        time_remove_window: 1.327e-06
        timing_PlanIn:
            total_PlanIn:0.000803314
            num_until_goal_expanded:107
            timing_expansions:
                total_S3Exp: 0.000794715
                time_top_o: 1.5817e-05
                time_check_in_c: 2.0781e-05
                time_add_parent: 3.122e-05
                num_neighbors: 970
                time_add_neighbors_to_o: 0.000535596
    num_windows_should_quit: 0
    time_should_quit: 5.313e-06
    time_remove_window: 0
Complete!
