Total time: 0.0729728
is_optimal: true
optimality_bound: 1
successive_bounds: [1.00512, 1.00512, 1.00512, 1.00512, 1.00512, 1.00512, 1.00256, 1.00256, 1.00256, 1.00256, 1.00256, 1.00256, 1.00256, 1.00256, 1.00256, 1.00256, 1.00256, 1.00256, 1, 1]
successive_runtimes: [0.00504581, 0.00606168, 0.00720569, 0.00856306, 0.0102323, 0.012007, 0.0139577, 0.0180318, 0.0233723, 0.0287341, 0.0331522, 0.0380683, 0.0429205, 0.0478055, 0.0528564, 0.0580905, 0.0627244, 0.0674004, 0.0729728]
num_agents: 10
time_individual_plan: 0.00388951
time_first_plan: 0.000479669
num_max_agents_in_window_first_iteration: 2
num_recWAMPF: 19
timing_recWAMPF:
    total_RecWAMPF: 0.0684024
    num_windows: 74
    num_max_agents_in_window: 2
    timing_gari:
        total_GARI: 0.0675116
        time_path_btw_starts: 0.000193995
        Stage1:
            total_Stage1:0.0384977
            time_add_x_to_o: 0.0124947
            time_clear_x: 0.00230644
            timing_AStarSearchUntil:
                total_astar_search_until:0.0236912
                num_values_f_less_fmax:9714
                ASU Exp:
                    total_ASUExp:0.023689
                    time_top_o:0.00312629
                    time_check_in_c:0.00169523
                    time_add_parent:0.000956836
                    num_neighbors:32492
                    time_add_neighbors_to_o:0.014017
        Stage2:
            total_Stage2:0.00313221
            num_len_path:74
            time_expanding_s:2.9664e-05
            timing_AStarSearchUntil:
                total_astar_search_until:0.00307458
                num_values_f_less_fmax:208
                ASU Exp:
                    total_ASUExp:0.00307279
                    time_top_o:6.5831e-05
                    time_check_in_c:6.4082e-05
                    time_add_parent:7.4607e-05
                    num_neighbors:5310
                    time_add_neighbors_to_o:0.00260686
        Stage3:
            total_Stage3:0.0256715
            num_until_goal_expanded:3945
            timing_S3Exp:
                total_S3Exp: 0.0178741
                time_top_o: 0.00120051
                time_check_in_c: 0.000697218
                time_add_parent: 0.00130703
                num_neighbors: 22419
                time_add_neighbors_to_o: 0.0101974
    timing_PIOW_overlapping:
        total_PIOW: 6.569e-06
        num_windows: 72
        time_check_overlap: 2.924e-06
        num_overlapping_windows: 0
        time_merge_windows: 0
        time_remove_window: 0
        time_remove_window: 0
        timing_PlanIn:
            total_PlanIn:0
            num_until_goal_expanded:0
            timing_expansions:
                total_S3Exp: 0
                time_top_o: 0
                time_check_in_c: 0
                time_add_parent: 0
                num_neighbors: 0
                time_add_neighbors_to_o: 0
    num_new_collisions: 2
    timing_PIOW_new_collisions:
        total_PIOW: 0.000431612
        num_windows: 2
        time_check_overlap: 1.55e-07
        num_overlapping_windows: 0
        time_merge_windows: 0
        time_remove_window: 0
        time_remove_window: 6.71e-07
        timing_PlanIn:
            total_PlanIn:0.000427816
            num_until_goal_expanded:59
            timing_expansions:
                total_S3Exp: 0.000422063
                time_top_o: 9.36e-06
                time_check_in_c: 1.3189e-05
                time_add_parent: 1.9665e-05
                num_neighbors: 477
                time_add_neighbors_to_o: 0.000277007
    num_windows_should_quit: 0
    time_should_quit: 2.39e-06
    time_remove_window: 0
Complete!
