Total time: 4.98393
is_optimal: true
optimality_bound: 1
successive_bounds: [1.00304, 1.00304, 1.00304, 1.00304, 1.00304, 1.00304, 1.00304, 1.00228, 1.00228, 1.00152, 1.00152, 1.00152, 1.00152, 1.00152, 1.00152, 1.00152, 1.00152, 1.00076, 1.00076, 1.00076, 1.00076, 1.00076, 1.00076, 1.00076, 1.00076, 1.00076, 1.00076, 1.00076, 1.00076, 1]
successive_runtimes: [0.0545445, 0.0841234, 0.110734, 0.133156, 0.152407, 0.168981, 0.182172, 0.208992, 0.230288, 0.337198, 0.497483, 0.582331, 0.674787, 0.720917, 0.770611, 1.12809, 1.4206, 1.73305, 1.75125, 2.09077, 2.17147, 2.19296, 3.30071, 3.56684, 4.08578, 4.33178, 4.36246, 4.94325, 4.98393]
num_agents: 40
time_individual_plan: 0.0322255
time_first_plan: 0.0209575
num_max_agents_in_window_first_iteration: 3
num_recWAMPF: 29
timing_recWAMPF:
    total_RecWAMPF: 4.95032
    num_windows: 196
    num_max_agents_in_window: 4
    timing_gari:
        total_GARI: 4.83788
        time_path_btw_starts: 0.000899407
        Stage1:
            total_Stage1:1.06016
            time_add_x_to_o: 0.00594332
            time_clear_x: 0.00116343
            timing_AStarSearchUntil:
                total_astar_search_until:1.0231
                num_values_f_less_fmax:3435
                ASU Exp:
                    total_ASUExp:1.0231
                    time_top_o:0.0033213
                    time_check_in_c:0.00154805
                    time_add_parent:0
                    num_neighbors:0
                    time_add_neighbors_to_o:0
        Stage2:
            total_Stage2:3.47583
            num_len_path:211
            time_expanding_s:0.000361233
            timing_AStarSearchUntil:
                total_astar_search_until:3.44993
                num_values_f_less_fmax:10714
                ASU Exp:
                    total_ASUExp:3.44993
                    time_top_o:0.0112162
                    time_check_in_c:0.00363962
                    time_add_parent:0.00925377
                    num_neighbors:222402
                    time_add_neighbors_to_o:0.126732
        Stage3:
            total_Stage3:0.289139
            num_until_goal_expanded:8893
            timing_S3Exp:
                total_S3Exp: 0.159739
                time_top_o: 0.00461696
                time_check_in_c: 0.00255553
                time_add_parent: 0.00586326
                num_neighbors: 177037
                time_add_neighbors_to_o: 0.122407
    timing_PIOW_overlapping:
        total_PIOW: 0.0744997
        num_windows: 514
        time_check_overlap: 2.8249e-05
        num_overlapping_windows: 3
        time_merge_windows: 5.919e-06
        time_remove_window: 4.73e-07
        time_remove_window: 5.737e-06
        timing_PlanIn:
            total_PlanIn:0.0734054
            num_until_goal_expanded:2117
            timing_expansions:
                total_S3Exp: 0.0733926
                time_top_o: 0.000947694
                time_check_in_c: 0.000623299
                time_add_parent: 0.00154333
                num_neighbors: 70944
                time_add_neighbors_to_o: 0.0614747
    num_new_collisions: 8
    timing_PIOW_new_collisions:
        total_PIOW: 0.0168357
        num_windows: 30
        time_check_overlap: 4.774e-06
        num_overlapping_windows: 1
        time_merge_windows: 4.253e-06
        time_remove_window: 1.28e-07
        time_remove_window: 2.704e-06
        timing_PlanIn:
            total_PlanIn:0.0166828
            num_until_goal_expanded:576
            timing_expansions:
                total_S3Exp: 0.0166139
                time_top_o: 0.000331361
                time_check_in_c: 0.00025993
                time_add_parent: 0.000691461
                num_neighbors: 9219
                time_add_neighbors_to_o: 0.0122025
    num_windows_should_quit: 4
    time_should_quit: 4.254e-06
    time_remove_window: 5.36e-07
Complete!
