Total time: 0.0174681
is_optimal: true
optimality_bound: 1
successive_bounds: [1.00156, 1.00156, 1.00156, 1.00156, 1.00156, 1.00156, 1.00156, 1.00156, 1.00156, 1.00156, 1.00156, 1.00156, 1.00156, 1]
successive_runtimes: [0.010479, 0.0110968, 0.0116124, 0.0123459, 0.0127525, 0.0131639, 0.0135933, 0.0140126, 0.0144303, 0.0148634, 0.015299, 0.0157488, 0.0174681]
num_agents: 20
time_individual_plan: 0.00863222
time_first_plan: 0.00052582
num_max_agents_in_window_first_iteration: 2
num_recWAMPF: 13
timing_recWAMPF:
    total_RecWAMPF: 0.00750877
    num_windows: 25
    num_max_agents_in_window: 2
    timing_gari:
        total_GARI: 0.0043978
        time_path_btw_starts: 0.000112656
        Stage1:
            total_Stage1:0.000277538
            time_add_x_to_o: 0.000110722
            time_clear_x: 2.4464e-05
            timing_AStarSearchUntil:
                total_astar_search_until:2.2711e-05
                num_values_f_less_fmax:14
                ASU Exp:
                    total_ASUExp:2.1319e-05
                    time_top_o:7.335e-06
                    time_check_in_c:2.586e-06
                    time_add_parent:0
                    num_neighbors:0
                    time_add_neighbors_to_o:0
        Stage2:
            total_Stage2:0.000637956
            num_len_path:13
            time_expanding_s:1.7469e-05
            timing_AStarSearchUntil:
                total_astar_search_until:0.000536835
                num_values_f_less_fmax:19
                ASU Exp:
                    total_ASUExp:0.000535692
                    time_top_o:1.1768e-05
                    time_check_in_c:1.037e-05
                    time_add_parent:2.4093e-05
                    num_neighbors:445
                    time_add_neighbors_to_o:0.000376576
        Stage3:
            total_Stage3:0.00309258
            num_until_goal_expanded:98
            timing_S3Exp:
                total_S3Exp: 0.00259524
                time_top_o: 5.0396e-05
                time_check_in_c: 4.2291e-05
                time_add_parent: 7.6999e-05
                num_neighbors: 1721
                time_add_neighbors_to_o: 0.00203523
    timing_PIOW_overlapping:
        total_PIOW: 8.45e-07
        num_windows: 12
        time_check_overlap: 0
        num_overlapping_windows: 0
        time_merge_windows: 0
        time_remove_window: 0
        time_remove_window: 0
        timing_PlanIn:
            total_PlanIn:0
            num_until_goal_expanded:0
            timing_expansions:
                total_S3Exp: 0
                time_top_o: 0
                time_check_in_c: 0
                time_add_parent: 0
                num_neighbors: 0
                time_add_neighbors_to_o: 0
    num_new_collisions: 1
    timing_PIOW_new_collisions:
        total_PIOW: 0.000300511
        num_windows: 0
        time_check_overlap: 0
        num_overlapping_windows: 0
        time_merge_windows: 0
        time_remove_window: 0
        time_remove_window: 8.65e-07
        timing_PlanIn:
            total_PlanIn:0.00029578
            num_until_goal_expanded:10
            timing_expansions:
                total_S3Exp: 0.000286065
                time_top_o: 4.61e-06
                time_check_in_c: 4.826e-06
                time_add_parent: 1.1865e-05
                num_neighbors: 169
                time_add_neighbors_to_o: 0.000196631
    num_windows_should_quit: 1
    time_should_quit: 6.1e-07
    time_remove_window: 1.44e-07
Complete!
