Total time: 0.0317085
is_optimal: true
optimality_bound: 1
successive_bounds: [1.00284, 1.00284, 1.00284, 1.00284, 1.00284, 1.00284, 1.00284, 1.00284, 1.00284, 1.00284, 1.00284, 1.00284, 1.00284, 1.00284, 1.00284, 1.00284, 1.00284, 1.00284, 1.00284, 1.00284, 1, 1]
successive_runtimes: [0.0019566, 0.00206591, 0.00216801, 0.00226854, 0.00237119, 0.00248835, 0.00260128, 0.00271536, 0.00283801, 0.00295934, 0.00308532, 0.00321547, 0.00336023, 0.00351223, 0.0036765, 0.00381161, 0.00473222, 0.0050424, 0.00533681, 0.00563883, 0.0317085]
num_agents: 10
time_individual_plan: 0.00127955
time_first_plan: 0.000154587
num_max_agents_in_window_first_iteration: 2
num_recWAMPF: 21
timing_recWAMPF:
    total_RecWAMPF: 0.0299038
    num_windows: 41
    num_max_agents_in_window: 2
    timing_gari:
        total_GARI: 0.0292818
        time_path_btw_starts: 0.000108469
        Stage1:
            total_Stage1:0.000292697
            time_add_x_to_o: 0.000264455
            time_clear_x: 2.4479e-05
            timing_AStarSearchUntil:
                total_astar_search_until:1.654e-06
                num_values_f_less_fmax:0
                ASU Exp:
                    total_ASUExp:8.01e-07
                    time_top_o:0
                    time_check_in_c:0
                    time_add_parent:0
                    num_neighbors:0
                    time_add_neighbors_to_o:0
        Stage2:
            total_Stage2:0.026223
            num_len_path:61
            time_expanding_s:2.1766e-05
            timing_AStarSearchUntil:
                total_astar_search_until:0.0261907
                num_values_f_less_fmax:2133
                ASU Exp:
                    total_ASUExp:0.0261897
                    time_top_o:0.000701914
                    time_check_in_c:0.000414855
                    time_add_parent:0.000560411
                    num_neighbors:54996
                    time_add_neighbors_to_o:0.022509
        Stage3:
            total_Stage3:0.00265133
            num_until_goal_expanded:163
            timing_S3Exp:
                total_S3Exp: 0.00115441
                time_top_o: 3.5606e-05
                time_check_in_c: 2.3887e-05
                time_add_parent: 4.5807e-05
                num_neighbors: 1975
                time_add_neighbors_to_o: 0.00082893
    timing_PIOW_overlapping:
        total_PIOW: 6.87e-07
        num_windows: 20
        time_check_overlap: 0
        num_overlapping_windows: 0
        time_merge_windows: 0
        time_remove_window: 0
        time_remove_window: 0
        timing_PlanIn:
            total_PlanIn:0
            num_until_goal_expanded:0
            timing_expansions:
                total_S3Exp: 0
                time_top_o: 0
                time_check_in_c: 0
                time_add_parent: 0
                num_neighbors: 0
                time_add_neighbors_to_o: 0
    num_new_collisions: 1
    timing_PIOW_new_collisions:
        total_PIOW: 0.000117143
        num_windows: 0
        time_check_overlap: 0
        num_overlapping_windows: 0
        time_merge_windows: 0
        time_remove_window: 0
        time_remove_window: 2.72e-07
        timing_PlanIn:
            total_PlanIn:0.000115399
            num_until_goal_expanded:8
            timing_expansions:
                total_S3Exp: 0.000112496
                time_top_o: 1.718e-06
                time_check_in_c: 2.26e-06
                time_add_parent: 2.907e-06
                num_neighbors: 160
                time_add_neighbors_to_o: 8.9918e-05
    num_windows_should_quit: 0
    time_should_quit: 1.227e-06
    time_remove_window: 0
Complete!
