Total time: 8.33828
is_optimal: false
optimality_bound: 1.0045
successive_bounds: [1.00698, 1.00698, 1.00698, 1.00563, 1.00518, 1.0045]
successive_runtimes: [0.0348293, 0.0565627, 0.139846, 0.283546, 0.394295, 8.33828]
num_agents: 60
time_individual_plan: 0.0102495
time_first_plan: 0.0240456
num_max_agents_in_window_first_iteration: 3
num_recWAMPF: 6
timing_recWAMPF:
    total_RecWAMPF: 8.32749
    num_windows: 170
    num_max_agents_in_window: 4
    timing_gari:
        total_GARI: 0.378104
        time_path_btw_starts: 0.000743573
        Stage1:
            total_Stage1:0.273371
            time_add_x_to_o: 0.0730267
            time_clear_x: 0.0274415
            timing_AStarSearchUntil:
                total_astar_search_until:0.172892
                num_values_f_less_fmax:12300
                ASU Exp:
                    total_ASUExp:0.172887
                    time_top_o:0.00756074
                    time_check_in_c:0.00283061
                    time_add_parent:0.00212198
                    num_neighbors:343944
                    time_add_neighbors_to_o:0.145622
        Stage2:
            total_Stage2:0.00734046
            num_len_path:156
            time_expanding_s:7.8817e-05
            timing_AStarSearchUntil:
                total_astar_search_until:0.00721085
                num_values_f_less_fmax:421
                ASU Exp:
                    total_ASUExp:0.00720762
                    time_top_o:0.000117946
                    time_check_in_c:9.0999e-05
                    time_add_parent:0.000124237
                    num_neighbors:16195
                    time_add_neighbors_to_o:0.0064098
        Stage3:
            total_Stage3:0.0833821
            num_until_goal_expanded:4142
            timing_S3Exp:
                total_S3Exp: 0.0567097
                time_top_o: 0.00131834
                time_check_in_c: 0.000654964
                time_add_parent: 0.0014391
                num_neighbors: 114808
                time_add_neighbors_to_o: 0.0477883
    timing_PIOW_overlapping:
        total_PIOW: 7.91893
        num_windows: 1496
        time_check_overlap: 4.1282e-05
        num_overlapping_windows: 14
        time_merge_windows: 1.8419e-05
        time_remove_window: 3.608e-06
        time_remove_window: 1.7771e-05
        timing_PlanIn:
            total_PlanIn:7.91882
            num_until_goal_expanded:26215
            timing_expansions:
                total_S3Exp: 7.91878
                time_top_o: 0.0386646
                time_check_in_c: 0.00655809
                time_add_parent: 0.0141572
                num_neighbors: 13026886
                time_add_neighbors_to_o: 7.48418
    num_new_collisions: 21
    timing_PIOW_new_collisions:
        total_PIOW: 0.01623
        num_windows: 432
        time_check_overlap: 1.117e-05
        num_overlapping_windows: 2
        time_merge_windows: 0
        time_remove_window: 0.1585
        time_remove_window: 8.985e-06
        timing_PlanIn:
            total_PlanIn:0.0161798
            num_until_goal_expanded:938
            timing_expansions:
                total_S3Exp: 0.0161378
                time_top_o: 0.000179548
                time_check_in_c: 0.000168749
                time_add_parent: 0.000243903
                num_neighbors: 30241
                time_add_neighbors_to_o: 0.0134975
    num_windows_should_quit: 0
    time_should_quit: 1.2491e-05
    time_remove_window: 0
Complete!
