Total time: 3.6278
is_optimal: true
optimality_bound: 1
successive_bounds: [1.00256, 1.00256, 1.00256, 1.00256, 1.00256, 1.00256, 1.00256, 1.00256, 1.00256, 1.00256, 1.00256, 1.00256, 1.00256, 1.00256, 1.00256, 1.00256, 1.00256, 1.00256, 1.00256, 1.00256, 1.00256, 1.00256, 1.00256, 1.00256, 1, 1]
successive_runtimes: [0.00305407, 0.00401054, 0.00495212, 0.00628816, 0.00774556, 0.00916863, 0.0107164, 0.012438, 0.0142049, 0.0186198, 0.0247296, 0.0309404, 0.0360403, 0.0561389, 0.116141, 0.214123, 0.34038, 0.511011, 0.746983, 1.13902, 1.63809, 2.11893, 2.5667, 3.05887, 3.6278]
num_agents: 10
time_individual_plan: 0.00222342
time_first_plan: 0.000318613
num_max_agents_in_window_first_iteration: 2
num_recWAMPF: 25
timing_recWAMPF:
    total_RecWAMPF: 3.62506
    num_windows: 49
    num_max_agents_in_window: 3
    timing_gari:
        total_GARI: 3.60852
        time_path_btw_starts: 0.000863475
        Stage1:
            total_Stage1:2.79674
            time_add_x_to_o: 0.708117
            time_clear_x: 0.314613
            timing_AStarSearchUntil:
                total_astar_search_until:1.774
                num_values_f_less_fmax:66705
                ASU Exp:
                    total_ASUExp:1.774
                    time_top_o:0.0629699
                    time_check_in_c:0.0246443
                    time_add_parent:0.0435446
                    num_neighbors:3352142
                    time_add_neighbors_to_o:1.53373
        Stage2:
            total_Stage2:0.00365883
            num_len_path:43
            time_expanding_s:3.0995e-05
            timing_AStarSearchUntil:
                total_astar_search_until:0.00359855
                num_values_f_less_fmax:214
                ASU Exp:
                    total_ASUExp:0.00359733
                    time_top_o:6.2281e-05
                    time_check_in_c:4.1083e-05
                    time_add_parent:0.000166221
                    num_neighbors:7305
                    time_add_neighbors_to_o:0.00310128
        Stage3:
            total_Stage3:0.807241
            num_until_goal_expanded:10927
            timing_S3Exp:
                total_S3Exp: 0.169419
                time_top_o: 0.0057697
                time_check_in_c: 0.00273913
                time_add_parent: 0.00577022
                num_neighbors: 266138
                time_add_neighbors_to_o: 0.127474
    timing_PIOW_overlapping:
        total_PIOW: 9.8e-07
        num_windows: 24
        time_check_overlap: 0
        num_overlapping_windows: 0
        time_merge_windows: 0
        time_remove_window: 0
        time_remove_window: 0
        timing_PlanIn:
            total_PlanIn:0
            num_until_goal_expanded:0
            timing_expansions:
                total_S3Exp: 0
                time_top_o: 0
                time_check_in_c: 0
                time_add_parent: 0
                num_neighbors: 0
                time_add_neighbors_to_o: 0
    num_new_collisions: 2
    timing_PIOW_new_collisions:
        total_PIOW: 0.0158554
        num_windows: 1
        time_check_overlap: 2.27e-07
        num_overlapping_windows: 1
        time_merge_windows: 0
        time_remove_window: 0.0414903
        time_remove_window: 4.95e-07
        timing_PlanIn:
            total_PlanIn:0.0158509
            num_until_goal_expanded:366
            timing_expansions:
                total_S3Exp: 0.0158453
                time_top_o: 7.8932e-05
                time_check_in_c: 6.3064e-05
                time_add_parent: 9.6288e-05
                num_neighbors: 33388
                time_add_neighbors_to_o: 0.0142789
    num_windows_should_quit: 0
    time_should_quit: 2.208e-06
    time_remove_window: 0
Complete!
