Total time: 0.122814
is_optimal: true
optimality_bound: 1
successive_bounds: [1.00218, 1.00218, 1.00218, 1.00218, 1.00218, 1.00218, 1.00109, 1.00109, 1.00109, 1.00109, 1, 1]
successive_runtimes: [0.0240135, 0.0272263, 0.0374772, 0.0449775, 0.0483145, 0.0517007, 0.0743456, 0.0921657, 0.105553, 0.114544, 0.122814]
num_agents: 30
time_individual_plan: 0.0140603
time_first_plan: 0.0082234
num_max_agents_in_window_first_iteration: 2
num_recWAMPF: 11
timing_recWAMPF:
    total_RecWAMPF: 0.107016
    num_windows: 109
    num_max_agents_in_window: 3
    timing_gari:
        total_GARI: 0.0869017
        time_path_btw_starts: 0.000708605
        Stage1:
            total_Stage1:0.0389182
            time_add_x_to_o: 0.0176114
            time_clear_x: 0.0025313
            timing_AStarSearchUntil:
                total_astar_search_until:0.0187612
                num_values_f_less_fmax:1359
                ASU Exp:
                    total_ASUExp:0.0187554
                    time_top_o:0.0011418
                    time_check_in_c:0.000783757
                    time_add_parent:0.000604317
                    num_neighbors:13790
                    time_add_neighbors_to_o:0.0144912
        Stage2:
            total_Stage2:0.0298914
            num_len_path:119
            time_expanding_s:0.000232319
            timing_AStarSearchUntil:
                total_astar_search_until:0.0295821
                num_values_f_less_fmax:712
                ASU Exp:
                    total_ASUExp:0.0295773
                    time_top_o:0.000520794
                    time_check_in_c:0.000416991
                    time_add_parent:0.000814011
                    num_neighbors:20925
                    time_add_neighbors_to_o:0.0252639
        Stage3:
            total_Stage3:0.0173278
            num_until_goal_expanded:235
            timing_S3Exp:
                total_S3Exp: 0.00567998
                time_top_o: 0.000112536
                time_check_in_c: 9.6189e-05
                time_add_parent: 0.000199193
                num_neighbors: 2076
                time_add_neighbors_to_o: 0.00282276
    timing_PIOW_overlapping:
        total_PIOW: 0.00755266
        num_windows: 277
        time_check_overlap: 3.02e-05
        num_overlapping_windows: 1
        time_merge_windows: 3.913e-06
        time_remove_window: 4.25e-07
        time_remove_window: 3.772e-06
        timing_PlanIn:
            total_PlanIn:0.00749495
            num_until_goal_expanded:70
            timing_expansions:
                total_S3Exp: 0.00748875
                time_top_o: 3.9414e-05
                time_check_in_c: 4.2169e-05
                time_add_parent: 9.3754e-05
                num_neighbors: 3582
                time_add_neighbors_to_o: 0.00660394
    num_new_collisions: 6
    timing_PIOW_new_collisions:
        total_PIOW: 0.00680117
        num_windows: 30
        time_check_overlap: 5.409e-06
        num_overlapping_windows: 0
        time_merge_windows: 0
        time_remove_window: 0
        time_remove_window: 5.578e-06
        timing_PlanIn:
            total_PlanIn:0.00676741
            num_until_goal_expanded:164
            timing_expansions:
                total_S3Exp: 0.00673332
                time_top_o: 9.3449e-05
                time_check_in_c: 0.000117448
                time_add_parent: 0.000242121
                num_neighbors: 2641
                time_add_neighbors_to_o: 0.00524447
    num_windows_should_quit: 0
    time_should_quit: 9.344e-06
    time_remove_window: 0
Complete!
