Total time: 5.03031
is_optimal: false
optimality_bound: 1.00196
successive_bounds: [1.00489, 1.00367, 1.00318, 1.00318, 1.00318, 1.00245, 1.00245, 1.00245, 1.00245, 1.00245, 1.00245, 1.00245, 1.00245, 1.00245, 1.00245, 1.00196, 1.00196, 1.00196, 1.00196, 1.00196, 1.00196, 1.00196]
successive_runtimes: [0.0196828, 0.0257014, 0.0317947, 0.0382587, 0.044552, 0.0541174, 0.058587, 0.061819, 0.066122, 0.0700372, 0.0737232, 0.0775618, 0.0815696, 0.0856722, 0.0995523, 0.213939, 0.263703, 0.285623, 0.307564, 0.756283, 1.09456, 5.03031]
num_agents: 60
time_individual_plan: 0.0124492
time_first_plan: 0.00653997
num_max_agents_in_window_first_iteration: 2
num_recWAMPF: 22
timing_recWAMPF:
    total_RecWAMPF: 5.01716
    num_windows: 266
    num_max_agents_in_window: 4
    timing_gari:
        total_GARI: 0.684016
        time_path_btw_starts: 0.00414708
        Stage1:
            total_Stage1:0.244468
            time_add_x_to_o: 0.200186
            time_clear_x: 0.0355498
            timing_AStarSearchUntil:
                total_astar_search_until:0.00871143
                num_values_f_less_fmax:2284
                ASU Exp:
                    total_ASUExp:0.00870338
                    time_top_o:0.000680894
                    time_check_in_c:0.000458204
                    time_add_parent:0.000289876
                    num_neighbors:14105
                    time_add_neighbors_to_o:0.00627686
        Stage2:
            total_Stage2:0.0822331
            num_len_path:234
            time_expanding_s:0.000818103
            timing_AStarSearchUntil:
                total_astar_search_until:0.0812925
                num_values_f_less_fmax:1269
                ASU Exp:
                    total_ASUExp:0.0812857
                    time_top_o:0.000644129
                    time_check_in_c:0.000309037
                    time_add_parent:0.00116336
                    num_neighbors:122921
                    time_add_neighbors_to_o:0.0758381
        Stage3:
            total_Stage3:0.353105
            num_until_goal_expanded:2566
            timing_S3Exp:
                total_S3Exp: 0.0764138
                time_top_o: 0.000750139
                time_check_in_c: 0.000447548
                time_add_parent: 0.000860582
                num_neighbors: 30095
                time_add_neighbors_to_o: 0.0240924
    timing_PIOW_overlapping:
        total_PIOW: 0.46439
        num_windows: 1062
        time_check_overlap: 5.2267e-05
        num_overlapping_windows: 11
        time_merge_windows: 1.5308e-05
        time_remove_window: 2.763e-06
        time_remove_window: 1.4545e-05
        timing_PlanIn:
            total_PlanIn:0.464251
            num_until_goal_expanded:1841
            timing_expansions:
                total_S3Exp: 0.464223
                time_top_o: 0.00108691
                time_check_in_c: 0.000486249
                time_add_parent: 0.000838612
                num_neighbors: 604564
                time_add_neighbors_to_o: 0.438786
    num_new_collisions: 16
    timing_PIOW_new_collisions:
        total_PIOW: 3.84618
        num_windows: 182
        time_check_overlap: 8.15e-06
        num_overlapping_windows: 1
        time_merge_windows: 0
        time_remove_window: 1.1873
        time_remove_window: 8.043e-06
        timing_PlanIn:
            total_PlanIn:3.84613
            num_until_goal_expanded:10590
            timing_expansions:
                total_S3Exp: 3.8461
                time_top_o: 0.01469
                time_check_in_c: 0.00445351
                time_add_parent: 0.00666277
                num_neighbors: 5208443
                time_add_neighbors_to_o: 3.63085
    num_windows_should_quit: 0
    time_should_quit: 1.5617e-05
    time_remove_window: 0
Complete!
