Total time: 7.48083
is_optimal: false
optimality_bound: 1.00487
successive_bounds: [1.00692, 1.0064, 1.00615, 1.00615, 1.00589, 1.00589, 1.00589, 1.00589, 1.00589, 1.00589, 1.00589, 1.00589, 1.00589, 1.00538, 1.00538, 1.00487, 1.00487, 1.00487, 1.00487, 1.00487, 1.00487, 1.00487, 1.00487, 1.00487, 1.00487, 1.00487, 1.00487, 1.00487, 1.00487, 1.00487, 1.00487]
successive_runtimes: [0.0294432, 0.0534251, 0.0646708, 0.0674361, 0.069937, 0.0720318, 0.0741171, 0.0760026, 0.0779055, 0.0797815, 0.0816213, 0.0835105, 0.0855629, 0.0898433, 0.0924735, 0.213017, 0.411282, 0.636226, 0.886841, 1.48659, 2.18957, 2.70957, 3.11017, 3.48804, 3.84929, 4.20322, 4.5169, 5.46627, 6.05331, 6.45758, 7.48083]
num_agents: 60
time_individual_plan: 0.014873
time_first_plan: 0.0140373
num_max_agents_in_window_first_iteration: 3
num_recWAMPF: 31
timing_recWAMPF:
    total_RecWAMPF: 7.46542
    num_windows: 287
    num_max_agents_in_window: 4
    timing_gari:
        total_GARI: 7.28861
        time_path_btw_starts: 0.00381922
        Stage1:
            total_Stage1:2.34867
            time_add_x_to_o: 0.908529
            time_clear_x: 0.33949
            timing_AStarSearchUntil:
                total_astar_search_until:1.10063
                num_values_f_less_fmax:11266
                ASU Exp:
                    total_ASUExp:1.10062
                    time_top_o:0.0155162
                    time_check_in_c:0.00410647
                    time_add_parent:0.00375967
                    num_neighbors:1991596
                    time_add_neighbors_to_o:1.00201
        Stage2:
            total_Stage2:0.01136
            num_len_path:173
            time_expanding_s:0.000128526
            timing_AStarSearchUntil:
                total_astar_search_until:0.0110928
                num_values_f_less_fmax:235
                ASU Exp:
                    total_ASUExp:0.0110869
                    time_top_o:9.625e-05
                    time_check_in_c:5.1987e-05
                    time_add_parent:9.1879e-05
                    num_neighbors:18615
                    time_add_neighbors_to_o:0.0103506
        Stage3:
            total_Stage3:4.92447
            num_until_goal_expanded:17695
            timing_S3Exp:
                total_S3Exp: 2.31899
                time_top_o: 0.0211104
                time_check_in_c: 0.00490157
                time_add_parent: 0.00993975
                num_neighbors: 4340604
                time_add_neighbors_to_o: 2.25119
    timing_PIOW_overlapping:
        total_PIOW: 0.00974564
        num_windows: 1009
        time_check_overlap: 3.7662e-05
        num_overlapping_windows: 14
        time_merge_windows: 1.0253e-05
        time_remove_window: 2.186e-06
        time_remove_window: 9.657e-06
        timing_PlanIn:
            total_PlanIn:0.00966164
            num_until_goal_expanded:652
            timing_expansions:
                total_S3Exp: 0.00963857
                time_top_o: 9.6548e-05
                time_check_in_c: 0.000128642
                time_add_parent: 0.000162374
                num_neighbors: 16594
                time_add_neighbors_to_o: 0.00802871
    num_new_collisions: 22
    timing_PIOW_new_collisions:
        total_PIOW: 0.125972
        num_windows: 393
        time_check_overlap: 1.0496e-05
        num_overlapping_windows: 4
        time_merge_windows: 0
        time_remove_window: 0.227978
        time_remove_window: 9.995e-06
        timing_PlanIn:
            total_PlanIn:0.125918
            num_until_goal_expanded:1032
            timing_expansions:
                total_S3Exp: 0.125881
                time_top_o: 0.000422169
                time_check_in_c: 0.00020952
                time_add_parent: 0.000316305
                num_neighbors: 233860
                time_add_neighbors_to_o: 0.117479
    num_windows_should_quit: 0
    time_should_quit: 1.4181e-05
    time_remove_window: 0
Complete!
