Total time: 0.331161
is_optimal: false
optimality_bound: 1.00197
successive_bounds: [1.00295, 1.00295, 1.00295, 1.00295, 1.00295, 1.00295, 1.00197]
successive_runtimes: [0.0233752, 0.0305031, 0.0384559, 0.0468546, 0.0574811, 0.067778, 0.331161]
num_agents: 30
time_individual_plan: 0.00337001
time_first_plan: 0.0194255
num_max_agents_in_window_first_iteration: 3
num_recWAMPF: 7
timing_recWAMPF:
    total_RecWAMPF: 0.327209
    num_windows: 37
    num_max_agents_in_window: 4
    timing_gari:
        total_GARI: 0.0436677
        time_path_btw_starts: 0.000128585
        Stage1:
            total_Stage1:0.0268249
            time_add_x_to_o: 0.00786126
            time_clear_x: 0.000825277
            timing_AStarSearchUntil:
                total_astar_search_until:0.0181348
                num_values_f_less_fmax:434
                ASU Exp:
                    total_ASUExp:0.0181338
                    time_top_o:0.000186909
                    time_check_in_c:7.5256e-05
                    time_add_parent:0.000320822
                    num_neighbors:38050
                    time_add_neighbors_to_o:0.016929
        Stage2:
            total_Stage2:0.00196285
            num_len_path:36
            time_expanding_s:1.6368e-05
            timing_AStarSearchUntil:
                total_astar_search_until:0.00193185
                num_values_f_less_fmax:71
                ASU Exp:
                    total_ASUExp:0.00193109
                    time_top_o:2.0552e-05
                    time_check_in_c:1.413e-05
                    time_add_parent:2.6563e-05
                    num_neighbors:4043
                    time_add_neighbors_to_o:0.00177838
        Stage3:
            total_Stage3:0.0147401
            num_until_goal_expanded:58
            timing_S3Exp:
                total_S3Exp: 0.00111425
                time_top_o: 1.5008e-05
                time_check_in_c: 8.496e-06
                time_add_parent: 1.4762e-05
                num_neighbors: 1409
                time_add_neighbors_to_o: 0.000903744
    timing_PIOW_overlapping:
        total_PIOW: 0.262788
        num_windows: 52
        time_check_overlap: 2.057e-06
        num_overlapping_windows: 1
        time_merge_windows: 2.354e-06
        time_remove_window: 6.59e-07
        time_remove_window: 2.304e-06
        timing_PlanIn:
            total_PlanIn:0.262778
            num_until_goal_expanded:1359
            timing_expansions:
                total_S3Exp: 0.262775
                time_top_o: 0.00138129
                time_check_in_c: 0.000321711
                time_add_parent: 0.000510504
                num_neighbors: 440815
                time_add_neighbors_to_o: 0.247045
    num_new_collisions: 4
    timing_PIOW_new_collisions:
        total_PIOW: 0.0189424
        num_windows: 13
        time_check_overlap: 7.13e-07
        num_overlapping_windows: 1
        time_merge_windows: 0
        time_remove_window: 0.00453561
        time_remove_window: 1.098e-06
        timing_PlanIn:
            total_PlanIn:0.0189343
            num_until_goal_expanded:292
            timing_expansions:
                total_S3Exp: 0.0189175
                time_top_o: 0.000102405
                time_check_in_c: 4.9692e-05
                time_add_parent: 7.9092e-05
                num_neighbors: 33729
                time_add_neighbors_to_o: 0.0174242
    num_windows_should_quit: 0
    time_should_quit: 2.348e-06
    time_remove_window: 0
Complete!
