Total time: 0.0732017
is_optimal: false
optimality_bound: 1.00145
successive_bounds: [1.00241, 1.00241, 1.00241, 1.00241, 1.00145, 1.00145, 1.00145, 1.00145, 1.00145, 1.00145]
successive_runtimes: [0.039163, 0.0431756, 0.0473233, 0.0511534, 0.0551913, 0.0594812, 0.0631372, 0.066513, 0.0698493, 0.0732017]
num_agents: 30
time_individual_plan: 0.014
time_first_plan: 0.0235538
num_max_agents_in_window_first_iteration: 2
num_recWAMPF: 10
timing_recWAMPF:
    total_RecWAMPF: 0.0575864
    num_windows: 57
    num_max_agents_in_window: 2
    timing_gari:
        total_GARI: 0.0301566
        time_path_btw_starts: 0.000315832
        Stage1:
            total_Stage1:0.00539764
            time_add_x_to_o: 0.00344257
            time_clear_x: 0.000527865
            timing_AStarSearchUntil:
                total_astar_search_until:0.00141916
                num_values_f_less_fmax:532
                ASU Exp:
                    total_ASUExp:0.00141631
                    time_top_o:0.00032426
                    time_check_in_c:0.000143401
                    time_add_parent:5.3899e-05
                    num_neighbors:466
                    time_add_neighbors_to_o:0.000615763
        Stage2:
            total_Stage2:0.00219443
            num_len_path:43
            time_expanding_s:5.2888e-05
            timing_AStarSearchUntil:
                total_astar_search_until:0.00209904
                num_values_f_less_fmax:55
                ASU Exp:
                    total_ASUExp:0.00209649
                    time_top_o:3.6255e-05
                    time_check_in_c:4.0123e-05
                    time_add_parent:7.0782e-05
                    num_neighbors:1387
                    time_add_neighbors_to_o:0.00174061
        Stage3:
            total_Stage3:0.0208601
            num_until_goal_expanded:800
            timing_S3Exp:
                total_S3Exp: 0.0106315
                time_top_o: 0.000461576
                time_check_in_c: 0.000356856
                time_add_parent: 0.000763835
                num_neighbors: 4887
                time_add_neighbors_to_o: 0.00626012
    timing_PIOW_overlapping:
        total_PIOW: 1.6875e-05
        num_windows: 81
        time_check_overlap: 9.648e-06
        num_overlapping_windows: 0
        time_merge_windows: 0
        time_remove_window: 0
        time_remove_window: 0
        timing_PlanIn:
            total_PlanIn:0
            num_until_goal_expanded:0
            timing_expansions:
                total_S3Exp: 0
                time_top_o: 0
                time_check_in_c: 0
                time_add_parent: 0
                num_neighbors: 0
                time_add_neighbors_to_o: 0
    num_new_collisions: 3
    timing_PIOW_new_collisions:
        total_PIOW: 0.0226298
        num_windows: 6
        time_check_overlap: 9.81e-07
        num_overlapping_windows: 0
        time_merge_windows: 0
        time_remove_window: 0
        time_remove_window: 4.003e-06
        timing_PlanIn:
            total_PlanIn:0.0226131
            num_until_goal_expanded:515
            timing_expansions:
                total_S3Exp: 0.0225492
                time_top_o: 0.000380462
                time_check_in_c: 0.000336485
                time_add_parent: 0.000727424
                num_neighbors: 10763
                time_add_neighbors_to_o: 0.018129
    num_windows_should_quit: 0
    time_should_quit: 6.477e-06
    time_remove_window: 0
Complete!
