Total time: 0.464411
is_optimal: true
optimality_bound: 1
successive_bounds: [1.00197, 1.00197, 1.00197, 1.00197, 1.00197, 1.00098, 1.00098, 1.00098, 1.00098, 1.00098, 1.00098, 1.00098, 1.00098, 1.00098, 1.00098, 1.00098, 1.00098, 1, 1]
successive_runtimes: [0.039554, 0.0688942, 0.0822766, 0.0950778, 0.106934, 0.121626, 0.137246, 0.156518, 0.179134, 0.20401, 0.225562, 0.243642, 0.268552, 0.299195, 0.330348, 0.361776, 0.391035, 0.464411]
num_agents: 30
time_individual_plan: 0.00753374
time_first_plan: 0.0309594
num_max_agents_in_window_first_iteration: 4
num_recWAMPF: 18
timing_recWAMPF:
    total_RecWAMPF: 0.455804
    num_windows: 140
    num_max_agents_in_window: 4
    timing_gari:
        total_GARI: 0.420518
        time_path_btw_starts: 0.000682029
        Stage1:
            total_Stage1:0.0395877
            time_add_x_to_o: 0.0304314
            time_clear_x: 0.00537362
            timing_AStarSearchUntil:
                total_astar_search_until:0.00376789
                num_values_f_less_fmax:247
                ASU Exp:
                    total_ASUExp:0.0037603
                    time_top_o:0.000122674
                    time_check_in_c:9.0959e-05
                    time_add_parent:0.000133988
                    num_neighbors:5760
                    time_add_neighbors_to_o:0.00302246
        Stage2:
            total_Stage2:0.0594144
            num_len_path:142
            time_expanding_s:0.000671474
            timing_AStarSearchUntil:
                total_astar_search_until:0.0586273
                num_values_f_less_fmax:2656
                ASU Exp:
                    total_ASUExp:0.0586236
                    time_top_o:0.00231713
                    time_check_in_c:0.00086348
                    time_add_parent:0.00158481
                    num_neighbors:75204
                    time_add_neighbors_to_o:0.049495
        Stage3:
            total_Stage3:0.320771
            num_until_goal_expanded:6467
            timing_S3Exp:
                total_S3Exp: 0.154145
                time_top_o: 0.00380702
                time_check_in_c: 0.00175664
                time_add_parent: 0.00302934
                num_neighbors: 134143
                time_add_neighbors_to_o: 0.127724
    timing_PIOW_overlapping:
        total_PIOW: 3.6847e-05
        num_windows: 272
        time_check_overlap: 2.0968e-05
        num_overlapping_windows: 0
        time_merge_windows: 0
        time_remove_window: 0
        time_remove_window: 0
        timing_PlanIn:
            total_PlanIn:0
            num_until_goal_expanded:0
            timing_expansions:
                total_S3Exp: 0
                time_top_o: 0
                time_check_in_c: 0
                time_add_parent: 0
                num_neighbors: 0
                time_add_neighbors_to_o: 0
    num_new_collisions: 6
    timing_PIOW_new_collisions:
        total_PIOW: 0.0301272
        num_windows: 24
        time_check_overlap: 2.106e-06
        num_overlapping_windows: 2
        time_merge_windows: 0
        time_remove_window: 0.0259454
        time_remove_window: 3.456e-06
        timing_PlanIn:
            total_PlanIn:0.0300261
            num_until_goal_expanded:267
            timing_expansions:
                total_S3Exp: 0.0299872
                time_top_o: 0.000111956
                time_check_in_c: 7.863e-05
                time_add_parent: 0.000136151
                num_neighbors: 30170
                time_add_neighbors_to_o: 0.0278976
    num_windows_should_quit: 0
    time_should_quit: 1.5382e-05
    time_remove_window: 0
Complete!
