Total time: 1.06757
is_optimal: true
optimality_bound: 1
successive_bounds: [1.00314, 1.00314, 1.00314, 1.00314, 1.00314, 1.00314, 1.00314, 1.00314, 1.00314, 1.00314, 1.00314, 1.00314, 1.00314, 1.00314, 1.00314, 1.00209, 1.00209, 1.00209, 1.00105, 1.00105, 1, 1]
successive_runtimes: [0.01709, 0.018227, 0.0192983, 0.0205173, 0.0218351, 0.0232489, 0.0251722, 0.0270827, 0.0292379, 0.0356678, 0.038923, 0.042293, 0.0462778, 0.0558756, 0.0597129, 0.481739, 0.566147, 0.662254, 0.817036, 0.937604, 1.06757]
num_agents: 30
time_individual_plan: 0.0145029
time_first_plan: 0.00121426
num_max_agents_in_window_first_iteration: 2
num_recWAMPF: 21
timing_recWAMPF:
    total_RecWAMPF: 1.05168
    num_windows: 123
    num_max_agents_in_window: 3
    timing_gari:
        total_GARI: 0.632923
        time_path_btw_starts: 0.00058249
        Stage1:
            total_Stage1:0.258948
            time_add_x_to_o: 0.0597725
            time_clear_x: 0.0143132
            timing_AStarSearchUntil:
                total_astar_search_until:0.184848
                num_values_f_less_fmax:7339
                ASU Exp:
                    total_ASUExp:0.184843
                    time_top_o:0.00684139
                    time_check_in_c:0.00529477
                    time_add_parent:0.00395526
                    num_neighbors:228410
                    time_add_neighbors_to_o:0.158894
        Stage2:
            total_Stage2:0.0873798
            num_len_path:139
            time_expanding_s:9.4212e-05
            timing_AStarSearchUntil:
                total_astar_search_until:0.0871966
                num_values_f_less_fmax:1668
                ASU Exp:
                    total_ASUExp:0.0871934
                    time_top_o:0.00170385
                    time_check_in_c:0.000513357
                    time_add_parent:0.000876842
                    num_neighbors:114619
                    time_add_neighbors_to_o:0.0808172
        Stage3:
            total_Stage3:0.285948
            num_until_goal_expanded:2644
            timing_S3Exp:
                total_S3Exp: 0.0513623
                time_top_o: 0.00188776
                time_check_in_c: 0.00058179
                time_add_parent: 0.00162865
                num_neighbors: 69816
                time_add_neighbors_to_o: 0.0420175
    timing_PIOW_overlapping:
        total_PIOW: 2.4528e-05
        num_windows: 180
        time_check_overlap: 1.2671e-05
        num_overlapping_windows: 0
        time_merge_windows: 0
        time_remove_window: 0
        time_remove_window: 0
        timing_PlanIn:
            total_PlanIn:0
            num_until_goal_expanded:0
            timing_expansions:
                total_S3Exp: 0
                time_top_o: 0
                time_check_in_c: 0
                time_add_parent: 0
                num_neighbors: 0
                time_add_neighbors_to_o: 0
    num_new_collisions: 4
    timing_PIOW_new_collisions:
        total_PIOW: 0.413599
        num_windows: 12
        time_check_overlap: 1.112e-06
        num_overlapping_windows: 1
        time_merge_windows: 0
        time_remove_window: 0.0698175
        time_remove_window: 2.499e-06
        timing_PlanIn:
            total_PlanIn:0.413572
            num_until_goal_expanded:6453
            timing_expansions:
                total_S3Exp: 0.413555
                time_top_o: 0.00812704
                time_check_in_c: 0.00176702
                time_add_parent: 0.00358311
                num_neighbors: 594085
                time_add_neighbors_to_o: 0.369281
    num_windows_should_quit: 0
    time_should_quit: 8.212e-06
    time_remove_window: 0
Complete!
