Total time: 0.109181
is_optimal: true
optimality_bound: 1
successive_bounds: [1.00123, 1.00123, 1.00123, 1.00123, 1.00123, 1, 1]
successive_runtimes: [0.007014, 0.0072983, 0.00757267, 0.0229464, 0.0514295, 0.109181]
num_agents: 20
time_individual_plan: 0.00597014
time_first_plan: 0.000403353
num_max_agents_in_window_first_iteration: 2
num_recWAMPF: 6
timing_recWAMPF:
    total_RecWAMPF: 0.102569
    num_windows: 17
    num_max_agents_in_window: 3
    timing_gari:
        total_GARI: 0.0866453
        time_path_btw_starts: 6.0459e-05
        Stage1:
            total_Stage1:0.0656991
            time_add_x_to_o: 0.0140818
            time_clear_x: 0.00485377
            timing_AStarSearchUntil:
                total_astar_search_until:0.046762
                num_values_f_less_fmax:1439
                ASU Exp:
                    total_ASUExp:0.0467614
                    time_top_o:0.00130367
                    time_check_in_c:0.000416519
                    time_add_parent:0.000548272
                    num_neighbors:78515
                    time_add_neighbors_to_o:0.0422425
        Stage2:
            total_Stage2:0.00164153
            num_len_path:17
            time_expanding_s:1.1212e-05
            timing_AStarSearchUntil:
                total_astar_search_until:0.00162206
                num_values_f_less_fmax:32
                ASU Exp:
                    total_ASUExp:0.00162166
                    time_top_o:1.2999e-05
                    time_check_in_c:7.007e-06
                    time_add_parent:1.3979e-05
                    num_neighbors:2765
                    time_add_neighbors_to_o:0.00153309
        Stage3:
            total_Stage3:0.0192404
            num_until_goal_expanded:533
            timing_S3Exp:
                total_S3Exp: 0.0113257
                time_top_o: 0.00025934
                time_check_in_c: 8.8868e-05
                time_add_parent: 0.000184715
                num_neighbors: 16795
                time_add_neighbors_to_o: 0.0100066
    timing_PIOW_overlapping:
        total_PIOW: 0.015076
        num_windows: 15
        time_check_overlap: 4.16e-07
        num_overlapping_windows: 1
        time_merge_windows: 1.085e-06
        time_remove_window: 3.2e-07
        time_remove_window: 1.024e-06
        timing_PlanIn:
            total_PlanIn:0.0150704
            num_until_goal_expanded:448
            timing_expansions:
                total_S3Exp: 0.015068
                time_top_o: 0.00017475
                time_check_in_c: 8.6599e-05
                time_add_parent: 0.000156308
                num_neighbors: 24636
                time_add_neighbors_to_o: 0.0130853
    num_new_collisions: 2
    timing_PIOW_new_collisions:
        total_PIOW: 0.000200863
        num_windows: 2
        time_check_overlap: 1.82e-07
        num_overlapping_windows: 0
        time_merge_windows: 0
        time_remove_window: 0
        time_remove_window: 7.02e-07
        timing_PlanIn:
            total_PlanIn:0.00019712
            num_until_goal_expanded:12
            timing_expansions:
                total_S3Exp: 0.000191879
                time_top_o: 2.712e-06
                time_check_in_c: 2.831e-06
                time_add_parent: 5.188e-06
                num_neighbors: 224
                time_add_neighbors_to_o: 0.00015476
    num_windows_should_quit: 0
    time_should_quit: 6.87e-07
    time_remove_window: 0
Complete!
