Total time: 0.0432723
is_optimal: true
optimality_bound: 1
successive_bounds: [1.00455, 1.00455, 1.00455, 1.00455, 1.00455, 1.00455, 1.00455, 1, 1]
successive_runtimes: [0.00361712, 0.00446353, 0.0051836, 0.00598854, 0.00687343, 0.00790777, 0.00884954, 0.0432723]
num_agents: 20
time_individual_plan: 0.00246463
time_first_plan: 0.000626481
num_max_agents_in_window_first_iteration: 2
num_recWAMPF: 8
timing_recWAMPF:
    total_RecWAMPF: 0.0402801
    num_windows: 43
    num_max_agents_in_window: 3
    timing_gari:
        total_GARI: 0.00544371
        time_path_btw_starts: 9.3537e-05
        Stage1:
            total_Stage1:0.00200813
            time_add_x_to_o: 0.00103204
            time_clear_x: 0.000138848
            timing_AStarSearchUntil:
                total_astar_search_until:0.000834923
                num_values_f_less_fmax:676
                ASU Exp:
                    total_ASUExp:0.000833923
                    time_top_o:0.000135265
                    time_check_in_c:0.000104607
                    time_add_parent:4.1695e-05
                    num_neighbors:1169
                    time_add_neighbors_to_o:0.000398857
        Stage2:
            total_Stage2:0.000969281
            num_len_path:41
            time_expanding_s:1.5868e-05
            timing_AStarSearchUntil:
                total_astar_search_until:0.000942881
                num_values_f_less_fmax:74
                ASU Exp:
                    total_ASUExp:0.000941979
                    time_top_o:4.2634e-05
                    time_check_in_c:1.3301e-05
                    time_add_parent:2.0179e-05
                    num_neighbors:1877
                    time_add_neighbors_to_o:0.000782159
        Stage3:
            total_Stage3:0.00236722
            num_until_goal_expanded:407
            timing_S3Exp:
                total_S3Exp: 0.00190058
                time_top_o: 8.5232e-05
                time_check_in_c: 5.0615e-05
                time_add_parent: 0.0001068
                num_neighbors: 3116
                time_add_neighbors_to_o: 0.00124565
    timing_PIOW_overlapping:
        total_PIOW: 0.0334577
        num_windows: 66
        time_check_overlap: 2.26e-06
        num_overlapping_windows: 2
        time_merge_windows: 2.214e-06
        time_remove_window: 4.87e-07
        time_remove_window: 2.111e-06
        timing_PlanIn:
            total_PlanIn:0.0334458
            num_until_goal_expanded:549
            timing_expansions:
                total_S3Exp: 0.0334324
                time_top_o: 0.000137887
                time_check_in_c: 9.9646e-05
                time_add_parent: 0.000152249
                num_neighbors: 55372
                time_add_neighbors_to_o: 0.0307668
    num_new_collisions: 3
    timing_PIOW_new_collisions:
        total_PIOW: 0.000394453
        num_windows: 6
        time_check_overlap: 3.2e-07
        num_overlapping_windows: 0
        time_merge_windows: 0
        time_remove_window: 0
        time_remove_window: 1.899e-06
        timing_PlanIn:
            total_PlanIn:0.000389199
            num_until_goal_expanded:48
            timing_expansions:
                total_S3Exp: 0.000382891
                time_top_o: 6.767e-06
                time_check_in_c: 8.909e-06
                time_add_parent: 1.3122e-05
                num_neighbors: 550
                time_add_neighbors_to_o: 0.000282721
    num_windows_should_quit: 0
    time_should_quit: 1.036e-06
    time_remove_window: 0
Complete!
