Total time: 46.5473
is_optimal: false
optimality_bound: 1.00117
successive_bounds: [1.00408, 1.00292, 1.00292, 1.00292, 1.00175, 1.00175, 1.00175, 1.00175, 1.00117, 1.00117, 1.00117]
successive_runtimes: [0.0116341, 0.014394, 0.016872, 0.0193762, 0.0220484, 0.0249678, 0.0277865, 0.0305277, 27.0425, 34.9486, 46.5473]
num_agents: 30
time_individual_plan: 0.00461658
time_first_plan: 0.0063954
num_max_agents_in_window_first_iteration: 3
num_recWAMPF: 11
timing_recWAMPF:
    total_RecWAMPF: 46.542
    num_windows: 120
    num_max_agents_in_window: 4
    timing_gari:
        total_GARI: 19.5246
        time_path_btw_starts: 0.000340128
        Stage1:
            total_Stage1:10.6994
            time_add_x_to_o: 2.1379
            time_clear_x: 0.592643
            timing_AStarSearchUntil:
                total_astar_search_until:7.96881
                num_values_f_less_fmax:26623
                ASU Exp:
                    total_ASUExp:7.96881
                    time_top_o:0.0572106
                    time_check_in_c:0.0269566
                    time_add_parent:0.0112344
                    num_neighbors:13408093
                    time_add_neighbors_to_o:7.78117
        Stage2:
            total_Stage2:0.0294191
            num_len_path:120
            time_expanding_s:9.1868e-05
            timing_AStarSearchUntil:
                total_astar_search_until:0.0292827
                num_values_f_less_fmax:375
                ASU Exp:
                    total_ASUExp:0.02928
                    time_top_o:0.000186007
                    time_check_in_c:9.1592e-05
                    time_add_parent:0.000128076
                    num_neighbors:50084
                    time_add_neighbors_to_o:0.0283553
        Stage3:
            total_Stage3:8.7955
            num_until_goal_expanded:1304
            timing_S3Exp:
                total_S3Exp: 0.010005
                time_top_o: 0.000377279
                time_check_in_c: 0.000178875
                time_add_parent: 0.00032888
                num_neighbors: 12907
                time_add_neighbors_to_o: 0.00770798
    timing_PIOW_overlapping:
        total_PIOW: 27.0093
        num_windows: 336
        time_check_overlap: 1.4409e-05
        num_overlapping_windows: 1
        time_merge_windows: 2.057e-06
        time_remove_window: 3.74e-07
        time_remove_window: 1.996e-06
        timing_PlanIn:
            total_PlanIn:27.0092
            num_until_goal_expanded:56969
            timing_expansions:
                total_S3Exp: 27.0092
                time_top_o: 0.067315
                time_check_in_c: 0.0264569
                time_add_parent: 0.0419185
                num_neighbors: 31254852
                time_add_neighbors_to_o: 25.8229
    num_new_collisions: 7
    timing_PIOW_new_collisions:
        total_PIOW: 0.00574477
        num_windows: 40
        time_check_overlap: 1.763e-06
        num_overlapping_windows: 1
        time_merge_windows: 0
        time_remove_window: 0.00586764
        time_remove_window: 2.966e-06
        timing_PlanIn:
            total_PlanIn:0.00572983
            num_until_goal_expanded:191
            timing_expansions:
                total_S3Exp: 0.00571225
                time_top_o: 4.2964e-05
                time_check_in_c: 3.6961e-05
                time_add_parent: 5.839e-05
                num_neighbors: 8707
                time_add_neighbors_to_o: 0.00502508
    num_windows_should_quit: 0
    time_should_quit: 6.108e-06
    time_remove_window: 0
Complete!
