Total time: 0.191441
is_optimal: true
optimality_bound: 1
successive_bounds: [1.00258, 1.00258, 1.00258, 1.00258, 1.00258, 1.00258, 1.00258, 1.00258, 1.00258, 1.00258, 1.00258, 1.00258, 1.00258, 1.00258, 1.00258, 1.00258, 1.00258, 1.00258, 1.00258, 1.00147, 1.00147, 1.00147, 1.00074, 1.00074, 1, 1]
successive_runtimes: [0.0219944, 0.0243204, 0.0270317, 0.0294668, 0.0316741, 0.0339779, 0.0367393, 0.0390126, 0.0411828, 0.0432392, 0.0452438, 0.0512753, 0.0599029, 0.0634213, 0.0669081, 0.0727901, 0.0770519, 0.0839821, 0.0892746, 0.0943105, 0.0979398, 0.101185, 0.121924, 0.127337, 0.191441]
num_agents: 40
time_individual_plan: 0.0181279
time_first_plan: 0.00286026
num_max_agents_in_window_first_iteration: 2
num_recWAMPF: 25
timing_recWAMPF:
    total_RecWAMPF: 0.172302
    num_windows: 196
    num_max_agents_in_window: 2
    timing_gari:
        total_GARI: 0.156663
        time_path_btw_starts: 0.000572827
        Stage1:
            total_Stage1:0.0161626
            time_add_x_to_o: 0.0085936
            time_clear_x: 0.000993552
            timing_AStarSearchUntil:
                total_astar_search_until:0.00656309
                num_values_f_less_fmax:2441
                ASU Exp:
                    total_ASUExp:0.00655514
                    time_top_o:0.000653589
                    time_check_in_c:0.000416641
                    time_add_parent:0.000337667
                    num_neighbors:9532
                    time_add_neighbors_to_o:0.00409466
        Stage2:
            total_Stage2:0.0791564
            num_len_path:206
            time_expanding_s:0.000138315
            timing_AStarSearchUntil:
                total_astar_search_until:0.0789537
                num_values_f_less_fmax:6814
                ASU Exp:
                    total_ASUExp:0.078949
                    time_top_o:0.00264459
                    time_check_in_c:0.00134864
                    time_add_parent:0.00193052
                    num_neighbors:156400
                    time_add_neighbors_to_o:0.0660574
        Stage3:
            total_Stage3:0.0607354
            num_until_goal_expanded:3695
            timing_S3Exp:
                total_S3Exp: 0.0303996
                time_top_o: 0.00101034
                time_check_in_c: 0.000670349
                time_add_parent: 0.00110985
                num_neighbors: 52951
                time_add_neighbors_to_o: 0.0235252
    timing_PIOW_overlapping:
        total_PIOW: 2.5888e-05
        num_windows: 384
        time_check_overlap: 1.3691e-05
        num_overlapping_windows: 0
        time_merge_windows: 0
        time_remove_window: 0
        time_remove_window: 0
        timing_PlanIn:
            total_PlanIn:0
            num_until_goal_expanded:0
            timing_expansions:
                total_S3Exp: 0
                time_top_o: 0
                time_check_in_c: 0
                time_add_parent: 0
                num_neighbors: 0
                time_add_neighbors_to_o: 0
    num_new_collisions: 4
    timing_PIOW_new_collisions:
        total_PIOW: 0.000901613
        num_windows: 12
        time_check_overlap: 7.51e-07
        num_overlapping_windows: 0
        time_merge_windows: 0
        time_remove_window: 0
        time_remove_window: 2.346e-06
        timing_PlanIn:
            total_PlanIn:0.000891632
            num_until_goal_expanded:55
            timing_expansions:
                total_S3Exp: 0.000875458
                time_top_o: 1.4318e-05
                time_check_in_c: 1.7944e-05
                time_add_parent: 2.7555e-05
                num_neighbors: 692
                time_add_neighbors_to_o: 0.000662619
    num_windows_should_quit: 0
    time_should_quit: 8.197e-06
    time_remove_window: 0
Complete!
