Total time: 0.602229
is_optimal: true
optimality_bound: 1
successive_bounds: [1.00421, 1.00421, 1.00421, 1.00421, 1.00421, 1.00421, 1.00421, 1.00421, 1.00421, 1.00421, 1.00421, 1.00421, 1.00421, 1.00421, 1.00421, 1.00316, 1.00316, 1.00316, 1.00316, 1.00316, 1.00211, 1.00211, 1.00211, 1.00211, 1.00211, 1.00211, 1.00211, 1.00105, 1.00105, 1, 1]
successive_runtimes: [0.00628084, 0.00758726, 0.00880448, 0.00995552, 0.011144, 0.0123615, 0.0135439, 0.0147687, 0.0160272, 0.0172402, 0.0184645, 0.0198264, 0.0212731, 0.0227735, 0.0244269, 0.0270494, 0.0390173, 0.0570323, 0.0777232, 0.100338, 0.153554, 0.189091, 0.22809, 0.269417, 0.313403, 0.36062, 0.412048, 0.475324, 0.537013, 0.602229]
num_agents: 30
time_individual_plan: 0.00409305
time_first_plan: 0.00143239
num_max_agents_in_window_first_iteration: 2
num_recWAMPF: 30
timing_recWAMPF:
    total_RecWAMPF: 0.597372
    num_windows: 236
    num_max_agents_in_window: 2
    timing_gari:
        total_GARI: 0.590179
        time_path_btw_starts: 0.00106193
        Stage1:
            total_Stage1:0.411232
            time_add_x_to_o: 0.124662
            time_clear_x: 0.0530407
            timing_AStarSearchUntil:
                total_astar_search_until:0.233506
                num_values_f_less_fmax:30211
                ASU Exp:
                    total_ASUExp:0.233499
                    time_top_o:0.0226047
                    time_check_in_c:0.0194739
                    time_add_parent:0.00896208
                    num_neighbors:331419
                    time_add_neighbors_to_o:0.159364
        Stage2:
            total_Stage2:0.0547078
            num_len_path:292
            time_expanding_s:0.00022286
            timing_AStarSearchUntil:
                total_astar_search_until:0.0543709
                num_values_f_less_fmax:3246
                ASU Exp:
                    total_ASUExp:0.054365
                    time_top_o:0.00132607
                    time_check_in_c:0.000920097
                    time_add_parent:0.00116772
                    num_neighbors:86295
                    time_add_neighbors_to_o:0.0471609
        Stage3:
            total_Stage3:0.123115
            num_until_goal_expanded:1345
            timing_S3Exp:
                total_S3Exp: 0.00936232
                time_top_o: 0.000457727
                time_check_in_c: 0.000255306
                time_add_parent: 0.000561835
                num_neighbors: 9673
                time_add_neighbors_to_o: 0.00497088
    timing_PIOW_overlapping:
        total_PIOW: 5.3219e-05
        num_windows: 464
        time_check_overlap: 2.9664e-05
        num_overlapping_windows: 0
        time_merge_windows: 0
        time_remove_window: 0
        time_remove_window: 0
        timing_PlanIn:
            total_PlanIn:0
            num_until_goal_expanded:0
            timing_expansions:
                total_S3Exp: 0
                time_top_o: 0
                time_check_in_c: 0
                time_add_parent: 0
                num_neighbors: 0
                time_add_neighbors_to_o: 0
    num_new_collisions: 4
    timing_PIOW_new_collisions:
        total_PIOW: 0.000774703
        num_windows: 12
        time_check_overlap: 6.32e-07
        num_overlapping_windows: 0
        time_merge_windows: 0
        time_remove_window: 0
        time_remove_window: 2.433e-06
        timing_PlanIn:
            total_PlanIn:0.000765854
            num_until_goal_expanded:79
            timing_expansions:
                total_S3Exp: 0.000755409
                time_top_o: 1.3711e-05
                time_check_in_c: 1.6986e-05
                time_add_parent: 2.7782e-05
                num_neighbors: 901
                time_add_neighbors_to_o: 0.000533846
    num_windows_should_quit: 0
    time_should_quit: 1.1658e-05
    time_remove_window: 0
Complete!
