Total time: 0.123857
is_optimal: true
optimality_bound: 1
successive_bounds: [1.03259, 1.00296, 1.00296, 1.00296, 1.00296, 1.00296, 1.00296, 1.00296, 1.00296, 1.00296, 1.00296, 1.00296, 1.00296, 1.00296, 1, 1]
successive_runtimes: [0.00908573, 0.0277658, 0.0370822, 0.0401094, 0.0446251, 0.0498438, 0.0551134, 0.0604995, 0.0665922, 0.0736931, 0.0819351, 0.0910222, 0.101595, 0.112224, 0.123857]
num_agents: 20
time_individual_plan: 0.00516827
time_first_plan: 0.00339384
num_max_agents_in_window_first_iteration: 2
num_recWAMPF: 15
timing_recWAMPF:
    total_RecWAMPF: 0.118162
    num_windows: 29
    num_max_agents_in_window: 2
    timing_gari:
        total_GARI: 0.113511
        time_path_btw_starts: 8.0542e-05
        Stage1:
            total_Stage1:0.0824855
            time_add_x_to_o: 0.0238347
            time_clear_x: 0.00364128
            timing_AStarSearchUntil:
                total_astar_search_until:0.0550072
                num_values_f_less_fmax:17922
                ASU Exp:
                    total_ASUExp:0.0550063
                    time_top_o:0.00551252
                    time_check_in_c:0.00355557
                    time_add_parent:0.00166503
                    num_neighbors:99514
                    time_add_neighbors_to_o:0.0373266
        Stage2:
            total_Stage2:0.00364311
            num_len_path:34
            time_expanding_s:1.454e-05
            timing_AStarSearchUntil:
                total_astar_search_until:0.00361894
                num_values_f_less_fmax:314
                ASU Exp:
                    total_ASUExp:0.00361829
                    time_top_o:8.8102e-05
                    time_check_in_c:5.698e-05
                    time_add_parent:8.6113e-05
                    num_neighbors:8059
                    time_add_neighbors_to_o:0.00308169
        Stage3:
            total_Stage3:0.0272947
            num_until_goal_expanded:2928
            timing_S3Exp:
                total_S3Exp: 0.0130947
                time_top_o: 0.000895636
                time_check_in_c: 0.00054292
                time_add_parent: 0.000981632
                num_neighbors: 17689
                time_add_neighbors_to_o: 0.00731567
    timing_PIOW_overlapping:
        total_PIOW: 3.84e-07
        num_windows: 14
        time_check_overlap: 0
        num_overlapping_windows: 0
        time_merge_windows: 0
        time_remove_window: 0
        time_remove_window: 0
        timing_PlanIn:
            total_PlanIn:0
            num_until_goal_expanded:0
            timing_expansions:
                total_S3Exp: 0
                time_top_o: 0
                time_check_in_c: 0
                time_add_parent: 0
                num_neighbors: 0
                time_add_neighbors_to_o: 0
    num_new_collisions: 1
    timing_PIOW_new_collisions:
        total_PIOW: 0.00324901
        num_windows: 0
        time_check_overlap: 0
        num_overlapping_windows: 0
        time_merge_windows: 0
        time_remove_window: 0
        time_remove_window: 3.17e-07
        timing_PlanIn:
            total_PlanIn:0.00324564
            num_until_goal_expanded:298
            timing_expansions:
                total_S3Exp: 0.00324277
                time_top_o: 3.9763e-05
                time_check_in_c: 5.275e-05
                time_add_parent: 7.2786e-05
                num_neighbors: 6188
                time_add_neighbors_to_o: 0.00262343
    num_windows_should_quit: 0
    time_should_quit: 1.177e-06
    time_remove_window: 0
Complete!
