Total time: 0.0536496
is_optimal: true
optimality_bound: 1
successive_bounds: [1.00423, 1.00282, 1.00282, 1.00282, 1.00282, 1.00282, 1.00141, 1.00141, 1.00141, 1.00141, 1.00141, 1.00141, 1.00141, 1.00141, 1.00141, 1.00141, 1.00141, 1.00141, 1.00141, 1.00141, 1, 1]
successive_runtimes: [0.00452897, 0.00530533, 0.00599411, 0.00716405, 0.00886345, 0.011172, 0.0135287, 0.0147712, 0.0161036, 0.0175068, 0.0190921, 0.0208508, 0.0228875, 0.0253507, 0.0280168, 0.0313354, 0.0347434, 0.0383258, 0.0431752, 0.0472285, 0.0536496]
num_agents: 20
time_individual_plan: 0.00322752
time_first_plan: 0.00076991
num_max_agents_in_window_first_iteration: 2
num_recWAMPF: 21
timing_recWAMPF:
    total_RecWAMPF: 0.0498874
    num_windows: 164
    num_max_agents_in_window: 2
    timing_gari:
        total_GARI: 0.0469296
        time_path_btw_starts: 0.000447507
        Stage1:
            total_Stage1:0.0290572
            time_add_x_to_o: 0.00936383
            time_clear_x: 0.001472
            timing_AStarSearchUntil:
                total_astar_search_until:0.0182129
                num_values_f_less_fmax:4047
                ASU Exp:
                    total_ASUExp:0.0182091
                    time_top_o:0.00113922
                    time_check_in_c:0.000779887
                    time_add_parent:0.000729515
                    num_neighbors:36051
                    time_add_neighbors_to_o:0.013354
        Stage2:
            total_Stage2:0.00619301
            num_len_path:186
            time_expanding_s:7.5467e-05
            timing_AStarSearchUntil:
                total_astar_search_until:0.00607405
                num_values_f_less_fmax:480
                ASU Exp:
                    total_ASUExp:0.00607066
                    time_top_o:0.000123271
                    time_check_in_c:8.8812e-05
                    time_add_parent:0.000125201
                    num_neighbors:12960
                    time_add_neighbors_to_o:0.00521487
        Stage3:
            total_Stage3:0.0112085
            num_until_goal_expanded:750
            timing_S3Exp:
                total_S3Exp: 0.00431112
                time_top_o: 0.000169767
                time_check_in_c: 0.000110426
                time_add_parent: 0.000206712
                num_neighbors: 6843
                time_add_neighbors_to_o: 0.00277602
    timing_PIOW_overlapping:
        total_PIOW: 1.9927e-05
        num_windows: 320
        time_check_overlap: 1.1266e-05
        num_overlapping_windows: 0
        time_merge_windows: 0
        time_remove_window: 0
        time_remove_window: 0
        timing_PlanIn:
            total_PlanIn:0
            num_until_goal_expanded:0
            timing_expansions:
                total_S3Exp: 0
                time_top_o: 0
                time_check_in_c: 0
                time_add_parent: 0
                num_neighbors: 0
                time_add_neighbors_to_o: 0
    num_new_collisions: 4
    timing_PIOW_new_collisions:
        total_PIOW: 0.000459108
        num_windows: 12
        time_check_overlap: 4.9e-07
        num_overlapping_windows: 0
        time_merge_windows: 0
        time_remove_window: 0
        time_remove_window: 1.964e-06
        timing_PlanIn:
            total_PlanIn:0.000452902
            num_until_goal_expanded:56
            timing_expansions:
                total_S3Exp: 0.000444462
                time_top_o: 7.445e-06
                time_check_in_c: 1.0393e-05
                time_add_parent: 1.5334e-05
                num_neighbors: 615
                time_add_neighbors_to_o: 0.000296193
    num_windows_should_quit: 0
    time_should_quit: 4.602e-06
    time_remove_window: 0
Complete!
