Total time: 0.0177853
is_optimal: true
optimality_bound: 1
successive_bounds: [1.00131, 1.00066, 1.00066, 1.00066, 1.00066, 1.00066, 1.00066, 1.00066, 1.00066, 1, 1]
successive_runtimes: [0.00807224, 0.0084748, 0.00881029, 0.00915221, 0.00997068, 0.0106962, 0.0113084, 0.0118829, 0.0125338, 0.0177853]
num_agents: 20
time_individual_plan: 0.00700006
time_first_plan: 0.000411424
num_max_agents_in_window_first_iteration: 2
num_recWAMPF: 10
timing_recWAMPF:
    total_RecWAMPF: 0.0101221
    num_windows: 57
    num_max_agents_in_window: 2
    timing_gari:
        total_GARI: 0.00888682
        time_path_btw_starts: 0.000159481
        Stage1:
            total_Stage1:0.00558841
            time_add_x_to_o: 0.000769123
            time_clear_x: 9.8055e-05
            timing_AStarSearchUntil:
                total_astar_search_until:0.00471789
                num_values_f_less_fmax:364
                ASU Exp:
                    total_ASUExp:0.00471626
                    time_top_o:0.000113776
                    time_check_in_c:0.000105986
                    time_add_parent:0.000129811
                    num_neighbors:6735
                    time_add_neighbors_to_o:0.00398058
        Stage2:
            total_Stage2:0.00171064
            num_len_path:64
            time_expanding_s:2.9296e-05
            timing_AStarSearchUntil:
                total_astar_search_until:0.00166473
                num_values_f_less_fmax:112
                ASU Exp:
                    total_ASUExp:0.00166334
                    time_top_o:3.1731e-05
                    time_check_in_c:4.2253e-05
                    time_add_parent:3.7412e-05
                    num_neighbors:2704
                    time_add_neighbors_to_o:0.00140099
        Stage3:
            total_Stage3:0.00141836
            num_until_goal_expanded:61
            timing_S3Exp:
                total_S3Exp: 0.000636701
                time_top_o: 9.258e-06
                time_check_in_c: 7.156e-06
                time_add_parent: 1.2219e-05
                num_neighbors: 714
                time_add_neighbors_to_o: 0.000440576
    timing_PIOW_overlapping:
        total_PIOW: 7.031e-06
        num_windows: 81
        time_check_overlap: 3.602e-06
        num_overlapping_windows: 0
        time_merge_windows: 0
        time_remove_window: 0
        time_remove_window: 0
        timing_PlanIn:
            total_PlanIn:0
            num_until_goal_expanded:0
            timing_expansions:
                total_S3Exp: 0
                time_top_o: 0
                time_check_in_c: 0
                time_add_parent: 0
                num_neighbors: 0
                time_add_neighbors_to_o: 0
    num_new_collisions: 3
    timing_PIOW_new_collisions:
        total_PIOW: 0.000246573
        num_windows: 6
        time_check_overlap: 4.07e-07
        num_overlapping_windows: 0
        time_merge_windows: 0
        time_remove_window: 0
        time_remove_window: 1.033e-06
        timing_PlanIn:
            total_PlanIn:0.000241147
            num_until_goal_expanded:17
            timing_expansions:
                total_S3Exp: 0.000234066
                time_top_o: 3.318e-06
                time_check_in_c: 3.433e-06
                time_add_parent: 7.317e-06
                num_neighbors: 312
                time_add_neighbors_to_o: 0.000183201
    num_windows_should_quit: 0
    time_should_quit: 1.775e-06
    time_remove_window: 0
Complete!
