Total time: 0.18464
is_optimal: true
optimality_bound: 1
successive_bounds: [1.03259, 1.00296, 1.00296, 1.00296, 1.00296, 1.00296, 1.00296, 1.00296, 1.00296, 1.00296, 1.00296, 1.00296, 1.00296, 1.00296, 1, 1]
successive_runtimes: [0.0112128, 0.0352043, 0.0496449, 0.0536268, 0.0610864, 0.0690304, 0.0776395, 0.0853006, 0.0949619, 0.105959, 0.118676, 0.132499, 0.148064, 0.164034, 0.18464]
num_agents: 20
time_individual_plan: 0.0061266
time_first_plan: 0.00436313
num_max_agents_in_window_first_iteration: 2
num_recWAMPF: 15
timing_recWAMPF:
    total_RecWAMPF: 0.177784
    num_windows: 29
    num_max_agents_in_window: 2
    timing_gari:
        total_GARI: 0.172426
        time_path_btw_starts: 0.000103088
        Stage1:
            total_Stage1:0.120157
            time_add_x_to_o: 0.0352911
            time_clear_x: 0.00719065
            timing_AStarSearchUntil:
                total_astar_search_until:0.0776711
                num_values_f_less_fmax:17922
                ASU Exp:
                    total_ASUExp:0.0776696
                    time_top_o:0.00940927
                    time_check_in_c:0.00600345
                    time_add_parent:0.00259398
                    num_neighbors:99514
                    time_add_neighbors_to_o:0.0497331
        Stage2:
            total_Stage2:0.00471888
            num_len_path:34
            time_expanding_s:2.3053e-05
            timing_AStarSearchUntil:
                total_astar_search_until:0.00467758
                num_values_f_less_fmax:314
                ASU Exp:
                    total_ASUExp:0.00467678
                    time_top_o:0.000112831
                    time_check_in_c:7.1963e-05
                    time_add_parent:0.000127819
                    num_neighbors:8059
                    time_add_neighbors_to_o:0.00401646
        Stage3:
            total_Stage3:0.0474365
            num_until_goal_expanded:2928
            timing_S3Exp:
                total_S3Exp: 0.0193948
                time_top_o: 0.00147503
                time_check_in_c: 0.000920709
                time_add_parent: 0.00157084
                num_neighbors: 17689
                time_add_neighbors_to_o: 0.0104274
    timing_PIOW_overlapping:
        total_PIOW: 2.006e-06
        num_windows: 14
        time_check_overlap: 0
        num_overlapping_windows: 0
        time_merge_windows: 0
        time_remove_window: 0
        time_remove_window: 0
        timing_PlanIn:
            total_PlanIn:0
            num_until_goal_expanded:0
            timing_expansions:
                total_S3Exp: 0
                time_top_o: 0
                time_check_in_c: 0
                time_add_parent: 0
                num_neighbors: 0
                time_add_neighbors_to_o: 0
    num_new_collisions: 1
    timing_PIOW_new_collisions:
        total_PIOW: 0.004226
        num_windows: 0
        time_check_overlap: 0
        num_overlapping_windows: 0
        time_merge_windows: 0
        time_remove_window: 0
        time_remove_window: 3.99e-07
        timing_PlanIn:
            total_PlanIn:0.0042223
            num_until_goal_expanded:298
            timing_expansions:
                total_S3Exp: 0.00421858
                time_top_o: 5.0042e-05
                time_check_in_c: 5.9176e-05
                time_add_parent: 8.7214e-05
                num_neighbors: 6188
                time_add_neighbors_to_o: 0.00342494
    num_windows_should_quit: 0
    time_should_quit: 1.774e-06
    time_remove_window: 0
Complete!
