Total time: 4.89076
is_optimal: false
optimality_bound: 1.00481
successive_bounds: [1.00734, 1.00709, 1.00658, 1.00658, 1.00658, 1.00608, 1.00481]
successive_runtimes: [0.0217118, 0.0322141, 0.0533771, 0.0952768, 0.156285, 0.216014, 4.89076]
num_agents: 60
time_individual_plan: 0.00947169
time_first_plan: 0.0115586
num_max_agents_in_window_first_iteration: 3
num_recWAMPF: 7
timing_recWAMPF:
    total_RecWAMPF: 4.8806
    num_windows: 87
    num_max_agents_in_window: 6
    timing_gari:
        total_GARI: 0.214137
        time_path_btw_starts: 0.000321964
        Stage1:
            total_Stage1:0.0927427
            time_add_x_to_o: 0.0407489
            time_clear_x: 0.00989448
            timing_AStarSearchUntil:
                total_astar_search_until:0.0420927
                num_values_f_less_fmax:137
                ASU Exp:
                    total_ASUExp:0.0420898
                    time_top_o:0.000235043
                    time_check_in_c:0.00432721
                    time_add_parent:8.2572e-05
                    num_neighbors:45625
                    time_add_neighbors_to_o:0.0360131
        Stage2:
            total_Stage2:0.0169322
            num_len_path:90
            time_expanding_s:9.221e-05
            timing_AStarSearchUntil:
                total_astar_search_until:0.0167939
                num_values_f_less_fmax:216
                ASU Exp:
                    total_ASUExp:0.0167919
                    time_top_o:0.000115013
                    time_check_in_c:5.6255e-05
                    time_add_parent:9.2486e-05
                    num_neighbors:23405
                    time_add_neighbors_to_o:0.0161359
        Stage3:
            total_Stage3:0.0490716
            num_until_goal_expanded:325
            timing_S3Exp:
                total_S3Exp: 0.0228081
                time_top_o: 0.000160486
                time_check_in_c: 8.8718e-05
                time_add_parent: 0.000155804
                num_neighbors: 24857
                time_add_neighbors_to_o: 0.021401
    timing_PIOW_overlapping:
        total_PIOW: 0.299573
        num_windows: 380
        time_check_overlap: 1.8746e-05
        num_overlapping_windows: 10
        time_merge_windows: 1.3643e-05
        time_remove_window: 2.731e-06
        time_remove_window: 1.3039e-05
        timing_PlanIn:
            total_PlanIn:0.299507
            num_until_goal_expanded:543
            timing_expansions:
                total_S3Exp: 0.29948
                time_top_o: 0.000199876
                time_check_in_c: 0.000157894
                time_add_parent: 0.000237391
                num_neighbors: 406008
                time_add_neighbors_to_o: 0.284861
    num_new_collisions: 18
    timing_PIOW_new_collisions:
        total_PIOW: 4.35472
        num_windows: 252
        time_check_overlap: 1.2059e-05
        num_overlapping_windows: 3
        time_merge_windows: 0
        time_remove_window: 0.649328
        time_remove_window: 1.2231e-05
        timing_PlanIn:
            total_PlanIn:4.35465
            num_until_goal_expanded:726
            timing_expansions:
                total_S3Exp: 4.3546
                time_top_o: 0.000713827
                time_check_in_c: 0.000377123
                time_add_parent: 0.000525238
                num_neighbors: 5644147
                time_add_neighbors_to_o: 4.16974
    num_windows_should_quit: 0
    time_should_quit: 1.0869e-05
    time_remove_window: 0
Complete!
