Total time: 1.4229
is_optimal: false
optimality_bound: 1.0029
successive_bounds: [1.00396, 1.00396, 1.00396, 1.00343, 1.00343, 1.00343, 1.00343, 1.00343, 1.00343, 1.0029]
successive_runtimes: [0.0171688, 0.034055, 0.0545218, 0.0708981, 0.0831422, 0.0961383, 0.111884, 0.131456, 0.153917, 1.4229]
num_agents: 60
time_individual_plan: 0.00650996
time_first_plan: 0.0101321
num_max_agents_in_window_first_iteration: 3
num_recWAMPF: 10
timing_recWAMPF:
    total_RecWAMPF: 1.41586
    num_windows: 131
    num_max_agents_in_window: 4
    timing_gari:
        total_GARI: 0.153857
        time_path_btw_starts: 0.000642924
        Stage1:
            total_Stage1:0.0790419
            time_add_x_to_o: 0.0309572
            time_clear_x: 0.00584404
            timing_AStarSearchUntil:
                total_astar_search_until:0.0422327
                num_values_f_less_fmax:5027
                ASU Exp:
                    total_ASUExp:0.0422299
                    time_top_o:0.00177428
                    time_check_in_c:0.000869167
                    time_add_parent:0.000984818
                    num_neighbors:91238
                    time_add_neighbors_to_o:0.0360166
        Stage2:
            total_Stage2:0.00616063
            num_len_path:109
            time_expanding_s:4.9089e-05
            timing_AStarSearchUntil:
                total_astar_search_until:0.00606702
                num_values_f_less_fmax:183
                ASU Exp:
                    total_ASUExp:0.00606439
                    time_top_o:5.2844e-05
                    time_check_in_c:3.5693e-05
                    time_add_parent:7.6807e-05
                    num_neighbors:14455
                    time_add_neighbors_to_o:0.00564783
        Stage3:
            total_Stage3:0.0676666
            num_until_goal_expanded:3411
            timing_S3Exp:
                total_S3Exp: 0.0493885
                time_top_o: 0.0011333
                time_check_in_c: 0.000520626
                time_add_parent: 0.00118459
                num_neighbors: 106625
                time_add_neighbors_to_o: 0.0426287
    timing_PIOW_overlapping:
        total_PIOW: 1.24308
        num_windows: 440
        time_check_overlap: 1.5977e-05
        num_overlapping_windows: 1
        time_merge_windows: 2.482e-06
        time_remove_window: 4.17e-07
        time_remove_window: 2.428e-06
        timing_PlanIn:
            total_PlanIn:1.24305
            num_until_goal_expanded:3569
            timing_expansions:
                total_S3Exp: 1.24304
                time_top_o: 0.00305661
                time_check_in_c: 0.00137846
                time_add_parent: 0.00184229
                num_neighbors: 2446105
                time_add_neighbors_to_o: 1.1693
    num_new_collisions: 9
    timing_PIOW_new_collisions:
        total_PIOW: 0.00624559
        num_windows: 73
        time_check_overlap: 1.97e-06
        num_overlapping_windows: 2
        time_merge_windows: 0
        time_remove_window: 0.0221987
        time_remove_window: 6.078e-06
        timing_PlanIn:
            total_PlanIn:0.00622696
            num_until_goal_expanded:209
            timing_expansions:
                total_S3Exp: 0.00620696
                time_top_o: 5.0425e-05
                time_check_in_c: 3.8223e-05
                time_add_parent: 5.8054e-05
                num_neighbors: 10545
                time_add_neighbors_to_o: 0.00550615
    num_windows_should_quit: 0
    time_should_quit: 8.708e-06
    time_remove_window: 0
Complete!
