Total time: 0.122278
is_optimal: true
optimality_bound: 1
successive_bounds: [1.00332, 1.00332, 1.00332, 1.00332, 1.00237, 1.00237, 1.00237, 1.00237, 1.00237, 1.00237, 1.00237, 1.00237, 1.00237, 1.00237, 1.00142, 1.00142, 1.00142, 1.00095, 1.00095, 1.00095, 1.00095, 1.00095, 1.00095, 1.00095, 1.00095, 1.00095, 1.00095, 1.00095, 1, 1]
successive_runtimes: [0.00521168, 0.00595982, 0.0066942, 0.0075076, 0.00860784, 0.0105706, 0.0126783, 0.0159222, 0.0184893, 0.0203304, 0.0222577, 0.0241581, 0.0261042, 0.02806, 0.0381539, 0.0465414, 0.0498331, 0.0532205, 0.0564475, 0.059719, 0.0631046, 0.0668797, 0.0711168, 0.0760781, 0.0811529, 0.0866969, 0.0929205, 0.0994049, 0.122278]
num_agents: 30
time_individual_plan: 0.00380139
time_first_plan: 0.000889683
num_max_agents_in_window_first_iteration: 2
num_recWAMPF: 29
timing_recWAMPF:
    total_RecWAMPF: 0.117951
    num_windows: 198
    num_max_agents_in_window: 3
    timing_gari:
        total_GARI: 0.0908347
        time_path_btw_starts: 0.000591038
        Stage1:
            total_Stage1:0.0417616
            time_add_x_to_o: 0.0174516
            time_clear_x: 0.00252231
            timing_AStarSearchUntil:
                total_astar_search_until:0.0217769
                num_values_f_less_fmax:5000
                ASU Exp:
                    total_ASUExp:0.0217717
                    time_top_o:0.00152955
                    time_check_in_c:0.000905042
                    time_add_parent:0.000906504
                    num_neighbors:42814
                    time_add_neighbors_to_o:0.0160051
        Stage2:
            total_Stage2:0.00812186
            num_len_path:160
            time_expanding_s:0.000172888
            timing_AStarSearchUntil:
                total_astar_search_until:0.0078904
                num_values_f_less_fmax:581
                ASU Exp:
                    total_ASUExp:0.00788622
                    time_top_o:0.000153126
                    time_check_in_c:0.000116932
                    time_add_parent:0.00015822
                    num_neighbors:17608
                    time_add_neighbors_to_o:0.00684401
        Stage3:
            total_Stage3:0.0399762
            num_until_goal_expanded:1958
            timing_S3Exp:
                total_S3Exp: 0.0163558
                time_top_o: 0.000490874
                time_check_in_c: 0.000296449
                time_add_parent: 0.000546357
                num_neighbors: 24837
                time_add_neighbors_to_o: 0.0120035
    timing_PIOW_overlapping:
        total_PIOW: 0.00839192
        num_windows: 348
        time_check_overlap: 1.2905e-05
        num_overlapping_windows: 1
        time_merge_windows: 1.173e-06
        time_remove_window: 1.61e-07
        time_remove_window: 1.116e-06
        timing_PlanIn:
            total_PlanIn:0.00836621
            num_until_goal_expanded:136
            timing_expansions:
                total_S3Exp: 0.008364
                time_top_o: 3.2809e-05
                time_check_in_c: 2.4187e-05
                time_add_parent: 3.643e-05
                num_neighbors: 13364
                time_add_neighbors_to_o: 0.00773524
    num_new_collisions: 5
    timing_PIOW_new_collisions:
        total_PIOW: 0.0122007
        num_windows: 19
        time_check_overlap: 1.059e-06
        num_overlapping_windows: 1
        time_merge_windows: 0
        time_remove_window: 0.111807
        time_remove_window: 1.351e-06
        timing_PlanIn:
            total_PlanIn:0.0121909
            num_until_goal_expanded:265
            timing_expansions:
                total_S3Exp: 0.012179
                time_top_o: 6.6614e-05
                time_check_in_c: 4.4142e-05
                time_add_parent: 7.1666e-05
                num_neighbors: 19994
                time_add_neighbors_to_o: 0.0111073
    num_windows_should_quit: 0
    time_should_quit: 8.874e-06
    time_remove_window: 0
Complete!
