Total time: 0.1587
is_optimal: true
optimality_bound: 1
successive_bounds: [1.0034, 1.00243, 1.00049, 1.00049, 1.00049, 1.00049, 1.00049, 1.00049, 1.00049, 1.00049, 1.00049, 1.00049, 1.00049, 1.00049, 1.00049, 1.00049, 1.00049, 1.00049, 1.00049, 1.00049, 1.00049, 1.00049, 1.00049, 1, 1]
successive_runtimes: [0.00934134, 0.0109147, 0.0122707, 0.0128158, 0.0134652, 0.0139717, 0.0144568, 0.014941, 0.015381, 0.0158754, 0.0163464, 0.0168274, 0.0173336, 0.0178473, 0.0183446, 0.0188239, 0.0193348, 0.0198495, 0.0203669, 0.0208889, 0.0538608, 0.0578754, 0.139312, 0.1587]
num_agents: 30
time_individual_plan: 0.00745445
time_first_plan: 0.00115401
num_max_agents_in_window_first_iteration: 2
num_recWAMPF: 24
timing_recWAMPF:
    total_RecWAMPF: 0.150507
    num_windows: 141
    num_max_agents_in_window: 3
    timing_gari:
        total_GARI: 0.112971
        time_path_btw_starts: 0.00035312
        Stage1:
            total_Stage1:0.00286658
            time_add_x_to_o: 0.00178964
            time_clear_x: 0.000241106
            timing_AStarSearchUntil:
                total_astar_search_until:0.000827402
                num_values_f_less_fmax:260
                ASU Exp:
                    total_ASUExp:0.000823738
                    time_top_o:6.6046e-05
                    time_check_in_c:4.0628e-05
                    time_add_parent:3.1179e-05
                    num_neighbors:1023
                    time_add_neighbors_to_o:0.000489476
        Stage2:
            total_Stage2:0.00224524
            num_len_path:131
            time_expanding_s:7.656e-05
            timing_AStarSearchUntil:
                total_astar_search_until:0.00212405
                num_values_f_less_fmax:157
                ASU Exp:
                    total_ASUExp:0.00212054
                    time_top_o:5.2191e-05
                    time_check_in_c:3.5983e-05
                    time_add_parent:6.2813e-05
                    num_neighbors:3866
                    time_add_neighbors_to_o:0.0017221
        Stage3:
            total_Stage3:0.107481
            num_until_goal_expanded:1331
            timing_S3Exp:
                total_S3Exp: 0.0806361
                time_top_o: 0.000807869
                time_check_in_c: 0.000312961
                time_add_parent: 0.000717768
                num_neighbors: 107160
                time_add_neighbors_to_o: 0.0760856
    timing_PIOW_overlapping:
        total_PIOW: 2.0077e-05
        num_windows: 207
        time_check_overlap: 1.0638e-05
        num_overlapping_windows: 0
        time_merge_windows: 0
        time_remove_window: 0
        time_remove_window: 0
        timing_PlanIn:
            total_PlanIn:0
            num_until_goal_expanded:0
            timing_expansions:
                total_S3Exp: 0
                time_top_o: 0
                time_check_in_c: 0
                time_add_parent: 0
                num_neighbors: 0
                time_add_neighbors_to_o: 0
    num_new_collisions: 4
    timing_PIOW_new_collisions:
        total_PIOW: 0.0328959
        num_windows: 11
        time_check_overlap: 9.57e-07
        num_overlapping_windows: 1
        time_merge_windows: 0
        time_remove_window: 0.0226502
        time_remove_window: 1.39e-06
        timing_PlanIn:
            total_PlanIn:0.0328849
            num_until_goal_expanded:641
            timing_expansions:
                total_S3Exp: 0.0328748
                time_top_o: 0.000317913
                time_check_in_c: 0.000133149
                time_add_parent: 0.000210715
                num_neighbors: 52828
                time_add_neighbors_to_o: 0.0295018
    num_windows_should_quit: 0
    time_should_quit: 6.55e-06
    time_remove_window: 0
Complete!
