Total time: 7.24283
is_optimal: false
optimality_bound: 1.00372
successive_bounds: [1.00769, 1.0062, 1.00571, 1.00546, 1.00447, 1.00447, 1.00422, 1.00422, 1.00372]
successive_runtimes: [0.0407229, 0.0932451, 0.149975, 0.399831, 0.731038, 0.979767, 1.15039, 1.42406, 7.24283]
num_agents: 60
time_individual_plan: 0.0235833
time_first_plan: 0.0159178
num_max_agents_in_window_first_iteration: 3
num_recWAMPF: 9
timing_recWAMPF:
    total_RecWAMPF: 7.21802
    num_windows: 227
    num_max_agents_in_window: 5
    timing_gari:
        total_GARI: 1.26643
        time_path_btw_starts: 0.0159367
        Stage1:
            total_Stage1:0.699489
            time_add_x_to_o: 0.32388
            time_clear_x: 0.0850751
            timing_AStarSearchUntil:
                total_astar_search_until:0.290512
                num_values_f_less_fmax:11238
                ASU Exp:
                    total_ASUExp:0.290503
                    time_top_o:0.00961362
                    time_check_in_c:0.0241054
                    time_add_parent:0.00353621
                    num_neighbors:387786
                    time_add_neighbors_to_o:0.235392
        Stage2:
            total_Stage2:0.153485
            num_len_path:201
            time_expanding_s:0.000158249
            timing_AStarSearchUntil:
                total_astar_search_until:0.153183
                num_values_f_less_fmax:841
                ASU Exp:
                    total_ASUExp:0.153177
                    time_top_o:0.00068647
                    time_check_in_c:0.000401474
                    time_add_parent:0.000543225
                    num_neighbors:226007
                    time_add_neighbors_to_o:0.149227
        Stage3:
            total_Stage3:0.397312
            num_until_goal_expanded:3517
            timing_S3Exp:
                total_S3Exp: 0.0599789
                time_top_o: 0.00165157
                time_check_in_c: 0.000691323
                time_add_parent: 0.00184896
                num_neighbors: 81137
                time_add_neighbors_to_o: 0.0500713
    timing_PIOW_overlapping:
        total_PIOW: 5.92876
        num_windows: 1546
        time_check_overlap: 7.7248e-05
        num_overlapping_windows: 7
        time_merge_windows: 1.6621e-05
        time_remove_window: 3.322e-06
        time_remove_window: 1.5981e-05
        timing_PlanIn:
            total_PlanIn:5.92857
            num_until_goal_expanded:3490
            timing_expansions:
                total_S3Exp: 5.92854
                time_top_o: 0.00769947
                time_check_in_c: 0.00216605
                time_add_parent: 0.00284768
                num_neighbors: 7453054
                time_add_neighbors_to_o: 5.65325
    num_new_collisions: 19
    timing_PIOW_new_collisions:
        total_PIOW: 0.0103148
        num_windows: 326
        time_check_overlap: 1.6001e-05
        num_overlapping_windows: 1
        time_merge_windows: 0
        time_remove_window: 0.0285615
        time_remove_window: 2.0874e-05
        timing_PlanIn:
            total_PlanIn:0.010231
            num_until_goal_expanded:398
            timing_expansions:
                total_S3Exp: 0.0101756
                time_top_o: 0.000105014
                time_check_in_c: 0.000116277
                time_add_parent: 0.000181708
                num_neighbors: 10745
                time_add_neighbors_to_o: 0.00844679
    num_windows_should_quit: 0
    time_should_quit: 2.5563e-05
    time_remove_window: 0
Complete!
