Total time: 0.095914
is_optimal: true
optimality_bound: 1
successive_bounds: [1.00032, 1.00032, 1.00032, 1.00032, 1.00032, 1.00032, 1.00032, 1.00032, 1.00032, 1.00032, 1.00032, 1.00032, 1.00032, 1.00032, 1.00032, 1.00032, 1.00032, 1.00032, 1.00032, 1.00032, 1.00032, 1.00032, 1.00032, 1.00032, 1.00032, 1.00032, 1.00032, 1.00032, 1.00032, 1.00032, 1.00032, 1.00032, 1.00032, 1.00032, 1.00032, 1.00032, 1.00032, 1.00032, 1, 1]
successive_runtimes: [0.0169527, 0.0175832, 0.0182233, 0.0188183, 0.0194287, 0.0200461, 0.020642, 0.0212585, 0.0225556, 0.0232507, 0.0292468, 0.0307144, 0.032267, 0.0338349, 0.0354493, 0.0371873, 0.0387749, 0.0404051, 0.0421008, 0.0438206, 0.0454428, 0.0470925, 0.0487702, 0.0503133, 0.0519674, 0.057581, 0.0597794, 0.062102, 0.0640695, 0.0660508, 0.0680308, 0.0703966, 0.0746123, 0.0762776, 0.0799631, 0.0832457, 0.0868076, 0.0904608, 0.095914]
num_agents: 40
time_individual_plan: 0.0154003
time_first_plan: 0.000768247
num_max_agents_in_window_first_iteration: 2
num_recWAMPF: 39
timing_recWAMPF:
    total_RecWAMPF: 0.0797204
    num_windows: 77
    num_max_agents_in_window: 2
    timing_gari:
        total_GARI: 0.0607759
        time_path_btw_starts: 0.000299557
        Stage1:
            total_Stage1:0.00969823
            time_add_x_to_o: 0.00371444
            time_clear_x: 0.00035137
            timing_AStarSearchUntil:
                total_astar_search_until:0.005626
                num_values_f_less_fmax:409
                ASU Exp:
                    total_ASUExp:0.0056233
                    time_top_o:0.00016769
                    time_check_in_c:0.000217644
                    time_add_parent:0.000217357
                    num_neighbors:7836
                    time_add_neighbors_to_o:0.00436472
        Stage2:
            total_Stage2:0.0173057
            num_len_path:78
            time_expanding_s:4.5981e-05
            timing_AStarSearchUntil:
                total_astar_search_until:0.0172285
                num_values_f_less_fmax:1049
                ASU Exp:
                    total_ASUExp:0.0172261
                    time_top_o:0.000391683
                    time_check_in_c:0.000301926
                    time_add_parent:0.000712151
                    num_neighbors:22112
                    time_add_neighbors_to_o:0.0138718
        Stage3:
            total_Stage3:0.0334478
            num_until_goal_expanded:753
            timing_S3Exp:
                total_S3Exp: 0.0132237
                time_top_o: 0.00034065
                time_check_in_c: 0.000218002
                time_add_parent: 0.000451092
                num_neighbors: 14686
                time_add_neighbors_to_o: 0.0102828
    timing_PIOW_overlapping:
        total_PIOW: 1.605e-06
        num_windows: 38
        time_check_overlap: 0
        num_overlapping_windows: 0
        time_merge_windows: 0
        time_remove_window: 0
        time_remove_window: 0
        timing_PlanIn:
            total_PlanIn:0
            num_until_goal_expanded:0
            timing_expansions:
                total_S3Exp: 0
                time_top_o: 0
                time_check_in_c: 0
                time_add_parent: 0
                num_neighbors: 0
                time_add_neighbors_to_o: 0
    num_new_collisions: 1
    timing_PIOW_new_collisions:
        total_PIOW: 9.4806e-05
        num_windows: 0
        time_check_overlap: 0
        num_overlapping_windows: 0
        time_merge_windows: 0
        time_remove_window: 0
        time_remove_window: 4.93e-07
        timing_PlanIn:
            total_PlanIn:9.2448e-05
            num_until_goal_expanded:5
            timing_expansions:
                total_S3Exp: 8.8242e-05
                time_top_o: 1.389e-06
                time_check_in_c: 2.547e-06
                time_add_parent: 3.554e-06
                num_neighbors: 80
                time_add_neighbors_to_o: 6.4377e-05
    num_windows_should_quit: 0
    time_should_quit: 3.521e-06
    time_remove_window: 0
Complete!
