Total time: 1.81325
is_optimal: true
optimality_bound: 1
successive_bounds: [1.00344, 1.00344, 1.00344, 1.00344, 1.00268, 1.00268, 1.0023, 1.00191, 1.00191, 1.00115, 1.00115, 1.00115, 1.00115, 1.00115, 1, 1]
successive_runtimes: [0.0307285, 0.0339174, 0.0380948, 0.0418696, 0.0460964, 0.0516858, 0.0783229, 0.107937, 0.124296, 0.140409, 0.286082, 0.455949, 0.612753, 0.965436, 1.81325]
num_agents: 40
time_individual_plan: 0.0251301
time_first_plan: 0.00418325
num_max_agents_in_window_first_iteration: 2
num_recWAMPF: 15
timing_recWAMPF:
    total_RecWAMPF: 1.7867
    num_windows: 148
    num_max_agents_in_window: 3
    timing_gari:
        total_GARI: 1.73479
        time_path_btw_starts: 0.000983201
        Stage1:
            total_Stage1:0.282512
            time_add_x_to_o: 0.00461681
            time_clear_x: 0.00112876
            timing_AStarSearchUntil:
                total_astar_search_until:0.259776
                num_values_f_less_fmax:1071
                ASU Exp:
                    total_ASUExp:0.259769
                    time_top_o:0.000991332
                    time_check_in_c:0.000597427
                    time_add_parent:0
                    num_neighbors:0
                    time_add_neighbors_to_o:0
        Stage2:
            total_Stage2:1.28062
            num_len_path:163
            time_expanding_s:0.000371047
            timing_AStarSearchUntil:
                total_astar_search_until:1.27043
                num_values_f_less_fmax:4826
                ASU Exp:
                    total_ASUExp:1.27042
                    time_top_o:0.00524915
                    time_check_in_c:0.00161648
                    time_add_parent:0.00469351
                    num_neighbors:188023
                    time_add_neighbors_to_o:0.129772
        Stage3:
            total_Stage3:0.164034
            num_until_goal_expanded:2864
            timing_S3Exp:
                total_S3Exp: 0.0814278
                time_top_o: 0.00197324
                time_check_in_c: 0.000804966
                time_add_parent: 0.00201119
                num_neighbors: 97292
                time_add_neighbors_to_o: 0.0669566
    timing_PIOW_overlapping:
        total_PIOW: 0.0103019
        num_windows: 384
        time_check_overlap: 2.8986e-05
        num_overlapping_windows: 2
        time_merge_windows: 3.809e-06
        time_remove_window: 2.99e-07
        time_remove_window: 3.637e-06
        timing_PlanIn:
            total_PlanIn:0.0101614
            num_until_goal_expanded:405
            timing_expansions:
                total_S3Exp: 0.0101518
                time_top_o: 0.000215214
                time_check_in_c: 0.000132924
                time_add_parent: 0.000367152
                num_neighbors: 7871
                time_add_neighbors_to_o: 0.00768717
    num_new_collisions: 8
    timing_PIOW_new_collisions:
        total_PIOW: 0.0280465
        num_windows: 26
        time_check_overlap: 2.673e-06
        num_overlapping_windows: 2
        time_merge_windows: 3.135e-06
        time_remove_window: 3.04e-07
        time_remove_window: 2.568e-06
        timing_PlanIn:
            total_PlanIn:0.0278224
            num_until_goal_expanded:845
            timing_expansions:
                total_S3Exp: 0.0277781
                time_top_o: 0.000372937
                time_check_in_c: 0.000240201
                time_add_parent: 0.000663493
                num_neighbors: 25383
                time_add_neighbors_to_o: 0.0225863
    num_windows_should_quit: 0
    time_should_quit: 4.479e-06
    time_remove_window: 0
Complete!
