Total time: 0.334055
is_optimal: false
optimality_bound: 1.00197
successive_bounds: [1.00295, 1.00295, 1.00295, 1.00295, 1.00295, 1.00295, 1.00197]
successive_runtimes: [0.0235197, 0.0307134, 0.038669, 0.0470586, 0.0576618, 0.0681556, 0.334055]
num_agents: 30
time_individual_plan: 0.00344597
time_first_plan: 0.0195423
num_max_agents_in_window_first_iteration: 3
num_recWAMPF: 7
timing_recWAMPF:
    total_RecWAMPF: 0.330075
    num_windows: 37
    num_max_agents_in_window: 4
    timing_gari:
        total_GARI: 0.0439218
        time_path_btw_starts: 0.000103097
        Stage1:
            total_Stage1:0.0269008
            time_add_x_to_o: 0.00775137
            time_clear_x: 0.00081252
            timing_AStarSearchUntil:
                total_astar_search_until:0.0183338
                num_values_f_less_fmax:434
                ASU Exp:
                    total_ASUExp:0.0183328
                    time_top_o:0.000189672
                    time_check_in_c:7.4553e-05
                    time_add_parent:0.000327981
                    num_neighbors:38050
                    time_add_neighbors_to_o:0.0170797
        Stage2:
            total_Stage2:0.00195408
            num_len_path:36
            time_expanding_s:1.7192e-05
            timing_AStarSearchUntil:
                total_astar_search_until:0.00192303
                num_values_f_less_fmax:71
                ASU Exp:
                    total_ASUExp:0.00192222
                    time_top_o:1.9863e-05
                    time_check_in_c:1.4054e-05
                    time_add_parent:2.5497e-05
                    num_neighbors:4043
                    time_add_neighbors_to_o:0.00177268
        Stage3:
            total_Stage3:0.0149561
            num_until_goal_expanded:58
            timing_S3Exp:
                total_S3Exp: 0.00112486
                time_top_o: 1.5514e-05
                time_check_in_c: 8.471e-06
                time_add_parent: 1.6553e-05
                num_neighbors: 1409
                time_add_neighbors_to_o: 0.000910603
    timing_PIOW_overlapping:
        total_PIOW: 0.2653
        num_windows: 52
        time_check_overlap: 1.977e-06
        num_overlapping_windows: 1
        time_merge_windows: 2.67e-06
        time_remove_window: 4.36e-07
        time_remove_window: 2.619e-06
        timing_PlanIn:
            total_PlanIn:0.265289
            num_until_goal_expanded:1359
            timing_expansions:
                total_S3Exp: 0.265287
                time_top_o: 0.00141193
                time_check_in_c: 0.000339762
                time_add_parent: 0.000530087
                num_neighbors: 440815
                time_add_neighbors_to_o: 0.249422
    num_new_collisions: 4
    timing_PIOW_new_collisions:
        total_PIOW: 0.0190625
        num_windows: 13
        time_check_overlap: 6e-07
        num_overlapping_windows: 1
        time_merge_windows: 0
        time_remove_window: 0.00456459
        time_remove_window: 1.2e-06
        timing_PlanIn:
            total_PlanIn:0.0190544
            num_until_goal_expanded:292
            timing_expansions:
                total_S3Exp: 0.0190398
                time_top_o: 0.000103245
                time_check_in_c: 5.005e-05
                time_add_parent: 8.1555e-05
                num_neighbors: 33729
                time_add_neighbors_to_o: 0.0175328
    num_windows_should_quit: 0
    time_should_quit: 2.112e-06
    time_remove_window: 0
Complete!
