Total time: 0.0129613
is_optimal: true
optimality_bound: 1
successive_bounds: [1.00163, 1.00163, 1.00163, 1.00163, 1.00054, 1.00054, 1.00054, 1.00054, 1.00054, 1.00054, 1, 1]
successive_runtimes: [0.00605633, 0.00640404, 0.0067865, 0.00714563, 0.0077313, 0.00830304, 0.00876881, 0.00932289, 0.00999678, 0.0105514, 0.0129612]
num_agents: 30
time_individual_plan: 0.00504488
time_first_plan: 0.000481484
num_max_agents_in_window_first_iteration: 2
num_recWAMPF: 11
timing_recWAMPF:
    total_RecWAMPF: 0.00738454
    num_windows: 42
    num_max_agents_in_window: 2
    timing_gari:
        total_GARI: 0.00500521
        time_path_btw_starts: 8.5533e-05
        Stage1:
            total_Stage1:0.000444023
            time_add_x_to_o: 0.000375683
            time_clear_x: 3.8908e-05
            timing_AStarSearchUntil:
                total_astar_search_until:2.7324e-05
                num_values_f_less_fmax:6
                ASU Exp:
                    total_ASUExp:2.6411e-05
                    time_top_o:1.577e-06
                    time_check_in_c:8.01e-07
                    time_add_parent:5.37e-07
                    num_neighbors:45
                    time_add_neighbors_to_o:1.8696e-05
        Stage2:
            total_Stage2:0.00309302
            num_len_path:50
            time_expanding_s:2.0333e-05
            timing_AStarSearchUntil:
                total_astar_search_until:0.0030625
                num_values_f_less_fmax:249
                ASU Exp:
                    total_ASUExp:0.00306169
                    time_top_o:5.5938e-05
                    time_check_in_c:4.7986e-05
                    time_add_parent:6.8391e-05
                    num_neighbors:5698
                    time_add_neighbors_to_o:0.00261332
        Stage3:
            total_Stage3:0.0013772
            num_until_goal_expanded:82
            timing_S3Exp:
                total_S3Exp: 0.000813811
                time_top_o: 1.4047e-05
                time_check_in_c: 1.0392e-05
                time_add_parent: 1.6985e-05
                num_neighbors: 1269
                time_add_neighbors_to_o: 0.000635712
    timing_PIOW_overlapping:
        total_PIOW: 2.439e-06
        num_windows: 40
        time_check_overlap: 1.143e-06
        num_overlapping_windows: 0
        time_merge_windows: 0
        time_remove_window: 0
        time_remove_window: 0
        timing_PlanIn:
            total_PlanIn:0
            num_until_goal_expanded:0
            timing_expansions:
                total_S3Exp: 0
                time_top_o: 0
                time_check_in_c: 0
                time_add_parent: 0
                num_neighbors: 0
                time_add_neighbors_to_o: 0
    num_new_collisions: 2
    timing_PIOW_new_collisions:
        total_PIOW: 0.000218683
        num_windows: 2
        time_check_overlap: 1.88e-07
        num_overlapping_windows: 0
        time_merge_windows: 0
        time_remove_window: 0
        time_remove_window: 6.21e-07
        timing_PlanIn:
            total_PlanIn:0.000215645
            num_until_goal_expanded:13
            timing_expansions:
                total_S3Exp: 0.000211353
                time_top_o: 2.422e-06
                time_check_in_c: 2.571e-06
                time_add_parent: 4.211e-06
                num_neighbors: 244
                time_add_neighbors_to_o: 0.00015275
    num_windows_should_quit: 0
    time_should_quit: 9.06e-07
    time_remove_window: 0
Complete!
