Total time: 0.00967154
is_optimal: true
optimality_bound: 1
successive_bounds: [1.00143, 1.00143, 1.00143, 1.00143, 1.00143, 1.00143, 1.00143, 1.00143, 1.00143, 1.00143, 1.00143, 1.00143, 1.00143, 1.00143, 1.00143, 1, 1]
successive_runtimes: [0.00466191, 0.0050116, 0.00550561, 0.00599455, 0.00628175, 0.00656406, 0.00683387, 0.00711367, 0.00737772, 0.00764947, 0.0079155, 0.00821882, 0.00856106, 0.00892863, 0.00931631, 0.00967152]
num_agents: 20
time_individual_plan: 0.00380394
time_first_plan: 0.000226945
num_max_agents_in_window_first_iteration: 2
num_recWAMPF: 16
timing_recWAMPF:
    total_RecWAMPF: 0.00523339
    num_windows: 31
    num_max_agents_in_window: 2
    timing_gari:
        total_GARI: 0.00361817
        time_path_btw_starts: 6.8748e-05
        Stage1:
            total_Stage1:0.00134361
            time_add_x_to_o: 0.000795646
            time_clear_x: 0.000119048
            timing_AStarSearchUntil:
                total_astar_search_until:0.000426778
                num_values_f_less_fmax:167
                ASU Exp:
                    total_ASUExp:0.000425877
                    time_top_o:6.0067e-05
                    time_check_in_c:2.4752e-05
                    time_add_parent:1.201e-05
                    num_neighbors:606
                    time_add_neighbors_to_o:0.000264376
        Stage2:
            total_Stage2:0.000758801
            num_len_path:30
            time_expanding_s:3.9526e-05
            timing_AStarSearchUntil:
                total_astar_search_until:0.000708282
                num_values_f_less_fmax:45
                ASU Exp:
                    total_ASUExp:0.000707488
                    time_top_o:2.4526e-05
                    time_check_in_c:1.4086e-05
                    time_add_parent:2.0328e-05
                    num_neighbors:1190
                    time_add_neighbors_to_o:0.000573073
        Stage3:
            total_Stage3:0.00144052
            num_until_goal_expanded:158
            timing_S3Exp:
                total_S3Exp: 0.00100312
                time_top_o: 3.8951e-05
                time_check_in_c: 4.4212e-05
                time_add_parent: 5.4376e-05
                num_neighbors: 1409
                time_add_neighbors_to_o: 0.000629577
    timing_PIOW_overlapping:
        total_PIOW: 7.23e-07
        num_windows: 15
        time_check_overlap: 0
        num_overlapping_windows: 0
        time_merge_windows: 0
        time_remove_window: 0
        time_remove_window: 0
        timing_PlanIn:
            total_PlanIn:0
            num_until_goal_expanded:0
            timing_expansions:
                total_S3Exp: 0
                time_top_o: 0
                time_check_in_c: 0
                time_add_parent: 0
                num_neighbors: 0
                time_add_neighbors_to_o: 0
    num_new_collisions: 1
    timing_PIOW_new_collisions:
        total_PIOW: 0.0001344
        num_windows: 0
        time_check_overlap: 0
        num_overlapping_windows: 0
        time_merge_windows: 0
        time_remove_window: 0
        time_remove_window: 3.52e-07
        timing_PlanIn:
            total_PlanIn:0.000132132
            num_until_goal_expanded:13
            timing_expansions:
                total_S3Exp: 0.000129117
                time_top_o: 2.847e-06
                time_check_in_c: 3.359e-06
                time_add_parent: 5.168e-06
                num_neighbors: 143
                time_add_neighbors_to_o: 7.5108e-05
    num_windows_should_quit: 0
    time_should_quit: 1.072e-06
    time_remove_window: 0
Complete!
