Total time: 0.657709
is_optimal: true
optimality_bound: 1
successive_bounds: [1.00345, 1.00345, 1.00296, 1.00296, 1.00296, 1.00296, 1.00296, 1.00197, 1.00148, 1.00148, 1.00148, 1.00099, 1.00099, 1.00099, 1.00099, 1.00099, 1.00099, 1.00099, 1.00099, 1.00099, 1.00099, 1.00099, 1, 1]
successive_runtimes: [0.00656129, 0.00755393, 0.00888875, 0.00987316, 0.0110719, 0.0122986, 0.0136321, 0.0208047, 0.028361, 0.0340007, 0.039466, 0.0450801, 0.0505204, 0.0565215, 0.0628191, 0.0816882, 0.0906289, 0.10042, 0.110311, 0.121629, 0.263966, 0.442151, 0.657709]
num_agents: 30
time_individual_plan: 0.00495578
time_first_plan: 0.00107522
num_max_agents_in_window_first_iteration: 2
num_recWAMPF: 23
timing_recWAMPF:
    total_RecWAMPF: 0.652219
    num_windows: 219
    num_max_agents_in_window: 3
    timing_gari:
        total_GARI: 0.516474
        time_path_btw_starts: 0.000530072
        Stage1:
            total_Stage1:0.410528
            time_add_x_to_o: 0.121303
            time_clear_x: 0.0271004
            timing_AStarSearchUntil:
                total_astar_search_until:0.262112
                num_values_f_less_fmax:16288
                ASU Exp:
                    total_ASUExp:0.262107
                    time_top_o:0.0101304
                    time_check_in_c:0.00482365
                    time_add_parent:0.00358234
                    num_neighbors:484569
                    time_add_neighbors_to_o:0.228175
        Stage2:
            total_Stage2:0.0146722
            num_len_path:228
            time_expanding_s:0.000117335
            timing_AStarSearchUntil:
                total_astar_search_until:0.0144793
                num_values_f_less_fmax:1148
                ASU Exp:
                    total_ASUExp:0.0144747
                    time_top_o:0.000305364
                    time_check_in_c:0.000221868
                    time_add_parent:0.000313715
                    num_neighbors:29383
                    time_add_neighbors_to_o:0.0124136
        Stage3:
            total_Stage3:0.0907064
            num_until_goal_expanded:2916
            timing_S3Exp:
                total_S3Exp: 0.023148
                time_top_o: 0.000846206
                time_check_in_c: 0.000481621
                time_add_parent: 0.000846422
                num_neighbors: 40797
                time_add_neighbors_to_o: 0.0171007
    timing_PIOW_overlapping:
        total_PIOW: 0.129836
        num_windows: 528
        time_check_overlap: 2.009e-05
        num_overlapping_windows: 1
        time_merge_windows: 2.098e-06
        time_remove_window: 3.61e-07
        time_remove_window: 2.015e-06
        timing_PlanIn:
            total_PlanIn:0.129798
            num_until_goal_expanded:2166
            timing_expansions:
                total_S3Exp: 0.129796
                time_top_o: 0.00134749
                time_check_in_c: 0.000433741
                time_add_parent: 0.000759937
                num_neighbors: 242988
                time_add_neighbors_to_o: 0.118062
    num_new_collisions: 5
    timing_PIOW_new_collisions:
        total_PIOW: 0.000460166
        num_windows: 20
        time_check_overlap: 6.69e-07
        num_overlapping_windows: 0
        time_merge_windows: 0
        time_remove_window: 0
        time_remove_window: 1.67e-06
        timing_PlanIn:
            total_PlanIn:0.000453164
            num_until_goal_expanded:59
            timing_expansions:
                total_S3Exp: 0.000442423
                time_top_o: 7.575e-06
                time_check_in_c: 9.368e-06
                time_add_parent: 1.5668e-05
                num_neighbors: 680
                time_add_neighbors_to_o: 0.00031033
    num_windows_should_quit: 0
    time_should_quit: 9.322e-06
    time_remove_window: 0
Complete!
