Total time: 2.95969
is_optimal: true
optimality_bound: 1
successive_bounds: [1.00921, 1.00283, 1.00283, 1.00283, 1.00283, 1.00283, 1.00283, 1.00142, 1.00142, 1.00142, 1.00142, 1.00142, 1.00142, 1.00142, 1.00142, 1.00142, 1.00142, 1.00142, 1, 1]
successive_runtimes: [0.0107511, 0.146564, 0.201105, 0.288409, 0.39321, 0.520907, 0.662845, 0.835084, 0.947216, 1.02011, 1.10337, 1.20306, 1.33063, 1.48621, 1.6771, 1.91059, 2.20067, 2.51185, 2.95969]
num_agents: 20
time_individual_plan: 0.00245994
time_first_plan: 0.00776454
num_max_agents_in_window_first_iteration: 3
num_recWAMPF: 19
timing_recWAMPF:
    total_RecWAMPF: 2.9567
    num_windows: 39
    num_max_agents_in_window: 4
    timing_gari:
        total_GARI: 2.90208
        time_path_btw_starts: 0.000143928
        Stage1:
            total_Stage1:1.98353
            time_add_x_to_o: 0.467809
            time_clear_x: 0.251892
            timing_AStarSearchUntil:
                total_astar_search_until:1.26382
                num_values_f_less_fmax:49939
                ASU Exp:
                    total_ASUExp:1.26382
                    time_top_o:0.0421438
                    time_check_in_c:0.0168571
                    time_add_parent:0.0123669
                    num_neighbors:2653733
                    time_add_neighbors_to_o:1.14521
        Stage2:
            total_Stage2:0.0240604
            num_len_path:36
            time_expanding_s:3.588e-05
            timing_AStarSearchUntil:
                total_astar_search_until:0.0239924
                num_values_f_less_fmax:254
                ASU Exp:
                    total_ASUExp:0.0239914
                    time_top_o:0.000130898
                    time_check_in_c:4.7126e-05
                    time_add_parent:9.6061e-05
                    num_neighbors:44982
                    time_add_neighbors_to_o:0.0233321
        Stage3:
            total_Stage3:0.89422
            num_until_goal_expanded:11948
            timing_S3Exp:
                total_S3Exp: 0.202673
                time_top_o: 0.0059938
                time_check_in_c: 0.00224024
                time_add_parent: 0.00652239
                num_neighbors: 389559
                time_add_neighbors_to_o: 0.171867
    timing_PIOW_overlapping:
        total_PIOW: 0.00887787
        num_windows: 22
        time_check_overlap: 2.88e-07
        num_overlapping_windows: 1
        time_merge_windows: 2.479e-06
        time_remove_window: 4.09e-07
        time_remove_window: 2.426e-06
        timing_PlanIn:
            total_PlanIn:0.00887157
            num_until_goal_expanded:179
            timing_expansions:
                total_S3Exp: 0.0088676
                time_top_o: 4.2053e-05
                time_check_in_c: 3.2871e-05
                time_add_parent: 5.0069e-05
                num_neighbors: 19111
                time_add_neighbors_to_o: 0.00798636
    num_new_collisions: 4
    timing_PIOW_new_collisions:
        total_PIOW: 0.0435972
        num_windows: 6
        time_check_overlap: 4.81e-07
        num_overlapping_windows: 2
        time_merge_windows: 0
        time_remove_window: 2.93173
        time_remove_window: 1.476e-06
        timing_PlanIn:
            total_PlanIn:0.0435867
            num_until_goal_expanded:642
            timing_expansions:
                total_S3Exp: 0.0435754
                time_top_o: 0.000170683
                time_check_in_c: 0.000131343
                time_add_parent: 0.000177737
                num_neighbors: 75794
                time_add_neighbors_to_o: 0.0400789
    num_windows_should_quit: 0
    time_should_quit: 2.112e-06
    time_remove_window: 0
Complete!
