Total time: 0.0601382
is_optimal: false
optimality_bound: 1.00179
successive_bounds: [1.00357, 1.00268, 1.00268, 1.00268, 1.00268, 1.00179, 1.00179, 1.00179, 1.00179, 1.00179, 1.00179, 1.00179, 1.00179, 1.00179, 1.00179, 1.00179, 1.00179, 1.00179, 1.00179, 1.00179, 1.00179, 1.00179, 1.00179, 1.00179]
successive_runtimes: [0.00428916, 0.00489302, 0.00568539, 0.00636486, 0.00757475, 0.00979069, 0.0106818, 0.0132428, 0.0229261, 0.0254389, 0.026855, 0.0282177, 0.029596, 0.0314671, 0.0331421, 0.0366406, 0.0389264, 0.0407551, 0.0444267, 0.0488732, 0.0517858, 0.0548443, 0.0576942, 0.0601382]
num_agents: 20
time_individual_plan: 0.00335821
time_first_plan: 0.000405235
num_max_agents_in_window_first_iteration: 2
num_recWAMPF: 24
timing_recWAMPF:
    total_RecWAMPF: 0.0562505
    num_windows: 154
    num_max_agents_in_window: 3
    timing_gari:
        total_GARI: 0.0451661
        time_path_btw_starts: 0.000365872
        Stage1:
            total_Stage1:0.00786657
            time_add_x_to_o: 0.0044774
            time_clear_x: 0.000491016
            timing_AStarSearchUntil:
                total_astar_search_until:0.00289012
                num_values_f_less_fmax:290
                ASU Exp:
                    total_ASUExp:0.00288674
                    time_top_o:7.8566e-05
                    time_check_in_c:7.147e-05
                    time_add_parent:6.928e-05
                    num_neighbors:5534
                    time_add_neighbors_to_o:0.00236469
        Stage2:
            total_Stage2:0.00621458
            num_len_path:138
            time_expanding_s:0.000108156
            timing_AStarSearchUntil:
                total_astar_search_until:0.00606377
                num_values_f_less_fmax:365
                ASU Exp:
                    total_ASUExp:0.0060607
                    time_top_o:0.000113452
                    time_check_in_c:7.6596e-05
                    time_add_parent:0.000110152
                    num_neighbors:12707
                    time_add_neighbors_to_o:0.00532724
        Stage3:
            total_Stage3:0.0298615
            num_until_goal_expanded:1165
            timing_S3Exp:
                total_S3Exp: 0.0133574
                time_top_o: 0.000307184
                time_check_in_c: 0.000220252
                time_add_parent: 0.000299517
                num_neighbors: 22750
                time_add_neighbors_to_o: 0.010926
    timing_PIOW_overlapping:
        total_PIOW: 0.00869568
        num_windows: 255
        time_check_overlap: 9.924e-06
        num_overlapping_windows: 1
        time_merge_windows: 1.236e-06
        time_remove_window: 1.83e-07
        time_remove_window: 1.182e-06
        timing_PlanIn:
            total_PlanIn:0.00867638
            num_until_goal_expanded:553
            timing_expansions:
                total_S3Exp: 0.00867439
                time_top_o: 0.000127222
                time_check_in_c: 8.9512e-05
                time_add_parent: 0.000147458
                num_neighbors: 13755
                time_add_neighbors_to_o: 0.00707557
    num_new_collisions: 4
    timing_PIOW_new_collisions:
        total_PIOW: 0.000294318
        num_windows: 12
        time_check_overlap: 5.15e-07
        num_overlapping_windows: 0
        time_merge_windows: 0
        time_remove_window: 0
        time_remove_window: 1.548e-06
        timing_PlanIn:
            total_PlanIn:0.000288406
            num_until_goal_expanded:36
            timing_expansions:
                total_S3Exp: 0.000280012
                time_top_o: 5.205e-06
                time_check_in_c: 6.483e-06
                time_add_parent: 1.0934e-05
                num_neighbors: 423
                time_add_neighbors_to_o: 0.000196868
    num_windows_should_quit: 0
    time_should_quit: 6.671e-06
    time_remove_window: 0
Complete!
