Total time: 5.27264
is_optimal: false
optimality_bound: 1.00372
successive_bounds: [1.00769, 1.0062, 1.00571, 1.00546, 1.00447, 1.00447, 1.00422, 1.00422, 1.00372]
successive_runtimes: [0.0189025, 0.0593982, 0.100006, 0.274002, 0.517522, 0.705886, 0.834918, 1.03576, 5.27264]
num_agents: 60
time_individual_plan: 0.00704937
time_first_plan: 0.0113268
num_max_agents_in_window_first_iteration: 3
num_recWAMPF: 9
timing_recWAMPF:
    total_RecWAMPF: 5.26506
    num_windows: 227
    num_max_agents_in_window: 5
    timing_gari:
        total_GARI: 0.942762
        time_path_btw_starts: 0.013146
        Stage1:
            total_Stage1:0.522285
            time_add_x_to_o: 0.252011
            time_clear_x: 0.0600751
            timing_AStarSearchUntil:
                total_astar_search_until:0.210183
                num_values_f_less_fmax:11238
                ASU Exp:
                    total_ASUExp:0.210176
                    time_top_o:0.00584983
                    time_check_in_c:0.0200685
                    time_add_parent:0.00223267
                    num_neighbors:387786
                    time_add_neighbors_to_o:0.169695
        Stage2:
            total_Stage2:0.110437
            num_len_path:201
            time_expanding_s:0.000117328
            timing_AStarSearchUntil:
                total_astar_search_until:0.110216
                num_values_f_less_fmax:841
                ASU Exp:
                    total_ASUExp:0.110211
                    time_top_o:0.000395003
                    time_check_in_c:0.00024144
                    time_add_parent:0.000374588
                    num_neighbors:226007
                    time_add_neighbors_to_o:0.10769
        Stage3:
            total_Stage3:0.296724
            num_until_goal_expanded:3517
            timing_S3Exp:
                total_S3Exp: 0.0425063
                time_top_o: 0.000964107
                time_check_in_c: 0.000512669
                time_add_parent: 0.00113797
                num_neighbors: 81137
                time_add_neighbors_to_o: 0.0357722
    timing_PIOW_overlapping:
        total_PIOW: 4.30285
        num_windows: 1546
        time_check_overlap: 5.4083e-05
        num_overlapping_windows: 7
        time_merge_windows: 1.2938e-05
        time_remove_window: 2.297e-06
        time_remove_window: 1.2536e-05
        timing_PlanIn:
            total_PlanIn:4.30273
            num_until_goal_expanded:3490
            timing_expansions:
                total_S3Exp: 4.30271
                time_top_o: 0.00405293
                time_check_in_c: 0.000988839
                time_add_parent: 0.00150849
                num_neighbors: 7453054
                time_add_neighbors_to_o: 4.10285
    num_new_collisions: 19
    timing_PIOW_new_collisions:
        total_PIOW: 0.00600335
        num_windows: 326
        time_check_overlap: 8.331e-06
        num_overlapping_windows: 1
        time_merge_windows: 0
        time_remove_window: 0.00970132
        time_remove_window: 1.2151e-05
        timing_PlanIn:
            total_PlanIn:0.00595979
            num_until_goal_expanded:398
            timing_expansions:
                total_S3Exp: 0.0059311
                time_top_o: 5.592e-05
                time_check_in_c: 6.9958e-05
                time_add_parent: 0.000101723
                num_neighbors: 10745
                time_add_neighbors_to_o: 0.00495058
    num_windows_should_quit: 0
    time_should_quit: 1.734e-05
    time_remove_window: 0
Complete!
