Total time: 0.0837099
is_optimal: true
optimality_bound: 1
successive_bounds: [1.03709, 1.00193, 1.00193, 1.00193, 1.00096, 1.00096, 1.00096, 1, 1]
successive_runtimes: [0.0138047, 0.0629976, 0.0662949, 0.0702521, 0.0743085, 0.077724, 0.081182, 0.0837099]
num_agents: 30
time_individual_plan: 0.00507818
time_first_plan: 0.00804021
num_max_agents_in_window_first_iteration: 2
num_recWAMPF: 8
timing_recWAMPF:
    total_RecWAMPF: 0.0779431
    num_windows: 45
    num_max_agents_in_window: 2
    timing_gari:
        total_GARI: 0.0601059
        time_path_btw_starts: 0.000138703
        Stage1:
            total_Stage1:0.0509091
            time_add_x_to_o: 0.00728732
            time_clear_x: 0.00116354
            timing_AStarSearchUntil:
                total_astar_search_until:0.00597744
                num_values_f_less_fmax:8960
                ASU Exp:
                    total_ASUExp:0.00597625
                    time_top_o:0.00311855
                    time_check_in_c:0.00166053
                    time_add_parent:0.00107705
                    num_neighbors:66571
                    time_add_neighbors_to_o:0.0317142
        Stage2:
            total_Stage2:0.000893675
            num_len_path:43
            time_expanding_s:2.894e-05
            timing_AStarSearchUntil:
                total_astar_search_until:0.000849901
                num_values_f_less_fmax:61
                ASU Exp:
                    total_ASUExp:0.000848873
                    time_top_o:1.8364e-05
                    time_check_in_c:1.8693e-05
                    time_add_parent:2.3517e-05
                    num_neighbors:1585
                    time_add_neighbors_to_o:0.000699167
        Stage3:
            total_Stage3:0.00815539
            num_until_goal_expanded:1451
            timing_S3Exp:
                total_S3Exp: 0.00658541
                time_top_o: 0.000424927
                time_check_in_c: 0.000224774
                time_add_parent: 0.000458773
                num_neighbors: 8072
                time_add_neighbors_to_o: 0.00353871
    timing_PIOW_overlapping:
        total_PIOW: 5.719e-06
        num_windows: 63
        time_check_overlap: 2.808e-06
        num_overlapping_windows: 0
        time_merge_windows: 0
        time_remove_window: 0
        time_remove_window: 0
        timing_PlanIn:
            total_PlanIn:0
            num_until_goal_expanded:0
            timing_expansions:
                total_S3Exp: 0
                time_top_o: 0
                time_check_in_c: 0
                time_add_parent: 0
                num_neighbors: 0
                time_add_neighbors_to_o: 0
    num_new_collisions: 3
    timing_PIOW_new_collisions:
        total_PIOW: 0.00758395
        num_windows: 6
        time_check_overlap: 2.77e-07
        num_overlapping_windows: 0
        time_merge_windows: 0
        time_remove_window: 0
        time_remove_window: 1.17e-06
        timing_PlanIn:
            total_PlanIn:0.00757642
            num_until_goal_expanded:535
            timing_expansions:
                total_S3Exp: 0.00756971
                time_top_o: 9.4774e-05
                time_check_in_c: 0.00012839
                time_add_parent: 0.000160219
                num_neighbors: 11416
                time_add_neighbors_to_o: 0.00621237
    num_windows_should_quit: 0
    time_should_quit: 2.058e-06
    time_remove_window: 0
Complete!
