Total time: 0.0304788
is_optimal: false
optimality_bound: 1.00091
successive_bounds: [1.00273, 1.00227, 1.00227, 1.00227, 1.00182, 1.00182, 1.00182, 1.00182, 1.00182, 1.00091]
successive_runtimes: [0.00791062, 0.00863845, 0.00932092, 0.0100434, 0.0109979, 0.0117798, 0.0125148, 0.013973, 0.0148299, 0.0304788]
num_agents: 40
time_individual_plan: 0.00609787
time_first_plan: 0.00113782
num_max_agents_in_window_first_iteration: 2
num_recWAMPF: 10
timing_recWAMPF:
    total_RecWAMPF: 0.0237034
    num_windows: 93
    num_max_agents_in_window: 3
    timing_gari:
        total_GARI: 0.0172329
        time_path_btw_starts: 0.000195921
        Stage1:
            total_Stage1:0.000614567
            time_add_x_to_o: 0.000542655
            time_clear_x: 6.2615e-05
            timing_AStarSearchUntil:
                total_astar_search_until:4.159e-06
                num_values_f_less_fmax:0
                ASU Exp:
                    total_ASUExp:1.915e-06
                    time_top_o:0
                    time_check_in_c:0
                    time_add_parent:0
                    num_neighbors:0
                    time_add_neighbors_to_o:0
        Stage2:
            total_Stage2:0.0135791
            num_len_path:97
            time_expanding_s:4.377e-05
            timing_AStarSearchUntil:
                total_astar_search_until:0.0135099
                num_values_f_less_fmax:1062
                ASU Exp:
                    total_ASUExp:0.0135078
                    time_top_o:0.000353061
                    time_check_in_c:0.000230212
                    time_add_parent:0.000313058
                    num_neighbors:25291
                    time_add_neighbors_to_o:0.0113986
        Stage3:
            total_Stage3:0.00282919
            num_until_goal_expanded:164
            timing_S3Exp:
                total_S3Exp: 0.00174418
                time_top_o: 3.3633e-05
                time_check_in_c: 2.3405e-05
                time_add_parent: 4.2727e-05
                num_neighbors: 2322
                time_add_neighbors_to_o: 0.00134859
    timing_PIOW_overlapping:
        total_PIOW: 0.00252821
        num_windows: 222
        time_check_overlap: 8.593e-06
        num_overlapping_windows: 1
        time_merge_windows: 1.253e-06
        time_remove_window: 2e-07
        time_remove_window: 1.198e-06
        timing_PlanIn:
            total_PlanIn:0.002509
            num_until_goal_expanded:51
            timing_expansions:
                total_S3Exp: 0.00250677
                time_top_o: 1.3955e-05
                time_check_in_c: 9.745e-06
                time_add_parent: 1.6652e-05
                num_neighbors: 3196
                time_add_neighbors_to_o: 0.00228305
    num_new_collisions: 5
    timing_PIOW_new_collisions:
        total_PIOW: 0.000479546
        num_windows: 20
        time_check_overlap: 9.19e-07
        num_overlapping_windows: 0
        time_merge_windows: 0
        time_remove_window: 0
        time_remove_window: 1.856e-06
        timing_PlanIn:
            total_PlanIn:0.000470976
            num_until_goal_expanded:29
            timing_expansions:
                total_S3Exp: 0.000461201
                time_top_o: 5.443e-06
                time_check_in_c: 5.559e-06
                time_add_parent: 1.0477e-05
                num_neighbors: 574
                time_add_neighbors_to_o: 0.000381093
    num_windows_should_quit: 0
    time_should_quit: 3.319e-06
    time_remove_window: 0
Complete!
