Total time: 8.96742
is_optimal: false
optimality_bound: 1.00523
successive_bounds: [1.01466, 1.0068, 1.0068, 1.00628, 1.00628, 1.00628, 1.00628, 1.00628, 1.00602, 1.00576, 1.00576, 1.00576, 1.00576, 1.00576, 1.00576, 1.00576, 1.00523, 1.00523, 1.00523, 1.00523, 1.00523, 1.00523, 1.00523, 1.00523]
successive_runtimes: [0.0311886, 0.07278, 0.120813, 0.167435, 0.187854, 0.191458, 0.194526, 0.197462, 0.200514, 0.205112, 2.89249, 3.40001, 3.88495, 4.33898, 4.8182, 5.27022, 5.72336, 6.17158, 6.68006, 7.13021, 7.58578, 8.03387, 8.48103, 8.96742]
num_agents: 60
time_individual_plan: 0.012612
time_first_plan: 0.0180453
num_max_agents_in_window_first_iteration: 3
num_recWAMPF: 24
timing_recWAMPF:
    total_RecWAMPF: 8.95427
    num_windows: 220
    num_max_agents_in_window: 4
    timing_gari:
        total_GARI: 6.21302
        time_path_btw_starts: 0.00122692
        Stage1:
            total_Stage1:0.102168
            time_add_x_to_o: 0.0429419
            time_clear_x: 0.00593356
            timing_AStarSearchUntil:
                total_astar_search_until:0.0532794
                num_values_f_less_fmax:8181
                ASU Exp:
                    total_ASUExp:0.053274
                    time_top_o:0.00249003
                    time_check_in_c:0.00200947
                    time_add_parent:0.000899276
                    num_neighbors:111533
                    time_add_neighbors_to_o:0.042425
        Stage2:
            total_Stage2:0.0121302
            num_len_path:164
            time_expanding_s:0.000188775
            timing_AStarSearchUntil:
                total_astar_search_until:0.0118459
                num_values_f_less_fmax:270
                ASU Exp:
                    total_ASUExp:0.0118415
                    time_top_o:9.9924e-05
                    time_check_in_c:5.8001e-05
                    time_add_parent:9.3542e-05
                    num_neighbors:24589
                    time_add_neighbors_to_o:0.0109743
        Stage3:
            total_Stage3:6.0972
            num_until_goal_expanded:6133
            timing_S3Exp:
                total_S3Exp: 0.108391
                time_top_o: 0.00178408
                time_check_in_c: 0.000919338
                time_add_parent: 0.00177586
                num_neighbors: 166100
                time_add_neighbors_to_o: 0.0924755
    timing_PIOW_overlapping:
        total_PIOW: 0.021252
        num_windows: 908
        time_check_overlap: 3.2933e-05
        num_overlapping_windows: 12
        time_merge_windows: 1.1768e-05
        time_remove_window: 2.132e-06
        time_remove_window: 1.1267e-05
        timing_PlanIn:
            total_PlanIn:0.0211719
            num_until_goal_expanded:1050
            timing_expansions:
                total_S3Exp: 0.0211492
                time_top_o: 0.000204338
                time_check_in_c: 0.000176667
                time_add_parent: 0.000272071
                num_neighbors: 37587
                time_add_neighbors_to_o: 0.0181526
    num_new_collisions: 21
    timing_PIOW_new_collisions:
        total_PIOW: 2.69066
        num_windows: 336
        time_check_overlap: 9.446e-06
        num_overlapping_windows: 6
        time_merge_windows: 0
        time_remove_window: 0.322244
        time_remove_window: 1.0035e-05
        timing_PlanIn:
            total_PlanIn:2.6906
            num_until_goal_expanded:8197
            timing_expansions:
                total_S3Exp: 2.69056
                time_top_o: 0.00647049
                time_check_in_c: 0.00208809
                time_add_parent: 0.00456946
                num_neighbors: 3830685
                time_add_neighbors_to_o: 2.56601
    num_windows_should_quit: 0
    time_should_quit: 1.7262e-05
    time_remove_window: 0
Complete!
