Total time: 4.24111
is_optimal: true
optimality_bound: 1
successive_bounds: [1.00241, 1.00172, 1.00103, 1.00103, 1.00103, 1.00103, 1.00103, 1.00103, 1.00103, 1.00069, 1.00069, 1.00069, 1.00069, 1.00069, 1.00069, 1.00069, 1.00069, 1.00069, 1.00069, 1, 1]
successive_runtimes: [0.0138659, 0.0165614, 0.0186932, 0.0208008, 0.0229651, 0.0250723, 1.60208, 2.74146, 2.8668, 2.99275, 3.11719, 3.24096, 3.36649, 3.4912, 3.61592, 3.74095, 3.86622, 3.99113, 4.11596, 4.24111]
num_agents: 50
time_individual_plan: 0.00743949
time_first_plan: 0.0057714
num_max_agents_in_window_first_iteration: 2
num_recWAMPF: 20
timing_recWAMPF:
    total_RecWAMPF: 4.23301
    num_windows: 256
    num_max_agents_in_window: 5
    timing_gari:
        total_GARI: 2.64182
        time_path_btw_starts: 0.000975462
        Stage1:
            total_Stage1:0.852403
            time_add_x_to_o: 0.715303
            time_clear_x: 0.129536
            timing_AStarSearchUntil:
                total_astar_search_until:0.00754239
                num_values_f_less_fmax:2479
                ASU Exp:
                    total_ASUExp:0.00753493
                    time_top_o:0.000922304
                    time_check_in_c:0.000665776
                    time_add_parent:0.00040666
                    num_neighbors:11637
                    time_add_neighbors_to_o:0.00464288
        Stage2:
            total_Stage2:0.0427674
            num_len_path:226
            time_expanding_s:0.000823119
            timing_AStarSearchUntil:
                total_astar_search_until:0.0418039
                num_values_f_less_fmax:583
                ASU Exp:
                    total_ASUExp:0.0417974
                    time_top_o:0.000236454
                    time_check_in_c:0.000180907
                    time_add_parent:0.000256524
                    num_neighbors:63405
                    time_add_neighbors_to_o:0.0367701
        Stage3:
            total_Stage3:1.74552
            num_until_goal_expanded:2069
            timing_S3Exp:
                total_S3Exp: 0.181386
                time_top_o: 0.000552393
                time_check_in_c: 0.000281342
                time_add_parent: 0.000512782
                num_neighbors: 11005
                time_add_neighbors_to_o: 0.0045037
    timing_PIOW_overlapping:
        total_PIOW: 1.57528
        num_windows: 841
        time_check_overlap: 4.4969e-05
        num_overlapping_windows: 2
        time_merge_windows: 4.44e-06
        time_remove_window: 8.69e-07
        time_remove_window: 4.313e-06
        timing_PlanIn:
            total_PlanIn:1.57519
            num_until_goal_expanded:1334
            timing_expansions:
                total_S3Exp: 1.57519
                time_top_o: 0.00120348
                time_check_in_c: 0.000415962
                time_add_parent: 0.000703393
                num_neighbors: 2101848
                time_add_neighbors_to_o: 1.50299
    num_new_collisions: 9
    timing_PIOW_new_collisions:
        total_PIOW: 0.00434565
        num_windows: 74
        time_check_overlap: 3.126e-06
        num_overlapping_windows: 1
        time_merge_windows: 0
        time_remove_window: 0.0156632
        time_remove_window: 3.588e-06
        timing_PlanIn:
            total_PlanIn:0.00432651
            num_until_goal_expanded:329
            timing_expansions:
                total_S3Exp: 0.00430286
                time_top_o: 6.6058e-05
                time_check_in_c: 6.654e-05
                time_add_parent: 9.3046e-05
                num_neighbors: 5928
                time_add_neighbors_to_o: 0.00347192
    num_windows_should_quit: 0
    time_should_quit: 1.5907e-05
    time_remove_window: 0
Complete!
