Total time: 671.003
is_optimal: true
optimality_bound: 1
successive_bounds: [1.00217, 1.00217, 1.00217, 1.00144, 1.00144, 1.00144, 1.00144, 1.00108, 1.00108, 1.00108, 1.00108, 1.00036, 1.00036, 1.00036, 1.00036, 1.00036, 1.00036, 1.00036, 1.00036, 1.00036, 1.00036, 1.00036, 1.00036, 1.00036, 1.00036, 1.00036, 1.00036, 1.00036, 1.00036, 1.00036, 1.00036, 1.00036, 1.00036, 1.00036, 1.00036, 1.00036, 1]
successive_runtimes: [0.035022, 0.0386073, 0.0430444, 0.0772679, 0.0991558, 0.108748, 0.11899, 0.621749, 1.99411, 2.63999, 32.2739, 566.055, 571.554, 576.178, 581.037, 585.428, 590.341, 594.747, 599.366, 603.924, 608.707, 613.365, 617.835, 622.266, 626.839, 631.002, 635.157, 639.274, 643.321, 647.358, 651.393, 655.371, 659.331, 663.293, 667.271, 671.003]
num_agents: 40
time_individual_plan: 0.0283736
time_first_plan: 0.00537541
num_max_agents_in_window_first_iteration: 3
num_recWAMPF: 36
timing_recWAMPF:
    total_RecWAMPF: 670.973
    num_windows: 200
    num_max_agents_in_window: 5
    timing_gari:
        total_GARI: 661.703
        time_path_btw_starts: 0.00131657
        Stage1:
            total_Stage1:27.8764
            time_add_x_to_o: 0.197546
            time_clear_x: 0.138707
            timing_AStarSearchUntil:
                total_astar_search_until:14.675
                num_values_f_less_fmax:1752
                ASU Exp:
                    total_ASUExp:14.6749
                    time_top_o:0.0129085
                    time_check_in_c:0.000788642
                    time_add_parent:0
                    num_neighbors:0
                    time_add_neighbors_to_o:0
        Stage2:
            total_Stage2:560.064
            num_len_path:197
            time_expanding_s:0.0341629
            timing_AStarSearchUntil:
                total_astar_search_until:547.179
                num_values_f_less_fmax:15510
                ASU Exp:
                    total_ASUExp:547.179
                    time_top_o:0.0904973
                    time_check_in_c:0.0211843
                    time_add_parent:0.0348212
                    num_neighbors:6390961
                    time_add_neighbors_to_o:6.29259
        Stage3:
            total_Stage3:69.4223
            num_until_goal_expanded:18646
            timing_S3Exp:
                total_S3Exp: 10.4438
                time_top_o: 0.0306819
                time_check_in_c: 0.00688304
                time_add_parent: 0.0183415
                num_neighbors: 11042135
                time_add_neighbors_to_o: 10.1086
    timing_PIOW_overlapping:
        total_PIOW: 0.523734
        num_windows: 365
        time_check_overlap: 3.0681e-05
        num_overlapping_windows: 2
        time_merge_windows: 3.938e-06
        time_remove_window: 5.41e-07
        time_remove_window: 3.755e-06
        timing_PlanIn:
            total_PlanIn:0.516301
            num_until_goal_expanded:2553
            timing_expansions:
                total_S3Exp: 0.51629
                time_top_o: 0.00323596
                time_check_in_c: 0.000957805
                time_add_parent: 0.00249973
                num_neighbors: 641885
                time_add_neighbors_to_o: 0.472836
    num_new_collisions: 8
    timing_PIOW_new_collisions:
        total_PIOW: 8.71941
        num_windows: 26
        time_check_overlap: 4.398e-06
        num_overlapping_windows: 2
        time_merge_windows: 5.572e-06
        time_remove_window: 8.66e-07
        time_remove_window: 3.002e-06
        timing_PlanIn:
            total_PlanIn:8.60007
            num_until_goal_expanded:5672
            timing_expansions:
                total_S3Exp: 8.60001
                time_top_o: 0.00929896
                time_check_in_c: 0.00187581
                time_add_parent: 0.00623666
                num_neighbors: 9794876
                time_add_neighbors_to_o: 8.20357
    num_windows_should_quit: 4
    time_should_quit: 6.998e-06
    time_remove_window: 7.24e-07
Complete!
