Total time: 14.1766
is_optimal: false
optimality_bound: 1.00157
successive_bounds: [1.00785, 1.00576, 1.00471, 1.00366, 1.00262, 1.00262, 1.00262, 1.00262, 1.00262, 1.00209, 1.00209, 1.00209, 1.00209, 1.00157, 1.00157, 1.00157, 1.00157]
successive_runtimes: [0.010596, 0.0162844, 0.0212928, 0.0263695, 0.0308531, 0.0343786, 0.0383711, 0.0416114, 0.0453053, 0.227305, 0.274504, 0.314351, 0.378371, 3.59153, 6.91711, 10.523, 14.1766]
num_agents: 30
time_individual_plan: 0.00670739
time_first_plan: 0.0031783
num_max_agents_in_window_first_iteration: 2
num_recWAMPF: 17
timing_recWAMPF:
    total_RecWAMPF: 14.1692
    num_windows: 273
    num_max_agents_in_window: 4
    timing_gari:
        total_GARI: 10.8408
        time_path_btw_starts: 0.00826368
        Stage1:
            total_Stage1:9.3435
            time_add_x_to_o: 2.17745
            time_clear_x: 0.870792
            timing_AStarSearchUntil:
                total_astar_search_until:6.29523
                num_values_f_less_fmax:38357
                ASU Exp:
                    total_ASUExp:6.29523
                    time_top_o:0.0703886
                    time_check_in_c:0.218394
                    time_add_parent:0.0131819
                    num_neighbors:8282953
                    time_add_neighbors_to_o:5.93975
        Stage2:
            total_Stage2:0.013565
            num_len_path:295
            time_expanding_s:0.00101335
            timing_AStarSearchUntil:
                total_astar_search_until:0.0124249
                num_values_f_less_fmax:609
                ASU Exp:
                    total_ASUExp:0.0124178
                    time_top_o:0.000208241
                    time_check_in_c:0.000319282
                    time_add_parent:0.00023974
                    num_neighbors:19035
                    time_add_neighbors_to_o:0.010793
        Stage3:
            total_Stage3:1.4724
            num_until_goal_expanded:3152
            timing_S3Exp:
                total_S3Exp: 0.102181
                time_top_o: 0.00124527
                time_check_in_c: 0.000641262
                time_add_parent: 0.00121199
                num_neighbors: 59349
                time_add_neighbors_to_o: 0.0425557
    timing_PIOW_overlapping:
        total_PIOW: 3.32186
        num_windows: 1117
        time_check_overlap: 5.4521e-05
        num_overlapping_windows: 2
        time_merge_windows: 4.659e-06
        time_remove_window: 7.95e-07
        time_remove_window: 4.527e-06
        timing_PlanIn:
            total_PlanIn:3.32175
            num_until_goal_expanded:11576
            timing_expansions:
                total_S3Exp: 3.32175
                time_top_o: 0.0176504
                time_check_in_c: 0.00506185
                time_add_parent: 0.00837863
                num_neighbors: 4015957
                time_add_neighbors_to_o: 3.12874
    num_new_collisions: 9
    timing_PIOW_new_collisions:
        total_PIOW: 0.00210427
        num_windows: 72
        time_check_overlap: 3.064e-06
        num_overlapping_windows: 0
        time_merge_windows: 0
        time_remove_window: 0
        time_remove_window: 5.79e-06
        timing_PlanIn:
            total_PlanIn:0.0020828
            num_until_goal_expanded:250
            timing_expansions:
                total_S3Exp: 0.00206484
                time_top_o: 3.8323e-05
                time_check_in_c: 5.2444e-05
                time_add_parent: 7.8744e-05
                num_neighbors: 2352
                time_add_neighbors_to_o: 0.00144911
    num_windows_should_quit: 0
    time_should_quit: 1.6579e-05
    time_remove_window: 0
Complete!
