Total time: 2.15019
is_optimal: false
optimality_bound: 1.00548
successive_bounds: [1.00871, 1.00822, 1.00797, 1.00772, 1.00672, 1.00647, 1.00597, 1.00548, 1.00548, 1.00548, 1.00548, 1.00548, 1.00548, 1.00548, 1.00548]
successive_runtimes: [0.020892, 0.0273535, 0.0336037, 0.0410396, 0.0518024, 0.0647254, 0.0884449, 0.391702, 0.606359, 0.842101, 1.08844, 1.36317, 1.62853, 1.88727, 2.15019]
num_agents: 60
time_individual_plan: 0.00781251
time_first_plan: 0.012424
num_max_agents_in_window_first_iteration: 3
num_recWAMPF: 15
timing_recWAMPF:
    total_RecWAMPF: 2.14172
    num_windows: 336
    num_max_agents_in_window: 4
    timing_gari:
        total_GARI: 1.79692
        time_path_btw_starts: 0.00100648
        Stage1:
            total_Stage1:0.06269
            time_add_x_to_o: 0.0447301
            time_clear_x: 0.012401
            timing_AStarSearchUntil:
                total_astar_search_until:0.00553723
                num_values_f_less_fmax:3129
                ASU Exp:
                    total_ASUExp:0.00552818
                    time_top_o:0.000792292
                    time_check_in_c:0.000410279
                    time_add_parent:0.000225899
                    num_neighbors:6384
                    time_add_neighbors_to_o:0.002979
        Stage2:
            total_Stage2:0.0138148
            num_len_path:295
            time_expanding_s:0.000164057
            timing_AStarSearchUntil:
                total_astar_search_until:0.0135123
                num_values_f_less_fmax:607
                ASU Exp:
                    total_ASUExp:0.0135042
                    time_top_o:0.000200753
                    time_check_in_c:0.000206743
                    time_add_parent:0.00024421
                    num_neighbors:21719
                    time_add_neighbors_to_o:0.0110984
        Stage3:
            total_Stage3:1.71901
            num_until_goal_expanded:7190
            timing_S3Exp:
                total_S3Exp: 0.959415
                time_top_o: 0.00562891
                time_check_in_c: 0.00171463
                time_add_parent: 0.00312567
                num_neighbors: 1290474
                time_add_neighbors_to_o: 0.936145
    timing_PIOW_overlapping:
        total_PIOW: 0.024365
        num_windows: 2758
        time_check_overlap: 0.000114085
        num_overlapping_windows: 15
        time_merge_windows: 1.7678e-05
        time_remove_window: 3.484e-06
        time_remove_window: 1.6792e-05
        timing_PlanIn:
            total_PlanIn:0.0241346
            num_until_goal_expanded:809
            timing_expansions:
                total_S3Exp: 0.0241011
                time_top_o: 0.000194429
                time_check_in_c: 0.000175246
                time_add_parent: 0.00024263
                num_neighbors: 33854
                time_add_neighbors_to_o: 0.0212193
    num_new_collisions: 23
    timing_PIOW_new_collisions:
        total_PIOW: 0.304699
        num_windows: 442
        time_check_overlap: 1.5683e-05
        num_overlapping_windows: 2
        time_merge_windows: 0
        time_remove_window: 0.10315
        time_remove_window: 1.5485e-05
        timing_PlanIn:
            total_PlanIn:0.304628
            num_until_goal_expanded:1712
            timing_expansions:
                total_S3Exp: 0.304579
                time_top_o: 0.00100794
                time_check_in_c: 0.000455193
                time_add_parent: 0.000729831
                num_neighbors: 405280
                time_add_neighbors_to_o: 0.286557
    num_windows_should_quit: 0
    time_should_quit: 2.3233e-05
    time_remove_window: 0
Complete!
