Total time: 0.0910176
is_optimal: false
optimality_bound: 1.00481
successive_bounds: [1.00674, 1.00674, 1.00546, 1.00481, 1.00481, 1.00481]
successive_runtimes: [0.0147756, 0.0185566, 0.0385383, 0.0662084, 0.0786541, 0.0910175]
num_agents: 50
time_individual_plan: 0.0104888
time_first_plan: 0.00376785
num_max_agents_in_window_first_iteration: 2
num_recWAMPF: 6
timing_recWAMPF:
    total_RecWAMPF: 0.0800082
    num_windows: 132
    num_max_agents_in_window: 3
    timing_gari:
        total_GARI: 0.0579188
        time_path_btw_starts: 0.000322407
        Stage1:
            total_Stage1:0.0311509
            time_add_x_to_o: 0.00789409
            time_clear_x: 0.00083706
            timing_AStarSearchUntil:
                total_astar_search_until:0.0224131
                num_values_f_less_fmax:2582
                ASU Exp:
                    total_ASUExp:0.0224101
                    time_top_o:0.00068155
                    time_check_in_c:0.000425403
                    time_add_parent:0.00046514
                    num_neighbors:52038
                    time_add_neighbors_to_o:0.0194617
        Stage2:
            total_Stage2:0.0138781
            num_len_path:118
            time_expanding_s:5.6348e-05
            timing_AStarSearchUntil:
                total_astar_search_until:0.0137876
                num_values_f_less_fmax:563
                ASU Exp:
                    total_ASUExp:0.0137849
                    time_top_o:0.000188284
                    time_check_in_c:9.9229e-05
                    time_add_parent:0.000158396
                    num_neighbors:32106
                    time_add_neighbors_to_o:0.0126493
        Stage3:
            total_Stage3:0.0125482
            num_until_goal_expanded:894
            timing_S3Exp:
                total_S3Exp: 0.00479919
                time_top_o: 0.000201996
                time_check_in_c: 0.000129585
                time_add_parent: 0.000245389
                num_neighbors: 7911
                time_add_neighbors_to_o: 0.00329751
    timing_PIOW_overlapping:
        total_PIOW: 3.593e-05
        num_windows: 720
        time_check_overlap: 2.0393e-05
        num_overlapping_windows: 0
        time_merge_windows: 0
        time_remove_window: 0
        time_remove_window: 0
        timing_PlanIn:
            total_PlanIn:0
            num_until_goal_expanded:0
            timing_expansions:
                total_S3Exp: 0
                time_top_o: 0
                time_check_in_c: 0
                time_add_parent: 0
                num_neighbors: 0
                time_add_neighbors_to_o: 0
    num_new_collisions: 13
    timing_PIOW_new_collisions:
        total_PIOW: 0.0163924
        num_windows: 164
        time_check_overlap: 4.306e-06
        num_overlapping_windows: 1
        time_merge_windows: 0
        time_remove_window: 0.0230897
        time_remove_window: 4.181e-06
        timing_PlanIn:
            total_PlanIn:0.0163696
            num_until_goal_expanded:681
            timing_expansions:
                total_S3Exp: 0.016347
                time_top_o: 0.000189786
                time_check_in_c: 0.000126571
                time_add_parent: 0.000177466
                num_neighbors: 35688
                time_add_neighbors_to_o: 0.0140888
    num_windows_should_quit: 0
    time_should_quit: 7.764e-06
    time_remove_window: 0
Complete!
