Total time: 4.54607
is_optimal: false
optimality_bound: 1.00251
successive_bounds: [1.00602, 1.00552, 1.00477, 1.00477, 1.00477, 1.00427, 1.00427, 1.00377, 1.00326, 1.00326, 1.00326, 1.00326, 1.00326, 1.00326, 1.00326, 1.00326, 1.00326, 1.00251, 1.00251, 1.00251, 1.00251]
successive_runtimes: [0.0266917, 0.0722511, 0.134883, 0.208183, 0.310804, 0.435918, 0.616607, 0.847033, 1.13036, 1.20707, 1.22434, 1.24084, 1.25685, 1.27577, 1.29456, 1.31342, 1.3329, 1.35122, 2.88657, 4.18115, 4.54607]
num_agents: 60
time_individual_plan: 0.00765424
time_first_plan: 0.0183309
num_max_agents_in_window_first_iteration: 3
num_recWAMPF: 21
timing_recWAMPF:
    total_RecWAMPF: 4.5377
    num_windows: 256
    num_max_agents_in_window: 5
    timing_gari:
        total_GARI: 2.8609
        time_path_btw_starts: 0.000980637
        Stage1:
            total_Stage1:1.47649
            time_add_x_to_o: 0.839258
            time_clear_x: 0.176479
            timing_AStarSearchUntil:
                total_astar_search_until:0.460736
                num_values_f_less_fmax:9036
                ASU Exp:
                    total_ASUExp:0.460728
                    time_top_o:0.00688066
                    time_check_in_c:0.00873867
                    time_add_parent:0.00933581
                    num_neighbors:736044
                    time_add_neighbors_to_o:0.425242
        Stage2:
            total_Stage2:0.0411313
            num_len_path:239
            time_expanding_s:0.000760265
            timing_AStarSearchUntil:
                total_astar_search_until:0.0402206
                num_values_f_less_fmax:632
                ASU Exp:
                    total_ASUExp:0.0402143
                    time_top_o:0.000268402
                    time_check_in_c:0.000187743
                    time_add_parent:0.000287419
                    num_neighbors:63231
                    time_add_neighbors_to_o:0.0344073
        Stage3:
            total_Stage3:1.34223
            num_until_goal_expanded:5845
            timing_S3Exp:
                total_S3Exp: 0.618521
                time_top_o: 0.00332564
                time_check_in_c: 0.00123807
                time_add_parent: 0.00286215
                num_neighbors: 667979
                time_add_neighbors_to_o: 0.418439
    timing_PIOW_overlapping:
        total_PIOW: 0.12197
        num_windows: 907
        time_check_overlap: 4.7655e-05
        num_overlapping_windows: 7
        time_merge_windows: 1.5472e-05
        time_remove_window: 2.914e-06
        time_remove_window: 1.4797e-05
        timing_PlanIn:
            total_PlanIn:0.121851
            num_until_goal_expanded:1854
            timing_expansions:
                total_S3Exp: 0.121826
                time_top_o: 0.000875015
                time_check_in_c: 0.000420069
                time_add_parent: 0.000638197
                num_neighbors: 202594
                time_add_neighbors_to_o: 0.110097
    num_new_collisions: 16
    timing_PIOW_new_collisions:
        total_PIOW: 1.53125
        num_windows: 198
        time_check_overlap: 9.139e-06
        num_overlapping_windows: 4
        time_merge_windows: 0
        time_remove_window: 3.01776
        time_remove_window: 1.0165e-05
        timing_PlanIn:
            total_PlanIn:1.53119
            num_until_goal_expanded:1664
            timing_expansions:
                total_S3Exp: 1.53115
                time_top_o: 0.00129493
                time_check_in_c: 0.000480773
                time_add_parent: 0.000800862
                num_neighbors: 1857109
                time_add_neighbors_to_o: 1.46633
    num_windows_should_quit: 0
    time_should_quit: 2.518e-05
    time_remove_window: 0
Complete!
