Total time: 27.7703
is_optimal: false
optimality_bound: 1.00144
successive_bounds: [1.02157, 1.00503, 1.00216, 1.00216, 1.00216, 1.0018, 1.00144]
successive_runtimes: [0.019775, 0.0437624, 0.0627216, 0.0685065, 0.144565, 7.84605, 27.7703]
num_agents: 40
time_individual_plan: 0.0116253
time_first_plan: 0.00744881
num_max_agents_in_window_first_iteration: 2
num_recWAMPF: 7
timing_recWAMPF:
    total_RecWAMPF: 27.758
    num_windows: 144
    num_max_agents_in_window: 5
    timing_gari:
        total_GARI: 20.7149
        time_path_btw_starts: 0.00190886
        Stage1:
            total_Stage1:20.5471
            time_add_x_to_o: 0.414874
            time_clear_x: 0.0775277
            timing_AStarSearchUntil:
                total_astar_search_until:20.0547
                num_values_f_less_fmax:17110
                ASU Exp:
                    total_ASUExp:20.0547
                    time_top_o:0.0366247
                    time_check_in_c:0.112727
                    time_add_parent:0.0102078
                    num_neighbors:31291489
                    time_add_neighbors_to_o:19.8478
        Stage2:
            total_Stage2:0.0214328
            num_len_path:155
            time_expanding_s:0.000176382
            timing_AStarSearchUntil:
                total_astar_search_until:0.0211833
                num_values_f_less_fmax:284
                ASU Exp:
                    total_ASUExp:0.0211798
                    time_top_o:9.7532e-05
                    time_check_in_c:7.051e-05
                    time_add_parent:0.000111951
                    num_neighbors:35423
                    time_add_neighbors_to_o:0.0204468
        Stage3:
            total_Stage3:0.140005
            num_until_goal_expanded:1016
            timing_S3Exp:
                total_S3Exp: 0.0290215
                time_top_o: 0.00041896
                time_check_in_c: 0.000187292
                time_add_parent: 0.000406767
                num_neighbors: 36588
                time_add_neighbors_to_o: 0.0260052
    timing_PIOW_overlapping:
        total_PIOW: 7.02941
        num_windows: 790
        time_check_overlap: 3.2029e-05
        num_overlapping_windows: 3
        time_merge_windows: 7.098e-06
        time_remove_window: 1.296e-06
        time_remove_window: 6.805e-06
        timing_PlanIn:
            total_PlanIn:7.02934
            num_until_goal_expanded:1822
            timing_expansions:
                total_S3Exp: 7.02933
                time_top_o: 0.00157583
                time_check_in_c: 0.000741795
                time_add_parent: 0.00108106
                num_neighbors: 10494023
                time_add_neighbors_to_o: 6.6869
    num_new_collisions: 15
    timing_PIOW_new_collisions:
        total_PIOW: 0.00837871
        num_windows: 219
        time_check_overlap: 8.849e-06
        num_overlapping_windows: 3
        time_merge_windows: 0
        time_remove_window: 0.164514
        time_remove_window: 8.212e-06
        timing_PlanIn:
            total_PlanIn:0.00833352
            num_until_goal_expanded:567
            timing_expansions:
                total_S3Exp: 0.00830143
                time_top_o: 9.8489e-05
                time_check_in_c: 0.000121275
                time_add_parent: 0.000170856
                num_neighbors: 11999
                time_add_neighbors_to_o: 0.00672902
    num_windows_should_quit: 0
    time_should_quit: 1.0119e-05
    time_remove_window: 0
Complete!
