Total time: 0.01135
is_optimal: true
optimality_bound: 1
successive_bounds: [1.00173, 1.00173, 1.00173, 1.00173, 1.00173, 1.00173, 1.00173, 1.00173, 1.00173, 1.00173, 1.00173, 1, 1]
successive_runtimes: [0.00496378, 0.00541352, 0.00569031, 0.0060422, 0.00633293, 0.00668927, 0.00710716, 0.00759831, 0.00829719, 0.00920461, 0.0100973, 0.0113499]
num_agents: 20
time_individual_plan: 0.00400761
time_first_plan: 0.00042745
num_max_agents_in_window_first_iteration: 2
num_recWAMPF: 12
timing_recWAMPF:
    total_RecWAMPF: 0.0068116
    num_windows: 69
    num_max_agents_in_window: 2
    timing_gari:
        total_GARI: 0.00546957
        time_path_btw_starts: 0.000130623
        Stage1:
            total_Stage1:0.00259192
            time_add_x_to_o: 0.00116587
            time_clear_x: 0.000156119
            timing_AStarSearchUntil:
                total_astar_search_until:0.00126656
                num_values_f_less_fmax:308
                ASU Exp:
                    total_ASUExp:0.00126508
                    time_top_o:7.7e-05
                    time_check_in_c:7.8372e-05
                    time_add_parent:4.7198e-05
                    num_neighbors:2438
                    time_add_neighbors_to_o:0.000910069
        Stage2:
            total_Stage2:0.00148954
            num_len_path:69
            time_expanding_s:2.7414e-05
            timing_AStarSearchUntil:
                total_astar_search_until:0.00144584
                num_values_f_less_fmax:120
                ASU Exp:
                    total_ASUExp:0.00144449
                    time_top_o:2.7201e-05
                    time_check_in_c:2.556e-05
                    time_add_parent:3.1284e-05
                    num_neighbors:3129
                    time_add_neighbors_to_o:0.00122532
        Stage3:
            total_Stage3:0.00124883
            num_until_goal_expanded:101
            timing_S3Exp:
                total_S3Exp: 0.000733959
                time_top_o: 1.5411e-05
                time_check_in_c: 1.1295e-05
                time_add_parent: 2.0451e-05
                num_neighbors: 946
                time_add_neighbors_to_o: 0.000503164
    timing_PIOW_overlapping:
        total_PIOW: 5.126e-06
        num_windows: 99
        time_check_overlap: 2.375e-06
        num_overlapping_windows: 0
        time_merge_windows: 0
        time_remove_window: 0
        time_remove_window: 0
        timing_PlanIn:
            total_PlanIn:0
            num_until_goal_expanded:0
            timing_expansions:
                total_S3Exp: 0
                time_top_o: 0
                time_check_in_c: 0
                time_add_parent: 0
                num_neighbors: 0
                time_add_neighbors_to_o: 0
    num_new_collisions: 3
    timing_PIOW_new_collisions:
        total_PIOW: 0.00027475
        num_windows: 6
        time_check_overlap: 3e-07
        num_overlapping_windows: 0
        time_merge_windows: 0
        time_remove_window: 0
        time_remove_window: 8.65e-07
        timing_PlanIn:
            total_PlanIn:0.000270849
            num_until_goal_expanded:31
            timing_expansions:
                total_S3Exp: 0.00026495
                time_top_o: 4.773e-06
                time_check_in_c: 5.863e-06
                time_add_parent: 8.912e-06
                num_neighbors: 416
                time_add_neighbors_to_o: 0.000196081
    num_windows_should_quit: 0
    time_should_quit: 1.96e-06
    time_remove_window: 0
Complete!
