Total time: 0.492605
is_optimal: true
optimality_bound: 1
successive_bounds: [1.02798, 1.00271, 1.00181, 1.00181, 1.00181, 1.00181, 1.00181, 1.00181, 1.00181, 1.00181, 1.00181, 1.00181, 1.00181, 1.00181, 1.00181, 1.00181, 1.00181, 1.00181, 1.00181, 1.00181, 1.00181, 1.00181, 1]
successive_runtimes: [0.260703, 0.443985, 0.460855, 0.469265, 0.470709, 0.472268, 0.473841, 0.475276, 0.476847, 0.478425, 0.479631, 0.480821, 0.481998, 0.48317, 0.484345, 0.485525, 0.486704, 0.487875, 0.489058, 0.490253, 0.49145, 0.492605]
num_agents: 20
time_individual_plan: 0.00757039
time_first_plan: 0.251591
num_max_agents_in_window_first_iteration: 2
num_recWAMPF: 22
timing_recWAMPF:
    total_RecWAMPF: 0.483488
    num_windows: 46
    num_max_agents_in_window: 3
    timing_gari:
        total_GARI: 0.116866
        time_path_btw_starts: 0.000130614
        Stage1:
            total_Stage1:0.0934632
            time_add_x_to_o: 0.0257219
            time_clear_x: 0.00506531
            timing_AStarSearchUntil:
                total_astar_search_until:0.0123529
                num_values_f_less_fmax:5241
                ASU Exp:
                    total_ASUExp:0.012351
                    time_top_o:0.00370214
                    time_check_in_c:0.00210129
                    time_add_parent:0.00191307
                    num_neighbors:66983
                    time_add_neighbors_to_o:0.0464177
        Stage2:
            total_Stage2:0.00273406
            num_len_path:22
            time_expanding_s:0.000155614
            timing_AStarSearchUntil:
                total_astar_search_until:0.00255654
                num_values_f_less_fmax:22
                ASU Exp:
                    total_ASUExp:0.00255536
                    time_top_o:1.3431e-05
                    time_check_in_c:1.0046e-05
                    time_add_parent:2.1013e-05
                    num_neighbors:3325
                    time_add_neighbors_to_o:0.00240468
        Stage3:
            total_Stage3:0.0205241
            num_until_goal_expanded:154
            timing_S3Exp:
                total_S3Exp: 0.00237271
                time_top_o: 6.6591e-05
                time_check_in_c: 3.6707e-05
                time_add_parent: 7.3951e-05
                num_neighbors: 679
                time_add_neighbors_to_o: 0.000425712
    timing_PIOW_overlapping:
        total_PIOW: 0.0140606
        num_windows: 29
        time_check_overlap: 5.75e-07
        num_overlapping_windows: 2
        time_merge_windows: 5.698e-06
        time_remove_window: 6.61e-07
        time_remove_window: 5.52e-06
        timing_PlanIn:
            total_PlanIn:0.0140486
            num_until_goal_expanded:212
            timing_expansions:
                total_S3Exp: 0.0140392
                time_top_o: 7.8313e-05
                time_check_in_c: 0.000119626
                time_add_parent: 0.000177234
                num_neighbors: 13746
                time_add_neighbors_to_o: 0.0121901
    num_new_collisions: 3
    timing_PIOW_new_collisions:
        total_PIOW: 0.251219
        num_windows: 6
        time_check_overlap: 8.85e-07
        num_overlapping_windows: 0
        time_merge_windows: 0
        time_remove_window: 0
        time_remove_window: 2.353e-06
        timing_PlanIn:
            total_PlanIn:0.251206
            num_until_goal_expanded:8842
            timing_expansions:
                total_S3Exp: 0.243752
                time_top_o: 0.00390564
                time_check_in_c: 0.00336856
                time_add_parent: 0.00662959
                num_neighbors: 222783
                time_add_neighbors_to_o: 0.196762
    num_windows_should_quit: 1
    time_should_quit: 3.37e-06
    time_remove_window: 2.86e-07
Complete!
