Total time: 0.0448314
is_optimal: false
optimality_bound: 1.00469
successive_bounds: [1.00469, 1.00469, 1.00469, 1.00469, 1.00625, 1.00469, 1.00469, 1.00469]
successive_runtimes: [0.00755769, 0.0104221, 0.0150843, 0.0207746, 0.0256146, 0.0312195, 0.0376756, 0.0448314]
num_agents: 20
time_individual_plan: 0.00565602
time_first_plan: 0.00122432
num_max_agents_in_window_first_iteration: 2
num_recWAMPF: 8
timing_recWAMPF:
    total_RecWAMPF: 0.0384957
    num_windows: 45
    num_max_agents_in_window: 2
    timing_gari:
        total_GARI: 0.0360805
        time_path_btw_starts: 0.000147094
        Stage1:
            total_Stage1:0.0186679
            time_add_x_to_o: 0.00692366
            time_clear_x: 0.00113527
            timing_AStarSearchUntil:
                total_astar_search_until:0.0106058
                num_values_f_less_fmax:5279
                ASU Exp:
                    total_ASUExp:0.0106044
                    time_top_o:0.00174292
                    time_check_in_c:0.000805705
                    time_add_parent:0.000605992
                    num_neighbors:12196
                    time_add_neighbors_to_o:0.00562911
        Stage2:
            total_Stage2:0.00403043
            num_len_path:46
            time_expanding_s:2.4295e-05
            timing_AStarSearchUntil:
                total_astar_search_until:0.0039901
                num_values_f_less_fmax:283
                ASU Exp:
                    total_ASUExp:0.00398892
                    time_top_o:8.9917e-05
                    time_check_in_c:7.3874e-05
                    time_add_parent:0.000156111
                    num_neighbors:6672
                    time_add_neighbors_to_o:0.00331118
        Stage3:
            total_Stage3:0.0132248
            num_until_goal_expanded:2086
            timing_S3Exp:
                total_S3Exp: 0.01101
                time_top_o: 0.000690474
                time_check_in_c: 0.000401785
                time_add_parent: 0.000832215
                num_neighbors: 13109
                time_add_neighbors_to_o: 0.00657319
    timing_PIOW_overlapping:
        total_PIOW: 5.889e-06
        num_windows: 63
        time_check_overlap: 2.73e-06
        num_overlapping_windows: 0
        time_merge_windows: 0
        time_remove_window: 0
        time_remove_window: 0
        timing_PlanIn:
            total_PlanIn:0
            num_until_goal_expanded:0
            timing_expansions:
                total_S3Exp: 0
                time_top_o: 0
                time_check_in_c: 0
                time_add_parent: 0
                num_neighbors: 0
                time_add_neighbors_to_o: 0
    num_new_collisions: 4
    timing_PIOW_new_collisions:
        total_PIOW: 0.00149069
        num_windows: 11
        time_check_overlap: 5.82e-07
        num_overlapping_windows: 1
        time_merge_windows: 0
        time_remove_window: 0.0146581
        time_remove_window: 1.318e-06
        timing_PlanIn:
            total_PlanIn:0.00148173
            num_until_goal_expanded:154
            timing_expansions:
                total_S3Exp: 0.00147232
                time_top_o: 2.8842e-05
                time_check_in_c: 5.653e-05
                time_add_parent: 5.0011e-05
                num_neighbors: 1907
                time_add_neighbors_to_o: 0.00106267
    num_windows_should_quit: 0
    time_should_quit: 1.865e-06
    time_remove_window: 0
Complete!
