Total time: 58.2746
is_optimal: false
optimality_bound: 1.00271
successive_bounds: [1.00519, 1.00496, 1.00496, 1.00451, 1.00293, 1.00316, 1.00316, 1.00316, 1.00316, 1.00316, 1.00316, 1.00316, 1.00316, 1.00316, 1.00316, 1.00293, 1.00293, 1.00293, 1.00271, 1.00271, 1.00271]
successive_runtimes: [0.0164678, 0.0219758, 0.0307102, 0.0405845, 0.0552418, 0.0631046, 0.067895, 0.071642, 0.151442, 0.194761, 0.230878, 0.260124, 0.284868, 0.31638, 0.34157, 0.371758, 0.705516, 0.876378, 4.24633, 35.49, 58.2746]
num_agents: 60
time_individual_plan: 0.00923164
time_first_plan: 0.00660648
num_max_agents_in_window_first_iteration: 2
num_recWAMPF: 21
timing_recWAMPF:
    total_RecWAMPF: 58.2647
    num_windows: 277
    num_max_agents_in_window: 4
    timing_gari:
        total_GARI: 54.9662
        time_path_btw_starts: 0.00309295
        Stage1:
            total_Stage1:17.5073
            time_add_x_to_o: 9.23381
            time_clear_x: 2.00647
            timing_AStarSearchUntil:
                total_astar_search_until:6.26702
                num_values_f_less_fmax:59752
                ASU Exp:
                    total_ASUExp:6.26701
                    time_top_o:0.153374
                    time_check_in_c:0.365369
                    time_add_parent:0.0267497
                    num_neighbors:5194093
                    time_add_neighbors_to_o:5.58993
        Stage2:
            total_Stage2:0.0479398
            num_len_path:246
            time_expanding_s:0.000187255
            timing_AStarSearchUntil:
                total_astar_search_until:0.0475976
                num_values_f_less_fmax:903
                ASU Exp:
                    total_ASUExp:0.0475911
                    time_top_o:0.000388591
                    time_check_in_c:0.000303796
                    time_add_parent:0.00040801
                    num_neighbors:80233
                    time_add_neighbors_to_o:0.044586
        Stage3:
            total_Stage3:37.4072
            num_until_goal_expanded:56957
            timing_S3Exp:
                total_S3Exp: 31.1518
                time_top_o: 0.104461
                time_check_in_c: 0.0333113
                time_add_parent: 0.0505896
                num_neighbors: 36423491
                time_add_neighbors_to_o: 28.7505
    timing_PIOW_overlapping:
        total_PIOW: 0.0881313
        num_windows: 1180
        time_check_overlap: 6.3778e-05
        num_overlapping_windows: 12
        time_merge_windows: 1.5738e-05
        time_remove_window: 3.189e-06
        time_remove_window: 1.4957e-05
        timing_PlanIn:
            total_PlanIn:0.0879836
            num_until_goal_expanded:1046
            timing_expansions:
                total_S3Exp: 0.0879509
                time_top_o: 0.000408936
                time_check_in_c: 0.000262159
                time_add_parent: 0.000389202
                num_neighbors: 119401
                time_add_neighbors_to_o: 0.0809573
    num_new_collisions: 19
    timing_PIOW_new_collisions:
        total_PIOW: 3.18932
        num_windows: 275
        time_check_overlap: 1.1897e-05
        num_overlapping_windows: 2
        time_merge_windows: 0
        time_remove_window: 1.10027
        time_remove_window: 1.0473e-05
        timing_PlanIn:
            total_PlanIn:3.18927
            num_until_goal_expanded:5972
            timing_expansions:
                total_S3Exp: 3.18923
                time_top_o: 0.00643288
                time_check_in_c: 0.00209802
                time_add_parent: 0.00386356
                num_neighbors: 4079932
                time_add_neighbors_to_o: 3.03904
    num_windows_should_quit: 0
    time_should_quit: 2.7972e-05
    time_remove_window: 0
Complete!
