Total time: 0.0261251
is_optimal: true
optimality_bound: 1
successive_bounds: [1.0018, 1.0018, 1.0018, 1.0009, 1.0009, 1.0009, 1.0009, 1.0009, 1.0009, 1.0009, 1.0009, 1, 1]
successive_runtimes: [0.00869304, 0.00919751, 0.00969735, 0.0155118, 0.0167213, 0.0179435, 0.0191777, 0.0207047, 0.0223113, 0.0234062, 0.0246369, 0.0261251]
num_agents: 30
time_individual_plan: 0.00752201
time_first_plan: 0.000644541
num_max_agents_in_window_first_iteration: 2
num_recWAMPF: 12
timing_recWAMPF:
    total_RecWAMPF: 0.0180745
    num_windows: 69
    num_max_agents_in_window: 3
    timing_gari:
        total_GARI: 0.00950946
        time_path_btw_starts: 0.000156726
        Stage1:
            total_Stage1:0.000654877
            time_add_x_to_o: 0.000589581
            time_clear_x: 5.8827e-05
            timing_AStarSearchUntil:
                total_astar_search_until:2.948e-06
                num_values_f_less_fmax:0
                ASU Exp:
                    total_ASUExp:1.296e-06
                    time_top_o:0
                    time_check_in_c:0
                    time_add_parent:0
                    num_neighbors:0
                    time_add_neighbors_to_o:0
        Stage2:
            total_Stage2:0.00120066
            num_len_path:59
            time_expanding_s:3.0825e-05
            timing_AStarSearchUntil:
                total_astar_search_until:0.0011383
                num_values_f_less_fmax:90
                ASU Exp:
                    total_ASUExp:0.00113687
                    time_top_o:2.1602e-05
                    time_check_in_c:1.7676e-05
                    time_add_parent:3.0551e-05
                    num_neighbors:2672
                    time_add_neighbors_to_o:0.000954224
        Stage3:
            total_Stage3:0.00748498
            num_until_goal_expanded:316
            timing_S3Exp:
                total_S3Exp: 0.00360467
                time_top_o: 7.0524e-05
                time_check_in_c: 4.1473e-05
                time_add_parent: 7.252e-05
                num_neighbors: 5515
                time_add_neighbors_to_o: 0.00293288
    timing_PIOW_overlapping:
        total_PIOW: 6.274e-06
        num_windows: 99
        time_check_overlap: 3.337e-06
        num_overlapping_windows: 0
        time_merge_windows: 0
        time_remove_window: 0
        time_remove_window: 0
        timing_PlanIn:
            total_PlanIn:0
            num_until_goal_expanded:0
            timing_expansions:
                total_S3Exp: 0
                time_top_o: 0
                time_check_in_c: 0
                time_add_parent: 0
                num_neighbors: 0
                time_add_neighbors_to_o: 0
    num_new_collisions: 4
    timing_PIOW_new_collisions:
        total_PIOW: 0.00549541
        num_windows: 12
        time_check_overlap: 6.84e-07
        num_overlapping_windows: 1
        time_merge_windows: 0
        time_remove_window: 0.0102214
        time_remove_window: 1.257e-06
        timing_PlanIn:
            total_PlanIn:0.00548774
            num_until_goal_expanded:116
            timing_expansions:
                total_S3Exp: 0.00547174
                time_top_o: 2.8358e-05
                time_check_in_c: 2.0721e-05
                time_add_parent: 3.1611e-05
                num_neighbors: 8278
                time_add_neighbors_to_o: 0.0050035
    num_windows_should_quit: 0
    time_should_quit: 1.986e-06
    time_remove_window: 0
Complete!
