Total time: 0.0119982
is_optimal: true
optimality_bound: 1
successive_bounds: [1.00273, 1.00273, 1.00273, 1.00273, 1.00273, 1.00273, 1.00273, 1.00273, 1.00273, 1.00273, 1.00273, 1.00273, 1.00273, 1.00273, 1.00273, 1.00273, 1.00273, 1.00273, 1.00273, 1.00273, 1.00273, 1.00273, 1.00273, 1.00273, 1.00273, 1, 1]
successive_runtimes: [0.00276867, 0.00296523, 0.0031447, 0.00335124, 0.00355103, 0.00382068, 0.00403617, 0.00427408, 0.00450457, 0.00471471, 0.00499055, 0.00530666, 0.00563046, 0.00590363, 0.00623843, 0.00660589, 0.0069518, 0.00736824, 0.00773147, 0.00819456, 0.00870282, 0.00921287, 0.00971846, 0.0102579, 0.0108335, 0.0119982]
num_agents: 10
time_individual_plan: 0.00187922
time_first_plan: 0.000201939
num_max_agents_in_window_first_iteration: 2
num_recWAMPF: 26
timing_recWAMPF:
    total_RecWAMPF: 0.00942687
    num_windows: 51
    num_max_agents_in_window: 2
    timing_gari:
        total_GARI: 0.00876557
        time_path_btw_starts: 0.000126499
        Stage1:
            total_Stage1:0.00245101
            time_add_x_to_o: 0.00112738
            time_clear_x: 0.000128808
            timing_AStarSearchUntil:
                total_astar_search_until:0.00119159
                num_values_f_less_fmax:132
                ASU Exp:
                    total_ASUExp:0.00119019
                    time_top_o:4.0901e-05
                    time_check_in_c:3.4322e-05
                    time_add_parent:3.9004e-05
                    num_neighbors:2350
                    time_add_neighbors_to_o:0.000941007
        Stage2:
            total_Stage2:0.00230913
            num_len_path:51
            time_expanding_s:2.1311e-05
            timing_AStarSearchUntil:
                total_astar_search_until:0.00227176
                num_values_f_less_fmax:184
                ASU Exp:
                    total_ASUExp:0.00227053
                    time_top_o:4.8766e-05
                    time_check_in_c:3.8158e-05
                    time_add_parent:5.1787e-05
                    num_neighbors:4541
                    time_add_neighbors_to_o:0.00192593
        Stage3:
            total_Stage3:0.00386906
            num_until_goal_expanded:121
            timing_S3Exp:
                total_S3Exp: 0.00144327
                time_top_o: 4.0621e-05
                time_check_in_c: 2.0384e-05
                time_add_parent: 3.6485e-05
                num_neighbors: 1531
                time_add_neighbors_to_o: 0.00106508
    timing_PIOW_overlapping:
        total_PIOW: 1.113e-06
        num_windows: 25
        time_check_overlap: 0
        num_overlapping_windows: 0
        time_merge_windows: 0
        time_remove_window: 0
        time_remove_window: 0
        timing_PlanIn:
            total_PlanIn:0
            num_until_goal_expanded:0
            timing_expansions:
                total_S3Exp: 0
                time_top_o: 0
                time_check_in_c: 0
                time_add_parent: 0
                num_neighbors: 0
                time_add_neighbors_to_o: 0
    num_new_collisions: 1
    timing_PIOW_new_collisions:
        total_PIOW: 0.000171819
        num_windows: 0
        time_check_overlap: 0
        num_overlapping_windows: 0
        time_merge_windows: 0
        time_remove_window: 0
        time_remove_window: 2.79e-07
        timing_PlanIn:
            total_PlanIn:0.00016986
            num_until_goal_expanded:12
            timing_expansions:
                total_S3Exp: 0.000166702
                time_top_o: 2.706e-06
                time_check_in_c: 3.125e-06
                time_add_parent: 4.713e-06
                num_neighbors: 236
                time_add_neighbors_to_o: 0.000131368
    num_windows_should_quit: 0
    time_should_quit: 1.663e-06
    time_remove_window: 0
Complete!
