Total time: 1.34355
is_optimal: true
optimality_bound: 1
successive_bounds: [1.00303, 1.00303, 1.00303, 1.00228, 1.00228, 1.00228, 1.00152, 1.00114, 1.00114, 1.00076, 1.00076, 1.00076, 1.00076, 1.00076, 1.00076, 1.00076, 1.00076, 1.00076, 1.00076, 1.00076, 1.00076, 1.00076, 1.00076, 1.00076, 1.00076, 1.00076, 1.00076, 1.00076, 1.00076, 1, 1]
successive_runtimes: [0.00977514, 0.0190824, 0.0385624, 0.0644291, 0.0861649, 0.109547, 0.143458, 0.171958, 0.191166, 0.210743, 0.224264, 0.237477, 0.249976, 0.261847, 0.27382, 0.286118, 0.298928, 0.311095, 0.3234, 0.336151, 0.349075, 0.362406, 0.376152, 0.38909, 0.402598, 0.415951, 0.799704, 0.926139, 1.16135, 1.34355]
num_agents: 40
time_individual_plan: 0.00599305
time_first_plan: 0.00325644
num_max_agents_in_window_first_iteration: 3
num_recWAMPF: 30
timing_recWAMPF:
    total_RecWAMPF: 1.33703
    num_windows: 250
    num_max_agents_in_window: 3
    timing_gari:
        total_GARI: 1.31088
        time_path_btw_starts: 0.00488636
        Stage1:
            total_Stage1:0.352632
            time_add_x_to_o: 0.129701
            time_clear_x: 0.0242994
            timing_AStarSearchUntil:
                total_astar_search_until:0.19861
                num_values_f_less_fmax:13058
                ASU Exp:
                    total_ASUExp:0.198601
                    time_top_o:0.00803105
                    time_check_in_c:0.00331594
                    time_add_parent:0.00221518
                    num_neighbors:414308
                    time_add_neighbors_to_o:0.172845
        Stage2:
            total_Stage2:0.0566514
            num_len_path:269
            time_expanding_s:0.000464511
            timing_AStarSearchUntil:
                total_astar_search_until:0.0560563
                num_values_f_less_fmax:2381
                ASU Exp:
                    total_ASUExp:0.0560508
                    time_top_o:0.000879972
                    time_check_in_c:0.000498976
                    time_add_parent:0.000723619
                    num_neighbors:124506
                    time_add_neighbors_to_o:0.0511444
        Stage3:
            total_Stage3:0.896635
            num_until_goal_expanded:13103
            timing_S3Exp:
                total_S3Exp: 0.499775
                time_top_o: 0.0103675
                time_check_in_c: 0.0024764
                time_add_parent: 0.00572685
                num_neighbors: 1017497
                time_add_neighbors_to_o: 0.460532
    timing_PIOW_overlapping:
        total_PIOW: 0.0109289
        num_windows: 530
        time_check_overlap: 2.9004e-05
        num_overlapping_windows: 2
        time_merge_windows: 3.437e-06
        time_remove_window: 3.83e-07
        time_remove_window: 3.329e-06
        timing_PlanIn:
            total_PlanIn:0.0108753
            num_until_goal_expanded:213
            timing_expansions:
                total_S3Exp: 0.0108711
                time_top_o: 5.4356e-05
                time_check_in_c: 3.6083e-05
                time_add_parent: 6.9646e-05
                num_neighbors: 21175
                time_add_neighbors_to_o: 0.00985727
    num_new_collisions: 7
    timing_PIOW_new_collisions:
        total_PIOW: 0.00180091
        num_windows: 40
        time_check_overlap: 1.371e-06
        num_overlapping_windows: 1
        time_merge_windows: 0
        time_remove_window: 0.00732606
        time_remove_window: 1.957e-06
        timing_PlanIn:
            total_PlanIn:0.00178989
            num_until_goal_expanded:127
            timing_expansions:
                total_S3Exp: 0.00177247
                time_top_o: 1.7442e-05
                time_check_in_c: 2.1795e-05
                time_add_parent: 3.4534e-05
                num_neighbors: 2912
                time_add_neighbors_to_o: 0.00144444
    num_windows_should_quit: 0
    time_should_quit: 1.5755e-05
    time_remove_window: 0
Complete!
