Total time: 54.9779
is_optimal: false
optimality_bound: 1.0169
successive_bounds: [1.01732, 1.0172, 1.01714, 1.01711, 1.01711, 1.01705, 1.01705, 1.0169, 1.0169, 1.0169, 1.0169, 1.0169]
successive_runtimes: [41.2215, 42.6716, 42.8104, 42.9286, 43.047, 43.1747, 43.4039, 54.6714, 54.7422, 54.8205, 54.9014, 54.9779]
num_agents: 160
time_individual_plan: 0.441806
time_first_plan: 40.7789
num_max_agents_in_window_first_iteration: 5
num_recWAMPF: 12
timing_recWAMPF:
    total_RecWAMPF: 54.5353
    num_windows: 303
    num_max_agents_in_window: 5
    timing_gari:
        total_GARI: 1.05483
        time_path_btw_starts: 0.00189551
        Stage1:
            total_Stage1:0.227323
            time_add_x_to_o: 0.182062
            time_clear_x: 0.0437827
            timing_AStarSearchUntil:
                total_astar_search_until:0.00145814
                num_values_f_less_fmax:163
                ASU Exp:
                    total_ASUExp:0.00144883
                    time_top_o:7.1874e-05
                    time_check_in_c:7.5225e-05
                    time_add_parent:5.3821e-05
                    num_neighbors:1464
                    time_add_neighbors_to_o:0.00102833
        Stage2:
            total_Stage2:0.0308512
            num_len_path:256
            time_expanding_s:0.00200106
            timing_AStarSearchUntil:
                total_astar_search_until:0.0286488
                num_values_f_less_fmax:628
                ASU Exp:
                    total_ASUExp:0.0286415
                    time_top_o:0.000274024
                    time_check_in_c:0.0003973
                    time_add_parent:0.00148687
                    num_neighbors:18585
                    time_add_neighbors_to_o:0.0183028
        Stage3:
            total_Stage3:0.794668
            num_until_goal_expanded:7395
            timing_S3Exp:
                total_S3Exp: 0.256103
                time_top_o: 0.00343726
                time_check_in_c: 0.00266272
                time_add_parent: 0.00591464
                num_neighbors: 162456
                time_add_neighbors_to_o: 0.160807
    timing_PIOW_overlapping:
        total_PIOW: 12.341
        num_windows: 3433
        time_check_overlap: 0.000109784
        num_overlapping_windows: 40
        time_merge_windows: 0.000112789
        time_remove_window: 1.3975e-05
        time_remove_window: 0.000109951
        timing_PlanIn:
            total_PlanIn:12.3406
            num_until_goal_expanded:100632
            timing_expansions:
                total_S3Exp: 2.30526
                time_top_o: 0.0613036
                time_check_in_c: 0.0288575
                time_add_parent: 0.0785233
                num_neighbors: 10458597
                time_add_neighbors_to_o: 9.47346
    num_new_collisions: 52
    timing_PIOW_new_collisions:
        total_PIOW: 40.3428
        num_windows: 2584
        time_check_overlap: 8.3875e-05
        num_overlapping_windows: 7
        time_merge_windows: 1.353e-05
        time_remove_window: 3.56375
        time_remove_window: 7.4903e-05
        timing_PlanIn:
            total_PlanIn:40.3424
            num_until_goal_expanded:374458
            timing_expansions:
                total_S3Exp: 33.1831
                time_top_o: 0.17591
                time_check_in_c: 0.107848
                time_add_parent: 0.219055
                num_neighbors: 46603902
                time_add_neighbors_to_o: 36.8137
    num_windows_should_quit: 0
    time_should_quit: 4.3706e-05
    time_remove_window: 0
Complete!
