Total time: 2.20342
is_optimal: false
optimality_bound: 1.0022
successive_bounds: [1.00721, 1.00565, 1.00565, 1.00439, 1.00439, 1.00408, 1.00408, 1.00345, 1.00345, 1.00345, 1.00345, 1.00314, 1.00314, 1.00314, 1.00251, 1.00251, 1.0022, 1.0022, 1.0022]
successive_runtimes: [0.023459, 0.039216, 0.0506893, 0.0748836, 0.11184, 0.145498, 0.18648, 0.246721, 0.278591, 0.297414, 0.326861, 0.374211, 0.421637, 0.475841, 0.518689, 0.559202, 0.602869, 1.37856, 2.20342]
num_agents: 50
time_individual_plan: 0.0172988
time_first_plan: 0.00511732
num_max_agents_in_window_first_iteration: 2
num_recWAMPF: 19
timing_recWAMPF:
    total_RecWAMPF: 2.18507
    num_windows: 298
    num_max_agents_in_window: 3
    timing_gari:
        total_GARI: 1.38344
        time_path_btw_starts: 0.00677074
        Stage1:
            total_Stage1:1.0154
            time_add_x_to_o: 0.222445
            time_clear_x: 0.0547853
            timing_AStarSearchUntil:
                total_astar_search_until:0.738142
                num_values_f_less_fmax:17626
                ASU Exp:
                    total_ASUExp:0.738132
                    time_top_o:0.0297633
                    time_check_in_c:0.00998962
                    time_add_parent:0.00710289
                    num_neighbors:977217
                    time_add_neighbors_to_o:0.662683
        Stage2:
            total_Stage2:0.0276089
            num_len_path:244
            time_expanding_s:0.000178642
            timing_AStarSearchUntil:
                total_astar_search_until:0.0272407
                num_values_f_less_fmax:792
                ASU Exp:
                    total_ASUExp:0.0272336
                    time_top_o:0.000388563
                    time_check_in_c:0.000195718
                    time_add_parent:0.000336942
                    num_neighbors:46332
                    time_add_neighbors_to_o:0.0249593
        Stage3:
            total_Stage3:0.324451
            num_until_goal_expanded:1601
            timing_S3Exp:
                total_S3Exp: 0.0250696
                time_top_o: 0.000606261
                time_check_in_c: 0.000369766
                time_add_parent: 0.000699876
                num_neighbors: 30276
                time_add_neighbors_to_o: 0.0199413
    timing_PIOW_overlapping:
        total_PIOW: 0.78581
        num_windows: 1386
        time_check_overlap: 7.7005e-05
        num_overlapping_windows: 10
        time_merge_windows: 2.1621e-05
        time_remove_window: 3.067e-06
        time_remove_window: 2.0995e-05
        timing_PlanIn:
            total_PlanIn:0.785639
            num_until_goal_expanded:9742
            timing_expansions:
                total_S3Exp: 0.785599
                time_top_o: 0.0133863
                time_check_in_c: 0.0036797
                time_add_parent: 0.00640384
                num_neighbors: 1012031
                time_add_neighbors_to_o: 0.709181
    num_new_collisions: 16
    timing_PIOW_new_collisions:
        total_PIOW: 0.00210076
        num_windows: 222
        time_check_overlap: 8.497e-06
        num_overlapping_windows: 0
        time_merge_windows: 0
        time_remove_window: 0
        time_remove_window: 7.091e-06
        timing_PlanIn:
            total_PlanIn:0.00205885
            num_until_goal_expanded:202
            timing_expansions:
                total_S3Exp: 0.00201324
                time_top_o: 5.119e-05
                time_check_in_c: 4.7297e-05
                time_add_parent: 6.7121e-05
                num_neighbors: 2372
                time_add_neighbors_to_o: 0.00146295
    num_windows_should_quit: 0
    time_should_quit: 2.917e-05
    time_remove_window: 0
Complete!
