Total time: 0.0680487
is_optimal: true
optimality_bound: 1
successive_bounds: [1.00143, 1.00143, 1.00143, 1.00143, 1.00143, 1.00143, 1.00143, 1.00143, 1.00143, 1.00143, 1.00143, 1.00143, 1.00143, 1.00143, 1.00143, 1.00143, 1.00143, 1.00143, 1.00143, 1.00143, 1, 1]
successive_runtimes: [0.0071255, 0.00752664, 0.00798908, 0.00845236, 0.00910013, 0.00982993, 0.0108518, 0.0120772, 0.0127773, 0.01339, 0.0147379, 0.016151, 0.0197871, 0.02581, 0.0320728, 0.0389471, 0.0459516, 0.0540142, 0.0582467, 0.0648434, 0.0680487]
num_agents: 20
time_individual_plan: 0.00614439
time_first_plan: 0.000295481
num_max_agents_in_window_first_iteration: 2
num_recWAMPF: 21
timing_recWAMPF:
    total_RecWAMPF: 0.0612116
    num_windows: 41
    num_max_agents_in_window: 2
    timing_gari:
        total_GARI: 0.0588646
        time_path_btw_starts: 0.000131407
        Stage1:
            total_Stage1:0.0406433
            time_add_x_to_o: 0.0138137
            time_clear_x: 0.00281445
            timing_AStarSearchUntil:
                total_astar_search_until:0.0240105
                num_values_f_less_fmax:3318
                ASU Exp:
                    total_ASUExp:0.0240088
                    time_top_o:0.00173283
                    time_check_in_c:0.000810517
                    time_add_parent:0.000922786
                    num_neighbors:37540
                    time_add_neighbors_to_o:0.0177414
        Stage2:
            total_Stage2:0.00637595
            num_len_path:44
            time_expanding_s:2.3391e-05
            timing_AStarSearchUntil:
                total_astar_search_until:0.00633168
                num_values_f_less_fmax:422
                ASU Exp:
                    total_ASUExp:0.00633041
                    time_top_o:0.00015002
                    time_check_in_c:0.000119361
                    time_add_parent:0.000157355
                    num_neighbors:10045
                    time_add_neighbors_to_o:0.0053584
        Stage3:
            total_Stage3:0.0117023
            num_until_goal_expanded:495
            timing_S3Exp:
                total_S3Exp: 0.00326484
                time_top_o: 0.000165836
                time_check_in_c: 0.000110502
                time_add_parent: 0.000199492
                num_neighbors: 4678
                time_add_neighbors_to_o: 0.00206381
    timing_PIOW_overlapping:
        total_PIOW: 2.025e-06
        num_windows: 20
        time_check_overlap: 0
        num_overlapping_windows: 0
        time_merge_windows: 0
        time_remove_window: 0
        time_remove_window: 0
        timing_PlanIn:
            total_PlanIn:0
            num_until_goal_expanded:0
            timing_expansions:
                total_S3Exp: 0
                time_top_o: 0
                time_check_in_c: 0
                time_add_parent: 0
                num_neighbors: 0
                time_add_neighbors_to_o: 0
    num_new_collisions: 1
    timing_PIOW_new_collisions:
        total_PIOW: 0.000173662
        num_windows: 0
        time_check_overlap: 0
        num_overlapping_windows: 0
        time_merge_windows: 0
        time_remove_window: 0
        time_remove_window: 4.09e-07
        timing_PlanIn:
            total_PlanIn:0.000171201
            num_until_goal_expanded:15
            timing_expansions:
                total_S3Exp: 0.000167491
                time_top_o: 2.96e-06
                time_check_in_c: 3.897e-06
                time_add_parent: 5.853e-06
                num_neighbors: 172
                time_add_neighbors_to_o: 9.276e-05
    num_windows_should_quit: 0
    time_should_quit: 2.56e-06
    time_remove_window: 0
Complete!
