Total time: 0.00945878
is_optimal: true
optimality_bound: 1
successive_bounds: [1.00143, 1.00143, 1.00143, 1.00143, 1.00143, 1.00143, 1.00143, 1.00143, 1.00143, 1.00143, 1.00143, 1.00143, 1.00143, 1.00143, 1.00143, 1, 1]
successive_runtimes: [0.00506266, 0.00534524, 0.005613, 0.00587637, 0.00613258, 0.00643715, 0.00670104, 0.00697279, 0.00722913, 0.00749519, 0.00776022, 0.00805732, 0.0083954, 0.00875793, 0.0091108, 0.00945875]
num_agents: 20
time_individual_plan: 0.00414262
time_first_plan: 0.000242338
num_max_agents_in_window_first_iteration: 2
num_recWAMPF: 16
timing_recWAMPF:
    total_RecWAMPF: 0.0046349
    num_windows: 31
    num_max_agents_in_window: 2
    timing_gari:
        total_GARI: 0.0032256
        time_path_btw_starts: 7.0176e-05
        Stage1:
            total_Stage1:0.00117311
            time_add_x_to_o: 0.000670259
            time_clear_x: 0.000104051
            timing_AStarSearchUntil:
                total_astar_search_until:0.000396756
                num_values_f_less_fmax:167
                ASU Exp:
                    total_ASUExp:0.00039582
                    time_top_o:4.744e-05
                    time_check_in_c:2.4606e-05
                    time_add_parent:1.2377e-05
                    num_neighbors:606
                    time_add_neighbors_to_o:0.00024637
        Stage2:
            total_Stage2:0.00062663
            num_len_path:30
            time_expanding_s:1.3264e-05
            timing_AStarSearchUntil:
                total_astar_search_until:0.000602964
                num_values_f_less_fmax:45
                ASU Exp:
                    total_ASUExp:0.000602158
                    time_top_o:1.1879e-05
                    time_check_in_c:1.3638e-05
                    time_add_parent:1.793e-05
                    num_neighbors:1190
                    time_add_neighbors_to_o:0.000504582
        Stage3:
            total_Stage3:0.00134987
            num_until_goal_expanded:158
            timing_S3Exp:
                total_S3Exp: 0.000927923
                time_top_o: 3.8379e-05
                time_check_in_c: 2.5383e-05
                time_add_parent: 5.8019e-05
                num_neighbors: 1409
                time_add_neighbors_to_o: 0.000547621
    timing_PIOW_overlapping:
        total_PIOW: 7.35e-07
        num_windows: 15
        time_check_overlap: 0
        num_overlapping_windows: 0
        time_merge_windows: 0
        time_remove_window: 0
        time_remove_window: 0
        timing_PlanIn:
            total_PlanIn:0
            num_until_goal_expanded:0
            timing_expansions:
                total_S3Exp: 0
                time_top_o: 0
                time_check_in_c: 0
                time_add_parent: 0
                num_neighbors: 0
                time_add_neighbors_to_o: 0
    num_new_collisions: 1
    timing_PIOW_new_collisions:
        total_PIOW: 0.000144867
        num_windows: 0
        time_check_overlap: 0
        num_overlapping_windows: 0
        time_merge_windows: 0
        time_remove_window: 0
        time_remove_window: 3.7e-07
        timing_PlanIn:
            total_PlanIn:0.00014283
            num_until_goal_expanded:13
            timing_expansions:
                total_S3Exp: 0.000139477
                time_top_o: 2.799e-06
                time_check_in_c: 3.514e-06
                time_add_parent: 5.385e-06
                num_neighbors: 143
                time_add_neighbors_to_o: 8.1659e-05
    num_windows_should_quit: 0
    time_should_quit: 1.139e-06
    time_remove_window: 0
Complete!
