Total time: 0.356702
is_optimal: false
optimality_bound: 1.00676
successive_bounds: [1.00892, 1.00892, 1.00892, 1.00892, 1.00892, 1.00892, 1.00892, 1.00811, 1.00757, 1.0073, 1.0073, 1.0073, 1.0073, 1.0073, 1.00676, 1.00676, 1.00676, 1.00676]
successive_runtimes: [0.0218245, 0.0334319, 0.0377266, 0.0420677, 0.0463272, 0.0511874, 0.0569866, 0.063334, 0.0705025, 0.108168, 0.152294, 0.187135, 0.217983, 0.244078, 0.272063, 0.298022, 0.328291, 0.356702]
num_agents: 50
time_individual_plan: 0.00803697
time_first_plan: 0.0132547
num_max_agents_in_window_first_iteration: 3
num_recWAMPF: 18
timing_recWAMPF:
    total_RecWAMPF: 0.348128
    num_windows: 136
    num_max_agents_in_window: 4
    timing_gari:
        total_GARI: 0.279245
        time_path_btw_starts: 0.000613528
        Stage1:
            total_Stage1:0.0605416
            time_add_x_to_o: 0.0410397
            time_clear_x: 0.00770698
            timing_AStarSearchUntil:
                total_astar_search_until:0.0117867
                num_values_f_less_fmax:511
                ASU Exp:
                    total_ASUExp:0.0117829
                    time_top_o:0.000191123
                    time_check_in_c:9.4662e-05
                    time_add_parent:0.000421907
                    num_neighbors:28379
                    time_add_neighbors_to_o:0.0104797
        Stage2:
            total_Stage2:0.00884877
            num_len_path:111
            time_expanding_s:0.000564625
            timing_AStarSearchUntil:
                total_astar_search_until:0.00823598
                num_values_f_less_fmax:231
                ASU Exp:
                    total_ASUExp:0.00823323
                    time_top_o:7.373e-05
                    time_check_in_c:5.3974e-05
                    time_add_parent:0.000282844
                    num_neighbors:18357
                    time_add_neighbors_to_o:0.00741403
        Stage3:
            total_Stage3:0.208745
            num_until_goal_expanded:2290
            timing_S3Exp:
                total_S3Exp: 0.116743
                time_top_o: 0.000814921
                time_check_in_c: 0.000425717
                time_add_parent: 0.00061873
                num_neighbors: 200885
                time_add_neighbors_to_o: 0.111138
    timing_PIOW_overlapping:
        total_PIOW: 0.0134566
        num_windows: 412
        time_check_overlap: 1.3214e-05
        num_overlapping_windows: 14
        time_merge_windows: 1.0974e-05
        time_remove_window: 2.417e-06
        time_remove_window: 1.0411e-05
        timing_PlanIn:
            total_PlanIn:0.0133955
            num_until_goal_expanded:735
            timing_expansions:
                total_S3Exp: 0.0133724
                time_top_o: 0.000139498
                time_check_in_c: 0.000137366
                time_add_parent: 0.000185239
                num_neighbors: 23673
                time_add_neighbors_to_o: 0.0113061
    num_new_collisions: 19
    timing_PIOW_new_collisions:
        total_PIOW: 0.0367155
        num_windows: 307
        time_check_overlap: 7.853e-06
        num_overlapping_windows: 2
        time_merge_windows: 0
        time_remove_window: 0.0905224
        time_remove_window: 1.4872e-05
        timing_PlanIn:
            total_PlanIn:0.0366651
            num_until_goal_expanded:891
            timing_expansions:
                total_S3Exp: 0.0366331
                time_top_o: 0.000169069
                time_check_in_c: 0.000163421
                time_add_parent: 0.000234759
                num_neighbors: 63785
                time_add_neighbors_to_o: 0.0331064
    num_windows_should_quit: 0
    time_should_quit: 7.577e-06
    time_remove_window: 0
Complete!
