Total time: 0.00535695
is_optimal: true
optimality_bound: 1
successive_bounds: [1.00237, 1.00237, 1.00237, 1.00237, 1.00237, 1.00237, 1.00237, 1.00237, 1.00237, 1.00237, 1.00237, 1.00237, 1, 1]
successive_runtimes: [0.00283298, 0.00298269, 0.00312184, 0.00326113, 0.00340534, 0.00357625, 0.00376993, 0.00398363, 0.00420432, 0.0044471, 0.00466388, 0.0049617, 0.00535691]
num_agents: 10
time_individual_plan: 0.00197371
time_first_plan: 0.000131733
num_max_agents_in_window_first_iteration: 2
num_recWAMPF: 13
timing_recWAMPF:
    total_RecWAMPF: 0.00265311
    num_windows: 25
    num_max_agents_in_window: 2
    timing_gari:
        total_GARI: 0.00225202
        time_path_btw_starts: 6.6497e-05
        Stage1:
            total_Stage1:0.000486341
            time_add_x_to_o: 0.000281299
            time_clear_x: 3.2876e-05
            timing_AStarSearchUntil:
                total_astar_search_until:0.00017064
                num_values_f_less_fmax:13
                ASU Exp:
                    total_ASUExp:0.000169984
                    time_top_o:4.152e-06
                    time_check_in_c:5.134e-06
                    time_add_parent:5.591e-06
                    num_neighbors:310
                    time_add_neighbors_to_o:0.000133282
        Stage2:
            total_Stage2:0.000807393
            num_len_path:25
            time_expanding_s:1.0962e-05
            timing_AStarSearchUntil:
                total_astar_search_until:0.000788488
                num_values_f_less_fmax:57
                ASU Exp:
                    total_ASUExp:0.000787904
                    time_top_o:2.6779e-05
                    time_check_in_c:1.2963e-05
                    time_add_parent:1.7853e-05
                    num_neighbors:1394
                    time_add_neighbors_to_o:0.000657251
        Stage3:
            total_Stage3:0.000886841
            num_until_goal_expanded:44
            timing_S3Exp:
                total_S3Exp: 0.000500708
                time_top_o: 9.305e-06
                time_check_in_c: 6.032e-06
                time_add_parent: 1.1412e-05
                num_neighbors: 623
                time_add_neighbors_to_o: 0.000380708
    timing_PIOW_overlapping:
        total_PIOW: 5.32e-07
        num_windows: 12
        time_check_overlap: 0
        num_overlapping_windows: 0
        time_merge_windows: 0
        time_remove_window: 0
        time_remove_window: 0
        timing_PlanIn:
            total_PlanIn:0
            num_until_goal_expanded:0
            timing_expansions:
                total_S3Exp: 0
                time_top_o: 0
                time_check_in_c: 0
                time_add_parent: 0
                num_neighbors: 0
                time_add_neighbors_to_o: 0
    num_new_collisions: 1
    timing_PIOW_new_collisions:
        total_PIOW: 9.9215e-05
        num_windows: 0
        time_check_overlap: 0
        num_overlapping_windows: 0
        time_merge_windows: 0
        time_remove_window: 0
        time_remove_window: 3.76e-07
        timing_PlanIn:
            total_PlanIn:9.6867e-05
            num_until_goal_expanded:7
            timing_expansions:
                total_S3Exp: 9.3286e-05
                time_top_o: 1.543e-06
                time_check_in_c: 1.664e-06
                time_add_parent: 3.171e-06
                num_neighbors: 135
                time_add_neighbors_to_o: 7.0698e-05
    num_windows_should_quit: 0
    time_should_quit: 8.82e-07
    time_remove_window: 0
Complete!
