Total time: 0.872181
is_optimal: true
optimality_bound: 1
successive_bounds: [1.00296, 1.00296, 1.00296, 1.00296, 1.00296, 1.00296, 1.00296, 1.00296, 1.00296, 1.00296, 1.00197, 1.00197, 1.00197, 1.00197, 1.00197, 1.00099, 1.00099, 1, 1]
successive_runtimes: [0.00605764, 0.00712157, 0.00803054, 0.00903734, 0.0100712, 0.0111685, 0.0127211, 0.0138764, 0.0150355, 0.0161456, 0.0189853, 0.0200743, 0.021198, 0.022875, 0.0242996, 0.0266396, 0.0282973, 0.872181]
num_agents: 30
time_individual_plan: 0.0042074
time_first_plan: 0.00132128
num_max_agents_in_window_first_iteration: 2
num_recWAMPF: 18
timing_recWAMPF:
    total_RecWAMPF: 0.867441
    num_windows: 138
    num_max_agents_in_window: 3
    timing_gari:
        total_GARI: 0.0193717
        time_path_btw_starts: 0.000308832
        Stage1:
            total_Stage1:0.00377353
            time_add_x_to_o: 0.00291399
            time_clear_x: 0.000478126
            timing_AStarSearchUntil:
                total_astar_search_until:0.000374597
                num_values_f_less_fmax:219
                ASU Exp:
                    total_ASUExp:0.000371514
                    time_top_o:5.0222e-05
                    time_check_in_c:2.6001e-05
                    time_add_parent:9.484e-06
                    num_neighbors:675
                    time_add_neighbors_to_o:0.00022567
        Stage2:
            total_Stage2:0.0038119
            num_len_path:126
            time_expanding_s:9.5698e-05
            timing_AStarSearchUntil:
                total_astar_search_until:0.00368137
                num_values_f_less_fmax:315
                ASU Exp:
                    total_ASUExp:0.00367848
                    time_top_o:7.9511e-05
                    time_check_in_c:9.3805e-05
                    time_add_parent:9.0812e-05
                    num_neighbors:7917
                    time_add_neighbors_to_o:0.00306296
        Stage3:
            total_Stage3:0.0102533
            num_until_goal_expanded:2174
            timing_S3Exp:
                total_S3Exp: 0.00736916
                time_top_o: 0.000511516
                time_check_in_c: 0.000262626
                time_add_parent: 0.000411037
                num_neighbors: 11669
                time_add_neighbors_to_o: 0.00447334
    timing_PIOW_overlapping:
        total_PIOW: 0.842611
        num_windows: 277
        time_check_overlap: 8.53e-06
        num_overlapping_windows: 2
        time_merge_windows: 2.425e-06
        time_remove_window: 5.84e-07
        time_remove_window: 2.331e-06
        timing_PlanIn:
            total_PlanIn:0.842588
            num_until_goal_expanded:3623
            timing_expansions:
                total_S3Exp: 0.842583
                time_top_o: 0.0020319
                time_check_in_c: 0.000815423
                time_add_parent: 0.0015613
                num_neighbors: 1080131
                time_add_neighbors_to_o: 0.804352
    num_new_collisions: 4
    timing_PIOW_new_collisions:
        total_PIOW: 0.000690428
        num_windows: 12
        time_check_overlap: 4.73e-07
        num_overlapping_windows: 0
        time_merge_windows: 0
        time_remove_window: 0
        time_remove_window: 1.248e-06
        timing_PlanIn:
            total_PlanIn:0.000677132
            num_until_goal_expanded:107
            timing_expansions:
                total_S3Exp: 0.000669578
                time_top_o: 1.2526e-05
                time_check_in_c: 1.7978e-05
                time_add_parent: 2.6559e-05
                num_neighbors: 970
                time_add_neighbors_to_o: 0.000458409
    num_windows_should_quit: 0
    time_should_quit: 4.063e-06
    time_remove_window: 0
Complete!
