Total time: 0.33904
is_optimal: true
optimality_bound: 1
successive_bounds: [1.00551, 1.00477, 1.00477, 1.00477, 1.0033, 1.0033, 1.00257, 1.00257, 1.00257, 1.00257, 1.00257, 1.00257, 1.00257, 1.00184, 1.00184, 1.0011, 1.0011, 1.00037, 1.00037, 1.00037, 1.00037, 1.00037, 1.00037, 1.00037, 1.00037, 1.00037, 1, 1]
successive_runtimes: [0.0109382, 0.0141135, 0.0180831, 0.0233083, 0.0291675, 0.0358675, 0.0432597, 0.0512421, 0.0594636, 0.0682227, 0.0774452, 0.0878004, 0.0990969, 0.109673, 0.114912, 0.140201, 0.148127, 0.155541, 0.16198, 0.168042, 0.174163, 0.180152, 0.212037, 0.245711, 0.275077, 0.305075, 0.33904]
num_agents: 40
time_individual_plan: 0.00762219
time_first_plan: 0.00258377
num_max_agents_in_window_first_iteration: 2
num_recWAMPF: 27
timing_recWAMPF:
    total_RecWAMPF: 0.330677
    num_windows: 378
    num_max_agents_in_window: 4
    timing_gari:
        total_GARI: 0.291252
        time_path_btw_starts: 0.00169353
        Stage1:
            total_Stage1:0.0535103
            time_add_x_to_o: 0.0291793
            time_clear_x: 0.00442392
            timing_AStarSearchUntil:
                total_astar_search_until:0.0198772
                num_values_f_less_fmax:14317
                ASU Exp:
                    total_ASUExp:0.0198666
                    time_top_o:0.00446653
                    time_check_in_c:0.00289347
                    time_add_parent:0.00065326
                    num_neighbors:18864
                    time_add_neighbors_to_o:0.00795942
        Stage2:
            total_Stage2:0.0311131
            num_len_path:387
            time_expanding_s:0.000269228
            timing_AStarSearchUntil:
                total_astar_search_until:0.0306743
                num_values_f_less_fmax:2112
                ASU Exp:
                    total_ASUExp:0.0306651
                    time_top_o:0.000863463
                    time_check_in_c:0.000544999
                    time_add_parent:0.000754078
                    num_neighbors:52264
                    time_add_neighbors_to_o:0.0256959
        Stage3:
            total_Stage3:0.204821
            num_until_goal_expanded:9346
            timing_S3Exp:
                total_S3Exp: 0.11184
                time_top_o: 0.00308556
                time_check_in_c: 0.00172132
                time_add_parent: 0.00315178
                num_neighbors: 149798
                time_add_neighbors_to_o: 0.0911043
    timing_PIOW_overlapping:
        total_PIOW: 0.00113431
        num_windows: 1327
        time_check_overlap: 6.5633e-05
        num_overlapping_windows: 1
        time_merge_windows: 1.264e-06
        time_remove_window: 2.24e-07
        time_remove_window: 1.209e-06
        timing_PlanIn:
            total_PlanIn:0.00102175
            num_until_goal_expanded:36
            timing_expansions:
                total_S3Exp: 0.00101944
                time_top_o: 8.426e-06
                time_check_in_c: 7.168e-06
                time_add_parent: 1.37e-05
                num_neighbors: 1396
                time_add_neighbors_to_o: 0.00089065
    num_new_collisions: 9
    timing_PIOW_new_collisions:
        total_PIOW: 0.0270655
        num_windows: 69
        time_check_overlap: 3.426e-06
        num_overlapping_windows: 1
        time_merge_windows: 0
        time_remove_window: 0.187573
        time_remove_window: 3.967e-06
        timing_PlanIn:
            total_PlanIn:0.0270427
            num_until_goal_expanded:355
            timing_expansions:
                total_S3Exp: 0.0270248
                time_top_o: 0.000108809
                time_check_in_c: 9.3671e-05
                time_add_parent: 0.000113726
                num_neighbors: 34128
                time_add_neighbors_to_o: 0.0249555
    num_windows_should_quit: 0
    time_should_quit: 2.4181e-05
    time_remove_window: 0
Complete!
