Total time: 0.0526219
is_optimal: true
optimality_bound: 1
successive_bounds: [1.00306, 1.00306, 1.00306, 1.00306, 1.00306, 1.00306, 1.00306, 1.00306, 1.00306, 1.00306, 1.00306, 1.00306, 1.00306, 1.00306, 1.00306, 1.00306, 1.00306, 1.00306, 1.00306, 1.00306, 1.00306, 1.00306, 1.00306, 1.00306, 1.00306, 1.00306, 1, 1]
successive_runtimes: [0.00228874, 0.00266213, 0.00307805, 0.003435, 0.00377865, 0.00411882, 0.00446593, 0.00481585, 0.00518841, 0.00560446, 0.00613375, 0.00668969, 0.0072241, 0.00781368, 0.00846843, 0.00924533, 0.0100265, 0.0109117, 0.0119141, 0.0132119, 0.0147359, 0.0161896, 0.0216908, 0.0290983, 0.0368898, 0.0443444, 0.0526219]
num_agents: 10
time_individual_plan: 0.00149075
time_first_plan: 0.000266022
num_max_agents_in_window_first_iteration: 2
num_recWAMPF: 27
timing_recWAMPF:
    total_RecWAMPF: 0.0505957
    num_windows: 53
    num_max_agents_in_window: 2
    timing_gari:
        total_GARI: 0.0497726
        time_path_btw_starts: 0.00010083
        Stage1:
            total_Stage1:0.0360959
            time_add_x_to_o: 0.011054
            time_clear_x: 0.00196163
            timing_AStarSearchUntil:
                total_astar_search_until:0.0230767
                num_values_f_less_fmax:5448
                ASU Exp:
                    total_ASUExp:0.0230753
                    time_top_o:0.00163883
                    time_check_in_c:0.000983457
                    time_add_parent:0.000672732
                    num_neighbors:44893
                    time_add_neighbors_to_o:0.0165231
        Stage2:
            total_Stage2:0.00523842
            num_len_path:55
            time_expanding_s:2.0663e-05
            timing_AStarSearchUntil:
                total_astar_search_until:0.00520183
                num_values_f_less_fmax:386
                ASU Exp:
                    total_ASUExp:0.00520053
                    time_top_o:0.000106288
                    time_check_in_c:8.272e-05
                    time_add_parent:0.000104811
                    num_neighbors:10831
                    time_add_neighbors_to_o:0.00450725
        Stage3:
            total_Stage3:0.00832799
            num_until_goal_expanded:1031
            timing_S3Exp:
                total_S3Exp: 0.00475457
                time_top_o: 0.000237439
                time_check_in_c: 0.000145086
                time_add_parent: 0.000289193
                num_neighbors: 8293
                time_add_neighbors_to_o: 0.00302798
    timing_PIOW_overlapping:
        total_PIOW: 6.44e-07
        num_windows: 26
        time_check_overlap: 0
        num_overlapping_windows: 0
        time_merge_windows: 0
        time_remove_window: 0
        time_remove_window: 0
        timing_PlanIn:
            total_PlanIn:0
            num_until_goal_expanded:0
            timing_expansions:
                total_S3Exp: 0
                time_top_o: 0
                time_check_in_c: 0
                time_add_parent: 0
                num_neighbors: 0
                time_add_neighbors_to_o: 0
    num_new_collisions: 1
    timing_PIOW_new_collisions:
        total_PIOW: 0.000228943
        num_windows: 0
        time_check_overlap: 0
        num_overlapping_windows: 0
        time_merge_windows: 0
        time_remove_window: 0
        time_remove_window: 3.19e-07
        timing_PlanIn:
            total_PlanIn:0.000227587
            num_until_goal_expanded:40
            timing_expansions:
                total_S3Exp: 0.000224652
                time_top_o: 4.955e-06
                time_check_in_c: 7.903e-06
                time_add_parent: 1.0861e-05
                num_neighbors: 302
                time_add_neighbors_to_o: 0.000134278
    num_windows_should_quit: 0
    time_should_quit: 1.399e-06
    time_remove_window: 0
Complete!
