Total time: 3.92321
is_optimal: false
optimality_bound: 1.0021
successive_bounds: [1.00701, 1.00526, 1.00526, 1.00526, 1.0042, 1.0042, 1.0042, 1.0042, 1.0042, 1.0035, 1.0035, 1.0035, 1.0028, 1.0028, 1.0028, 1.0021, 1.0021, 1.0021, 1.0021, 1.0021, 1.0021, 1.0021, 1.0021, 1.0021, 1.0021, 1.0021, 1.0021, 1.0021, 1.0021, 1.0021, 1.0021, 1.0021, 1.0021, 1.0021, 1.0021, 1.0021, 1.0021]
successive_runtimes: [0.0454814, 0.0564388, 0.0705866, 0.0865841, 0.102475, 0.116356, 0.138808, 0.146357, 0.151501, 0.156316, 0.160335, 0.164569, 0.174106, 0.17883, 0.183131, 0.18773, 0.191569, 0.195468, 0.199295, 0.60543, 0.813795, 0.975521, 1.2471, 1.44033, 1.6378, 1.89919, 2.11707, 2.34287, 2.53018, 2.75143, 2.9733, 3.13186, 3.29727, 3.44678, 3.60571, 3.77232, 3.92321]
num_agents: 50
time_individual_plan: 0.0307087
time_first_plan: 0.0132632
num_max_agents_in_window_first_iteration: 2
num_recWAMPF: 37
timing_recWAMPF:
    total_RecWAMPF: 3.89098
    num_windows: 505
    num_max_agents_in_window: 3
    timing_gari:
        total_GARI: 3.82198
        time_path_btw_starts: 0.00205584
        Stage1:
            total_Stage1:1.27522
            time_add_x_to_o: 0.25534
            time_clear_x: 0.0547088
            timing_AStarSearchUntil:
                total_astar_search_until:0.965118
                num_values_f_less_fmax:16438
                ASU Exp:
                    total_ASUExp:0.965096
                    time_top_o:0.0181327
                    time_check_in_c:0.00989658
                    time_add_parent:0.0141786
                    num_neighbors:1140638
                    time_add_neighbors_to_o:0.888416
        Stage2:
            total_Stage2:0.0307013
            num_len_path:357
            time_expanding_s:0.000614845
            timing_AStarSearchUntil:
                total_astar_search_until:0.0297445
                num_values_f_less_fmax:838
                ASU Exp:
                    total_ASUExp:0.0297277
                    time_top_o:0.000482563
                    time_check_in_c:0.000431855
                    time_add_parent:0.00093152
                    num_neighbors:25727
                    time_add_neighbors_to_o:0.0250653
        Stage3:
            total_Stage3:2.51191
            num_until_goal_expanded:8085
            timing_S3Exp:
                total_S3Exp: 0.457029
                time_top_o: 0.00712457
                time_check_in_c: 0.00297787
                time_add_parent: 0.0064099
                num_neighbors: 487043
                time_add_neighbors_to_o: 0.409208
    timing_PIOW_overlapping:
        total_PIOW: 0.0189673
        num_windows: 1935
        time_check_overlap: 0.00012547
        num_overlapping_windows: 6
        time_merge_windows: 1.5542e-05
        time_remove_window: 1.861e-06
        time_remove_window: 1.5075e-05
        timing_PlanIn:
            total_PlanIn:0.018734
            num_until_goal_expanded:555
            timing_expansions:
                total_S3Exp: 0.0187107
                time_top_o: 0.000216409
                time_check_in_c: 0.000236817
                time_add_parent: 0.000505143
                num_neighbors: 13214
                time_add_neighbors_to_o: 0.0153966
    num_new_collisions: 13
    timing_PIOW_new_collisions:
        total_PIOW: 0.0108046
        num_windows: 146
        time_check_overlap: 1.0294e-05
        num_overlapping_windows: 1
        time_merge_windows: 0
        time_remove_window: 0.169627
        time_remove_window: 1.2588e-05
        timing_PlanIn:
            total_PlanIn:0.0107376
            num_until_goal_expanded:285
            timing_expansions:
                total_S3Exp: 0.0106785
                time_top_o: 0.000110341
                time_check_in_c: 0.000161725
                time_add_parent: 0.000323778
                num_neighbors: 5975
                time_add_neighbors_to_o: 0.00861526
    num_windows_should_quit: 0
    time_should_quit: 4.53e-05
    time_remove_window: 0
Complete!
