Total time: 0.374883
is_optimal: false
optimality_bound: 1.0021
successive_bounds: [1.005, 1.00447, 1.00394, 1.00342, 1.00342, 1.00316, 1.00316, 1.00237, 1.00237, 1.00237, 1.00237, 1.00237, 1.00237, 1.00237, 1.00237, 1.00237, 1.00237, 1.00237, 1.00237, 1.0021, 1.0021, 1.0021, 1.0021, 1.0021, 1.0021, 1.0021, 1.0021, 1.0021, 1.0021, 1.0021]
successive_runtimes: [0.0135766, 0.016097, 0.0187688, 0.0269664, 0.0322128, 0.0425482, 0.0499172, 0.0667227, 0.0827766, 0.0919651, 0.0997429, 0.107452, 0.114323, 0.121423, 0.129641, 0.136519, 0.143698, 0.150802, 0.157602, 0.164697, 0.171523, 0.178276, 0.18479, 0.191373, 0.197967, 0.234487, 0.267009, 0.292178, 0.348513, 0.374883]
num_agents: 60
time_individual_plan: 0.00819499
time_first_plan: 0.00486434
num_max_agents_in_window_first_iteration: 2
num_recWAMPF: 30
timing_recWAMPF:
    total_RecWAMPF: 0.366164
    num_windows: 318
    num_max_agents_in_window: 4
    timing_gari:
        total_GARI: 0.283283
        time_path_btw_starts: 0.0022791
        Stage1:
            total_Stage1:0.0439683
            time_add_x_to_o: 0.0313737
            time_clear_x: 0.004517
            timing_AStarSearchUntil:
                total_astar_search_until:0.00805732
                num_values_f_less_fmax:633
                ASU Exp:
                    total_ASUExp:0.00804877
                    time_top_o:0.000193068
                    time_check_in_c:0.000312289
                    time_add_parent:7.3493e-05
                    num_neighbors:18758
                    time_add_neighbors_to_o:0.00697053
        Stage2:
            total_Stage2:0.0122449
            num_len_path:201
            time_expanding_s:0.000523744
            timing_AStarSearchUntil:
                total_astar_search_until:0.0115882
                num_values_f_less_fmax:267
                ASU Exp:
                    total_ASUExp:0.0115812
                    time_top_o:0.000111527
                    time_check_in_c:5.9828e-05
                    time_add_parent:0.000116944
                    num_neighbors:27361
                    time_add_neighbors_to_o:0.0108321
        Stage3:
            total_Stage3:0.22473
            num_until_goal_expanded:5751
            timing_S3Exp:
                total_S3Exp: 0.119745
                time_top_o: 0.0018894
                time_check_in_c: 0.000857361
                time_add_parent: 0.00153535
                num_neighbors: 206895
                time_add_neighbors_to_o: 0.106137
    timing_PIOW_overlapping:
        total_PIOW: 0.0345102
        num_windows: 1057
        time_check_overlap: 4.1472e-05
        num_overlapping_windows: 10
        time_merge_windows: 8.323e-06
        time_remove_window: 1.536e-06
        time_remove_window: 7.924e-06
        timing_PlanIn:
            total_PlanIn:0.0344233
            num_until_goal_expanded:1329
            timing_expansions:
                total_S3Exp: 0.0344069
                time_top_o: 0.000340217
                time_check_in_c: 0.00023543
                time_add_parent: 0.000368482
                num_neighbors: 57924
                time_add_neighbors_to_o: 0.0301055
    num_new_collisions: 16
    timing_PIOW_new_collisions:
        total_PIOW: 0.0156452
        num_windows: 180
        time_check_overlap: 5.21e-06
        num_overlapping_windows: 2
        time_merge_windows: 0
        time_remove_window: 0.0930836
        time_remove_window: 6.422e-06
        timing_PlanIn:
            total_PlanIn:0.0156143
            num_until_goal_expanded:269
            timing_expansions:
                total_S3Exp: 0.0155878
                time_top_o: 6.9558e-05
                time_check_in_c: 5.205e-05
                time_add_parent: 7.6905e-05
                num_neighbors: 27650
                time_add_neighbors_to_o: 0.0143013
    num_windows_should_quit: 0
    time_should_quit: 1.817e-05
    time_remove_window: 0
Complete!
