Total time: 0.027354
is_optimal: true
optimality_bound: 1
successive_bounds: [1.00291, 1.00146, 1.00146, 1.00146, 1.00146, 1.00146, 1.00146, 1.00146, 1.00146, 1, 1]
successive_runtimes: [0.00482456, 0.0078367, 0.00940692, 0.0110573, 0.0130671, 0.015188, 0.0176576, 0.020676, 0.0240508, 0.027354]
num_agents: 20
time_individual_plan: 0.00288629
time_first_plan: 0.00116635
num_max_agents_in_window_first_iteration: 2
num_recWAMPF: 10
timing_recWAMPF:
    total_RecWAMPF: 0.0236922
    num_windows: 38
    num_max_agents_in_window: 2
    timing_gari:
        total_GARI: 0.0216705
        time_path_btw_starts: 0.000154782
        Stage1:
            total_Stage1:0.00983388
            time_add_x_to_o: 0.00370204
            time_clear_x: 0.000582709
            timing_AStarSearchUntil:
                total_astar_search_until:0.00554645
                num_values_f_less_fmax:3590
                ASU Exp:
                    total_ASUExp:0.00554528
                    time_top_o:0.00110176
                    time_check_in_c:0.000584059
                    time_add_parent:0.000404177
                    num_neighbors:4275
                    time_add_neighbors_to_o:0.00202777
        Stage2:
            total_Stage2:0.00255452
            num_len_path:38
            time_expanding_s:2.0197e-05
            timing_AStarSearchUntil:
                total_astar_search_until:0.00251748
                num_values_f_less_fmax:113
                ASU Exp:
                    total_ASUExp:0.00251648
                    time_top_o:8.934e-05
                    time_check_in_c:3.9398e-05
                    time_add_parent:6.5227e-05
                    num_neighbors:2991
                    time_add_neighbors_to_o:0.00207624
        Stage3:
            total_Stage3:0.00911309
            num_until_goal_expanded:1533
            timing_S3Exp:
                total_S3Exp: 0.00718617
                time_top_o: 0.000449387
                time_check_in_c: 0.000265735
                time_add_parent: 0.000543332
                num_neighbors: 9264
                time_add_neighbors_to_o: 0.00437965
    timing_PIOW_overlapping:
        total_PIOW: 3.122e-06
        num_windows: 36
        time_check_overlap: 1.29e-06
        num_overlapping_windows: 0
        time_merge_windows: 0
        time_remove_window: 0
        time_remove_window: 0
        timing_PlanIn:
            total_PlanIn:0
            num_until_goal_expanded:0
            timing_expansions:
                total_S3Exp: 0
                time_top_o: 0
                time_check_in_c: 0
                time_add_parent: 0
                num_neighbors: 0
                time_add_neighbors_to_o: 0
    num_new_collisions: 2
    timing_PIOW_new_collisions:
        total_PIOW: 0.000876561
        num_windows: 2
        time_check_overlap: 4.02e-07
        num_overlapping_windows: 0
        time_merge_windows: 0
        time_remove_window: 0
        time_remove_window: 2.863e-06
        timing_PlanIn:
            total_PlanIn:0.000863587
            num_until_goal_expanded:61
            timing_expansions:
                total_S3Exp: 0.000853798
                time_top_o: 1.3594e-05
                time_check_in_c: 2.2303e-05
                time_add_parent: 3.296e-05
                num_neighbors: 526
                time_add_neighbors_to_o: 0.000451628
    num_windows_should_quit: 0
    time_should_quit: 1.629e-06
    time_remove_window: 0
Complete!
