Total time: 3.86279
is_optimal: false
optimality_bound: 1.01009
successive_bounds: [1.01099, 1.01009, 1.01009, 1.01009, 1.01009]
successive_runtimes: [0.03728, 0.0562919, 0.0594682, 0.0622441, 3.86279]
num_agents: 60
time_individual_plan: 0.0137793
time_first_plan: 0.0229693
num_max_agents_in_window_first_iteration: 3
num_recWAMPF: 5
timing_recWAMPF:
    total_RecWAMPF: 3.84847
    num_windows: 89
    num_max_agents_in_window: 5
    timing_gari:
        total_GARI: 0.00678905
        time_path_btw_starts: 0.000179962
        Stage1:
            total_Stage1:0.0023596
            time_add_x_to_o: 0.00158811
            time_clear_x: 0.000145377
            timing_AStarSearchUntil:
                total_astar_search_until:0.000622529
                num_values_f_less_fmax:88
                ASU Exp:
                    total_ASUExp:0.000620838
                    time_top_o:1.8427e-05
                    time_check_in_c:1.5214e-05
                    time_add_parent:2.2094e-05
                    num_neighbors:1311
                    time_add_neighbors_to_o:0.000478914
        Stage2:
            total_Stage2:0.0018809
            num_len_path:74
            time_expanding_s:4.9064e-05
            timing_AStarSearchUntil:
                total_astar_search_until:0.00181257
                num_values_f_less_fmax:146
                ASU Exp:
                    total_ASUExp:0.001811
                    time_top_o:4.6206e-05
                    time_check_in_c:2.562e-05
                    time_add_parent:4.1534e-05
                    num_neighbors:3989
                    time_add_neighbors_to_o:0.00153999
        Stage3:
            total_Stage3:0.00235841
            num_until_goal_expanded:163
            timing_S3Exp:
                total_S3Exp: 0.00167874
                time_top_o: 2.8801e-05
                time_check_in_c: 2.0955e-05
                time_add_parent: 3.3951e-05
                num_neighbors: 2692
                time_add_neighbors_to_o: 0.00135239
    timing_PIOW_overlapping:
        total_PIOW: 0.0569117
        num_windows: 556
        time_check_overlap: 1.3174e-05
        num_overlapping_windows: 12
        time_merge_windows: 8.865e-06
        time_remove_window: 2.321e-06
        time_remove_window: 8.321e-06
        timing_PlanIn:
            total_PlanIn:0.0568632
            num_until_goal_expanded:921
            timing_expansions:
                total_S3Exp: 0.0568427
                time_top_o: 0.000208733
                time_check_in_c: 0.000174379
                time_add_parent: 0.000242667
                num_neighbors: 106878
                time_add_neighbors_to_o: 0.0522691
    num_new_collisions: 22
    timing_PIOW_new_collisions:
        total_PIOW: 3.77239
        num_windows: 430
        time_check_overlap: 1.2019e-05
        num_overlapping_windows: 2
        time_merge_windows: 0
        time_remove_window: 0.127083
        time_remove_window: 1.2071e-05
        timing_PlanIn:
            total_PlanIn:3.77233
            num_until_goal_expanded:3119
            timing_expansions:
                total_S3Exp: 3.77229
                time_top_o: 0.00371306
                time_check_in_c: 0.000861178
                time_add_parent: 0.0014026
                num_neighbors: 6798572
                time_add_neighbors_to_o: 3.59018
    num_windows_should_quit: 0
    time_should_quit: 4.283e-06
    time_remove_window: 0
Complete!
