Total time: 0.145837
is_optimal: false
optimality_bound: 1.00372
successive_bounds: [1.00526, 1.00526, 1.00526, 1.00434, 1.00434, 1.00434, 1.00434, 1.00372, 1.00372, 1.00372, 1.00372, 1.00372, 1.00372, 1.00372, 1.00372, 1.00372, 1.00372, 1.00372, 1.00372, 1.00372, 1.00372, 1.00372, 1.00372, 1.00372, 1.00372, 1.00372, 1.00372, 1.00372]
successive_runtimes: [0.00998491, 0.0130684, 0.0167878, 0.0228059, 0.0243094, 0.0255578, 0.0267154, 0.0294894, 0.0308318, 0.0320241, 0.0332854, 0.0344919, 0.0497421, 0.064335, 0.0692903, 0.0737071, 0.0781981, 0.0827193, 0.0892419, 0.0955179, 0.101384, 0.10724, 0.113077, 0.119729, 0.126197, 0.132705, 0.139775, 0.145837]
num_agents: 50
time_individual_plan: 0.00531432
time_first_plan: 0.00409859
num_max_agents_in_window_first_iteration: 2
num_recWAMPF: 28
timing_recWAMPF:
    total_RecWAMPF: 0.139946
    num_windows: 96
    num_max_agents_in_window: 4
    timing_gari:
        total_GARI: 0.0985587
        time_path_btw_starts: 0.000218571
        Stage1:
            total_Stage1:0.0167561
            time_add_x_to_o: 0.0136729
            time_clear_x: 0.00211589
            timing_AStarSearchUntil:
                total_astar_search_until:0.000961142
                num_values_f_less_fmax:730
                ASU Exp:
                    total_ASUExp:0.000958726
                    time_top_o:0.000140944
                    time_check_in_c:0.00010329
                    time_add_parent:2.9196e-05
                    num_neighbors:1274
                    time_add_neighbors_to_o:0.00044428
        Stage2:
            total_Stage2:0.00521481
            num_len_path:65
            time_expanding_s:3.2665e-05
            timing_AStarSearchUntil:
                total_astar_search_until:0.00515288
                num_values_f_less_fmax:110
                ASU Exp:
                    total_ASUExp:0.00515096
                    time_top_o:2.8521e-05
                    time_check_in_c:2.3764e-05
                    time_add_parent:3.7176e-05
                    num_neighbors:12289
                    time_add_neighbors_to_o:0.00459505
        Stage3:
            total_Stage3:0.0763349
            num_until_goal_expanded:906
            timing_S3Exp:
                total_S3Exp: 0.0262865
                time_top_o: 0.000230901
                time_check_in_c: 0.000132533
                time_add_parent: 0.000246277
                num_neighbors: 36501
                time_add_neighbors_to_o: 0.0243502
    timing_PIOW_overlapping:
        total_PIOW: 0.00523148
        num_windows: 240
        time_check_overlap: 4.881e-06
        num_overlapping_windows: 8
        time_merge_windows: 6.065e-06
        time_remove_window: 1.112e-06
        time_remove_window: 5.718e-06
        timing_PlanIn:
            total_PlanIn:0.00520769
            num_until_goal_expanded:304
            timing_expansions:
                total_S3Exp: 0.00519324
                time_top_o: 4.6647e-05
                time_check_in_c: 5.2877e-05
                time_add_parent: 7.7582e-05
                num_neighbors: 7788
                time_add_neighbors_to_o: 0.00440956
    num_new_collisions: 10
    timing_PIOW_new_collisions:
        total_PIOW: 0.0151983
        num_windows: 73
        time_check_overlap: 1.913e-06
        num_overlapping_windows: 1
        time_merge_windows: 0
        time_remove_window: 0.0357154
        time_remove_window: 5.836e-06
        timing_PlanIn:
            total_PlanIn:0.0151704
            num_until_goal_expanded:233
            timing_expansions:
                total_S3Exp: 0.0151529
                time_top_o: 3.6919e-05
                time_check_in_c: 4.4888e-05
                time_add_parent: 6.1735e-05
                num_neighbors: 22875
                time_add_neighbors_to_o: 0.0141058
    num_windows_should_quit: 0
    time_should_quit: 3.698e-06
    time_remove_window: 0
Complete!
