Total time: 9.92697
is_optimal: false
optimality_bound: 1.00244
successive_bounds: [1.00568, 1.00568, 1.00514, 1.00514, 1.00514, 1.0046, 1.00406, 1.00406, 1.00406, 1.00406, 1.00406, 1.00352, 1.00352, 1.00244, 1.00244, 1.00244]
successive_runtimes: [0.015079, 0.0382734, 0.0873508, 1.09215, 3.00654, 4.50527, 5.55697, 6.23045, 6.78533, 7.38637, 8.04882, 8.69119, 9.12721, 9.41043, 9.67152, 9.92697]
num_agents: 50
time_individual_plan: 0.00643492
time_first_plan: 0.00811541
num_max_agents_in_window_first_iteration: 3
num_recWAMPF: 16
timing_recWAMPF:
    total_RecWAMPF: 9.92
    num_windows: 313
    num_max_agents_in_window: 4
    timing_gari:
        total_GARI: 9.84355
        time_path_btw_starts: 0.00923479
        Stage1:
            total_Stage1:4.66715
            time_add_x_to_o: 1.34937
            time_clear_x: 0.644077
            timing_AStarSearchUntil:
                total_astar_search_until:2.67369
                num_values_f_less_fmax:70631
                ASU Exp:
                    total_ASUExp:2.67368
                    time_top_o:0.0713212
                    time_check_in_c:0.0289973
                    time_add_parent:0.0196982
                    num_neighbors:5210686
                    time_add_neighbors_to_o:2.47541
        Stage2:
            total_Stage2:0.0894532
            num_len_path:333
            time_expanding_s:0.00140667
            timing_AStarSearchUntil:
                total_astar_search_until:0.0878683
                num_values_f_less_fmax:1756
                ASU Exp:
                    total_ASUExp:0.0878613
                    time_top_o:0.00084574
                    time_check_in_c:0.000507288
                    time_add_parent:0.00132222
                    num_neighbors:135439
                    time_add_neighbors_to_o:0.0804709
        Stage3:
            total_Stage3:5.07763
            num_until_goal_expanded:41589
            timing_S3Exp:
                total_S3Exp: 2.58513
                time_top_o: 0.0300105
                time_check_in_c: 0.011529
                time_add_parent: 0.0231389
                num_neighbors: 5053568
                time_add_neighbors_to_o: 2.31646
    timing_PIOW_overlapping:
        total_PIOW: 0.0451302
        num_windows: 1538
        time_check_overlap: 5.891e-05
        num_overlapping_windows: 1
        time_merge_windows: 1.168e-06
        time_remove_window: 4.4e-07
        time_remove_window: 1.117e-06
        timing_PlanIn:
            total_PlanIn:0.0450319
            num_until_goal_expanded:272
            timing_expansions:
                total_S3Exp: 0.0450297
                time_top_o: 6.9417e-05
                time_check_in_c: 6.1525e-05
                time_add_parent: 7.9652e-05
                num_neighbors: 94742
                time_add_neighbors_to_o: 0.041982
    num_new_collisions: 13
    timing_PIOW_new_collisions:
        total_PIOW: 0.0159542
        num_windows: 157
        time_check_overlap: 5.006e-06
        num_overlapping_windows: 2
        time_merge_windows: 0
        time_remove_window: 9.41318
        time_remove_window: 6.629e-06
        timing_PlanIn:
            total_PlanIn:0.0159075
            num_until_goal_expanded:444
            timing_expansions:
                total_S3Exp: 0.0158812
                time_top_o: 7.6035e-05
                time_check_in_c: 0.000132778
                time_add_parent: 0.000185624
                num_neighbors: 13542
                time_add_neighbors_to_o: 0.0136865
    num_windows_should_quit: 0
    time_should_quit: 2.4288e-05
    time_remove_window: 0
Complete!
