Total time: 0.0207184
is_optimal: true
optimality_bound: 1
successive_bounds: [1.00197, 1.00197, 1.00197, 1.00197, 1.00197, 1.00197, 1.00197, 1.00098, 1.00098, 1.00098, 1.00098, 1, 1]
successive_runtimes: [0.00858218, 0.00920755, 0.00981967, 0.010494, 0.0112294, 0.0120823, 0.0131616, 0.016656, 0.0178081, 0.0186663, 0.0194919, 0.0207184]
num_agents: 30
time_individual_plan: 0.00708085
time_first_plan: 0.000873896
num_max_agents_in_window_first_iteration: 2
num_recWAMPF: 12
timing_recWAMPF:
    total_RecWAMPF: 0.0130074
    num_windows: 69
    num_max_agents_in_window: 2
    timing_gari:
        total_GARI: 0.00992888
        time_path_btw_starts: 0.000164383
        Stage1:
            total_Stage1:0.00120462
            time_add_x_to_o: 0.00101686
            time_clear_x: 0.000180161
            timing_AStarSearchUntil:
                total_astar_search_until:3.567e-06
                num_values_f_less_fmax:0
                ASU Exp:
                    total_ASUExp:1.743e-06
                    time_top_o:0
                    time_check_in_c:0
                    time_add_parent:0
                    num_neighbors:0
                    time_add_neighbors_to_o:0
        Stage2:
            total_Stage2:0.00354837
            num_len_path:61
            time_expanding_s:4.3631e-05
            timing_AStarSearchUntil:
                total_astar_search_until:0.00348484
                num_values_f_less_fmax:262
                ASU Exp:
                    total_ASUExp:0.00348322
                    time_top_o:8.2634e-05
                    time_check_in_c:6.4466e-05
                    time_add_parent:9.35e-05
                    num_neighbors:6140
                    time_add_neighbors_to_o:0.00293558
        Stage3:
            total_Stage3:0.00499982
            num_until_goal_expanded:862
            timing_S3Exp:
                total_S3Exp: 0.00357153
                time_top_o: 0.000211866
                time_check_in_c: 0.000108804
                time_add_parent: 0.000179787
                num_neighbors: 4912
                time_add_neighbors_to_o: 0.00229877
    timing_PIOW_overlapping:
        total_PIOW: 8.004e-06
        num_windows: 99
        time_check_overlap: 4e-06
        num_overlapping_windows: 0
        time_merge_windows: 0
        time_remove_window: 0
        time_remove_window: 0
        timing_PlanIn:
            total_PlanIn:0
            num_until_goal_expanded:0
            timing_expansions:
                total_S3Exp: 0
                time_top_o: 0
                time_check_in_c: 0
                time_add_parent: 0
                num_neighbors: 0
                time_add_neighbors_to_o: 0
    num_new_collisions: 3
    timing_PIOW_new_collisions:
        total_PIOW: 0.000474611
        num_windows: 6
        time_check_overlap: 3.77e-07
        num_overlapping_windows: 0
        time_merge_windows: 0
        time_remove_window: 0
        time_remove_window: 1.025e-06
        timing_PlanIn:
            total_PlanIn:0.000469348
            num_until_goal_expanded:67
            timing_expansions:
                total_S3Exp: 0.000463018
                time_top_o: 1.0517e-05
                time_check_in_c: 1.3276e-05
                time_add_parent: 2.0414e-05
                num_neighbors: 617
                time_add_neighbors_to_o: 0.000305878
    num_windows_should_quit: 0
    time_should_quit: 2.651e-06
    time_remove_window: 0
Complete!
