Total time: 0.0247286
is_optimal: true
optimality_bound: 1
successive_bounds: [1.00297, 1.00297, 1.00297, 1.00297, 1.00297, 1.00297, 1.00297, 1.00297, 1.00297, 1.00297, 1.00297, 1, 1]
successive_runtimes: [0.00690151, 0.00773531, 0.00946426, 0.0114088, 0.0131945, 0.0148028, 0.0168189, 0.0191327, 0.0217138, 0.0227166, 0.0233097, 0.0247285]
num_agents: 10
time_individual_plan: 0.00476959
time_first_plan: 0.000505417
num_max_agents_in_window_first_iteration: 2
num_recWAMPF: 12
timing_recWAMPF:
    total_RecWAMPF: 0.0183266
    num_windows: 23
    num_max_agents_in_window: 2
    timing_gari:
        total_GARI: 0.017146
        time_path_btw_starts: 0.000188982
        Stage1:
            total_Stage1:0.00573923
            time_add_x_to_o: 0.00239858
            time_clear_x: 0.000238423
            timing_AStarSearchUntil:
                total_astar_search_until:0.00309845
                num_values_f_less_fmax:95
                ASU Exp:
                    total_ASUExp:0.00309674
                    time_top_o:7.3846e-05
                    time_check_in_c:7.3365e-05
                    time_add_parent:0.000125179
                    num_neighbors:1810
                    time_add_neighbors_to_o:0.00249912
        Stage2:
            total_Stage2:0.00691554
            num_len_path:21
            time_expanding_s:3.3894e-05
            timing_AStarSearchUntil:
                total_astar_search_until:0.00686102
                num_values_f_less_fmax:165
                ASU Exp:
                    total_ASUExp:0.00685934
                    time_top_o:0.00011672
                    time_check_in_c:0.00013231
                    time_add_parent:0.000250478
                    num_neighbors:3750
                    time_add_neighbors_to_o:0.00554667
        Stage3:
            total_Stage3:0.00426816
            num_until_goal_expanded:54
            timing_S3Exp:
                total_S3Exp: 0.0019767
                time_top_o: 3.2804e-05
                time_check_in_c: 2.9881e-05
                time_add_parent: 6.4113e-05
                num_neighbors: 713
                time_add_neighbors_to_o: 0.00144828
    timing_PIOW_overlapping:
        total_PIOW: 8.04e-07
        num_windows: 11
        time_check_overlap: 0
        num_overlapping_windows: 0
        time_merge_windows: 0
        time_remove_window: 0
        time_remove_window: 0
        timing_PlanIn:
            total_PlanIn:0
            num_until_goal_expanded:0
            timing_expansions:
                total_S3Exp: 0
                time_top_o: 0
                time_check_in_c: 0
                time_add_parent: 0
                num_neighbors: 0
                time_add_neighbors_to_o: 0
    num_new_collisions: 1
    timing_PIOW_new_collisions:
        total_PIOW: 0.000424495
        num_windows: 0
        time_check_overlap: 0
        num_overlapping_windows: 0
        time_merge_windows: 0
        time_remove_window: 0
        time_remove_window: 8.46e-07
        timing_PlanIn:
            total_PlanIn:0.000419087
            num_until_goal_expanded:11
            timing_expansions:
                total_S3Exp: 0.000409618
                time_top_o: 6.557e-06
                time_check_in_c: 8.559e-06
                time_add_parent: 1.8237e-05
                num_neighbors: 171
                time_add_neighbors_to_o: 0.000304167
    num_windows_should_quit: 0
    time_should_quit: 2.406e-06
    time_remove_window: 0
Complete!
