Total time: 0.496332
is_optimal: true
optimality_bound: 1
successive_bounds: [1.0125, 1.00441, 1.00257, 1.00257, 1.00257, 1.00257, 1.00257, 1.00257, 1.00257, 1.00257, 1.00221, 1.00221, 1.00221, 1.00221, 1.00221, 1.00221, 1.00221, 1.00221, 1.00221, 1.00221, 1.00221, 1.00221, 1.00221, 1.00221, 1.00221, 1.00221, 1.00221, 1.00221, 1.00221, 1.00221, 1.00221, 1.00221, 1.00221, 1]
successive_runtimes: [0.014275, 0.0338558, 0.0581689, 0.0786112, 0.116072, 0.134683, 0.151842, 0.168539, 0.188782, 0.208564, 0.240884, 0.255582, 0.267892, 0.279094, 0.291942, 0.303814, 0.314669, 0.326303, 0.338069, 0.348894, 0.360253, 0.371997, 0.382902, 0.394225, 0.40595, 0.417203, 0.428117, 0.439751, 0.451375, 0.462319, 0.47389, 0.48547, 0.496332]
num_agents: 40
time_individual_plan: 0.00951646
time_first_plan: 0.00411199
num_max_agents_in_window_first_iteration: 2
num_recWAMPF: 33
timing_recWAMPF:
    total_RecWAMPF: 0.486154
    num_windows: 107
    num_max_agents_in_window: 3
    timing_gari:
        total_GARI: 0.426053
        time_path_btw_starts: 0.000901902
        Stage1:
            total_Stage1:0.118696
            time_add_x_to_o: 0.0511103
            time_clear_x: 0.0072779
            timing_AStarSearchUntil:
                total_astar_search_until:0.0602979
                num_values_f_less_fmax:4044
                ASU Exp:
                    total_ASUExp:0.0602942
                    time_top_o:0.00207205
                    time_check_in_c:0.0019668
                    time_add_parent:0.000785437
                    num_neighbors:117649
                    time_add_neighbors_to_o:0.0510596
        Stage2:
            total_Stage2:0.0055395
            num_len_path:76
            time_expanding_s:7.589e-05
            timing_AStarSearchUntil:
                total_astar_search_until:0.00539668
                num_values_f_less_fmax:171
                ASU Exp:
                    total_ASUExp:0.00539421
                    time_top_o:5.7105e-05
                    time_check_in_c:0.00011532
                    time_add_parent:6.996e-05
                    num_neighbors:9079
                    time_add_neighbors_to_o:0.00482737
        Stage3:
            total_Stage3:0.300766
            num_until_goal_expanded:956
            timing_S3Exp:
                total_S3Exp: 0.0303284
                time_top_o: 0.000434592
                time_check_in_c: 0.000198128
                time_add_parent: 0.000399974
                num_neighbors: 41001
                time_add_neighbors_to_o: 0.0269732
    timing_PIOW_overlapping:
        total_PIOW: 0.0422767
        num_windows: 207
        time_check_overlap: 6.691e-06
        num_overlapping_windows: 7
        time_merge_windows: 1.1125e-05
        time_remove_window: 1.886e-06
        time_remove_window: 1.0714e-05
        timing_PlanIn:
            total_PlanIn:0.0422355
            num_until_goal_expanded:793
            timing_expansions:
                total_S3Exp: 0.0422186
                time_top_o: 0.000246618
                time_check_in_c: 0.000165307
                time_add_parent: 0.000255601
                num_neighbors: 68860
                time_add_neighbors_to_o: 0.0379552
    num_new_collisions: 8
    timing_PIOW_new_collisions:
        total_PIOW: 0.00295808
        num_windows: 54
        time_check_overlap: 2.365e-06
        num_overlapping_windows: 0
        time_merge_windows: 0
        time_remove_window: 0
        time_remove_window: 6.62e-06
        timing_PlanIn:
            total_PlanIn:0.00293442
            num_until_goal_expanded:268
            timing_expansions:
                total_S3Exp: 0.00291764
                time_top_o: 4.4037e-05
                time_check_in_c: 5.7985e-05
                time_add_parent: 7.697e-05
                num_neighbors: 4525
                time_add_neighbors_to_o: 0.00229196
    num_windows_should_quit: 1
    time_should_quit: 2.7678e-05
    time_remove_window: 3.28e-07
Complete!
