Total time: 0.0399267
is_optimal: true
optimality_bound: 1
successive_bounds: [1.0018, 1.0018, 1.0018, 1.0009, 1.0009, 1.0009, 1.0009, 1.0009, 1.0009, 1.0009, 1.0009, 1, 1]
successive_runtimes: [0.0168709, 0.0178069, 0.0186394, 0.0273973, 0.028984, 0.0305955, 0.0321593, 0.0339688, 0.0358047, 0.037106, 0.038394, 0.0399267]
num_agents: 30
time_individual_plan: 0.0146104
time_first_plan: 0.00126566
num_max_agents_in_window_first_iteration: 2
num_recWAMPF: 12
timing_recWAMPF:
    total_RecWAMPF: 0.0243181
    num_windows: 69
    num_max_agents_in_window: 3
    timing_gari:
        total_GARI: 0.011871
        time_path_btw_starts: 0.000213794
        Stage1:
            total_Stage1:0.000859941
            time_add_x_to_o: 0.000772696
            time_clear_x: 7.8307e-05
            timing_AStarSearchUntil:
                total_astar_search_until:4.219e-06
                num_values_f_less_fmax:0
                ASU Exp:
                    total_ASUExp:2.128e-06
                    time_top_o:0
                    time_check_in_c:0
                    time_add_parent:0
                    num_neighbors:0
                    time_add_neighbors_to_o:0
        Stage2:
            total_Stage2:0.00163891
            num_len_path:59
            time_expanding_s:4.3664e-05
            timing_AStarSearchUntil:
                total_astar_search_until:0.0015709
                num_values_f_less_fmax:90
                ASU Exp:
                    total_ASUExp:0.00156893
                    time_top_o:2.9928e-05
                    time_check_in_c:2.4481e-05
                    time_add_parent:4.217e-05
                    num_neighbors:2672
                    time_add_neighbors_to_o:0.00131493
        Stage3:
            total_Stage3:0.00914179
            num_until_goal_expanded:316
            timing_S3Exp:
                total_S3Exp: 0.00441215
                time_top_o: 8.6156e-05
                time_check_in_c: 5.1615e-05
                time_add_parent: 8.8987e-05
                num_neighbors: 5515
                time_add_neighbors_to_o: 0.0035752
    timing_PIOW_overlapping:
        total_PIOW: 8.171e-06
        num_windows: 99
        time_check_overlap: 4.188e-06
        num_overlapping_windows: 0
        time_merge_windows: 0
        time_remove_window: 0
        time_remove_window: 0
        timing_PlanIn:
            total_PlanIn:0
            num_until_goal_expanded:0
            timing_expansions:
                total_S3Exp: 0
                time_top_o: 0
                time_check_in_c: 0
                time_add_parent: 0
                num_neighbors: 0
                time_add_neighbors_to_o: 0
    num_new_collisions: 4
    timing_PIOW_new_collisions:
        total_PIOW: 0.00833764
        num_windows: 12
        time_check_overlap: 9.53e-07
        num_overlapping_windows: 1
        time_merge_windows: 0
        time_remove_window: 0.0203907
        time_remove_window: 2.28e-06
        timing_PlanIn:
            total_PlanIn:0.00832466
            num_until_goal_expanded:116
            timing_expansions:
                total_S3Exp: 0.0082956
                time_top_o: 4.5216e-05
                time_check_in_c: 3.3414e-05
                time_add_parent: 5.0987e-05
                num_neighbors: 8278
                time_add_neighbors_to_o: 0.00757875
    num_windows_should_quit: 0
    time_should_quit: 2.558e-06
    time_remove_window: 0
Complete!
