Total time: 0.0167385
is_optimal: true
optimality_bound: 1
successive_bounds: [1.00336, 1.00336, 1.00336, 1.00336, 1.00336, 1.00336, 1.00336, 1.00336, 1.00336, 1.00336, 1.00336, 1.00336, 1.00336, 1.00336, 1, 1]
successive_runtimes: [0.00196405, 0.00212879, 0.00228118, 0.00242758, 0.00257988, 0.00274083, 0.00289605, 0.00305556, 0.00322235, 0.00339037, 0.00838126, 0.0115829, 0.0138409, 0.0151581, 0.0167385]
num_agents: 10
time_individual_plan: 0.00118351
time_first_plan: 0.000132073
num_max_agents_in_window_first_iteration: 2
num_recWAMPF: 15
timing_recWAMPF:
    total_RecWAMPF: 0.0149034
    num_windows: 29
    num_max_agents_in_window: 2
    timing_gari:
        total_GARI: 0.0145453
        time_path_btw_starts: 8.0748e-05
        Stage1:
            total_Stage1:0.00552789
            time_add_x_to_o: 0.00295733
            time_clear_x: 0.000401298
            timing_AStarSearchUntil:
                total_astar_search_until:0.0021673
                num_values_f_less_fmax:528
                ASU Exp:
                    total_ASUExp:0.00216648
                    time_top_o:0.000226524
                    time_check_in_c:0.000242968
                    time_add_parent:4.3907e-05
                    num_neighbors:3310
                    time_add_neighbors_to_o:0.00143217
        Stage2:
            total_Stage2:0.00658492
            num_len_path:39
            time_expanding_s:1.514e-05
            timing_AStarSearchUntil:
                total_astar_search_until:0.0065597
                num_values_f_less_fmax:422
                ASU Exp:
                    total_ASUExp:0.00655899
                    time_top_o:0.000137016
                    time_check_in_c:9.266e-05
                    time_add_parent:0.000130783
                    num_neighbors:11737
                    time_add_neighbors_to_o:0.00569411
        Stage3:
            total_Stage3:0.00234595
            num_until_goal_expanded:83
            timing_S3Exp:
                total_S3Exp: 0.000616457
                time_top_o: 2.0505e-05
                time_check_in_c: 1.4513e-05
                time_add_parent: 2.5872e-05
                num_neighbors: 1020
                time_add_neighbors_to_o: 0.000391773
    timing_PIOW_overlapping:
        total_PIOW: 7.09e-07
        num_windows: 14
        time_check_overlap: 0
        num_overlapping_windows: 0
        time_merge_windows: 0
        time_remove_window: 0
        time_remove_window: 0
        timing_PlanIn:
            total_PlanIn:0
            num_until_goal_expanded:0
            timing_expansions:
                total_S3Exp: 0
                time_top_o: 0
                time_check_in_c: 0
                time_add_parent: 0
                num_neighbors: 0
                time_add_neighbors_to_o: 0
    num_new_collisions: 1
    timing_PIOW_new_collisions:
        total_PIOW: 0.000105242
        num_windows: 0
        time_check_overlap: 0
        num_overlapping_windows: 0
        time_merge_windows: 0
        time_remove_window: 0
        time_remove_window: 2.81e-07
        timing_PlanIn:
            total_PlanIn:0.000103339
            num_until_goal_expanded:6
            timing_expansions:
                total_S3Exp: 0.000100166
                time_top_o: 1.574e-06
                time_check_in_c: 1.686e-06
                time_add_parent: 3.422e-06
                num_neighbors: 135
                time_add_neighbors_to_o: 7.7898e-05
    num_windows_should_quit: 0
    time_should_quit: 9.76e-07
    time_remove_window: 0
Complete!
