Total time: 23.1733
is_optimal: false
optimality_bound: 1.0042
successive_bounds: [1.00735, 1.0056, 1.0056, 1.0049, 1.0049, 1.0049, 1.0049, 1.0042]
successive_runtimes: [0.0157556, 0.0369313, 0.389028, 1.4676, 3.68139, 6.21092, 8.20905, 23.1733]
num_agents: 40
time_individual_plan: 0.00946746
time_first_plan: 0.00548121
num_max_agents_in_window_first_iteration: 3
num_recWAMPF: 8
timing_recWAMPF:
    total_RecWAMPF: 23.163
    num_windows: 80
    num_max_agents_in_window: 6
    timing_gari:
        total_GARI: 9.60632
        time_path_btw_starts: 0.00242993
        Stage1:
            total_Stage1:7.79976
            time_add_x_to_o: 1.99385
            time_clear_x: 0.849282
            timing_AStarSearchUntil:
                total_astar_search_until:4.95662
                num_values_f_less_fmax:3147
                ASU Exp:
                    total_ASUExp:4.95662
                    time_top_o:0.013719
                    time_check_in_c:0.0209257
                    time_add_parent:0.00404143
                    num_neighbors:5455663
                    time_add_neighbors_to_o:4.89421
        Stage2:
            total_Stage2:0.030457
            num_len_path:62
            time_expanding_s:0.000185517
            timing_AStarSearchUntil:
                total_astar_search_until:0.0302038
                num_values_f_less_fmax:172
                ASU Exp:
                    total_ASUExp:0.0302009
                    time_top_o:0.000131118
                    time_check_in_c:6.3672e-05
                    time_add_parent:0.000118138
                    num_neighbors:34314
                    time_add_neighbors_to_o:0.0294024
        Stage3:
            total_Stage3:1.77337
            num_until_goal_expanded:270
            timing_S3Exp:
                total_S3Exp: 0.0846749
                time_top_o: 0.000252644
                time_check_in_c: 9.6854e-05
                time_add_parent: 0.000199286
                num_neighbors: 72632
                time_add_neighbors_to_o: 0.082766
    timing_PIOW_overlapping:
        total_PIOW: 13.548
        num_windows: 341
        time_check_overlap: 2.47e-05
        num_overlapping_windows: 12
        time_merge_windows: 5.8081e-05
        time_remove_window: 8.38e-06
        time_remove_window: 5.5862e-05
        timing_PlanIn:
            total_PlanIn:13.5478
            num_until_goal_expanded:903
            timing_expansions:
                total_S3Exp: 13.5478
                time_top_o: 0.0032965
                time_check_in_c: 0.00105032
                time_add_parent: 0.0014456
                num_neighbors: 11531427
                time_add_neighbors_to_o: 13.0063
    num_new_collisions: 16
    timing_PIOW_new_collisions:
        total_PIOW: 0.00356111
        num_windows: 198
        time_check_overlap: 9.017e-06
        num_overlapping_windows: 1
        time_merge_windows: 0
        time_remove_window: 0.0109389
        time_remove_window: 1.4058e-05
        timing_PlanIn:
            total_PlanIn:0.00350836
            num_until_goal_expanded:191
            timing_expansions:
                total_S3Exp: 0.00345919
                time_top_o: 4.4034e-05
                time_check_in_c: 5.5804e-05
                time_add_parent: 7.6055e-05
                num_neighbors: 4405
                time_add_neighbors_to_o: 0.00272739
    num_windows_should_quit: 0
    time_should_quit: 8.166e-06
    time_remove_window: 0
Complete!
