Total time: 0.0258625
is_optimal: true
optimality_bound: 1
successive_bounds: [1.01935, 1.00323, 1.00323, 1.00323, 1.00323, 1.00323, 1.00323, 1.00323, 1.00323, 1.00323, 1.00323, 1.00323, 1.00323, 1.00323, 1.00323, 1.00323, 1.00323, 1.00323, 1.00323, 1.00323, 1.00323, 1.00323, 1.00323, 1.00323, 1.00323, 1.00323, 1.00323, 1.00323, 1]
successive_runtimes: [0.00612863, 0.00772365, 0.00841207, 0.00893302, 0.00943535, 0.00993694, 0.0106146, 0.0111357, 0.0116935, 0.0122973, 0.0128777, 0.0134252, 0.0139655, 0.0145088, 0.0150728, 0.0156424, 0.0163579, 0.0173248, 0.0181941, 0.0191156, 0.0200139, 0.0208852, 0.0217722, 0.0226807, 0.0235126, 0.0243476, 0.0251334, 0.0258625]
num_agents: 10
time_individual_plan: 0.00387601
time_first_plan: 0.00106063
num_max_agents_in_window_first_iteration: 2
num_recWAMPF: 28
timing_recWAMPF:
    total_RecWAMPF: 0.0207842
    num_windows: 55
    num_max_agents_in_window: 2
    timing_gari:
        total_GARI: 0.018257
        time_path_btw_starts: 0.000315951
        Stage1:
            total_Stage1:0.00152397
            time_add_x_to_o: 0.000611902
            time_clear_x: 7.8364e-05
            timing_AStarSearchUntil:
                total_astar_search_until:0.000494135
                num_values_f_less_fmax:225
                ASU Exp:
                    total_ASUExp:0.00049135
                    time_top_o:0.000112878
                    time_check_in_c:4.8057e-05
                    time_add_parent:0
                    num_neighbors:0
                    time_add_neighbors_to_o:0
        Stage2:
            total_Stage2:0.00255155
            num_len_path:54
            time_expanding_s:6.0131e-05
            timing_AStarSearchUntil:
                total_astar_search_until:0.00230499
                num_values_f_less_fmax:205
                ASU Exp:
                    total_ASUExp:0.00230264
                    time_top_o:9.6424e-05
                    time_check_in_c:9.0658e-05
                    time_add_parent:0.000209708
                    num_neighbors:1163
                    time_add_neighbors_to_o:0.00113617
        Stage3:
            total_Stage3:0.0135375
            num_until_goal_expanded:1105
            timing_S3Exp:
                total_S3Exp: 0.0110561
                time_top_o: 0.000702217
                time_check_in_c: 0.000407725
                time_add_parent: 0.000947531
                num_neighbors: 6021
                time_add_neighbors_to_o: 0.00613049
    timing_PIOW_overlapping:
        total_PIOW: 2.037e-06
        num_windows: 27
        time_check_overlap: 0
        num_overlapping_windows: 0
        time_merge_windows: 0
        time_remove_window: 0
        time_remove_window: 0
        timing_PlanIn:
            total_PlanIn:0
            num_until_goal_expanded:0
            timing_expansions:
                total_S3Exp: 0
                time_top_o: 0
                time_check_in_c: 0
                time_add_parent: 0
                num_neighbors: 0
                time_add_neighbors_to_o: 0
    num_new_collisions: 1
    timing_PIOW_new_collisions:
        total_PIOW: 0.000979358
        num_windows: 0
        time_check_overlap: 0
        num_overlapping_windows: 0
        time_merge_windows: 0
        time_remove_window: 0
        time_remove_window: 5.27e-07
        timing_PlanIn:
            total_PlanIn:0.000974883
            num_until_goal_expanded:103
            timing_expansions:
                total_S3Exp: 0.000962542
                time_top_o: 3.8401e-05
                time_check_in_c: 5.0514e-05
                time_add_parent: 0.000106106
                num_neighbors: 463
                time_add_neighbors_to_o: 0.000465013
    num_windows_should_quit: 1
    time_should_quit: 1.483e-06
    time_remove_window: 1.446e-06
Complete!
