Total time: 0.657972
is_optimal: true
optimality_bound: 1
successive_bounds: [1.00345, 1.00345, 1.00296, 1.00296, 1.00296, 1.00296, 1.00296, 1.00197, 1.00148, 1.00148, 1.00148, 1.00099, 1.00099, 1.00099, 1.00099, 1.00099, 1.00099, 1.00099, 1.00099, 1.00099, 1.00099, 1.00099, 1, 1]
successive_runtimes: [0.00646553, 0.00745733, 0.00877708, 0.00976297, 0.0109665, 0.0122595, 0.013543, 0.0208106, 0.028588, 0.0342728, 0.0398309, 0.0454338, 0.0509305, 0.0569321, 0.0632862, 0.0822042, 0.0911047, 0.100842, 0.110802, 0.122211, 0.263991, 0.442221, 0.657972]
num_agents: 30
time_individual_plan: 0.00487912
time_first_plan: 0.00107352
num_max_agents_in_window_first_iteration: 2
num_recWAMPF: 23
timing_recWAMPF:
    total_RecWAMPF: 0.652576
    num_windows: 219
    num_max_agents_in_window: 3
    timing_gari:
        total_GARI: 0.517536
        time_path_btw_starts: 0.000537057
        Stage1:
            total_Stage1:0.411823
            time_add_x_to_o: 0.122036
            time_clear_x: 0.0271826
            timing_AStarSearchUntil:
                total_astar_search_until:0.262591
                num_values_f_less_fmax:16288
                ASU Exp:
                    total_ASUExp:0.262585
                    time_top_o:0.0101495
                    time_check_in_c:0.00482552
                    time_add_parent:0.00365231
                    num_neighbors:484569
                    time_add_neighbors_to_o:0.22848
        Stage2:
            total_Stage2:0.0149016
            num_len_path:228
            time_expanding_s:0.000119414
            timing_AStarSearchUntil:
                total_astar_search_until:0.0147124
                num_values_f_less_fmax:1148
                ASU Exp:
                    total_ASUExp:0.0147079
                    time_top_o:0.000321099
                    time_check_in_c:0.000225728
                    time_add_parent:0.000342175
                    num_neighbors:29383
                    time_add_neighbors_to_o:0.0126189
        Stage3:
            total_Stage3:0.0902353
            num_until_goal_expanded:2916
            timing_S3Exp:
                total_S3Exp: 0.0228681
                time_top_o: 0.000820237
                time_check_in_c: 0.00049473
                time_add_parent: 0.000871512
                num_neighbors: 40797
                time_add_neighbors_to_o: 0.0168782
    timing_PIOW_overlapping:
        total_PIOW: 0.129173
        num_windows: 528
        time_check_overlap: 1.994e-05
        num_overlapping_windows: 1
        time_merge_windows: 2.186e-06
        time_remove_window: 3.36e-07
        time_remove_window: 2.136e-06
        timing_PlanIn:
            total_PlanIn:0.129136
            num_until_goal_expanded:2166
            timing_expansions:
                total_S3Exp: 0.129133
                time_top_o: 0.00135802
                time_check_in_c: 0.000425631
                time_add_parent: 0.000744177
                num_neighbors: 242988
                time_add_neighbors_to_o: 0.117126
    num_new_collisions: 5
    timing_PIOW_new_collisions:
        total_PIOW: 0.000458716
        num_windows: 20
        time_check_overlap: 5.91e-07
        num_overlapping_windows: 0
        time_merge_windows: 0
        time_remove_window: 0
        time_remove_window: 1.687e-06
        timing_PlanIn:
            total_PlanIn:0.000452008
            num_until_goal_expanded:59
            timing_expansions:
                total_S3Exp: 0.0004436
                time_top_o: 7.621e-06
                time_check_in_c: 9.641e-06
                time_add_parent: 1.5502e-05
                num_neighbors: 680
                time_add_neighbors_to_o: 0.000310241
    num_windows_should_quit: 0
    time_should_quit: 1.0015e-05
    time_remove_window: 0
Complete!
