Total time: 18.6257
is_optimal: false
optimality_bound: 1.0029
successive_bounds: [1.00396, 1.00396, 1.00396, 1.00343, 1.00343, 1.00343, 1.00343, 1.00343, 1.00343, 1.0029, 1.0029]
successive_runtimes: [0.0184927, 0.0449382, 0.075831, 0.103678, 0.122838, 0.142807, 0.168071, 0.195501, 0.227647, 2.16462, 18.6257]
num_agents: 60
time_individual_plan: 0.00756185
time_first_plan: 0.0102968
num_max_agents_in_window_first_iteration: 3
num_recWAMPF: 11
timing_recWAMPF:
    total_RecWAMPF: 18.6175
    num_windows: 143
    num_max_agents_in_window: 4
    timing_gari:
        total_GARI: 16.7092
        time_path_btw_starts: 0.00106932
        Stage1:
            total_Stage1:16.2708
            time_add_x_to_o: 0.458932
            time_clear_x: 0.0901896
            timing_AStarSearchUntil:
                total_astar_search_until:15.7216
                num_values_f_less_fmax:41951
                ASU Exp:
                    total_ASUExp:15.7216
                    time_top_o:0.0939603
                    time_check_in_c:0.0283389
                    time_add_parent:0.0285902
                    num_neighbors:21847187
                    time_add_neighbors_to_o:15.4465
        Stage2:
            total_Stage2:0.0108659
            num_len_path:118
            time_expanding_s:9.054e-05
            timing_AStarSearchUntil:
                total_astar_search_until:0.0106885
                num_values_f_less_fmax:196
                ASU Exp:
                    total_ASUExp:0.0106688
                    time_top_o:0.000115269
                    time_check_in_c:6.3574e-05
                    time_add_parent:0.000123656
                    num_neighbors:16255
                    time_add_neighbors_to_o:0.00995657
        Stage3:
            total_Stage3:0.426014
            num_until_goal_expanded:6610
            timing_S3Exp:
                total_S3Exp: 0.310253
                time_top_o: 0.00533136
                time_check_in_c: 0.00254276
                time_add_parent: 0.00472389
                num_neighbors: 496493
                time_add_neighbors_to_o: 0.286124
    timing_PIOW_overlapping:
        total_PIOW: 1.88983
        num_windows: 476
        time_check_overlap: 2.6717e-05
        num_overlapping_windows: 1
        time_merge_windows: 2.397e-06
        time_remove_window: 3.87e-07
        time_remove_window: 2.333e-06
        timing_PlanIn:
            total_PlanIn:1.88978
            num_until_goal_expanded:3569
            timing_expansions:
                total_S3Exp: 1.88978
                time_top_o: 0.00648368
                time_check_in_c: 0.00284786
                time_add_parent: 0.00336694
                num_neighbors: 2446105
                time_add_neighbors_to_o: 1.78008
    num_new_collisions: 9
    timing_PIOW_new_collisions:
        total_PIOW: 0.00745446
        num_windows: 73
        time_check_overlap: 3.196e-06
        num_overlapping_windows: 2
        time_merge_windows: 0
        time_remove_window: 0.0243593
        time_remove_window: 7.188e-06
        timing_PlanIn:
            total_PlanIn:0.00742936
            num_until_goal_expanded:209
            timing_expansions:
                total_S3Exp: 0.0074054
                time_top_o: 4.5862e-05
                time_check_in_c: 4.6516e-05
                time_add_parent: 6.9612e-05
                num_neighbors: 10545
                time_add_neighbors_to_o: 0.00653686
    num_windows_should_quit: 0
    time_should_quit: 1.8335e-05
    time_remove_window: 0
Complete!
