Total time: 0.145714
is_optimal: false
optimality_bound: 1.00158
successive_bounds: [1.0057, 1.0057, 1.00539, 1.00539, 1.00475, 1.00412, 1.00349, 1.00349, 1.00349, 1.00349, 1.00349, 1.00349, 1.00349, 1.00222, 1.00222, 1.00158, 1.00158, 1.00158, 1.00158, 1.00158, 1.00158]
successive_runtimes: [0.0100001, 0.0127253, 0.0157797, 0.0191146, 0.022719, 0.0258698, 0.0285472, 0.0306813, 0.0328122, 0.0350139, 0.0371399, 0.0393188, 0.0414949, 0.0770131, 0.0978195, 0.107487, 0.11561, 0.123293, 0.13067, 0.13814, 0.145714]
num_agents: 50
time_individual_plan: 0.00593022
time_first_plan: 0.00336561
num_max_agents_in_window_first_iteration: 2
num_recWAMPF: 21
timing_recWAMPF:
    total_RecWAMPF: 0.139073
    num_windows: 379
    num_max_agents_in_window: 3
    timing_gari:
        total_GARI: 0.0928251
        time_path_btw_starts: 0.000991327
        Stage1:
            total_Stage1:0.0331506
            time_add_x_to_o: 0.0201432
            time_clear_x: 0.00283367
            timing_AStarSearchUntil:
                total_astar_search_until:0.0101497
                num_values_f_less_fmax:3291
                ASU Exp:
                    total_ASUExp:0.0101396
                    time_top_o:0.000960492
                    time_check_in_c:0.000681104
                    time_add_parent:0.000400708
                    num_neighbors:16041
                    time_add_neighbors_to_o:0.00666601
        Stage2:
            total_Stage2:0.0124988
            num_len_path:384
            time_expanding_s:0.000202362
            timing_AStarSearchUntil:
                total_astar_search_until:0.0121632
                num_values_f_less_fmax:813
                ASU Exp:
                    total_ASUExp:0.012154
                    time_top_o:0.000256171
                    time_check_in_c:0.000193522
                    time_add_parent:0.000306008
                    num_neighbors:21852
                    time_add_neighbors_to_o:0.0101794
        Stage3:
            total_Stage3:0.0461106
            num_until_goal_expanded:1987
            timing_S3Exp:
                total_S3Exp: 0.017092
                time_top_o: 0.000512819
                time_check_in_c: 0.00029271
                time_add_parent: 0.000608708
                num_neighbors: 20094
                time_add_neighbors_to_o: 0.0107166
    timing_PIOW_overlapping:
        total_PIOW: 0.0331383
        num_windows: 1755
        time_check_overlap: 7.6849e-05
        num_overlapping_windows: 2
        time_merge_windows: 4.86e-06
        time_remove_window: 1.366e-06
        time_remove_window: 4.69e-06
        timing_PlanIn:
            total_PlanIn:0.032993
            num_until_goal_expanded:518
            timing_expansions:
                total_S3Exp: 0.0329874
                time_top_o: 0.000154189
                time_check_in_c: 9.4891e-05
                time_add_parent: 0.000158095
                num_neighbors: 54024
                time_add_neighbors_to_o: 0.0301323
    num_new_collisions: 10
    timing_PIOW_new_collisions:
        total_PIOW: 0.00129041
        num_windows: 90
        time_check_overlap: 3.856e-06
        num_overlapping_windows: 0
        time_merge_windows: 0
        time_remove_window: 0
        time_remove_window: 4.945e-06
        timing_PlanIn:
            total_PlanIn:0.00126967
            num_until_goal_expanded:143
            timing_expansions:
                total_S3Exp: 0.00125258
                time_top_o: 2.1136e-05
                time_check_in_c: 2.6932e-05
                time_add_parent: 4.1407e-05
                num_neighbors: 1600
                time_add_neighbors_to_o: 0.00091307
    num_windows_should_quit: 0
    time_should_quit: 1.8728e-05
    time_remove_window: 0
Complete!
