Total time: 0.146782
is_optimal: true
optimality_bound: 1
successive_bounds: [1.00355, 1.00284, 1.00213, 1.00213, 1.00213, 1.00213, 1.00142, 1.00071, 1.00071, 1.00071, 1.00071, 1.00071, 1.00071, 1.00071, 1.00071, 1.00071, 1.00071, 1.00071, 1.00071, 1.00071, 1.00071, 1, 1]
successive_runtimes: [0.00866583, 0.0112531, 0.0136391, 0.0169893, 0.0221098, 0.0285505, 0.0352313, 0.0445556, 0.0469694, 0.0487705, 0.0506671, 0.0530836, 0.0992883, 0.120569, 0.12401, 0.12816, 0.13115, 0.134176, 0.137416, 0.140493, 0.143666, 0.146782]
num_agents: 40
time_individual_plan: 0.00566845
time_first_plan: 0.00246522
num_max_agents_in_window_first_iteration: 2
num_recWAMPF: 22
timing_recWAMPF:
    total_RecWAMPF: 0.140577
    num_windows: 199
    num_max_agents_in_window: 3
    timing_gari:
        total_GARI: 0.0819833
        time_path_btw_starts: 0.000561636
        Stage1:
            total_Stage1:0.0351052
            time_add_x_to_o: 0.0216159
            time_clear_x: 0.00315468
            timing_AStarSearchUntil:
                total_astar_search_until:0.0103227
                num_values_f_less_fmax:1867
                ASU Exp:
                    total_ASUExp:0.0103182
                    time_top_o:0.000463639
                    time_check_in_c:0.000252567
                    time_add_parent:0.000393181
                    num_neighbors:19988
                    time_add_neighbors_to_o:0.00773166
        Stage2:
            total_Stage2:0.0120809
            num_len_path:192
            time_expanding_s:0.000149964
            timing_AStarSearchUntil:
                total_astar_search_until:0.0118678
                num_values_f_less_fmax:855
                ASU Exp:
                    total_ASUExp:0.0118638
                    time_top_o:0.000234939
                    time_check_in_c:0.000157943
                    time_add_parent:0.000261445
                    num_neighbors:24741
                    time_add_neighbors_to_o:0.00990742
        Stage3:
            total_Stage3:0.0339014
            num_until_goal_expanded:883
            timing_S3Exp:
                total_S3Exp: 0.0097635
                time_top_o: 0.000199158
                time_check_in_c: 0.000120313
                time_add_parent: 0.000227699
                num_neighbors: 11734
                time_add_neighbors_to_o: 0.00503251
    timing_PIOW_overlapping:
        total_PIOW: 0.0449124
        num_windows: 513
        time_check_overlap: 1.9841e-05
        num_overlapping_windows: 3
        time_merge_windows: 5.885e-06
        time_remove_window: 1.257e-06
        time_remove_window: 5.706e-06
        timing_PlanIn:
            total_PlanIn:0.0448673
            num_until_goal_expanded:746
            timing_expansions:
                total_S3Exp: 0.0448599
                time_top_o: 0.000198013
                time_check_in_c: 0.000130501
                time_add_parent: 0.000220956
                num_neighbors: 80111
                time_add_neighbors_to_o: 0.0411652
    num_new_collisions: 7
    timing_PIOW_new_collisions:
        total_PIOW: 0.00215055
        num_windows: 46
        time_check_overlap: 1.336e-06
        num_overlapping_windows: 1
        time_merge_windows: 0
        time_remove_window: 0.0155774
        time_remove_window: 4.854e-06
        timing_PlanIn:
            total_PlanIn:0.00213625
            num_until_goal_expanded:213
            timing_expansions:
                total_S3Exp: 0.00212228
                time_top_o: 2.7442e-05
                time_check_in_c: 3.7431e-05
                time_add_parent: 5.4966e-05
                num_neighbors: 3455
                time_add_neighbors_to_o: 0.00164657
    num_windows_should_quit: 0
    time_should_quit: 8.527e-06
    time_remove_window: 0
Complete!
