Total time: 3.45686
is_optimal: false
optimality_bound: 1.00063
successive_bounds: [1.00505, 1.00505, 1.00505, 1.00442, 1.00442, 1.00442, 1.00442, 1.00316, 1.00316, 1.00316, 1.00316, 1.00316, 1.00316, 1.00316, 1.00316, 1.00316, 1.00316, 1.00316, 1.00316, 1.00316, 1.00316, 1.00316, 1.00316, 1.00063]
successive_runtimes: [0.00594538, 0.00781211, 0.00970356, 0.0130516, 0.0178981, 0.0228259, 0.0269016, 0.0312509, 0.0719436, 0.155548, 0.302398, 0.547099, 0.874597, 1.28131, 1.70203, 2.03053, 2.33237, 2.58318, 2.78248, 2.93723, 3.06814, 3.1934, 3.31834, 3.45686]
num_agents: 30
time_individual_plan: 0.00411241
time_first_plan: 0.00129061
num_max_agents_in_window_first_iteration: 2
num_recWAMPF: 24
timing_recWAMPF:
    total_RecWAMPF: 3.4522
    num_windows: 173
    num_max_agents_in_window: 3
    timing_gari:
        total_GARI: 3.40546
        time_path_btw_starts: 0.00671205
        Stage1:
            total_Stage1:1.93258
            time_add_x_to_o: 0.585267
            time_clear_x: 0.282997
            timing_AStarSearchUntil:
                total_astar_search_until:1.0643
                num_values_f_less_fmax:49484
                ASU Exp:
                    total_ASUExp:1.06429
                    time_top_o:0.0477083
                    time_check_in_c:0.016995
                    time_add_parent:0.0101249
                    num_neighbors:2037143
                    time_add_neighbors_to_o:0.947171
        Stage2:
            total_Stage2:0.068877
            num_len_path:145
            time_expanding_s:8.5134e-05
            timing_AStarSearchUntil:
                total_astar_search_until:0.0687117
                num_values_f_less_fmax:1232
                ASU Exp:
                    total_ASUExp:0.068708
                    time_top_o:0.000631685
                    time_check_in_c:0.000277159
                    time_add_parent:0.000459429
                    num_neighbors:130201
                    time_add_neighbors_to_o:0.065412
        Stage3:
            total_Stage3:1.39675
            num_until_goal_expanded:14713
            timing_S3Exp:
                total_S3Exp: 0.264249
                time_top_o: 0.00793666
                time_check_in_c: 0.00252807
                time_add_parent: 0.00805604
                num_neighbors: 428584
                time_add_neighbors_to_o: 0.18876
    timing_PIOW_overlapping:
        total_PIOW: 0.0400529
        num_windows: 355
        time_check_overlap: 1.7425e-05
        num_overlapping_windows: 3
        time_merge_windows: 4.35e-06
        time_remove_window: 7.75e-07
        time_remove_window: 4.172e-06
        timing_PlanIn:
            total_PlanIn:0.0400157
            num_until_goal_expanded:956
            timing_expansions:
                total_S3Exp: 0.0400091
                time_top_o: 0.000291734
                time_check_in_c: 0.000166468
                time_add_parent: 0.000253031
                num_neighbors: 81729
                time_add_neighbors_to_o: 0.0358615
    num_new_collisions: 6
    timing_PIOW_new_collisions:
        total_PIOW: 0.000690755
        num_windows: 30
        time_check_overlap: 1.069e-06
        num_overlapping_windows: 0
        time_merge_windows: 0
        time_remove_window: 0
        time_remove_window: 1.703e-06
        timing_PlanIn:
            total_PlanIn:0.000682559
            num_until_goal_expanded:105
            timing_expansions:
                total_S3Exp: 0.000672837
                time_top_o: 1.2335e-05
                time_check_in_c: 1.8106e-05
                time_add_parent: 2.6715e-05
                num_neighbors: 986
                time_add_neighbors_to_o: 0.000453764
    num_windows_should_quit: 1
    time_should_quit: 1.0277e-05
    time_remove_window: 6.54e-07
Complete!
