Total time: 58.809
is_optimal: false
optimality_bound: 1.00372
successive_bounds: [1.0109, 1.00595, 1.00545, 1.0052, 1.00421, 1.00372]
successive_runtimes: [0.0291409, 0.0522453, 9.94484, 41.6092, 52.5152, 58.809]
num_agents: 60
time_individual_plan: 0.0214945
time_first_plan: 0.0069825
num_max_agents_in_window_first_iteration: 2
num_recWAMPF: 6
timing_recWAMPF:
    total_RecWAMPF: 58.7869
    num_windows: 109
    num_max_agents_in_window: 4
    timing_gari:
        total_GARI: 48.9083
        time_path_btw_starts: 0.000798038
        Stage1:
            total_Stage1:2.0242
            time_add_x_to_o: 0.323047
            time_clear_x: 0.0898524
            timing_AStarSearchUntil:
                total_astar_search_until:1.61129
                num_values_f_less_fmax:17480
                ASU Exp:
                    total_ASUExp:1.61129
                    time_top_o:0.0187898
                    time_check_in_c:0.00555322
                    time_add_parent:0.0059098
                    num_neighbors:2283117
                    time_add_neighbors_to_o:1.5444
        Stage2:
            total_Stage2:0.00942978
            num_len_path:102
            time_expanding_s:7.018e-05
            timing_AStarSearchUntil:
                total_astar_search_until:0.00930646
                num_values_f_less_fmax:338
                ASU Exp:
                    total_ASUExp:0.00930395
                    time_top_o:0.000104461
                    time_check_in_c:8.4936e-05
                    time_add_parent:0.000122087
                    num_neighbors:16298
                    time_add_neighbors_to_o:0.00853296
        Stage3:
            total_Stage3:46.8737
            num_until_goal_expanded:93902
            timing_S3Exp:
                total_S3Exp: 36.3047
                time_top_o: 0.202127
                time_check_in_c: 0.0560325
                time_add_parent: 0.0796821
                num_neighbors: 47209069
                time_add_neighbors_to_o: 35.7508
    timing_PIOW_overlapping:
        total_PIOW: 9.86519
        num_windows: 551
        time_check_overlap: 2.8155e-05
        num_overlapping_windows: 5
        time_merge_windows: 7.104e-06
        time_remove_window: 1.586e-06
        time_remove_window: 6.735e-06
        timing_PlanIn:
            total_PlanIn:9.86512
            num_until_goal_expanded:23722
            timing_expansions:
                total_S3Exp: 9.8651
                time_top_o: 0.0474505
                time_check_in_c: 0.00892378
                time_add_parent: 0.0156477
                num_neighbors: 13391043
                time_add_neighbors_to_o: 9.31636
    num_new_collisions: 15
    timing_PIOW_new_collisions:
        total_PIOW: 0.00587021
        num_windows: 199
        time_check_overlap: 7.966e-06
        num_overlapping_windows: 1
        time_merge_windows: 0
        time_remove_window: 9.94166
        time_remove_window: 5.216e-06
        timing_PlanIn:
            total_PlanIn:0.00583209
            num_until_goal_expanded:298
            timing_expansions:
                total_S3Exp: 0.00580464
                time_top_o: 6.0596e-05
                time_check_in_c: 5.9499e-05
                time_add_parent: 9.3187e-05
                num_neighbors: 9028
                time_add_neighbors_to_o: 0.00489866
    num_windows_should_quit: 0
    time_should_quit: 8.769e-06
    time_remove_window: 0
Complete!
