Total time: 0.0204904
is_optimal: true
optimality_bound: 1
successive_bounds: [1.00236, 1.00236, 1.00236, 1.00236, 1.00236, 1.00236, 1.00236, 1.00236, 1.00236, 1.00236, 1.00236, 1.00236, 1.00236, 1.00236, 1, 1]
successive_runtimes: [0.00890957, 0.0091463, 0.0093503, 0.00955805, 0.00977226, 0.0100152, 0.0102751, 0.0106087, 0.0109514, 0.0113442, 0.0117305, 0.0121357, 0.0125722, 0.0185895, 0.0204904]
num_agents: 10
time_individual_plan: 0.00798033
time_first_plan: 0.000233751
num_max_agents_in_window_first_iteration: 2
num_recWAMPF: 15
timing_recWAMPF:
    total_RecWAMPF: 0.0118114
    num_windows: 58
    num_max_agents_in_window: 2
    timing_gari:
        total_GARI: 0.0112148
        time_path_btw_starts: 0.000147611
        Stage1:
            total_Stage1:0.00160463
            time_add_x_to_o: 0.000607561
            time_clear_x: 7.5602e-05
            timing_AStarSearchUntil:
                total_astar_search_until:0.000917454
                num_values_f_less_fmax:74
                ASU Exp:
                    total_ASUExp:0.000915793
                    time_top_o:2.3786e-05
                    time_check_in_c:1.6653e-05
                    time_add_parent:2.3752e-05
                    num_neighbors:1673
                    time_add_neighbors_to_o:0.00074926
        Stage2:
            total_Stage2:0.00140409
            num_len_path:58
            time_expanding_s:2.6957e-05
            timing_AStarSearchUntil:
                total_astar_search_until:0.00135888
                num_values_f_less_fmax:107
                ASU Exp:
                    total_ASUExp:0.00135743
                    time_top_o:3.0829e-05
                    time_check_in_c:2.3237e-05
                    time_add_parent:3.7583e-05
                    num_neighbors:2476
                    time_add_neighbors_to_o:0.00112191
        Stage3:
            total_Stage3:0.00804824
            num_until_goal_expanded:546
            timing_S3Exp:
                total_S3Exp: 0.00692028
                time_top_o: 0.000177957
                time_check_in_c: 0.00011377
                time_add_parent: 0.000158762
                num_neighbors: 10877
                time_add_neighbors_to_o: 0.00572576
    timing_PIOW_overlapping:
        total_PIOW: 4.66e-06
        num_windows: 56
        time_check_overlap: 2.272e-06
        num_overlapping_windows: 0
        time_merge_windows: 0
        time_remove_window: 0
        time_remove_window: 0
        timing_PlanIn:
            total_PlanIn:0
            num_until_goal_expanded:0
            timing_expansions:
                total_S3Exp: 0
                time_top_o: 0
                time_check_in_c: 0
                time_add_parent: 0
                num_neighbors: 0
                time_add_neighbors_to_o: 0
    num_new_collisions: 2
    timing_PIOW_new_collisions:
        total_PIOW: 0.000186719
        num_windows: 2
        time_check_overlap: 2.45e-07
        num_overlapping_windows: 0
        time_merge_windows: 0
        time_remove_window: 0
        time_remove_window: 5.44e-07
        timing_PlanIn:
            total_PlanIn:0.000182706
            num_until_goal_expanded:14
            timing_expansions:
                total_S3Exp: 0.000176809
                time_top_o: 3.231e-06
                time_check_in_c: 3.377e-06
                time_add_parent: 6.259e-06
                num_neighbors: 242
                time_add_neighbors_to_o: 0.000133208
    num_windows_should_quit: 0
    time_should_quit: 2.082e-06
    time_remove_window: 0
Complete!
