Total time: 0.288689
is_optimal: true
optimality_bound: 1
successive_bounds: [1.00477, 1.00477, 1.00477, 1.00404, 1.0033, 1.0033, 1.00257, 1.0022, 1.00147, 1.00147, 1.00147, 1.00147, 1.00073, 1.00073, 1.00073, 1.00073, 1.00073, 1.00073, 1.00073, 1.00073, 1.00073, 1.00073, 1.00073, 1.00073, 1.00073, 1.00073, 1, 1]
successive_runtimes: [0.0121688, 0.0148794, 0.0179243, 0.0212865, 0.0398623, 0.0587377, 0.0694968, 0.0820306, 0.0931702, 0.104898, 0.117553, 0.130665, 0.142058, 0.155001, 0.164799, 0.177229, 0.186917, 0.195789, 0.204175, 0.21335, 0.221992, 0.230668, 0.243401, 0.25381, 0.264243, 0.274299, 0.288689]
num_agents: 40
time_individual_plan: 0.00917817
time_first_plan: 0.00231246
num_max_agents_in_window_first_iteration: 2
num_recWAMPF: 27
timing_recWAMPF:
    total_RecWAMPF: 0.278824
    num_windows: 325
    num_max_agents_in_window: 4
    timing_gari:
        total_GARI: 0.251436
        time_path_btw_starts: 0.00103442
        Stage1:
            total_Stage1:0.0601396
            time_add_x_to_o: 0.0346636
            time_clear_x: 0.00541542
            timing_AStarSearchUntil:
                total_astar_search_until:0.0200368
                num_values_f_less_fmax:10931
                ASU Exp:
                    total_ASUExp:0.020028
                    time_top_o:0.00339339
                    time_check_in_c:0.0019271
                    time_add_parent:0.00116191
                    num_neighbors:21019
                    time_add_neighbors_to_o:0.00973024
        Stage2:
            total_Stage2:0.0145594
            num_len_path:281
            time_expanding_s:0.000189773
            timing_AStarSearchUntil:
                total_astar_search_until:0.0142086
                num_values_f_less_fmax:719
                ASU Exp:
                    total_ASUExp:0.0142011
                    time_top_o:0.000300438
                    time_check_in_c:0.000178859
                    time_add_parent:0.000276008
                    num_neighbors:25146
                    time_add_neighbors_to_o:0.012096
        Stage3:
            total_Stage3:0.17562
            num_until_goal_expanded:5954
            timing_S3Exp:
                total_S3Exp: 0.071518
                time_top_o: 0.00185112
                time_check_in_c: 0.00104337
                time_add_parent: 0.00199996
                num_neighbors: 85732
                time_add_neighbors_to_o: 0.0575038
    timing_PIOW_overlapping:
        total_PIOW: 0.00251482
        num_windows: 982
        time_check_overlap: 5.2645e-05
        num_overlapping_windows: 1
        time_merge_windows: 1.279e-06
        time_remove_window: 2.76e-07
        time_remove_window: 1.215e-06
        timing_PlanIn:
            total_PlanIn:0.00241108
            num_until_goal_expanded:52
            timing_expansions:
                total_S3Exp: 0.00240867
                time_top_o: 1.3959e-05
                time_check_in_c: 1.0503e-05
                time_add_parent: 1.6863e-05
                num_neighbors: 3723
                time_add_neighbors_to_o: 0.00216482
    num_new_collisions: 8
    timing_PIOW_new_collisions:
        total_PIOW: 0.0137929
        num_windows: 53
        time_check_overlap: 2.035e-06
        num_overlapping_windows: 1
        time_merge_windows: 0
        time_remove_window: 0.0271282
        time_remove_window: 2.988e-06
        timing_PlanIn:
            total_PlanIn:0.0137737
            num_until_goal_expanded:209
            timing_expansions:
                total_S3Exp: 0.0137578
                time_top_o: 4.0578e-05
                time_check_in_c: 4.549e-05
                time_add_parent: 6.6205e-05
                num_neighbors: 22767
                time_add_neighbors_to_o: 0.0125649
    num_windows_should_quit: 0
    time_should_quit: 2.3896e-05
    time_remove_window: 0
Complete!
