Total time: 0.0184251
is_optimal: true
optimality_bound: 1
successive_bounds: [1.00188, 1.00188, 1.00188, 1.00125, 1.00125, 1, 1]
successive_runtimes: [0.00750201, 0.00872726, 0.0102279, 0.0126095, 0.0156235, 0.018425]
num_agents: 30
time_individual_plan: 0.00610823
time_first_plan: 0.000847349
num_max_agents_in_window_first_iteration: 2
num_recWAMPF: 6
timing_recWAMPF:
    total_RecWAMPF: 0.0117691
    num_windows: 22
    num_max_agents_in_window: 2
    timing_gari:
        total_GARI: 0.0097768
        time_path_btw_starts: 4.9761e-05
        Stage1:
            total_Stage1:0.00525971
            time_add_x_to_o: 0.00196631
            time_clear_x: 0.000252959
            timing_AStarSearchUntil:
                total_astar_search_until:0.00303929
                num_values_f_less_fmax:1977
                ASU Exp:
                    total_ASUExp:0.00303879
                    time_top_o:0.000436022
                    time_check_in_c:0.000255499
                    time_add_parent:0.000200015
                    num_neighbors:3895
                    time_add_neighbors_to_o:0.00140542
        Stage2:
            total_Stage2:0.000996469
            num_len_path:27
            time_expanding_s:1.0685e-05
            timing_AStarSearchUntil:
                total_astar_search_until:0.000979818
                num_values_f_less_fmax:81
                ASU Exp:
                    total_ASUExp:0.000979396
                    time_top_o:1.8535e-05
                    time_check_in_c:1.6871e-05
                    time_add_parent:2.1338e-05
                    num_neighbors:2153
                    time_add_neighbors_to_o:0.000840188
        Stage3:
            total_Stage3:0.00346721
            num_until_goal_expanded:728
            timing_S3Exp:
                total_S3Exp: 0.00284238
                time_top_o: 0.00016446
                time_check_in_c: 0.000100722
                time_add_parent: 0.000222131
                num_neighbors: 4128
                time_add_neighbors_to_o: 0.00170443
    timing_PIOW_overlapping:
        total_PIOW: 1.462e-06
        num_windows: 20
        time_check_overlap: 7.51e-07
        num_overlapping_windows: 0
        time_merge_windows: 0
        time_remove_window: 0
        time_remove_window: 0
        timing_PlanIn:
            total_PlanIn:0
            num_until_goal_expanded:0
            timing_expansions:
                total_S3Exp: 0
                time_top_o: 0
                time_check_in_c: 0
                time_add_parent: 0
                num_neighbors: 0
                time_add_neighbors_to_o: 0
    num_new_collisions: 2
    timing_PIOW_new_collisions:
        total_PIOW: 0.000420385
        num_windows: 2
        time_check_overlap: 9.5e-08
        num_overlapping_windows: 0
        time_merge_windows: 0
        time_remove_window: 0
        time_remove_window: 1.142e-06
        timing_PlanIn:
            total_PlanIn:0.000416787
            num_until_goal_expanded:73
            timing_expansions:
                total_S3Exp: 0.000412203
                time_top_o: 8.592e-06
                time_check_in_c: 1.221e-05
                time_add_parent: 1.8641e-05
                num_neighbors: 525
                time_add_neighbors_to_o: 0.000266538
    num_windows_should_quit: 0
    time_should_quit: 5.32e-07
    time_remove_window: 0
Complete!
