Total time: 6.71117
is_optimal: true
optimality_bound: 1
successive_bounds: [1.00082, 1.00082, 1.00082, 1.00082, 1.00082, 1.00082, 1.00082, 1.00082, 1.00082, 1.00082, 1.00082, 1.00082, 1.00082, 1.00082, 1.00082, 1.00082, 1.00082, 1.00082, 1.00082, 1.00082, 1.00082, 1.00082, 1.00082, 1.00082, 1.00082, 1.00082, 1.00082, 1.00082, 1.00082, 1.00082, 1.00082, 1.00082, 1.00082, 1.00082, 1.00082, 1.00082, 1.00082, 1, 1]
successive_runtimes: [0.00640972, 0.00710586, 0.00834169, 0.00928145, 0.0103566, 0.0113334, 0.0127028, 0.0146926, 0.0170002, 0.0259184, 0.039799, 0.0920236, 0.149882, 0.228096, 0.277509, 0.454303, 0.555245, 0.745904, 0.874545, 1.02653, 1.36512, 1.54924, 1.72678, 1.90885, 2.09061, 2.2597, 2.4218, 2.84118, 3.29555, 3.53547, 3.76901, 4.03449, 4.60523, 4.90163, 5.19518, 5.48474, 5.84902, 6.71117]
num_agents: 20
time_individual_plan: 0.00524512
time_first_plan: 0.000493509
num_max_agents_in_window_first_iteration: 3
num_recWAMPF: 38
timing_recWAMPF:
    total_RecWAMPF: 6.70524
    num_windows: 75
    num_max_agents_in_window: 4
    timing_gari:
        total_GARI: 6.31003
        time_path_btw_starts: 0.000312357
        Stage1:
            total_Stage1:0.690834
            time_add_x_to_o: 0.216025
            time_clear_x: 0.0447679
            timing_AStarSearchUntil:
                total_astar_search_until:0.430028
                num_values_f_less_fmax:9161
                ASU Exp:
                    total_ASUExp:0.430022
                    time_top_o:0.00979216
                    time_check_in_c:0.00321291
                    time_add_parent:0.00423502
                    num_neighbors:665695
                    time_add_neighbors_to_o:0.397133
        Stage2:
            total_Stage2:0.215878
            num_len_path:72
            time_expanding_s:5.5446e-05
            timing_AStarSearchUntil:
                total_astar_search_until:0.215756
                num_values_f_less_fmax:3004
                ASU Exp:
                    total_ASUExp:0.215754
                    time_top_o:0.0019774
                    time_check_in_c:0.000696959
                    time_add_parent:0.00174829
                    num_neighbors:309501
                    time_add_neighbors_to_o:0.206043
        Stage3:
            total_Stage3:5.40298
            num_until_goal_expanded:14451
            timing_S3Exp:
                total_S3Exp: 1.04289
                time_top_o: 0.0207268
                time_check_in_c: 0.0045827
                time_add_parent: 0.00884014
                num_neighbors: 1367424
                time_add_neighbors_to_o: 0.979938
    timing_PIOW_overlapping:
        total_PIOW: 3.923e-06
        num_windows: 37
        time_check_overlap: 0
        num_overlapping_windows: 0
        time_merge_windows: 0
        time_remove_window: 0
        time_remove_window: 0
        timing_PlanIn:
            total_PlanIn:0
            num_until_goal_expanded:0
            timing_expansions:
                total_S3Exp: 0
                time_top_o: 0
                time_check_in_c: 0
                time_add_parent: 0
                num_neighbors: 0
                time_add_neighbors_to_o: 0
    num_new_collisions: 3
    timing_PIOW_new_collisions:
        total_PIOW: 0.391175
        num_windows: 2
        time_check_overlap: 2.48e-07
        num_overlapping_windows: 2
        time_merge_windows: 0
        time_remove_window: 6.33626
        time_remove_window: 1.114e-06
        timing_PlanIn:
            total_PlanIn:0.391164
            num_until_goal_expanded:3008
            timing_expansions:
                total_S3Exp: 0.391154
                time_top_o: 0.0028191
                time_check_in_c: 0.0011568
                time_add_parent: 0.00214983
                num_neighbors: 389010
                time_add_neighbors_to_o: 0.362192
    num_windows_should_quit: 0
    time_should_quit: 5.511e-06
    time_remove_window: 0
Complete!
