Total time: 59.8889
is_optimal: false
optimality_bound: 1.00039
successive_bounds: [1.00512, 1.00512, 1.00473, 1.00315, 1.00315, 1.00315, 1.00315, 1.00315, 1.00236, 1.00236, 1.00236, 1.00236, 1.00236, 1.00236, 1.00236, 1.00236, 1.00236, 1.00236, 1.00236, 1.00236, 1.00236, 1.00197, 1.00197, 1.00197, 1.00197, 1.00197, 1.00197, 1.00118, 1.00118, 1.00118, 1.00039, 1.00039, 1.00039, 1.00039, 1.00039, 1.00039]
successive_runtimes: [0.00894412, 0.0116687, 0.0157558, 0.0193833, 0.0221478, 0.0243319, 0.174414, 0.400095, 0.585117, 0.754314, 1.3296, 2.27001, 3.19355, 3.73062, 4.61265, 5.69896, 6.85399, 7.83869, 8.58543, 9.09825, 9.5146, 21.613, 28.5089, 34.3786, 37.5187, 39.7016, 41.7261, 43.7601, 45.7752, 47.7903, 49.8131, 51.829, 53.8443, 55.8607, 57.8747, 59.8889]
num_agents: 40
time_individual_plan: 0.00577702
time_first_plan: 0.00246161
num_max_agents_in_window_first_iteration: 2
num_recWAMPF: 36
timing_recWAMPF:
    total_RecWAMPF: 59.8824
    num_windows: 440
    num_max_agents_in_window: 4
    timing_gari:
        total_GARI: 59.7192
        time_path_btw_starts: 0.122986
        Stage1:
            total_Stage1:15.0241
            time_add_x_to_o: 4.64325
            time_clear_x: 1.91689
            timing_AStarSearchUntil:
                total_astar_search_until:8.46391
                num_values_f_less_fmax:48488
                ASU Exp:
                    total_ASUExp:8.46389
                    time_top_o:0.0923284
                    time_check_in_c:0.0744875
                    time_add_parent:0.0330697
                    num_neighbors:11650141
                    time_add_neighbors_to_o:8.14227
        Stage2:
            total_Stage2:0.14083
            num_len_path:416
            time_expanding_s:0.00122071
            timing_AStarSearchUntil:
                total_astar_search_until:0.139278
                num_values_f_less_fmax:2400
                ASU Exp:
                    total_ASUExp:0.139254
                    time_top_o:0.00126274
                    time_check_in_c:0.018838
                    time_add_parent:0.00243619
                    num_neighbors:166377
                    time_add_neighbors_to_o:0.106463
        Stage3:
            total_Stage3:44.4312
            num_until_goal_expanded:58049
            timing_S3Exp:
                total_S3Exp: 16.4993
                time_top_o: 0.0770381
                time_check_in_c: 0.0260035
                time_add_parent: 0.0501897
                num_neighbors: 22315485
                time_add_neighbors_to_o: 15.9757
    timing_PIOW_overlapping:
        total_PIOW: 0.150035
        num_windows: 1358
        time_check_overlap: 8.7946e-05
        num_overlapping_windows: 2
        time_merge_windows: 2.896e-06
        time_remove_window: 8.11e-07
        time_remove_window: 2.751e-06
        timing_PlanIn:
            total_PlanIn:0.149882
            num_until_goal_expanded:313
            timing_expansions:
                total_S3Exp: 0.149876
                time_top_o: 0.000216842
                time_check_in_c: 8.7684e-05
                time_add_parent: 0.000141254
                num_neighbors: 242805
                time_add_neighbors_to_o: 0.14145
    num_new_collisions: 8
    timing_PIOW_new_collisions:
        total_PIOW: 0.0012118
        num_windows: 56
        time_check_overlap: 2.421e-06
        num_overlapping_windows: 0
        time_merge_windows: 0
        time_remove_window: 0
        time_remove_window: 3.95e-06
        timing_PlanIn:
            total_PlanIn:0.0011939
            num_until_goal_expanded:111
            timing_expansions:
                total_S3Exp: 0.00117713
                time_top_o: 1.9645e-05
                time_check_in_c: 2.466e-05
                time_add_parent: 3.8776e-05
                num_neighbors: 1291
                time_add_neighbors_to_o: 0.000862998
    num_windows_should_quit: 0
    time_should_quit: 3.059e-05
    time_remove_window: 0
Complete!
