Total time: 9.93751
is_optimal: false
optimality_bound: 1.00071
successive_bounds: [1.01242, 1.00532, 1.00461, 1.00461, 1.00461, 1.0039, 1.0039, 1.00355, 1.00355, 1.00355, 1.00355, 1.00284, 1.00284, 1.00284, 1.00213, 1.00142, 1.00142, 1.00142, 1.00071, 1.00071, 1.00071, 1.00071, 1.00071, 1.00071, 1.00071, 1.00071]
successive_runtimes: [0.0178132, 0.0303919, 0.0413708, 0.0472683, 0.0529586, 0.0594084, 0.0659881, 0.0891813, 0.105896, 0.117514, 0.128984, 0.140615, 0.152149, 0.164278, 0.176396, 0.186952, 0.195624, 0.258846, 0.280144, 0.317316, 0.346994, 5.27363, 6.09049, 7.12448, 8.47747, 9.93751]
num_agents: 40
time_individual_plan: 0.00658534
time_first_plan: 0.010698
num_max_agents_in_window_first_iteration: 3
num_recWAMPF: 26
timing_recWAMPF:
    total_RecWAMPF: 9.93039
    num_windows: 370
    num_max_agents_in_window: 4
    timing_gari:
        total_GARI: 4.99373
        time_path_btw_starts: 0.00190188
        Stage1:
            total_Stage1:0.17292
            time_add_x_to_o: 0.0769293
            time_clear_x: 0.0101037
            timing_AStarSearchUntil:
                total_astar_search_until:0.0858633
                num_values_f_less_fmax:10339
                ASU Exp:
                    total_ASUExp:0.0858526
                    time_top_o:0.00348371
                    time_check_in_c:0.00233182
                    time_add_parent:0.00175414
                    num_neighbors:161017
                    time_add_neighbors_to_o:0.0727303
        Stage2:
            total_Stage2:0.0193221
            num_len_path:314
            time_expanding_s:0.000214327
            timing_AStarSearchUntil:
                total_astar_search_until:0.0189364
                num_values_f_less_fmax:674
                ASU Exp:
                    total_ASUExp:0.0189286
                    time_top_o:0.000260568
                    time_check_in_c:0.000196219
                    time_add_parent:0.000304737
                    num_neighbors:38517
                    time_add_neighbors_to_o:0.0166381
        Stage3:
            total_Stage3:4.79748
            num_until_goal_expanded:17853
            timing_S3Exp:
                total_S3Exp: 0.774031
                time_top_o: 0.0143744
                time_check_in_c: 0.00391329
                time_add_parent: 0.00847772
                num_neighbors: 1409641
                time_add_neighbors_to_o: 0.716266
    timing_PIOW_overlapping:
        total_PIOW: 0.0153248
        num_windows: 1324
        time_check_overlap: 6.3446e-05
        num_overlapping_windows: 1
        time_merge_windows: 1.656e-06
        time_remove_window: 2.72e-07
        time_remove_window: 1.606e-06
        timing_PlanIn:
            total_PlanIn:0.0152252
            num_until_goal_expanded:443
            timing_expansions:
                total_S3Exp: 0.0152229
                time_top_o: 0.000114924
                time_check_in_c: 7.8169e-05
                time_add_parent: 0.000117328
                num_neighbors: 25301
                time_add_neighbors_to_o: 0.0136005
    num_new_collisions: 10
    timing_PIOW_new_collisions:
        total_PIOW: 4.90874
        num_windows: 83
        time_check_overlap: 3.575e-06
        num_overlapping_windows: 2
        time_merge_windows: 0
        time_remove_window: 0.383338
        time_remove_window: 2.696e-06
        timing_PlanIn:
            total_PlanIn:4.90872
            num_until_goal_expanded:12293
            timing_expansions:
                total_S3Exp: 4.90869
                time_top_o: 0.0118472
                time_check_in_c: 0.00312499
                time_add_parent: 0.00678411
                num_neighbors: 6534265
                time_add_neighbors_to_o: 4.70014
    num_windows_should_quit: 0
    time_should_quit: 2.0978e-05
    time_remove_window: 0
Complete!
