Total time: 0.108576
is_optimal: true
optimality_bound: 1
successive_bounds: [1.00123, 1.00123, 1.00123, 1.00123, 1.00123, 1, 1]
successive_runtimes: [0.00755192, 0.00785892, 0.00815728, 0.0237046, 0.0520908, 0.108576]
num_agents: 20
time_individual_plan: 0.0064032
time_first_plan: 0.000468336
num_max_agents_in_window_first_iteration: 2
num_recWAMPF: 6
timing_recWAMPF:
    total_RecWAMPF: 0.10149
    num_windows: 17
    num_max_agents_in_window: 3
    timing_gari:
        total_GARI: 0.085327
        time_path_btw_starts: 5.9178e-05
        Stage1:
            total_Stage1:0.0637312
            time_add_x_to_o: 0.0144796
            time_clear_x: 0.00376009
            timing_AStarSearchUntil:
                total_astar_search_until:0.0454899
                num_values_f_less_fmax:1439
                ASU Exp:
                    total_ASUExp:0.0454893
                    time_top_o:0.0010814
                    time_check_in_c:0.000369603
                    time_add_parent:0.00052233
                    num_neighbors:78515
                    time_add_neighbors_to_o:0.0413808
        Stage2:
            total_Stage2:0.0015521
            num_len_path:17
            time_expanding_s:1.0557e-05
            timing_AStarSearchUntil:
                total_astar_search_until:0.0015341
                num_values_f_less_fmax:32
                ASU Exp:
                    total_ASUExp:0.00153366
                    time_top_o:1.2925e-05
                    time_check_in_c:7.539e-06
                    time_add_parent:1.2719e-05
                    num_neighbors:2765
                    time_add_neighbors_to_o:0.001448
        Stage3:
            total_Stage3:0.0199806
            num_until_goal_expanded:533
            timing_S3Exp:
                total_S3Exp: 0.0116445
                time_top_o: 0.000252249
                time_check_in_c: 9.1387e-05
                time_add_parent: 0.000188215
                num_neighbors: 16795
                time_add_neighbors_to_o: 0.0102623
    timing_PIOW_overlapping:
        total_PIOW: 0.0152259
        num_windows: 15
        time_check_overlap: 5.26e-07
        num_overlapping_windows: 1
        time_merge_windows: 1.308e-06
        time_remove_window: 3.64e-07
        time_remove_window: 1.242e-06
        timing_PlanIn:
            total_PlanIn:0.0152203
            num_until_goal_expanded:448
            timing_expansions:
                total_S3Exp: 0.0152177
                time_top_o: 0.000156469
                time_check_in_c: 8.6677e-05
                time_add_parent: 0.00014561
                num_neighbors: 24636
                time_add_neighbors_to_o: 0.0133247
    num_new_collisions: 2
    timing_PIOW_new_collisions:
        total_PIOW: 0.000214382
        num_windows: 2
        time_check_overlap: 1.94e-07
        num_overlapping_windows: 0
        time_merge_windows: 0
        time_remove_window: 0
        time_remove_window: 7.53e-07
        timing_PlanIn:
            total_PlanIn:0.000210464
            num_until_goal_expanded:12
            timing_expansions:
                total_S3Exp: 0.000204512
                time_top_o: 2.823e-06
                time_check_in_c: 3.005e-06
                time_add_parent: 5.746e-06
                num_neighbors: 224
                time_add_neighbors_to_o: 0.000164557
    num_windows_should_quit: 0
    time_should_quit: 6.32e-07
    time_remove_window: 0
Complete!
