Total time: 0.0479191
is_optimal: true
optimality_bound: 1
successive_bounds: [1.00267, 1.00267, 1.00178, 1.00178, 1.00178, 1.00178, 1.00178, 1.00178, 1.00178, 1.00089, 1.00089, 1.00089, 1, 1]
successive_runtimes: [0.0133294, 0.0151765, 0.016983, 0.0188377, 0.0206274, 0.0224669, 0.0244477, 0.0279499, 0.030366, 0.0394093, 0.0423264, 0.0448506, 0.0479191]
num_agents: 30
time_individual_plan: 0.0100242
time_first_plan: 0.00217062
num_max_agents_in_window_first_iteration: 2
num_recWAMPF: 13
timing_recWAMPF:
    total_RecWAMPF: 0.0367536
    num_windows: 125
    num_max_agents_in_window: 2
    timing_gari:
        total_GARI: 0.0283646
        time_path_btw_starts: 0.000616015
        Stage1:
            total_Stage1:0.0014615
            time_add_x_to_o: 0.00046196
            time_clear_x: 9.3368e-05
            timing_AStarSearchUntil:
                total_astar_search_until:0.000158466
                num_values_f_less_fmax:39
                ASU Exp:
                    total_ASUExp:0.000152932
                    time_top_o:1.9969e-05
                    time_check_in_c:6.585e-06
                    time_add_parent:0
                    num_neighbors:0
                    time_add_neighbors_to_o:0
        Stage2:
            total_Stage2:0.0099199
            num_len_path:111
            time_expanding_s:0.000109204
            timing_AStarSearchUntil:
                total_astar_search_until:0.00931878
                num_values_f_less_fmax:287
                ASU Exp:
                    total_ASUExp:0.00931396
                    time_top_o:0.000188111
                    time_check_in_c:0.000110201
                    time_add_parent:0.000260277
                    num_neighbors:5420
                    time_add_neighbors_to_o:0.00468088
        Stage3:
            total_Stage3:0.0144909
            num_until_goal_expanded:1215
            timing_S3Exp:
                total_S3Exp: 0.0110707
                time_top_o: 0.000507378
                time_check_in_c: 0.000390067
                time_add_parent: 0.000858096
                num_neighbors: 6334
                time_add_neighbors_to_o: 0.00661954
    timing_PIOW_overlapping:
        total_PIOW: 3.8977e-05
        num_windows: 300
        time_check_overlap: 2.3146e-05
        num_overlapping_windows: 0
        time_merge_windows: 0
        time_remove_window: 0
        time_remove_window: 0
        timing_PlanIn:
            total_PlanIn:0
            num_until_goal_expanded:0
            timing_expansions:
                total_S3Exp: 0
                time_top_o: 0
                time_check_in_c: 0
                time_add_parent: 0
                num_neighbors: 0
                time_add_neighbors_to_o: 0
    num_new_collisions: 5
    timing_PIOW_new_collisions:
        total_PIOW: 0.00111059
        num_windows: 10
        time_check_overlap: 1.253e-06
        num_overlapping_windows: 0
        time_merge_windows: 0
        time_remove_window: 0
        time_remove_window: 1.771e-06
        timing_PlanIn:
            total_PlanIn:0.00109519
            num_until_goal_expanded:90
            timing_expansions:
                total_S3Exp: 0.00107116
                time_top_o: 2.9812e-05
                time_check_in_c: 3.772e-05
                time_add_parent: 8.4766e-05
                num_neighbors: 570
                time_add_neighbors_to_o: 0.000657726
    num_windows_should_quit: 0
    time_should_quit: 2.847e-06
    time_remove_window: 0
Complete!
