Total time: 0.0202741
is_optimal: true
optimality_bound: 1
successive_bounds: [1.00082, 1.00082, 1.00082, 1.00082, 1.00082, 1.00082, 1.00082, 1.00082, 1.00082, 1.00082, 1.00082, 1.00082, 1.00082, 1.00082, 1.00082, 1.00082, 1.00082, 1.00082, 1.00082, 1.00082, 1.00082, 1.00082, 1, 1]
successive_runtimes: [0.00720615, 0.00766508, 0.00810583, 0.00854989, 0.00898782, 0.00941809, 0.00986372, 0.0103261, 0.0108252, 0.0112644, 0.0118077, 0.0122521, 0.0126855, 0.0131087, 0.0135535, 0.0140722, 0.0146144, 0.0151658, 0.0156951, 0.0162643, 0.0168857, 0.0186087, 0.0202741]
num_agents: 30
time_individual_plan: 0.00604655
time_first_plan: 0.000633802
num_max_agents_in_window_first_iteration: 2
num_recWAMPF: 23
timing_recWAMPF:
    total_RecWAMPF: 0.0136985
    num_windows: 45
    num_max_agents_in_window: 2
    timing_gari:
        total_GARI: 0.00735729
        time_path_btw_starts: 8.9146e-05
        Stage1:
            total_Stage1:0.0042497
            time_add_x_to_o: 0.00115354
            time_clear_x: 0.000170796
            timing_AStarSearchUntil:
                total_astar_search_until:0.00292276
                num_values_f_less_fmax:665
                ASU Exp:
                    total_ASUExp:0.00292168
                    time_top_o:0.000153184
                    time_check_in_c:0.000132715
                    time_add_parent:0.000102327
                    num_neighbors:5195
                    time_add_neighbors_to_o:0.00217682
        Stage2:
            total_Stage2:0.000799963
            num_len_path:44
            time_expanding_s:1.5958e-05
            timing_AStarSearchUntil:
                total_astar_search_until:0.00077235
                num_values_f_less_fmax:66
                ASU Exp:
                    total_ASUExp:0.000771418
                    time_top_o:1.4477e-05
                    time_check_in_c:1.4353e-05
                    time_add_parent:1.6604e-05
                    num_neighbors:1703
                    time_add_neighbors_to_o:0.00066055
        Stage3:
            total_Stage3:0.00221094
            num_until_goal_expanded:368
            timing_S3Exp:
                total_S3Exp: 0.00140522
                time_top_o: 7.3482e-05
                time_check_in_c: 4.7434e-05
                time_add_parent: 9.8937e-05
                num_neighbors: 2685
                time_add_neighbors_to_o: 0.000813947
    timing_PIOW_overlapping:
        total_PIOW: 4.73e-07
        num_windows: 22
        time_check_overlap: 0
        num_overlapping_windows: 0
        time_merge_windows: 0
        time_remove_window: 0
        time_remove_window: 0
        timing_PlanIn:
            total_PlanIn:0
            num_until_goal_expanded:0
            timing_expansions:
                total_S3Exp: 0
                time_top_o: 0
                time_check_in_c: 0
                time_add_parent: 0
                num_neighbors: 0
                time_add_neighbors_to_o: 0
    num_new_collisions: 1
    timing_PIOW_new_collisions:
        total_PIOW: 0.000152568
        num_windows: 0
        time_check_overlap: 0
        num_overlapping_windows: 0
        time_merge_windows: 0
        time_remove_window: 0
        time_remove_window: 3.95e-07
        timing_PlanIn:
            total_PlanIn:0.000150914
            num_until_goal_expanded:21
            timing_expansions:
                total_S3Exp: 0.00014802
                time_top_o: 3.344e-06
                time_check_in_c: 4.473e-06
                time_add_parent: 6.028e-06
                num_neighbors: 181
                time_add_neighbors_to_o: 8.1701e-05
    num_windows_should_quit: 0
    time_should_quit: 1.024e-06
    time_remove_window: 0
Complete!
