Total time: 1.86773
is_optimal: false
optimality_bound: 1.0022
successive_bounds: [1.00688, 1.00578, 1.00578, 1.0044, 1.0044, 1.00303, 1.00248, 1.00248, 1.0022]
successive_runtimes: [0.0145318, 0.0200755, 0.0259656, 0.0364238, 0.0465386, 0.0580953, 0.281698, 0.977382, 1.86773]
num_agents: 50
time_individual_plan: 0.00822618
time_first_plan: 0.00577743
num_max_agents_in_window_first_iteration: 2
num_recWAMPF: 9
timing_recWAMPF:
    total_RecWAMPF: 1.85897
    num_windows: 212
    num_max_agents_in_window: 4
    timing_gari:
        total_GARI: 1.62688
        time_path_btw_starts: 0.00108061
        Stage1:
            total_Stage1:1.27408
            time_add_x_to_o: 0.380193
            time_clear_x: 0.203679
            timing_AStarSearchUntil:
                total_astar_search_until:0.690197
                num_values_f_less_fmax:8743
                ASU Exp:
                    total_ASUExp:0.690192
                    time_top_o:0.0082011
                    time_check_in_c:0.00635501
                    time_add_parent:0.00159615
                    num_neighbors:1346891
                    time_add_neighbors_to_o:0.650722
        Stage2:
            total_Stage2:0.00794503
            num_len_path:203
            time_expanding_s:0.000155942
            timing_AStarSearchUntil:
                total_astar_search_until:0.00772055
                num_values_f_less_fmax:412
                ASU Exp:
                    total_ASUExp:0.00771619
                    time_top_o:0.000107183
                    time_check_in_c:7.7291e-05
                    time_add_parent:0.000130449
                    num_neighbors:16697
                    time_add_neighbors_to_o:0.00692594
        Stage3:
            total_Stage3:0.342358
            num_until_goal_expanded:3087
            timing_S3Exp:
                total_S3Exp: 0.199219
                time_top_o: 0.00156333
                time_check_in_c: 0.000535545
                time_add_parent: 0.000960144
                num_neighbors: 389551
                time_add_neighbors_to_o: 0.192255
    timing_PIOW_overlapping:
        total_PIOW: 0.219903
        num_windows: 1286
        time_check_overlap: 3.7149e-05
        num_overlapping_windows: 3
        time_merge_windows: 3.556e-06
        time_remove_window: 9.21e-07
        time_remove_window: 3.406e-06
        timing_PlanIn:
            total_PlanIn:0.219829
            num_until_goal_expanded:595
            timing_expansions:
                total_S3Exp: 0.219823
                time_top_o: 0.000377353
                time_check_in_c: 0.000159334
                time_add_parent: 0.000247826
                num_neighbors: 412241
                time_add_neighbors_to_o: 0.207361
    num_new_collisions: 15
    timing_PIOW_new_collisions:
        total_PIOW: 0.00233195
        num_windows: 218
        time_check_overlap: 5.263e-06
        num_overlapping_windows: 1
        time_merge_windows: 0
        time_remove_window: 0.0188987
        time_remove_window: 9.352e-06
        timing_PlanIn:
            total_PlanIn:0.00229976
            num_until_goal_expanded:243
            timing_expansions:
                total_S3Exp: 0.00227427
                time_top_o: 3.0796e-05
                time_check_in_c: 5.3105e-05
                time_add_parent: 6.1915e-05
                num_neighbors: 3349
                time_add_neighbors_to_o: 0.00175033
    num_windows_should_quit: 0
    time_should_quit: 9.818e-06
    time_remove_window: 0
Complete!
