Total time: 31.1319
is_optimal: false
optimality_bound: 1.00144
successive_bounds: [1.02157, 1.00503, 1.00216, 1.00216, 1.00216, 1.0018, 1.00144]
successive_runtimes: [0.0192751, 0.0444378, 0.0656155, 0.0715037, 0.151241, 8.6157, 31.1319]
num_agents: 40
time_individual_plan: 0.0118284
time_first_plan: 0.00680101
num_max_agents_in_window_first_iteration: 2
num_recWAMPF: 7
timing_recWAMPF:
    total_RecWAMPF: 31.1194
    num_windows: 144
    num_max_agents_in_window: 5
    timing_gari:
        total_GARI: 23.3745
        time_path_btw_starts: 0.00193431
        Stage1:
            total_Stage1:23.1903
            time_add_x_to_o: 0.45911
            time_clear_x: 0.0839363
            timing_AStarSearchUntil:
                total_astar_search_until:22.6472
                num_values_f_less_fmax:17110
                ASU Exp:
                    total_ASUExp:22.6472
                    time_top_o:0.0445052
                    time_check_in_c:0.122912
                    time_add_parent:0.0130739
                    num_neighbors:31291489
                    time_add_neighbors_to_o:22.4021
        Stage2:
            total_Stage2:0.0228793
            num_len_path:155
            time_expanding_s:0.000154133
            timing_AStarSearchUntil:
                total_astar_search_until:0.0226531
                num_values_f_less_fmax:284
                ASU Exp:
                    total_ASUExp:0.0226496
                    time_top_o:0.000132203
                    time_check_in_c:7.3985e-05
                    time_add_parent:0.00011527
                    num_neighbors:35423
                    time_add_neighbors_to_o:0.0218755
        Stage3:
            total_Stage3:0.154028
            num_until_goal_expanded:1016
            timing_S3Exp:
                total_S3Exp: 0.0314567
                time_top_o: 0.000476679
                time_check_in_c: 0.000192865
                time_add_parent: 0.000482542
                num_neighbors: 36588
                time_add_neighbors_to_o: 0.028138
    timing_PIOW_overlapping:
        total_PIOW: 7.73175
        num_windows: 790
        time_check_overlap: 3.2976e-05
        num_overlapping_windows: 3
        time_merge_windows: 7.771e-06
        time_remove_window: 1.238e-06
        time_remove_window: 7.566e-06
        timing_PlanIn:
            total_PlanIn:7.73167
            num_until_goal_expanded:1822
            timing_expansions:
                total_S3Exp: 7.73166
                time_top_o: 0.00214981
                time_check_in_c: 0.00104087
                time_add_parent: 0.00147569
                num_neighbors: 10494023
                time_add_neighbors_to_o: 7.36866
    num_new_collisions: 15
    timing_PIOW_new_collisions:
        total_PIOW: 0.00795182
        num_windows: 219
        time_check_overlap: 8.704e-06
        num_overlapping_windows: 3
        time_merge_windows: 0
        time_remove_window: 0.170977
        time_remove_window: 8.646e-06
        timing_PlanIn:
            total_PlanIn:0.00790476
            num_until_goal_expanded:567
            timing_expansions:
                total_S3Exp: 0.00787456
                time_top_o: 9.754e-05
                time_check_in_c: 0.000115883
                time_add_parent: 0.000164876
                num_neighbors: 11999
                time_add_neighbors_to_o: 0.00635842
    num_windows_should_quit: 0
    time_should_quit: 1.2624e-05
    time_remove_window: 0
Complete!
