Total time: 0.147508
is_optimal: true
optimality_bound: 1
successive_bounds: [1.00355, 1.00284, 1.00213, 1.00213, 1.00213, 1.00213, 1.00142, 1.00071, 1.00071, 1.00071, 1.00071, 1.00071, 1.00071, 1.00071, 1.00071, 1.00071, 1.00071, 1.00071, 1.00071, 1.00071, 1.00071, 1, 1]
successive_runtimes: [0.00865123, 0.0112302, 0.0136146, 0.0170542, 0.0222687, 0.0289003, 0.0357133, 0.0451018, 0.0475354, 0.0493877, 0.0512988, 0.0537231, 0.099844, 0.121317, 0.124738, 0.128899, 0.131916, 0.13498, 0.138187, 0.141282, 0.144411, 0.147508]
num_agents: 40
time_individual_plan: 0.00565208
time_first_plan: 0.00247312
num_max_agents_in_window_first_iteration: 2
num_recWAMPF: 22
timing_recWAMPF:
    total_RecWAMPF: 0.141325
    num_windows: 199
    num_max_agents_in_window: 3
    timing_gari:
        total_GARI: 0.0826736
        time_path_btw_starts: 0.000559999
        Stage1:
            total_Stage1:0.0356841
            time_add_x_to_o: 0.0220122
            time_clear_x: 0.00317729
            timing_AStarSearchUntil:
                total_astar_search_until:0.0104833
                num_values_f_less_fmax:1867
                ASU Exp:
                    total_ASUExp:0.0104779
                    time_top_o:0.000471078
                    time_check_in_c:0.000253234
                    time_add_parent:0.000405003
                    num_neighbors:19988
                    time_add_neighbors_to_o:0.00788336
        Stage2:
            total_Stage2:0.0119793
            num_len_path:192
            time_expanding_s:0.000154166
            timing_AStarSearchUntil:
                total_astar_search_until:0.0117636
                num_values_f_less_fmax:855
                ASU Exp:
                    total_ASUExp:0.0117592
                    time_top_o:0.000236224
                    time_check_in_c:0.000158504
                    time_add_parent:0.000258659
                    num_neighbors:24741
                    time_add_neighbors_to_o:0.00982077
        Stage3:
            total_Stage3:0.034116
            num_until_goal_expanded:883
            timing_S3Exp:
                total_S3Exp: 0.009774
                time_top_o: 0.000201994
                time_check_in_c: 0.000119896
                time_add_parent: 0.000239752
                num_neighbors: 11734
                time_add_neighbors_to_o: 0.00503816
    timing_PIOW_overlapping:
        total_PIOW: 0.0448202
        num_windows: 513
        time_check_overlap: 1.8581e-05
        num_overlapping_windows: 3
        time_merge_windows: 6.411e-06
        time_remove_window: 1.044e-06
        time_remove_window: 6.09e-06
        timing_PlanIn:
            total_PlanIn:0.0447755
            num_until_goal_expanded:746
            timing_expansions:
                total_S3Exp: 0.0447663
                time_top_o: 0.000195574
                time_check_in_c: 0.000126351
                time_add_parent: 0.00021759
                num_neighbors: 80111
                time_add_neighbors_to_o: 0.041081
    num_new_collisions: 7
    timing_PIOW_new_collisions:
        total_PIOW: 0.00218768
        num_windows: 46
        time_check_overlap: 1.31e-06
        num_overlapping_windows: 1
        time_merge_windows: 0
        time_remove_window: 0.0156024
        time_remove_window: 4.903e-06
        timing_PlanIn:
            total_PlanIn:0.00217334
            num_until_goal_expanded:213
            timing_expansions:
                total_S3Exp: 0.00216014
                time_top_o: 2.7749e-05
                time_check_in_c: 3.8743e-05
                time_add_parent: 5.3599e-05
                num_neighbors: 3455
                time_add_neighbors_to_o: 0.00168189
    num_windows_should_quit: 0
    time_should_quit: 8.941e-06
    time_remove_window: 0
Complete!
