Total time: 6.16426
is_optimal: false
optimality_bound: 1.00393
successive_bounds: [1.0076, 1.00707, 1.00655, 1.0055, 1.0055, 1.0055, 1.00498, 1.00445, 1.00393, 1.00393, 1.00393, 1.00393]
successive_runtimes: [0.0225903, 0.0262675, 0.0312838, 0.0439888, 0.0526683, 0.0632748, 0.0748566, 0.0867127, 0.187109, 0.251926, 4.74117, 6.16426]
num_agents: 60
time_individual_plan: 0.0156335
time_first_plan: 0.00624592
num_max_agents_in_window_first_iteration: 2
num_recWAMPF: 12
timing_recWAMPF:
    total_RecWAMPF: 6.14791
    num_windows: 192
    num_max_agents_in_window: 4
    timing_gari:
        total_GARI: 1.60363
        time_path_btw_starts: 0.00101959
        Stage1:
            total_Stage1:0.772015
            time_add_x_to_o: 0.175232
            time_clear_x: 0.0323383
            timing_AStarSearchUntil:
                total_astar_search_until:0.564431
                num_values_f_less_fmax:3860
                ASU Exp:
                    total_ASUExp:0.564425
                    time_top_o:0.00711452
                    time_check_in_c:0.00520542
                    time_add_parent:0.00328776
                    num_neighbors:712976
                    time_add_neighbors_to_o:0.540097
        Stage2:
            total_Stage2:0.00698896
            num_len_path:153
            time_expanding_s:0.000110977
            timing_AStarSearchUntil:
                total_astar_search_until:0.00679901
                num_values_f_less_fmax:364
                ASU Exp:
                    total_ASUExp:0.00679452
                    time_top_o:0.000116026
                    time_check_in_c:8.8993e-05
                    time_add_parent:0.000135206
                    num_neighbors:11686
                    time_add_neighbors_to_o:0.00586986
        Stage3:
            total_Stage3:0.823562
            num_until_goal_expanded:1631
            timing_S3Exp:
                total_S3Exp: 0.103359
                time_top_o: 0.00145603
                time_check_in_c: 0.000341632
                time_add_parent: 0.000764647
                num_neighbors: 130866
                time_add_neighbors_to_o: 0.0974815
    timing_PIOW_overlapping:
        total_PIOW: 0.0096327
        num_windows: 1326
        time_check_overlap: 5.2362e-05
        num_overlapping_windows: 16
        time_merge_windows: 1.8442e-05
        time_remove_window: 3.46e-06
        time_remove_window: 1.7052e-05
        timing_PlanIn:
            total_PlanIn:0.00948841
            num_until_goal_expanded:354
            timing_expansions:
                total_S3Exp: 0.00945268
                time_top_o: 7.9551e-05
                time_check_in_c: 6.8551e-05
                time_add_parent: 0.000111127
                num_neighbors: 13396
                time_add_neighbors_to_o: 0.00819584
    num_new_collisions: 25
    timing_PIOW_new_collisions:
        total_PIOW: 4.52049
        num_windows: 463
        time_check_overlap: 1.7741e-05
        num_overlapping_windows: 4
        time_merge_windows: 0
        time_remove_window: 0.52519
        time_remove_window: 1.5734e-05
        timing_PlanIn:
            total_PlanIn:4.5204
            num_until_goal_expanded:13331
            timing_expansions:
                total_S3Exp: 4.52035
                time_top_o: 0.0276881
                time_check_in_c: 0.00497585
                time_add_parent: 0.009267
                num_neighbors: 5237585
                time_add_neighbors_to_o: 4.27053
    num_windows_should_quit: 0
    time_should_quit: 1.6949e-05
    time_remove_window: 0
Complete!
