Total time: 0.0463718
is_optimal: true
optimality_bound: 1
successive_bounds: [1.00143, 1.00143, 1.00143, 1.00143, 1.00143, 1.00143, 1.00143, 1.00143, 1.00143, 1.00143, 1.00143, 1.00143, 1.00143, 1.00143, 1.00143, 1.00143, 1.00143, 1.00143, 1.00143, 1.00143, 1, 1]
successive_runtimes: [0.00570039, 0.00605687, 0.00642638, 0.0068198, 0.00736376, 0.0079552, 0.00842313, 0.00894957, 0.00943606, 0.00999322, 0.0110089, 0.0120855, 0.0149509, 0.0196123, 0.0244035, 0.0292047, 0.0339453, 0.0380249, 0.04122, 0.0440452, 0.0463717]
num_agents: 20
time_individual_plan: 0.00483258
time_first_plan: 0.000274349
num_max_agents_in_window_first_iteration: 2
num_recWAMPF: 21
timing_recWAMPF:
    total_RecWAMPF: 0.0409427
    num_windows: 41
    num_max_agents_in_window: 2
    timing_gari:
        total_GARI: 0.038402
        time_path_btw_starts: 8.0567e-05
        Stage1:
            total_Stage1:0.0263695
            time_add_x_to_o: 0.00778796
            time_clear_x: 0.00102736
            timing_AStarSearchUntil:
                total_astar_search_until:0.0175516
                num_values_f_less_fmax:3318
                ASU Exp:
                    total_ASUExp:0.0175504
                    time_top_o:0.00100255
                    time_check_in_c:0.000539649
                    time_add_parent:0.000597744
                    num_neighbors:37540
                    time_add_neighbors_to_o:0.0133905
        Stage2:
            total_Stage2:0.00486481
            num_len_path:44
            time_expanding_s:4.2152e-05
            timing_AStarSearchUntil:
                total_astar_search_until:0.0048106
                num_values_f_less_fmax:422
                ASU Exp:
                    total_ASUExp:0.00480965
                    time_top_o:0.00010933
                    time_check_in_c:9.266e-05
                    time_add_parent:0.000117624
                    num_neighbors:10045
                    time_add_neighbors_to_o:0.0040727
        Stage3:
            total_Stage3:0.00708023
            num_until_goal_expanded:495
            timing_S3Exp:
                total_S3Exp: 0.00230458
                time_top_o: 0.000118325
                time_check_in_c: 6.8251e-05
                time_add_parent: 0.000139162
                num_neighbors: 4678
                time_add_neighbors_to_o: 0.00147846
    timing_PIOW_overlapping:
        total_PIOW: 5.01e-07
        num_windows: 20
        time_check_overlap: 0
        num_overlapping_windows: 0
        time_merge_windows: 0
        time_remove_window: 0
        time_remove_window: 0
        timing_PlanIn:
            total_PlanIn:0
            num_until_goal_expanded:0
            timing_expansions:
                total_S3Exp: 0
                time_top_o: 0
                time_check_in_c: 0
                time_add_parent: 0
                num_neighbors: 0
                time_add_neighbors_to_o: 0
    num_new_collisions: 1
    timing_PIOW_new_collisions:
        total_PIOW: 0.000138158
        num_windows: 0
        time_check_overlap: 0
        num_overlapping_windows: 0
        time_merge_windows: 0
        time_remove_window: 0
        time_remove_window: 4.37e-07
        timing_PlanIn:
            total_PlanIn:0.000136589
            num_until_goal_expanded:15
            timing_expansions:
                total_S3Exp: 0.000133707
                time_top_o: 2.097e-06
                time_check_in_c: 2.865e-06
                time_add_parent: 4.477e-06
                num_neighbors: 172
                time_add_neighbors_to_o: 7.506e-05
    num_windows_should_quit: 0
    time_should_quit: 9.61e-07
    time_remove_window: 0
Complete!
