Total time: 117.149
is_optimal: false
optimality_bound: 1.0049
successive_bounds: [1.00551, 1.00551, 1.00551, 1.00551, 1.00551, 1.00551, 1.00551, 1.00551, 1.0049, 1.0049, 1.0049, 1.0049, 1.0049, 1.0049, 1.0049, 1.0049, 1.0049]
successive_runtimes: [0.0372316, 0.0458473, 0.0579188, 0.0630662, 0.068658, 0.154263, 0.26962, 0.368748, 0.505718, 0.738439, 0.94194, 1.05616, 1.81551, 3.78693, 10.14, 15.2442, 117.149]
num_agents: 50
time_individual_plan: 0.0205904
time_first_plan: 0.0155702
num_max_agents_in_window_first_iteration: 3
num_recWAMPF: 17
timing_recWAMPF:
    total_RecWAMPF: 117.128
    num_windows: 143
    num_max_agents_in_window: 5
    timing_gari:
        total_GARI: 61.8082
        time_path_btw_starts: 0.000718757
        Stage1:
            total_Stage1:49.8381
            time_add_x_to_o: 0.0344847
            time_clear_x: 0.020956
            timing_AStarSearchUntil:
                total_astar_search_until:49.6587
                num_values_f_less_fmax:4301
                ASU Exp:
                    total_ASUExp:49.6587
                    time_top_o:0.0136773
                    time_check_in_c:0.00234982
                    time_add_parent:0
                    num_neighbors:0
                    time_add_neighbors_to_o:0
        Stage2:
            total_Stage2:11.1095
            num_len_path:138
            time_expanding_s:0.00133511
            timing_AStarSearchUntil:
                total_astar_search_until:11.0143
                num_values_f_less_fmax:8486
                ASU Exp:
                    total_ASUExp:11.0143
                    time_top_o:0.0139692
                    time_check_in_c:0.00333384
                    time_add_parent:0.00955248
                    num_neighbors:764357
                    time_add_neighbors_to_o:0.460093
        Stage3:
            total_Stage3:0.824534
            num_until_goal_expanded:5069
            timing_S3Exp:
                total_S3Exp: 0.264247
                time_top_o: 0.00534535
                time_check_in_c: 0.00143193
                time_add_parent: 0.0036901
                num_neighbors: 426226
                time_add_neighbors_to_o: 0.237028
    timing_PIOW_overlapping:
        total_PIOW: 0.00621014
        num_windows: 440
        time_check_overlap: 2.7396e-05
        num_overlapping_windows: 7
        time_merge_windows: 8.122e-06
        time_remove_window: 8.57e-07
        time_remove_window: 7.598e-06
        timing_PlanIn:
            total_PlanIn:0.00610543
            num_until_goal_expanded:368
            timing_expansions:
                total_S3Exp: 0.00608036
                time_top_o: 0.000143969
                time_check_in_c: 0.000119978
                time_add_parent: 0.000313694
                num_neighbors: 4611
                time_add_neighbors_to_o: 0.00423056
    num_new_collisions: 15
    timing_PIOW_new_collisions:
        total_PIOW: 55.2908
        num_windows: 80
        time_check_overlap: 6.125e-06
        num_overlapping_windows: 3
        time_merge_windows: 4.752e-06
        time_remove_window: 8.43e-07
        time_remove_window: 5.069e-06
        timing_PlanIn:
            total_PlanIn:54.995
            num_until_goal_expanded:260538
            timing_expansions:
                total_S3Exp: 54.995
                time_top_o: 0.609951
                time_check_in_c: 0.131539
                time_add_parent: 0.254017
                num_neighbors: 76615092
                time_add_neighbors_to_o: 50.2914
    num_windows_should_quit: 2
    time_should_quit: 3.85e-06
    time_remove_window: 3.05e-07
Complete!
