Total time: 0.0534957
is_optimal: true
optimality_bound: 1
successive_bounds: [1.00455, 1.00455, 1.00455, 1.00455, 1.00455, 1.00455, 1.00455, 1, 1]
successive_runtimes: [0.00440856, 0.00531141, 0.00619909, 0.00711962, 0.00814355, 0.00926127, 0.0103845, 0.0534956]
num_agents: 20
time_individual_plan: 0.00308149
time_first_plan: 0.000663978
num_max_agents_in_window_first_iteration: 2
num_recWAMPF: 8
timing_recWAMPF:
    total_RecWAMPF: 0.0497489
    num_windows: 43
    num_max_agents_in_window: 3
    timing_gari:
        total_GARI: 0.00646278
        time_path_btw_starts: 0.000119265
        Stage1:
            total_Stage1:0.00242747
            time_add_x_to_o: 0.00119934
            time_clear_x: 0.000176368
            timing_AStarSearchUntil:
                total_astar_search_until:0.00104897
                num_values_f_less_fmax:676
                ASU Exp:
                    total_ASUExp:0.00104783
                    time_top_o:0.000168862
                    time_check_in_c:0.000128166
                    time_add_parent:6.9712e-05
                    num_neighbors:1169
                    time_add_neighbors_to_o:0.000491249
        Stage2:
            total_Stage2:0.00108387
            num_len_path:41
            time_expanding_s:1.9301e-05
            timing_AStarSearchUntil:
                total_astar_search_until:0.00105123
                num_values_f_less_fmax:74
                ASU Exp:
                    total_ASUExp:0.00105023
                    time_top_o:2.1664e-05
                    time_check_in_c:1.5513e-05
                    time_add_parent:2.463e-05
                    num_neighbors:1877
                    time_add_neighbors_to_o:0.000888638
        Stage3:
            total_Stage3:0.00282441
            num_until_goal_expanded:407
            timing_S3Exp:
                total_S3Exp: 0.00225758
                time_top_o: 0.000103429
                time_check_in_c: 5.9655e-05
                time_add_parent: 0.00013271
                num_neighbors: 3116
                time_add_neighbors_to_o: 0.00150655
    timing_PIOW_overlapping:
        total_PIOW: 0.0419973
        num_windows: 66
        time_check_overlap: 3.033e-06
        num_overlapping_windows: 2
        time_merge_windows: 3.608e-06
        time_remove_window: 7.16e-07
        time_remove_window: 3.485e-06
        timing_PlanIn:
            total_PlanIn:0.0419808
            num_until_goal_expanded:549
            timing_expansions:
                total_S3Exp: 0.0419637
                time_top_o: 0.000188876
                time_check_in_c: 0.000126372
                time_add_parent: 0.000192863
                num_neighbors: 55372
                time_add_neighbors_to_o: 0.0385196
    num_new_collisions: 3
    timing_PIOW_new_collisions:
        total_PIOW: 0.00047098
        num_windows: 6
        time_check_overlap: 4.14e-07
        num_overlapping_windows: 0
        time_merge_windows: 0
        time_remove_window: 0
        time_remove_window: 2.673e-06
        timing_PlanIn:
            total_PlanIn:0.000463199
            num_until_goal_expanded:48
            timing_expansions:
                total_S3Exp: 0.000456112
                time_top_o: 8.154e-06
                time_check_in_c: 1.069e-05
                time_add_parent: 1.6242e-05
                num_neighbors: 550
                time_add_neighbors_to_o: 0.000333797
    num_windows_should_quit: 0
    time_should_quit: 1.578e-06
    time_remove_window: 0
Complete!
