Total time: 0.0749246
is_optimal: true
optimality_bound: 1
successive_bounds: [1.00629, 1.00629, 1.00524, 1.00524, 1.0042, 1.0042, 1.0042, 1.0042, 1.00315, 1.00315, 1.00315, 1.0021, 1.00105, 1.00105, 1.00105, 1.00105, 1.00105, 1.00105, 1.00105, 1.00105, 1.00105, 1.00105, 1.00105, 1.00105, 1.00105, 1.00105, 1.00105, 1, 1]
successive_runtimes: [0.00568041, 0.00816691, 0.0107662, 0.0136132, 0.0159208, 0.0177206, 0.0195693, 0.0216652, 0.023996, 0.0262985, 0.0288235, 0.0424688, 0.0477314, 0.0494673, 0.0511146, 0.0527718, 0.0543976, 0.0559051, 0.057333, 0.0588088, 0.0602422, 0.0616707, 0.0631382, 0.0645629, 0.0659854, 0.0674826, 0.0689215, 0.0749246]
num_agents: 30
time_individual_plan: 0.0032859
time_first_plan: 0.00181952
num_max_agents_in_window_first_iteration: 2
num_recWAMPF: 28
timing_recWAMPF:
    total_RecWAMPF: 0.0710594
    num_windows: 328
    num_max_agents_in_window: 3
    timing_gari:
        total_GARI: 0.057766
        time_path_btw_starts: 0.000926425
        Stage1:
            total_Stage1:0.0141707
            time_add_x_to_o: 0.00730104
            time_clear_x: 0.00104852
            timing_AStarSearchUntil:
                total_astar_search_until:0.00580568
                num_values_f_less_fmax:4125
                ASU Exp:
                    total_ASUExp:0.00579831
                    time_top_o:0.000905839
                    time_check_in_c:0.000518931
                    time_add_parent:0.000437354
                    num_neighbors:7104
                    time_add_neighbors_to_o:0.00262829
        Stage2:
            total_Stage2:0.0156072
            num_len_path:303
            time_expanding_s:0.000263466
            timing_AStarSearchUntil:
                total_astar_search_until:0.0152644
                num_values_f_less_fmax:1176
                ASU Exp:
                    total_ASUExp:0.0152575
                    time_top_o:0.000352532
                    time_check_in_c:0.000228446
                    time_add_parent:0.000351467
                    num_neighbors:30810
                    time_add_neighbors_to_o:0.0130908
        Stage3:
            total_Stage3:0.0270153
            num_until_goal_expanded:1975
            timing_S3Exp:
                total_S3Exp: 0.00929121
                time_top_o: 0.00043395
                time_check_in_c: 0.000278673
                time_add_parent: 0.000523848
                num_neighbors: 13278
                time_add_neighbors_to_o: 0.00552411
    timing_PIOW_overlapping:
        total_PIOW: 0.005067
        num_windows: 967
        time_check_overlap: 3.1918e-05
        num_overlapping_windows: 1
        time_merge_windows: 2.092e-06
        time_remove_window: 1.84e-07
        time_remove_window: 1.995e-06
        timing_PlanIn:
            total_PlanIn:0.00500895
            num_until_goal_expanded:118
            timing_expansions:
                total_S3Exp: 0.00500683
                time_top_o: 2.8266e-05
                time_check_in_c: 1.9438e-05
                time_add_parent: 3.0493e-05
                num_neighbors: 7780
                time_add_neighbors_to_o: 0.0045248
    num_new_collisions: 6
    timing_PIOW_new_collisions:
        total_PIOW: 0.0010307
        num_windows: 30
        time_check_overlap: 1.095e-06
        num_overlapping_windows: 0
        time_merge_windows: 0
        time_remove_window: 0
        time_remove_window: 2.488e-06
        timing_PlanIn:
            total_PlanIn:0.00102097
            num_until_goal_expanded:148
            timing_expansions:
                total_S3Exp: 0.00101116
                time_top_o: 1.7783e-05
                time_check_in_c: 2.5795e-05
                time_add_parent: 3.6424e-05
                num_neighbors: 1459
                time_add_neighbors_to_o: 0.000725139
    num_windows_should_quit: 0
    time_should_quit: 9.778e-06
    time_remove_window: 0
Complete!
