Total time: 2.33029
is_optimal: false
optimality_bound: 1.00424
successive_bounds: [1.00648, 1.00573, 1.00573, 1.00573, 1.00573, 1.00473, 1.00473, 1.00473, 1.00473, 1.00424]
successive_runtimes: [0.0131832, 0.0955645, 0.115406, 0.444262, 0.832639, 1.21302, 1.5003, 1.76777, 2.04548, 2.33029]
num_agents: 60
time_individual_plan: 0.00678157
time_first_plan: 0.00584105
num_max_agents_in_window_first_iteration: 2
num_recWAMPF: 10
timing_recWAMPF:
    total_RecWAMPF: 2.32294
    num_windows: 142
    num_max_agents_in_window: 4
    timing_gari:
        total_GARI: 1.92101
        time_path_btw_starts: 0.0045829
        Stage1:
            total_Stage1:1.15364
            time_add_x_to_o: 0.495577
            time_clear_x: 0.17633
            timing_AStarSearchUntil:
                total_astar_search_until:0.481725
                num_values_f_less_fmax:3264
                ASU Exp:
                    total_ASUExp:0.48172
                    time_top_o:0.0046509
                    time_check_in_c:0.00104195
                    time_add_parent:0.00512194
                    num_neighbors:665855
                    time_add_neighbors_to_o:0.467705
        Stage2:
            total_Stage2:0.0369459
            num_len_path:131
            time_expanding_s:0.000464239
            timing_AStarSearchUntil:
                total_astar_search_until:0.0364156
                num_values_f_less_fmax:560
                ASU Exp:
                    total_ASUExp:0.0364122
                    time_top_o:0.000288728
                    time_check_in_c:0.000260258
                    time_add_parent:0.00076579
                    num_neighbors:56835
                    time_add_neighbors_to_o:0.0340676
        Stage3:
            total_Stage3:0.725801
            num_until_goal_expanded:596
            timing_S3Exp:
                total_S3Exp: 0.0559255
                time_top_o: 0.000196075
                time_check_in_c: 0.000100972
                time_add_parent: 0.00022224
                num_neighbors: 16483
                time_add_neighbors_to_o: 0.0152788
    timing_PIOW_overlapping:
        total_PIOW: 0.0802614
        num_windows: 590
        time_check_overlap: 2.5059e-05
        num_overlapping_windows: 8
        time_merge_windows: 1.0009e-05
        time_remove_window: 1.754e-06
        time_remove_window: 9.58e-06
        timing_PlanIn:
            total_PlanIn:0.0801989
            num_until_goal_expanded:1256
            timing_expansions:
                total_S3Exp: 0.0801736
                time_top_o: 0.000524303
                time_check_in_c: 0.000213057
                time_add_parent: 0.000344961
                num_neighbors: 142208
                time_add_neighbors_to_o: 0.073686
    num_new_collisions: 16
    timing_PIOW_new_collisions:
        total_PIOW: 0.308979
        num_windows: 229
        time_check_overlap: 6.439e-06
        num_overlapping_windows: 1
        time_merge_windows: 0
        time_remove_window: 0.136342
        time_remove_window: 7.968e-06
        timing_PlanIn:
            total_PlanIn:0.308942
            num_until_goal_expanded:881
            timing_expansions:
                total_S3Exp: 0.308916
                time_top_o: 0.000791302
                time_check_in_c: 0.000223785
                time_add_parent: 0.000416091
                num_neighbors: 516419
                time_add_neighbors_to_o: 0.292885
    num_windows_should_quit: 0
    time_should_quit: 1.2042e-05
    time_remove_window: 0
Complete!
