Total time: 4.54017
is_optimal: false
optimality_bound: 1.00393
successive_bounds: [1.0076, 1.00707, 1.00655, 1.0055, 1.0055, 1.0055, 1.00498, 1.00445, 1.00393, 1.00393, 1.00393, 1.00393]
successive_runtimes: [0.0182199, 0.0217385, 0.0257479, 0.0366258, 0.0433597, 0.0520582, 0.0607445, 0.0694649, 0.144329, 0.192154, 3.45851, 4.54017]
num_agents: 60
time_individual_plan: 0.0106134
time_first_plan: 0.00707598
num_max_agents_in_window_first_iteration: 2
num_recWAMPF: 12
timing_recWAMPF:
    total_RecWAMPF: 4.52902
    num_windows: 192
    num_max_agents_in_window: 4
    timing_gari:
        total_GARI: 1.21322
        time_path_btw_starts: 0.000696248
        Stage1:
            total_Stage1:0.57047
            time_add_x_to_o: 0.139314
            time_clear_x: 0.0258546
            timing_AStarSearchUntil:
                total_astar_search_until:0.40529
                num_values_f_less_fmax:3860
                ASU Exp:
                    total_ASUExp:0.405286
                    time_top_o:0.00503566
                    time_check_in_c:0.00321019
                    time_add_parent:0.00266363
                    num_neighbors:712976
                    time_add_neighbors_to_o:0.387537
        Stage2:
            total_Stage2:0.00575813
            num_len_path:153
            time_expanding_s:8.1223e-05
            timing_AStarSearchUntil:
                total_astar_search_until:0.00562305
                num_values_f_less_fmax:364
                ASU Exp:
                    total_ASUExp:0.00561944
                    time_top_o:8.8943e-05
                    time_check_in_c:6.9909e-05
                    time_add_parent:0.000103377
                    num_neighbors:11686
                    time_add_neighbors_to_o:0.00489034
        Stage3:
            total_Stage3:0.636264
            num_until_goal_expanded:1631
            timing_S3Exp:
                total_S3Exp: 0.0760392
                time_top_o: 0.000950208
                time_check_in_c: 0.000263525
                time_add_parent: 0.000551681
                num_neighbors: 130866
                time_add_neighbors_to_o: 0.0717915
    timing_PIOW_overlapping:
        total_PIOW: 0.00806126
        num_windows: 1326
        time_check_overlap: 3.511e-05
        num_overlapping_windows: 16
        time_merge_windows: 1.0051e-05
        time_remove_window: 2.352e-06
        time_remove_window: 9.415e-06
        timing_PlanIn:
            total_PlanIn:0.00797596
            num_until_goal_expanded:354
            timing_expansions:
                total_S3Exp: 0.0079541
                time_top_o: 6.0096e-05
                time_check_in_c: 5.7041e-05
                time_add_parent: 8.793e-05
                num_neighbors: 13396
                time_add_neighbors_to_o: 0.00695555
    num_new_collisions: 25
    timing_PIOW_new_collisions:
        total_PIOW: 3.29078
        num_windows: 463
        time_check_overlap: 1.3821e-05
        num_overlapping_windows: 4
        time_merge_windows: 0
        time_remove_window: 0.406723
        time_remove_window: 1.2943e-05
        timing_PlanIn:
            total_PlanIn:3.29071
            num_until_goal_expanded:13331
            timing_expansions:
                total_S3Exp: 3.29067
                time_top_o: 0.0200096
                time_check_in_c: 0.00338978
                time_add_parent: 0.00686011
                num_neighbors: 5237585
                time_add_neighbors_to_o: 3.10448
    num_windows_should_quit: 0
    time_should_quit: 8.945e-06
    time_remove_window: 0
Complete!
