Total time: 7.95707
is_optimal: false
optimality_bound: 1.00095
successive_bounds: [1.00445, 1.0035, 1.0035, 1.00286, 1.00286, 1.00286, 1.00286, 1.00286, 1.00286, 1.00286, 1.00286, 1.00223, 1.00223, 1.00223, 1.00095]
successive_runtimes: [0.00838889, 0.0113827, 0.0143973, 0.0170707, 0.0191716, 0.0213326, 0.023554, 0.025838, 0.0288846, 0.0314271, 0.0340588, 0.037332, 0.0399962, 0.0426651, 7.95707]
num_agents: 40
time_individual_plan: 0.00515803
time_first_plan: 0.00271465
num_max_agents_in_window_first_iteration: 2
num_recWAMPF: 15
timing_recWAMPF:
    total_RecWAMPF: 7.9514
    num_windows: 193
    num_max_agents_in_window: 5
    timing_gari:
        total_GARI: 0.0274138
        time_path_btw_starts: 0.000480731
        Stage1:
            total_Stage1:0.0102573
            time_add_x_to_o: 0.00585561
            time_clear_x: 0.000767149
            timing_AStarSearchUntil:
                total_astar_search_until:0.00362487
                num_values_f_less_fmax:641
                ASU Exp:
                    total_ASUExp:0.00362033
                    time_top_o:0.000153281
                    time_check_in_c:9.1256e-05
                    time_add_parent:0.000131011
                    num_neighbors:7161
                    time_add_neighbors_to_o:0.00281192
        Stage2:
            total_Stage2:0.0059646
            num_len_path:186
            time_expanding_s:9.403e-05
            timing_AStarSearchUntil:
                total_astar_search_until:0.00582351
                num_values_f_less_fmax:312
                ASU Exp:
                    total_ASUExp:0.00581961
                    time_top_o:7.6251e-05
                    time_check_in_c:6.1238e-05
                    time_add_parent:8.7411e-05
                    num_neighbors:13241
                    time_add_neighbors_to_o:0.005218
        Stage3:
            total_Stage3:0.0106029
            num_until_goal_expanded:490
            timing_S3Exp:
                total_S3Exp: 0.00474311
                time_top_o: 9.5877e-05
                time_check_in_c: 6.3474e-05
                time_add_parent: 0.000119161
                num_neighbors: 7200
                time_add_neighbors_to_o: 0.00365194
    timing_PIOW_overlapping:
        total_PIOW: 7.91479
        num_windows: 685
        time_check_overlap: 2.0133e-05
        num_overlapping_windows: 7
        time_merge_windows: 1.2603e-05
        time_remove_window: 2.146e-06
        time_remove_window: 1.2152e-05
        timing_PlanIn:
            total_PlanIn:7.91473
            num_until_goal_expanded:10941
            timing_expansions:
                total_S3Exp: 7.9147
                time_top_o: 0.0111234
                time_check_in_c: 0.00330024
                time_add_parent: 0.0056027
                num_neighbors: 12469638
                time_add_neighbors_to_o: 7.55572
    num_new_collisions: 8
    timing_PIOW_new_collisions:
        total_PIOW: 0.000751226
        num_windows: 56
        time_check_overlap: 1.42e-06
        num_overlapping_windows: 0
        time_merge_windows: 0
        time_remove_window: 0
        time_remove_window: 2.981e-06
        timing_PlanIn:
            total_PlanIn:0.000739018
            num_until_goal_expanded:73
            timing_expansions:
                total_S3Exp: 0.000725059
                time_top_o: 1.015e-05
                time_check_in_c: 1.3318e-05
                time_add_parent: 2.0014e-05
                num_neighbors: 1091
                time_add_neighbors_to_o: 0.000561268
    num_windows_should_quit: 0
    time_should_quit: 5.575e-06
    time_remove_window: 0
Complete!
