Total time: 0.0108972
is_optimal: true
optimality_bound: 1
successive_bounds: [1.00109, 1.00109, 1.00109, 1.00109, 1.00109, 1.00109, 1.00109, 1, 1]
successive_runtimes: [0.00469256, 0.00530265, 0.00603129, 0.00677507, 0.00767428, 0.00860543, 0.00977399, 0.0108972]
num_agents: 30
time_individual_plan: 0.00359296
time_first_plan: 0.00047083
num_max_agents_in_window_first_iteration: 2
num_recWAMPF: 8
timing_recWAMPF:
    total_RecWAMPF: 0.00667339
    num_windows: 15
    num_max_agents_in_window: 2
    timing_gari:
        total_GARI: 0.00501303
        time_path_btw_starts: 3.7405e-05
        Stage1:
            total_Stage1:0.00311087
            time_add_x_to_o: 0.00110701
            time_clear_x: 0.000170511
            timing_AStarSearchUntil:
                total_astar_search_until:0.00183237
                num_values_f_less_fmax:536
                ASU Exp:
                    total_ASUExp:0.00183199
                    time_top_o:0.000148159
                    time_check_in_c:8.8134e-05
                    time_add_parent:0.000120026
                    num_neighbors:2971
                    time_add_neighbors_to_o:0.00119816
        Stage2:
            total_Stage2:0.000505777
            num_len_path:14
            time_expanding_s:5.971e-06
            timing_AStarSearchUntil:
                total_astar_search_until:0.000494972
                num_values_f_less_fmax:35
                ASU Exp:
                    total_ASUExp:0.000494642
                    time_top_o:9.3e-06
                    time_check_in_c:7.739e-06
                    time_add_parent:9.506e-06
                    num_neighbors:1032
                    time_add_neighbors_to_o:0.000428081
        Stage3:
            total_Stage3:0.00135603
            num_until_goal_expanded:160
            timing_S3Exp:
                total_S3Exp: 0.0010318
                time_top_o: 4.0694e-05
                time_check_in_c: 2.5303e-05
                time_add_parent: 5.1696e-05
                num_neighbors: 1748
                time_add_neighbors_to_o: 0.000737339
    timing_PIOW_overlapping:
        total_PIOW: 3.62e-07
        num_windows: 7
        time_check_overlap: 0
        num_overlapping_windows: 0
        time_merge_windows: 0
        time_remove_window: 0
        time_remove_window: 0
        timing_PlanIn:
            total_PlanIn:0
            num_until_goal_expanded:0
            timing_expansions:
                total_S3Exp: 0
                time_top_o: 0
                time_check_in_c: 0
                time_add_parent: 0
                num_neighbors: 0
                time_add_neighbors_to_o: 0
    num_new_collisions: 1
    timing_PIOW_new_collisions:
        total_PIOW: 0.000242986
        num_windows: 0
        time_check_overlap: 0
        num_overlapping_windows: 0
        time_merge_windows: 0
        time_remove_window: 0
        time_remove_window: 3.75e-07
        timing_PlanIn:
            total_PlanIn:0.000240851
            num_until_goal_expanded:25
            timing_expansions:
                total_S3Exp: 0.00023776
                time_top_o: 4.578e-06
                time_check_in_c: 5.958e-06
                time_add_parent: 9.07e-06
                num_neighbors: 313
                time_add_neighbors_to_o: 0.000170056
    num_windows_should_quit: 0
    time_should_quit: 6.59e-07
    time_remove_window: 0
Complete!
