Total time: 0.0123267
is_optimal: true
optimality_bound: 1
successive_bounds: [1.00071, 1.00071, 1.00071, 1.00071, 1.00071, 1.00071, 1.00071, 1.00071, 1.00071, 1.00071, 1.00071, 1.00071, 1, 1]
successive_runtimes: [0.00362801, 0.0037893, 0.00393547, 0.00408558, 0.00423722, 0.00439325, 0.00455478, 0.00472066, 0.00488384, 0.00504851, 0.00521573, 0.00539231, 0.0123266]
num_agents: 20
time_individual_plan: 0.00274296
time_first_plan: 0.000172988
num_max_agents_in_window_first_iteration: 2
num_recWAMPF: 13
timing_recWAMPF:
    total_RecWAMPF: 0.00886892
    num_windows: 25
    num_max_agents_in_window: 2
    timing_gari:
        total_GARI: 0.00781439
        time_path_btw_starts: 7.3407e-05
        Stage1:
            total_Stage1:0.000109306
            time_add_x_to_o: 9.3324e-05
            time_clear_x: 1.2998e-05
            timing_AStarSearchUntil:
                total_astar_search_until:1.35e-06
                num_values_f_less_fmax:0
                ASU Exp:
                    total_ASUExp:6.53e-07
                    time_top_o:0
                    time_check_in_c:0
                    time_add_parent:0
                    num_neighbors:0
                    time_add_neighbors_to_o:0
        Stage2:
            total_Stage2:0.00678857
            num_len_path:37
            time_expanding_s:1.5341e-05
            timing_AStarSearchUntil:
                total_astar_search_until:0.00676482
                num_values_f_less_fmax:372
                ASU Exp:
                    total_ASUExp:0.00676424
                    time_top_o:0.000108386
                    time_check_in_c:9.3893e-05
                    time_add_parent:0.000122195
                    num_neighbors:9665
                    time_add_neighbors_to_o:0.00597358
        Stage3:
            total_Stage3:0.000838247
            num_until_goal_expanded:23
            timing_S3Exp:
                total_S3Exp: 0.000309842
                time_top_o: 3.145e-06
                time_check_in_c: 2.39e-06
                time_add_parent: 4.013e-06
                num_neighbors: 330
                time_add_neighbors_to_o: 0.000223503
    timing_PIOW_overlapping:
        total_PIOW: 5.56e-07
        num_windows: 12
        time_check_overlap: 0
        num_overlapping_windows: 0
        time_merge_windows: 0
        time_remove_window: 0
        time_remove_window: 0
        timing_PlanIn:
            total_PlanIn:0
            num_until_goal_expanded:0
            timing_expansions:
                total_S3Exp: 0
                time_top_o: 0
                time_check_in_c: 0
                time_add_parent: 0
                num_neighbors: 0
                time_add_neighbors_to_o: 0
    num_new_collisions: 1
    timing_PIOW_new_collisions:
        total_PIOW: 7.0724e-05
        num_windows: 0
        time_check_overlap: 0
        num_overlapping_windows: 0
        time_merge_windows: 0
        time_remove_window: 0
        time_remove_window: 3.63e-07
        timing_PlanIn:
            total_PlanIn:6.8494e-05
            num_until_goal_expanded:4
            timing_expansions:
                total_S3Exp: 6.4851e-05
                time_top_o: 1.067e-06
                time_check_in_c: 1.148e-06
                time_add_parent: 2.252e-06
                num_neighbors: 80
                time_add_neighbors_to_o: 4.8891e-05
    num_windows_should_quit: 0
    time_should_quit: 9.41e-07
    time_remove_window: 0
Complete!
