Total time: 0.0198497
is_optimal: true
optimality_bound: 1
successive_bounds: [1.00296, 1.00296, 1.00296, 1.00198, 1.00198, 1.00198, 1.00198, 1.00198, 1.00198, 1.00198, 1.00198, 1.00198, 1.00198, 1.00198, 1.00198, 1, 1]
successive_runtimes: [0.00574744, 0.00646924, 0.00716251, 0.00873538, 0.00937748, 0.00999797, 0.0106346, 0.0113808, 0.0121905, 0.0130815, 0.0139729, 0.0149294, 0.0159685, 0.017119, 0.0182758, 0.0198497]
num_agents: 30
time_individual_plan: 0.0043038
time_first_plan: 0.00091226
num_max_agents_in_window_first_iteration: 2
num_recWAMPF: 16
timing_recWAMPF:
    total_RecWAMPF: 0.0150119
    num_windows: 93
    num_max_agents_in_window: 2
    timing_gari:
        total_GARI: 0.0103005
        time_path_btw_starts: 0.00021532
        Stage1:
            total_Stage1:0.00265335
            time_add_x_to_o: 0.0014479
            time_clear_x: 0.000154839
            timing_AStarSearchUntil:
                total_astar_search_until:0.00104598
                num_values_f_less_fmax:176
                ASU Exp:
                    total_ASUExp:0.00104402
                    time_top_o:4.39e-05
                    time_check_in_c:3.3961e-05
                    time_add_parent:4.9395e-05
                    num_neighbors:2381
                    time_add_neighbors_to_o:0.000795318
        Stage2:
            total_Stage2:0.0040741
            num_len_path:96
            time_expanding_s:3.8512e-05
            timing_AStarSearchUntil:
                total_astar_search_until:0.00401305
                num_values_f_less_fmax:347
                ASU Exp:
                    total_ASUExp:0.00401115
                    time_top_o:7.8238e-05
                    time_check_in_c:6.7457e-05
                    time_add_parent:8.8114e-05
                    num_neighbors:8525
                    time_add_neighbors_to_o:0.00341223
        Stage3:
            total_Stage3:0.00334624
            num_until_goal_expanded:142
            timing_S3Exp:
                total_S3Exp: 0.00140715
                time_top_o: 2.4969e-05
                time_check_in_c: 1.5899e-05
                time_add_parent: 2.6793e-05
                num_neighbors: 1760
                time_add_neighbors_to_o: 0.0010428
    timing_PIOW_overlapping:
        total_PIOW: 8.119e-06
        num_windows: 135
        time_check_overlap: 4.538e-06
        num_overlapping_windows: 0
        time_merge_windows: 0
        time_remove_window: 0
        time_remove_window: 0
        timing_PlanIn:
            total_PlanIn:0
            num_until_goal_expanded:0
            timing_expansions:
                total_S3Exp: 0
                time_top_o: 0
                time_check_in_c: 0
                time_add_parent: 0
                num_neighbors: 0
                time_add_neighbors_to_o: 0
    num_new_collisions: 3
    timing_PIOW_new_collisions:
        total_PIOW: 0.000413054
        num_windows: 6
        time_check_overlap: 2.89e-07
        num_overlapping_windows: 0
        time_merge_windows: 0
        time_remove_window: 0
        time_remove_window: 1.068e-06
        timing_PlanIn:
            total_PlanIn:0.000399487
            num_until_goal_expanded:36
            timing_expansions:
                total_S3Exp: 0.000392553
                time_top_o: 6.5e-06
                time_check_in_c: 6.299e-06
                time_add_parent: 1.0365e-05
                num_neighbors: 667
                time_add_neighbors_to_o: 0.000310899
    num_windows_should_quit: 0
    time_should_quit: 2.538e-06
    time_remove_window: 0
Complete!
