Total time: 0.58211
is_optimal: true
optimality_bound: 1
successive_bounds: [1.00291, 1.00116, 1.00116, 1.00116, 1.00116, 1.00116, 1.00116, 1.00116, 1, 1]
successive_runtimes: [0.0444801, 0.0554294, 0.06107, 0.068756, 0.0733472, 0.0777986, 0.0827344, 0.0873854, 0.58211]
num_agents: 30
time_individual_plan: 0.00728539
time_first_plan: 0.0364786
num_max_agents_in_window_first_iteration: 2
num_recWAMPF: 9
timing_recWAMPF:
    total_RecWAMPF: 0.574105
    num_windows: 67
    num_max_agents_in_window: 4
    timing_gari:
        total_GARI: 0.0454551
        time_path_btw_starts: 0.000199418
        Stage1:
            total_Stage1:0.0095712
            time_add_x_to_o: 0.00641581
            time_clear_x: 0.0011171
            timing_AStarSearchUntil:
                total_astar_search_until:0.00203258
                num_values_f_less_fmax:288
                ASU Exp:
                    total_ASUExp:0.00203047
                    time_top_o:0.000239652
                    time_check_in_c:0.000234716
                    time_add_parent:9.3382e-05
                    num_neighbors:2418
                    time_add_neighbors_to_o:0.00122151
        Stage2:
            total_Stage2:0.00210549
            num_len_path:65
            time_expanding_s:6.9892e-05
            timing_AStarSearchUntil:
                total_astar_search_until:0.00198464
                num_values_f_less_fmax:106
                ASU Exp:
                    total_ASUExp:0.00198285
                    time_top_o:3.8881e-05
                    time_check_in_c:2.6014e-05
                    time_add_parent:4.2797e-05
                    num_neighbors:3744
                    time_add_neighbors_to_o:0.00167729
        Stage3:
            total_Stage3:0.0335616
            num_until_goal_expanded:164
            timing_S3Exp:
                total_S3Exp: 0.00232818
                time_top_o: 4.0888e-05
                time_check_in_c: 2.9576e-05
                time_add_parent: 6.2298e-05
                num_neighbors: 2735
                time_add_neighbors_to_o: 0.00150771
    timing_PIOW_overlapping:
        total_PIOW: 1.4123e-05
        num_windows: 128
        time_check_overlap: 8.204e-06
        num_overlapping_windows: 0
        time_merge_windows: 0
        time_remove_window: 0
        time_remove_window: 0
        timing_PlanIn:
            total_PlanIn:0
            num_until_goal_expanded:0
            timing_expansions:
                total_S3Exp: 0
                time_top_o: 0
                time_check_in_c: 0
                time_add_parent: 0
                num_neighbors: 0
                time_add_neighbors_to_o: 0
    num_new_collisions: 6
    timing_PIOW_new_collisions:
        total_PIOW: 0.526784
        num_windows: 27
        time_check_overlap: 2.11e-06
        num_overlapping_windows: 3
        time_merge_windows: 0
        time_remove_window: 0.240101
        time_remove_window: 2.109e-06
        timing_PlanIn:
            total_PlanIn:0.526765
            num_until_goal_expanded:7705
            timing_expansions:
                total_S3Exp: 0.526742
                time_top_o: 0.00410738
                time_check_in_c: 0.0020046
                time_add_parent: 0.00356221
                num_neighbors: 648280
                time_add_neighbors_to_o: 0.481936
    num_windows_should_quit: 0
    time_should_quit: 4.325e-06
    time_remove_window: 0
Complete!
