Total time: 12.5319
is_optimal: false
optimality_bound: 1.00144
successive_bounds: [1.00288, 1.00207, 1.00225, 1.00225, 1.00207, 1.00207, 1.00198, 1.00198, 1.00198, 1.00162, 1.00162, 1.00162, 1.00162, 1.00162, 1.00162, 1.00162, 1.00144, 1.00144, 1.00144, 1.00144, 1.00144, 1.00144, 1.00144, 1.00144, 1.00144, 1.00144, 1.00144, 1.00144, 1.00144, 1.00144, 1.00144, 1.00144]
successive_runtimes: [0.664145, 5.67482, 6.43362, 6.70444, 7.21329, 7.98203, 8.86124, 9.87415, 10.9274, 11.484, 11.5332, 11.5796, 11.6277, 11.6784, 11.7255, 11.7716, 11.8203, 11.8673, 11.9128, 11.9623, 12.0084, 12.0551, 12.1012, 12.1485, 12.1948, 12.2407, 12.2902, 12.3379, 12.3856, 12.4356, 12.4834, 12.5319]
num_agents: 80
time_individual_plan: 0.115318
time_first_plan: 0.547887
num_max_agents_in_window_first_iteration: 3
num_recWAMPF: 32
timing_recWAMPF:
    total_RecWAMPF: 12.4156
    num_windows: 427
    num_max_agents_in_window: 4
    timing_gari:
        total_GARI: 5.6254
        time_path_btw_starts: 0.00204335
        Stage1:
            total_Stage1:3.44803
            time_add_x_to_o: 0.824605
            time_clear_x: 0.400277
            timing_AStarSearchUntil:
                total_astar_search_until:2.22311
                num_values_f_less_fmax:13920
                ASU Exp:
                    total_ASUExp:2.22309
                    time_top_o:0.0233763
                    time_check_in_c:0.00824359
                    time_add_parent:0.0330011
                    num_neighbors:2892331
                    time_add_neighbors_to_o:2.1113
        Stage2:
            total_Stage2:0.230024
            num_len_path:340
            time_expanding_s:0.000751296
            timing_AStarSearchUntil:
                total_astar_search_until:0.228953
                num_values_f_less_fmax:1208
                ASU Exp:
                    total_ASUExp:0.228941
                    time_top_o:0.000821302
                    time_check_in_c:0.000546149
                    time_add_parent:0.00122322
                    num_neighbors:283079
                    time_add_neighbors_to_o:0.222328
        Stage3:
            total_Stage3:1.94438
            num_until_goal_expanded:15943
            timing_S3Exp:
                total_S3Exp: 0.320871
                time_top_o: 0.00650668
                time_check_in_c: 0.0039658
                time_add_parent: 0.0128939
                num_neighbors: 306727
                time_add_neighbors_to_o: 0.254542
    timing_PIOW_overlapping:
        total_PIOW: 6.06599
        num_windows: 1949
        time_check_overlap: 0.000110794
        num_overlapping_windows: 16
        time_merge_windows: 4.4592e-05
        time_remove_window: 6.479e-06
        time_remove_window: 4.332e-05
        timing_PlanIn:
            total_PlanIn:6.0657
            num_until_goal_expanded:48564
            timing_expansions:
                total_S3Exp: 6.06564
                time_top_o: 0.0250424
                time_check_in_c: 0.0184396
                time_add_parent: 0.0449888
                num_neighbors: 6243353
                time_add_neighbors_to_o: 5.59611
    num_new_collisions: 24
    timing_PIOW_new_collisions:
        total_PIOW: 0.491382
        num_windows: 465
        time_check_overlap: 2.314e-05
        num_overlapping_windows: 3
        time_merge_windows: 0
        time_remove_window: 0.882223
        time_remove_window: 1.8378e-05
        timing_PlanIn:
            total_PlanIn:0.491257
            num_until_goal_expanded:12529
            timing_expansions:
                total_S3Exp: 0.491012
                time_top_o: 0.00602348
                time_check_in_c: 0.00443849
                time_add_parent: 0.0106804
                num_neighbors: 447243
                time_add_neighbors_to_o: 0.411667
    num_windows_should_quit: 0
    time_should_quit: 5.3625e-05
    time_remove_window: 0
Complete!
