Total time: 2.67984
is_optimal: false
optimality_bound: 1.00215
successive_bounds: [1.02396, 1.00461, 1.00399, 1.00338, 1.00338, 1.00338, 1.00338, 1.00338, 1.00276, 1.00276, 1.00276, 1.00276, 1.00215, 1.00215, 1.00215, 1.00215, 1.00215, 1.00215, 1.00215, 1.00215, 1.00215, 1.00215, 1.00215, 1.00215, 1.00215, 1.00215, 1.00215]
successive_runtimes: [0.021342, 0.0564653, 0.0811599, 0.0878676, 0.0897329, 0.0911328, 0.0923714, 0.0936255, 0.0958049, 0.0971168, 0.0982781, 0.0994106, 0.178476, 0.288862, 0.347808, 0.400668, 0.447754, 0.49107, 0.550307, 0.615821, 0.926541, 1.33936, 1.75925, 2.10274, 2.35733, 2.54474, 2.67984]
num_agents: 50
time_individual_plan: 0.0107388
time_first_plan: 0.0100698
num_max_agents_in_window_first_iteration: 2
num_recWAMPF: 27
timing_recWAMPF:
    total_RecWAMPF: 2.66856
    num_windows: 162
    num_max_agents_in_window: 5
    timing_gari:
        total_GARI: 2.55766
        time_path_btw_starts: 0.00405998
        Stage1:
            total_Stage1:0.165736
            time_add_x_to_o: 0.111543
            time_clear_x: 0.0245073
            timing_AStarSearchUntil:
                total_astar_search_until:0.0296745
                num_values_f_less_fmax:6133
                ASU Exp:
                    total_ASUExp:0.0296699
                    time_top_o:0.00188456
                    time_check_in_c:0.00129449
                    time_add_parent:0.000690307
                    num_neighbors:56655
                    time_add_neighbors_to_o:0.022566
        Stage2:
            total_Stage2:0.0234888
            num_len_path:110
            time_expanding_s:0.00178806
            timing_AStarSearchUntil:
                total_astar_search_until:0.0216301
                num_values_f_less_fmax:183
                ASU Exp:
                    total_ASUExp:0.0216267
                    time_top_o:9.91e-05
                    time_check_in_c:4.1611e-05
                    time_add_parent:7.2265e-05
                    num_neighbors:39531
                    time_add_neighbors_to_o:0.0186064
        Stage3:
            total_Stage3:2.36434
            num_until_goal_expanded:6478
            timing_S3Exp:
                total_S3Exp: 1.47461
                time_top_o: 0.00451397
                time_check_in_c: 0.00109194
                time_add_parent: 0.00260367
                num_neighbors: 1824884
                time_add_neighbors_to_o: 1.34781
    timing_PIOW_overlapping:
        total_PIOW: 0.00579912
        num_windows: 546
        time_check_overlap: 1.7748e-05
        num_overlapping_windows: 11
        time_merge_windows: 8.944e-06
        time_remove_window: 1.735e-06
        time_remove_window: 8.431e-06
        timing_PlanIn:
            total_PlanIn:0.00574945
            num_until_goal_expanded:509
            timing_expansions:
                total_S3Exp: 0.00573172
                time_top_o: 9.0355e-05
                time_check_in_c: 8.6753e-05
                time_add_parent: 0.000129519
                num_neighbors: 9838
                time_add_neighbors_to_o: 0.00459997
    num_new_collisions: 15
    timing_PIOW_new_collisions:
        total_PIOW: 0.0842831
        num_windows: 164
        time_check_overlap: 5.132e-06
        num_overlapping_windows: 2
        time_merge_windows: 0
        time_remove_window: 0.211183
        time_remove_window: 4.781e-06
        timing_PlanIn:
            total_PlanIn:0.084251
            num_until_goal_expanded:1080
            timing_expansions:
                total_S3Exp: 0.0842265
                time_top_o: 0.000234914
                time_check_in_c: 0.00020817
                time_add_parent: 0.000332042
                num_neighbors: 127162
                time_add_neighbors_to_o: 0.0786088
    num_windows_should_quit: 0
    time_should_quit: 1.1215e-05
    time_remove_window: 0
Complete!
