Total time: 0.62975
is_optimal: false
optimality_bound: 1.00247
successive_bounds: [1.0155, 1.01479, 1.00352, 1.00352, 1.00352, 1.00282, 1.00282, 1.00282, 1.00282, 1.00282, 1.00247]
successive_runtimes: [0.0156425, 0.0272325, 0.0563883, 0.0601511, 0.0639951, 0.0707749, 0.0747129, 0.0781963, 0.0819777, 0.113872, 0.62975]
num_agents: 40
time_individual_plan: 0.01042
time_first_plan: 0.00467658
num_max_agents_in_window_first_iteration: 2
num_recWAMPF: 11
timing_recWAMPF:
    total_RecWAMPF: 0.618782
    num_windows: 171
    num_max_agents_in_window: 5
    timing_gari:
        total_GARI: 0.088851
        time_path_btw_starts: 0.000453153
        Stage1:
            total_Stage1:0.0656357
            time_add_x_to_o: 0.0157882
            time_clear_x: 0.00185663
            timing_AStarSearchUntil:
                total_astar_search_until:0.0287487
                num_values_f_less_fmax:8778
                ASU Exp:
                    total_ASUExp:0.0287449
                    time_top_o:0.00250299
                    time_check_in_c:0.00138016
                    time_add_parent:0.00107624
                    num_neighbors:96368
                    time_add_neighbors_to_o:0.0380522
        Stage2:
            total_Stage2:0.0054357
            num_len_path:174
            time_expanding_s:7.6593e-05
            timing_AStarSearchUntil:
                total_astar_search_until:0.00531616
                num_values_f_less_fmax:337
                ASU Exp:
                    total_ASUExp:0.00531264
                    time_top_o:7.9806e-05
                    time_check_in_c:6.3669e-05
                    time_add_parent:9.4565e-05
                    num_neighbors:12186
                    time_add_neighbors_to_o:0.00469059
        Stage3:
            total_Stage3:0.0135051
            num_until_goal_expanded:1422
            timing_S3Exp:
                total_S3Exp: 0.0077623
                time_top_o: 0.00029808
                time_check_in_c: 0.000187387
                time_add_parent: 0.000345008
                num_neighbors: 12860
                time_add_neighbors_to_o: 0.00536311
    timing_PIOW_overlapping:
        total_PIOW: 0.0517668
        num_windows: 739
        time_check_overlap: 2.4527e-05
        num_overlapping_windows: 5
        time_merge_windows: 5.136e-06
        time_remove_window: 1.343e-06
        time_remove_window: 4.863e-06
        timing_PlanIn:
            total_PlanIn:0.0517126
            num_until_goal_expanded:1488
            timing_expansions:
                total_S3Exp: 0.0517026
                time_top_o: 0.000390495
                time_check_in_c: 0.000251577
                time_add_parent: 0.000404044
                num_neighbors: 100637
                time_add_neighbors_to_o: 0.0460184
    num_new_collisions: 14
    timing_PIOW_new_collisions:
        total_PIOW: 0.468297
        num_windows: 148
        time_check_overlap: 5.857e-06
        num_overlapping_windows: 4
        time_merge_windows: 0
        time_remove_window: 0.636791
        time_remove_window: 4.434e-06
        timing_PlanIn:
            total_PlanIn:0.468261
            num_until_goal_expanded:1669
            timing_expansions:
                total_S3Exp: 0.468233
                time_top_o: 0.000601074
                time_check_in_c: 0.000318111
                time_add_parent: 0.000522181
                num_neighbors: 847288
                time_add_neighbors_to_o: 0.443089
    num_windows_should_quit: 0
    time_should_quit: 6.982e-06
    time_remove_window: 0
Complete!
