Total time: 0.00758584
is_optimal: true
optimality_bound: 1
successive_bounds: [1.00174, 1.00174, 1.00174, 1.00174, 1.00174, 1.00174, 1.00174, 1.00174, 1.00174, 1.00174, 1.00174, 1.00174, 1.00174, 1, 1]
successive_runtimes: [0.00382881, 0.00411857, 0.00433411, 0.00463287, 0.00482685, 0.0050926, 0.00528824, 0.00548839, 0.00570394, 0.00591174, 0.00628529, 0.00661439, 0.00730032, 0.00758582]
num_agents: 20
time_individual_plan: 0.00300932
time_first_plan: 0.000291427
num_max_agents_in_window_first_iteration: 2
num_recWAMPF: 14
timing_recWAMPF:
    total_RecWAMPF: 0.00404632
    num_windows: 54
    num_max_agents_in_window: 2
    timing_gari:
        total_GARI: 0.00266753
        time_path_btw_starts: 7.949e-05
        Stage1:
            total_Stage1:0.00038698
            time_add_x_to_o: 0.000307622
            time_clear_x: 3.5323e-05
            timing_AStarSearchUntil:
                total_astar_search_until:4.1397e-05
                num_values_f_less_fmax:3
                ASU Exp:
                    total_ASUExp:4.0221e-05
                    time_top_o:7.71e-07
                    time_check_in_c:9.12e-07
                    time_add_parent:1.101e-06
                    num_neighbors:70
                    time_add_neighbors_to_o:3.1399e-05
        Stage2:
            total_Stage2:0.000647988
            num_len_path:47
            time_expanding_s:2.1441e-05
            timing_AStarSearchUntil:
                total_astar_search_until:0.000614414
                num_values_f_less_fmax:50
                ASU Exp:
                    total_ASUExp:0.000613371
                    time_top_o:1.1501e-05
                    time_check_in_c:8.174e-06
                    time_add_parent:1.5378e-05
                    num_neighbors:1294
                    time_add_neighbors_to_o:0.0005159
        Stage3:
            total_Stage3:0.00154627
            num_until_goal_expanded:132
            timing_S3Exp:
                total_S3Exp: 0.00112687
                time_top_o: 2.4561e-05
                time_check_in_c: 1.7234e-05
                time_add_parent: 3.0902e-05
                num_neighbors: 1717
                time_add_neighbors_to_o: 0.000858819
    timing_PIOW_overlapping:
        total_PIOW: 3.281e-06
        num_windows: 52
        time_check_overlap: 1.605e-06
        num_overlapping_windows: 0
        time_merge_windows: 0
        time_remove_window: 0
        time_remove_window: 0
        timing_PlanIn:
            total_PlanIn:0
            num_until_goal_expanded:0
            timing_expansions:
                total_S3Exp: 0
                time_top_o: 0
                time_check_in_c: 0
                time_add_parent: 0
                num_neighbors: 0
                time_add_neighbors_to_o: 0
    num_new_collisions: 2
    timing_PIOW_new_collisions:
        total_PIOW: 0.000187479
        num_windows: 2
        time_check_overlap: 2.26e-07
        num_overlapping_windows: 0
        time_merge_windows: 0
        time_remove_window: 0
        time_remove_window: 6.29e-07
        timing_PlanIn:
            total_PlanIn:0.000183853
            num_until_goal_expanded:16
            timing_expansions:
                total_S3Exp: 0.000179372
                time_top_o: 2.668e-06
                time_check_in_c: 3.095e-06
                time_add_parent: 4.852e-06
                num_neighbors: 286
                time_add_neighbors_to_o: 0.000140353
    num_windows_should_quit: 0
    time_should_quit: 1.406e-06
    time_remove_window: 0
Complete!
