Total time: 0.0167779
is_optimal: true
optimality_bound: 1
successive_bounds: [1.00132, 1.00132, 1.00132, 1.00132, 1.00132, 1.00132, 1.00132, 1.00132, 1.00132, 1.00132, 1.00132, 1.00132, 1.00132, 1.00132, 1, 1]
successive_runtimes: [0.0049092, 0.00526519, 0.00566126, 0.00611722, 0.00656094, 0.00705869, 0.00757151, 0.00803027, 0.00853628, 0.00920718, 0.00986157, 0.0104646, 0.0118851, 0.0125347, 0.0167779]
num_agents: 20
time_individual_plan: 0.00395948
time_first_plan: 0.000438565
num_max_agents_in_window_first_iteration: 2
num_recWAMPF: 15
timing_recWAMPF:
    total_RecWAMPF: 0.0123047
    num_windows: 58
    num_max_agents_in_window: 2
    timing_gari:
        total_GARI: 0.0103778
        time_path_btw_starts: 0.00014716
        Stage1:
            total_Stage1:0.00176425
            time_add_x_to_o: 0.00108374
            time_clear_x: 0.000138279
            timing_AStarSearchUntil:
                total_astar_search_until:0.000538829
                num_values_f_less_fmax:31
                ASU Exp:
                    total_ASUExp:0.000537511
                    time_top_o:8.877e-06
                    time_check_in_c:1.0636e-05
                    time_add_parent:1.7955e-05
                    num_neighbors:745
                    time_add_neighbors_to_o:0.000415743
        Stage2:
            total_Stage2:0.00504815
            num_len_path:69
            time_expanding_s:4.4586e-05
            timing_AStarSearchUntil:
                total_astar_search_until:0.00498861
                num_values_f_less_fmax:392
                ASU Exp:
                    total_ASUExp:0.00498733
                    time_top_o:0.000118047
                    time_check_in_c:9.6548e-05
                    time_add_parent:0.00023254
                    num_neighbors:9658
                    time_add_neighbors_to_o:0.00411402
        Stage3:
            total_Stage3:0.00341007
            num_until_goal_expanded:455
            timing_S3Exp:
                total_S3Exp: 0.00226098
                time_top_o: 9.678e-05
                time_check_in_c: 5.7667e-05
                time_add_parent: 9.7229e-05
                num_neighbors: 3856
                time_add_neighbors_to_o: 0.00158121
    timing_PIOW_overlapping:
        total_PIOW: 3.532e-06
        num_windows: 56
        time_check_overlap: 1.772e-06
        num_overlapping_windows: 0
        time_merge_windows: 0
        time_remove_window: 0
        time_remove_window: 0
        timing_PlanIn:
            total_PlanIn:0
            num_until_goal_expanded:0
            timing_expansions:
                total_S3Exp: 0
                time_top_o: 0
                time_check_in_c: 0
                time_add_parent: 0
                num_neighbors: 0
                time_add_neighbors_to_o: 0
    num_new_collisions: 2
    timing_PIOW_new_collisions:
        total_PIOW: 0.000254072
        num_windows: 2
        time_check_overlap: 9.7e-08
        num_overlapping_windows: 0
        time_merge_windows: 0
        time_remove_window: 0
        time_remove_window: 7.25e-07
        timing_PlanIn:
            total_PlanIn:0.000251026
            num_until_goal_expanded:32
            timing_expansions:
                total_S3Exp: 0.000246079
                time_top_o: 4.544e-06
                time_check_in_c: 6.3e-06
                time_add_parent: 9.297e-06
                num_neighbors: 372
                time_add_neighbors_to_o: 0.000176862
    num_windows_should_quit: 0
    time_should_quit: 9.67e-07
    time_remove_window: 0
Complete!
