Total time: 13.0839
is_optimal: false
optimality_bound: 1.00157
successive_bounds: [1.00785, 1.00576, 1.00471, 1.00366, 1.00262, 1.00262, 1.00262, 1.00262, 1.00262, 1.00209, 1.00209, 1.00209, 1.00209, 1.00157, 1.00157, 1.00157, 1.00157]
successive_runtimes: [0.00867159, 0.0137513, 0.0182126, 0.0226716, 0.0268046, 0.0300333, 0.0329768, 0.0359368, 0.0393088, 0.196008, 0.235995, 0.269926, 0.324354, 3.04328, 6.19195, 9.61273, 13.0839]
num_agents: 30
time_individual_plan: 0.00512155
time_first_plan: 0.00292647
num_max_agents_in_window_first_iteration: 2
num_recWAMPF: 17
timing_recWAMPF:
    total_RecWAMPF: 13.0781
    num_windows: 273
    num_max_agents_in_window: 4
    timing_gari:
        total_GARI: 10.2591
        time_path_btw_starts: 0.00780754
        Stage1:
            total_Stage1:8.85277
            time_add_x_to_o: 2.05583
            time_clear_x: 0.839734
            timing_AStarSearchUntil:
                total_astar_search_until:5.95718
                num_values_f_less_fmax:38357
                ASU Exp:
                    total_ASUExp:5.95717
                    time_top_o:0.0658926
                    time_check_in_c:0.210471
                    time_add_parent:0.0125482
                    num_neighbors:8282953
                    time_add_neighbors_to_o:5.61766
        Stage2:
            total_Stage2:0.01282
            num_len_path:295
            time_expanding_s:0.000948983
            timing_AStarSearchUntil:
                total_astar_search_until:0.0117571
                num_values_f_less_fmax:609
                ASU Exp:
                    total_ASUExp:0.0117507
                    time_top_o:0.000194614
                    time_check_in_c:0.000292398
                    time_add_parent:0.000247323
                    num_neighbors:19035
                    time_add_neighbors_to_o:0.010199
        Stage3:
            total_Stage3:1.38282
            num_until_goal_expanded:3152
            timing_S3Exp:
                total_S3Exp: 0.0975259
                time_top_o: 0.00117219
                time_check_in_c: 0.000613464
                time_add_parent: 0.00114069
                num_neighbors: 59349
                time_add_neighbors_to_o: 0.0407192
    timing_PIOW_overlapping:
        total_PIOW: 2.8129
        num_windows: 1117
        time_check_overlap: 4.9115e-05
        num_overlapping_windows: 2
        time_merge_windows: 3.914e-06
        time_remove_window: 7.98e-07
        time_remove_window: 3.79e-06
        timing_PlanIn:
            total_PlanIn:2.8128
            num_until_goal_expanded:11576
            timing_expansions:
                total_S3Exp: 2.8128
                time_top_o: 0.0134548
                time_check_in_c: 0.00394898
                time_add_parent: 0.00689297
                num_neighbors: 4015957
                time_add_neighbors_to_o: 2.64031
    num_new_collisions: 9
    timing_PIOW_new_collisions:
        total_PIOW: 0.0018714
        num_windows: 72
        time_check_overlap: 2.872e-06
        num_overlapping_windows: 0
        time_merge_windows: 0
        time_remove_window: 0
        time_remove_window: 5.378e-06
        timing_PlanIn:
            total_PlanIn:0.00185129
            num_until_goal_expanded:250
            timing_expansions:
                total_S3Exp: 0.0018356
                time_top_o: 3.5723e-05
                time_check_in_c: 4.757e-05
                time_add_parent: 7.51e-05
                num_neighbors: 2352
                time_add_neighbors_to_o: 0.00127603
    num_windows_should_quit: 0
    time_should_quit: 1.4232e-05
    time_remove_window: 0
Complete!
