Total time: 0.0650855
is_optimal: true
optimality_bound: 1
successive_bounds: [1.00422, 1.00422, 1.00281, 1.00281, 1.00281, 1.00141, 1.00141, 1.00141, 1.00141, 1.00141, 1.00141, 1.00141, 1.00141, 1.00141, 1.00141, 1.00141, 1.00141, 1.00141, 1.00141, 1.00141, 1.00141, 1, 1]
successive_runtimes: [0.00520983, 0.00611792, 0.00717945, 0.00803878, 0.00891923, 0.0106119, 0.015378, 0.0188843, 0.0210373, 0.0235682, 0.0261893, 0.0287622, 0.0315241, 0.0343862, 0.0372228, 0.040351, 0.0436116, 0.0469322, 0.0505638, 0.0546937, 0.0589855, 0.0650855]
num_agents: 20
time_individual_plan: 0.00377263
time_first_plan: 0.00091074
num_max_agents_in_window_first_iteration: 2
num_recWAMPF: 22
timing_recWAMPF:
    total_RecWAMPF: 0.0607831
    num_windows: 184
    num_max_agents_in_window: 3
    timing_gari:
        total_GARI: 0.0539296
        time_path_btw_starts: 0.000521694
        Stage1:
            total_Stage1:0.0251122
            time_add_x_to_o: 0.0108778
            time_clear_x: 0.00185533
            timing_AStarSearchUntil:
                total_astar_search_until:0.0123693
                num_values_f_less_fmax:2869
                ASU Exp:
                    total_ASUExp:0.0123651
                    time_top_o:0.000779274
                    time_check_in_c:0.000519073
                    time_add_parent:0.000384982
                    num_neighbors:24605
                    time_add_neighbors_to_o:0.00910501
        Stage2:
            total_Stage2:0.00667563
            num_len_path:203
            time_expanding_s:0.000281435
            timing_AStarSearchUntil:
                total_astar_search_until:0.00634305
                num_values_f_less_fmax:396
                ASU Exp:
                    total_ASUExp:0.00633932
                    time_top_o:0.000102635
                    time_check_in_c:7.6247e-05
                    time_add_parent:0.000139529
                    num_neighbors:14102
                    time_add_neighbors_to_o:0.00553886
        Stage3:
            total_Stage3:0.021399
            num_until_goal_expanded:2122
            timing_S3Exp:
                total_S3Exp: 0.0126943
                time_top_o: 0.000544761
                time_check_in_c: 0.000263963
                time_add_parent: 0.000498675
                num_neighbors: 26585
                time_add_neighbors_to_o: 0.00910734
    timing_PIOW_overlapping:
        total_PIOW: 0.0036646
        num_windows: 394
        time_check_overlap: 1.4384e-05
        num_overlapping_windows: 1
        time_merge_windows: 1.059e-06
        time_remove_window: 1.32e-07
        time_remove_window: 1.007e-06
        timing_PlanIn:
            total_PlanIn:0.00363763
            num_until_goal_expanded:118
            timing_expansions:
                total_S3Exp: 0.00363551
                time_top_o: 2.3803e-05
                time_check_in_c: 2.0342e-05
                time_add_parent: 3.2391e-05
                num_neighbors: 6468
                time_add_neighbors_to_o: 0.0032022
    num_new_collisions: 5
    timing_PIOW_new_collisions:
        total_PIOW: 0.000572637
        num_windows: 20
        time_check_overlap: 7.59e-07
        num_overlapping_windows: 0
        time_merge_windows: 0
        time_remove_window: 0
        time_remove_window: 1.372e-06
        timing_PlanIn:
            total_PlanIn:0.000565939
            num_until_goal_expanded:73
            timing_expansions:
                total_S3Exp: 0.000555878
                time_top_o: 9.613e-06
                time_check_in_c: 1.2514e-05
                time_add_parent: 1.9488e-05
                num_neighbors: 829
                time_add_neighbors_to_o: 0.000407949
    num_windows_should_quit: 0
    time_should_quit: 6.345e-06
    time_remove_window: 0
Complete!
