Total time: 0.0668572
is_optimal: true
optimality_bound: 1
successive_bounds: [1.00306, 1.00306, 1.00306, 1.00306, 1.00306, 1.00306, 1.00306, 1.00306, 1.00306, 1.00306, 1.00306, 1.00306, 1.00306, 1.00306, 1.00306, 1.00306, 1.00306, 1.00306, 1.00306, 1.00306, 1.00306, 1.00306, 1.00306, 1.00306, 1.00306, 1.00306, 1, 1]
successive_runtimes: [0.00287407, 0.00336523, 0.00378016, 0.00419878, 0.00460174, 0.00500156, 0.00540535, 0.00581463, 0.00624944, 0.00678984, 0.00741319, 0.00799472, 0.00861054, 0.00932344, 0.0100921, 0.011056, 0.011972, 0.0129309, 0.0141448, 0.0156657, 0.0173546, 0.0190995, 0.025578, 0.034355, 0.0438175, 0.0529767, 0.0668571]
num_agents: 10
time_individual_plan: 0.0018423
time_first_plan: 0.000309622
num_max_agents_in_window_first_iteration: 2
num_recWAMPF: 27
timing_recWAMPF:
    total_RecWAMPF: 0.064287
    num_windows: 53
    num_max_agents_in_window: 2
    timing_gari:
        total_GARI: 0.0634595
        time_path_btw_starts: 0.000124225
        Stage1:
            total_Stage1:0.0462422
            time_add_x_to_o: 0.0135198
            time_clear_x: 0.0029518
            timing_AStarSearchUntil:
                total_astar_search_until:0.0297664
                num_values_f_less_fmax:5448
                ASU Exp:
                    total_ASUExp:0.0297646
                    time_top_o:0.00238695
                    time_check_in_c:0.00128459
                    time_add_parent:0.000895192
                    num_neighbors:44893
                    time_add_neighbors_to_o:0.0203544
        Stage2:
            total_Stage2:0.00618993
            num_len_path:55
            time_expanding_s:2.4486e-05
            timing_AStarSearchUntil:
                total_astar_search_until:0.00614611
                num_values_f_less_fmax:386
                ASU Exp:
                    total_ASUExp:0.00614471
                    time_top_o:0.000131991
                    time_check_in_c:9.9315e-05
                    time_add_parent:0.000124683
                    num_neighbors:10831
                    time_add_neighbors_to_o:0.00533876
        Stage3:
            total_Stage3:0.010891
            num_until_goal_expanded:1031
            timing_S3Exp:
                total_S3Exp: 0.00559961
                time_top_o: 0.00029407
                time_check_in_c: 0.000189374
                time_add_parent: 0.000344735
                num_neighbors: 8293
                time_add_neighbors_to_o: 0.00350062
    timing_PIOW_overlapping:
        total_PIOW: 1.74e-06
        num_windows: 26
        time_check_overlap: 0
        num_overlapping_windows: 0
        time_merge_windows: 0
        time_remove_window: 0
        time_remove_window: 0
        timing_PlanIn:
            total_PlanIn:0
            num_until_goal_expanded:0
            timing_expansions:
                total_S3Exp: 0
                time_top_o: 0
                time_check_in_c: 0
                time_add_parent: 0
                num_neighbors: 0
                time_add_neighbors_to_o: 0
    num_new_collisions: 1
    timing_PIOW_new_collisions:
        total_PIOW: 0.000274826
        num_windows: 0
        time_check_overlap: 0
        num_overlapping_windows: 0
        time_merge_windows: 0
        time_remove_window: 0
        time_remove_window: 3.17e-07
        timing_PlanIn:
            total_PlanIn:0.000272984
            num_until_goal_expanded:40
            timing_expansions:
                total_S3Exp: 0.000269481
                time_top_o: 6.269e-06
                time_check_in_c: 9.591e-06
                time_add_parent: 1.3048e-05
                num_neighbors: 302
                time_add_neighbors_to_o: 0.000160223
    num_windows_should_quit: 0
    time_should_quit: 1.912e-06
    time_remove_window: 0
Complete!
