Total time: 1.18047
is_optimal: true
optimality_bound: 1
successive_bounds: [1.00283, 1.00283, 1.00283, 1.00283, 1.00189, 1.00189, 1.00189, 1.00189, 1.00189, 1.00189, 1.00094, 1.00094, 1.00094, 1.00094, 1.00094, 1.00094, 1.00094, 1.00094, 1.00094, 1.00094, 1.00094, 1.00094, 1.00094, 1.00094, 1.00094, 1.00094, 1.00094, 1.00094, 1.00094, 1.00094, 1.00094, 1.00094, 1.00094, 1, 1]
successive_runtimes: [0.00609886, 0.00724432, 0.00835329, 0.00946909, 0.0104804, 0.0112235, 0.011991, 0.0127682, 0.0135076, 0.014433, 0.0155679, 0.0163468, 0.0171427, 0.0179976, 0.0188749, 0.0198674, 0.0208698, 0.0219054, 0.500546, 0.575882, 0.650708, 0.727595, 0.802501, 0.877644, 0.952608, 1.02743, 1.10087, 1.1744, 1.17505, 1.1757, 1.17634, 1.17699, 1.17767, 1.18047]
num_agents: 30
time_individual_plan: 0.004459
time_first_plan: 0.000949927
num_max_agents_in_window_first_iteration: 2
num_recWAMPF: 34
timing_recWAMPF:
    total_RecWAMPF: 1.17532
    num_windows: 224
    num_max_agents_in_window: 3
    timing_gari:
        total_GARI: 0.690349
        time_path_btw_starts: 0.000527351
        Stage1:
            total_Stage1:0.00517918
            time_add_x_to_o: 0.00274683
            time_clear_x: 0.000342233
            timing_AStarSearchUntil:
                total_astar_search_until:0.00207589
                num_values_f_less_fmax:470
                ASU Exp:
                    total_ASUExp:0.0020702
                    time_top_o:0.000122609
                    time_check_in_c:0.000128509
                    time_add_parent:8.1303e-05
                    num_neighbors:3248
                    time_add_neighbors_to_o:0.00146344
        Stage2:
            total_Stage2:0.00563947
            num_len_path:179
            time_expanding_s:0.000102444
            timing_AStarSearchUntil:
                total_astar_search_until:0.00544995
                num_values_f_less_fmax:337
                ASU Exp:
                    total_ASUExp:0.00544481
                    time_top_o:0.000114025
                    time_check_in_c:7.8288e-05
                    time_add_parent:0.000137394
                    num_neighbors:9513
                    time_add_neighbors_to_o:0.00464635
        Stage3:
            total_Stage3:0.678957
            num_until_goal_expanded:774
            timing_S3Exp:
                total_S3Exp: 0.00874575
                time_top_o: 0.000225064
                time_check_in_c: 0.000145362
                time_add_parent: 0.00024809
                num_neighbors: 10463
                time_add_neighbors_to_o: 0.00608627
    timing_PIOW_overlapping:
        total_PIOW: 0.477553
        num_windows: 390
        time_check_overlap: 2.1278e-05
        num_overlapping_windows: 1
        time_merge_windows: 1.297e-06
        time_remove_window: 3.14e-07
        time_remove_window: 1.236e-06
        timing_PlanIn:
            total_PlanIn:0.477511
            num_until_goal_expanded:5300
            timing_expansions:
                total_S3Exp: 0.477509
                time_top_o: 0.00318356
                time_check_in_c: 0.00112436
                time_add_parent: 0.00279283
                num_neighbors: 600904
                time_add_neighbors_to_o: 0.443513
    num_new_collisions: 4
    timing_PIOW_new_collisions:
        total_PIOW: 0.000568772
        num_windows: 12
        time_check_overlap: 4.17e-07
        num_overlapping_windows: 0
        time_merge_windows: 0
        time_remove_window: 0
        time_remove_window: 1.118e-06
        timing_PlanIn:
            total_PlanIn:0.000561835
            num_until_goal_expanded:57
            timing_expansions:
                total_S3Exp: 0.000553595
                time_top_o: 9.551e-06
                time_check_in_c: 1.0999e-05
                time_add_parent: 1.7608e-05
                num_neighbors: 743
                time_add_neighbors_to_o: 0.000416363
    num_windows_should_quit: 2
    time_should_quit: 1.0856e-05
    time_remove_window: 1.195e-06
Complete!
