Total time: 2.96079
is_optimal: false
optimality_bound: 1.00154
successive_bounds: [1.00369, 1.00246, 1.00185, 1.00185, 1.00185, 1.00154, 1.00154, 1.00154, 1.00154, 1.00154, 1.00154, 1.00154, 1.00154, 1.00154]
successive_runtimes: [1.11617, 1.65116, 2.16188, 2.83185, 2.83719, 2.85152, 2.86122, 2.87052, 2.87899, 2.88819, 2.90518, 2.9177, 2.93143, 2.96079]
num_agents: 50
time_individual_plan: 0.0133505
time_first_plan: 1.10182
num_max_agents_in_window_first_iteration: 4
num_recWAMPF: 14
timing_recWAMPF:
    total_RecWAMPF: 2.94643
    num_windows: 126
    num_max_agents_in_window: 5
    timing_gari:
        total_GARI: 1.33925
        time_path_btw_starts: 0.000571109
        Stage1:
            total_Stage1:0.191683
            time_add_x_to_o: 0.143641
            time_clear_x: 0.0253006
            timing_AStarSearchUntil:
                total_astar_search_until:0.0227322
                num_values_f_less_fmax:1432
                ASU Exp:
                    total_ASUExp:0.0227286
                    time_top_o:0.000535772
                    time_check_in_c:0.000509842
                    time_add_parent:0.000363762
                    num_neighbors:51630
                    time_add_neighbors_to_o:0.0202755
        Stage2:
            total_Stage2:0.0242422
            num_len_path:106
            time_expanding_s:0.00154003
            timing_AStarSearchUntil:
                total_astar_search_until:0.0226471
                num_values_f_less_fmax:284
                ASU Exp:
                    total_ASUExp:0.0226439
                    time_top_o:0.000102646
                    time_check_in_c:5.3837e-05
                    time_add_parent:9.1739e-05
                    num_neighbors:43308
                    time_add_neighbors_to_o:0.0178044
        Stage3:
            total_Stage3:1.12246
            num_until_goal_expanded:4133
            timing_S3Exp:
                total_S3Exp: 0.785496
                time_top_o: 0.00269633
                time_check_in_c: 0.00120644
                time_add_parent: 0.00218726
                num_neighbors: 977152
                time_add_neighbors_to_o: 0.752086
    timing_PIOW_overlapping:
        total_PIOW: 0.487332
        num_windows: 324
        time_check_overlap: 1.5106e-05
        num_overlapping_windows: 4
        time_merge_windows: 9.829e-06
        time_remove_window: 1.263e-06
        time_remove_window: 9.548e-06
        timing_PlanIn:
            total_PlanIn:0.487285
            num_until_goal_expanded:2174
            timing_expansions:
                total_S3Exp: 0.487272
                time_top_o: 0.00109074
                time_check_in_c: 0.000410869
                time_add_parent: 0.000867743
                num_neighbors: 772988
                time_add_neighbors_to_o: 0.461125
    num_new_collisions: 12
    timing_PIOW_new_collisions:
        total_PIOW: 1.10631
        num_windows: 116
        time_check_overlap: 6.758e-06
        num_overlapping_windows: 4
        time_merge_windows: 2.416e-06
        time_remove_window: 1.76468
        time_remove_window: 8.864e-06
        timing_PlanIn:
            total_PlanIn:1.10626
            num_until_goal_expanded:21298
            timing_expansions:
                total_S3Exp: 0.152948
                time_top_o: 0.0175988
                time_check_in_c: 0.0044997
                time_add_parent: 0.00945952
                num_neighbors: 1608417
                time_add_neighbors_to_o: 0.822011
    num_windows_should_quit: 0
    time_should_quit: 9.979e-06
    time_remove_window: 0
Complete!
