Total time: 0.351276
is_optimal: true
optimality_bound: 1
successive_bounds: [1.00363, 1.00207, 1.00207, 1.00207, 1.00207, 1.00207, 1.00207, 1.00207, 1.00207, 1.00207, 1.00207, 1.00207, 1.00207, 1.00207, 1.00207, 1.00207, 1.00207, 1.00207, 1.00207, 1.00207, 1.00207, 1.00207, 1.00207, 1.00207, 1.00207, 1.00207, 1.00104, 1.00104, 1.00104, 1.00104, 1.00104, 1.00104, 1, 1]
successive_runtimes: [0.00789893, 0.00923332, 0.0100128, 0.0106361, 0.011299, 0.0119114, 0.0126628, 0.0132687, 0.0139025, 0.0153011, 0.0163798, 0.0174755, 0.0191487, 0.0201111, 0.0211063, 0.0220093, 0.0228142, 0.0253023, 0.0268503, 0.0283142, 0.0351641, 0.0366465, 0.0388713, 0.0415754, 0.0955186, 0.132149, 0.164084, 0.181587, 0.190118, 0.198917, 0.207553, 0.220582, 0.351276]
num_agents: 30
time_individual_plan: 0.00638617
time_first_plan: 0.000851655
num_max_agents_in_window_first_iteration: 2
num_recWAMPF: 33
timing_recWAMPF:
    total_RecWAMPF: 0.34422
    num_windows: 130
    num_max_agents_in_window: 2
    timing_gari:
        total_GARI: 0.294714
        time_path_btw_starts: 0.000508448
        Stage1:
            total_Stage1:0.0364902
            time_add_x_to_o: 0.0154619
            time_clear_x: 0.00215995
            timing_AStarSearchUntil:
                total_astar_search_until:0.0188584
                num_values_f_less_fmax:2138
                ASU Exp:
                    total_ASUExp:0.0188547
                    time_top_o:0.00117531
                    time_check_in_c:0.000542434
                    time_add_parent:0.000586009
                    num_neighbors:32193
                    time_add_neighbors_to_o:0.0145691
        Stage2:
            total_Stage2:0.171029
            num_len_path:178
            time_expanding_s:0.000236966
            timing_AStarSearchUntil:
                total_astar_search_until:0.0896324
                num_values_f_less_fmax:11296
                ASU Exp:
                    total_ASUExp:0.0896292
                    time_top_o:0.00609876
                    time_check_in_c:0.00321568
                    time_add_parent:0.00512958
                    num_neighbors:254222
                    time_add_neighbors_to_o:0.142108
        Stage3:
            total_Stage3:0.0866552
            num_until_goal_expanded:1394
            timing_S3Exp:
                total_S3Exp: 0.0145324
                time_top_o: 0.000461376
                time_check_in_c: 0.000280253
                time_add_parent: 0.000498003
                num_neighbors: 18809
                time_add_neighbors_to_o: 0.00925614
    timing_PIOW_overlapping:
        total_PIOW: 1.1832e-05
        num_windows: 128
        time_check_overlap: 5.124e-06
        num_overlapping_windows: 0
        time_merge_windows: 0
        time_remove_window: 0
        time_remove_window: 0
        timing_PlanIn:
            total_PlanIn:0
            num_until_goal_expanded:0
            timing_expansions:
                total_S3Exp: 0
                time_top_o: 0
                time_check_in_c: 0
                time_add_parent: 0
                num_neighbors: 0
                time_add_neighbors_to_o: 0
    num_new_collisions: 2
    timing_PIOW_new_collisions:
        total_PIOW: 0.00042214
        num_windows: 2
        time_check_overlap: 1.48e-07
        num_overlapping_windows: 0
        time_merge_windows: 0
        time_remove_window: 0
        time_remove_window: 7.12e-07
        timing_PlanIn:
            total_PlanIn:0.000418695
            num_until_goal_expanded:33
            timing_expansions:
                total_S3Exp: 0.00041308
                time_top_o: 6.59e-06
                time_check_in_c: 7.641e-06
                time_add_parent: 1.1422e-05
                num_neighbors: 606
                time_add_neighbors_to_o: 0.00029161
    num_windows_should_quit: 0
    time_should_quit: 5.502e-06
    time_remove_window: 0
Complete!
