Total time: 0.0291397
is_optimal: true
optimality_bound: 1
successive_bounds: [1.0018, 1.0018, 1.0018, 1.0009, 1.0009, 1.0009, 1.0009, 1.0009, 1.0009, 1.0009, 1.0009, 1, 1]
successive_runtimes: [0.0100737, 0.0105755, 0.0110679, 0.0174026, 0.0188066, 0.0201532, 0.0214446, 0.0232143, 0.0249354, 0.0262099, 0.027554, 0.0291397]
num_agents: 30
time_individual_plan: 0.00875352
time_first_plan: 0.000695733
num_max_agents_in_window_first_iteration: 2
num_recWAMPF: 12
timing_recWAMPF:
    total_RecWAMPF: 0.0197589
    num_windows: 69
    num_max_agents_in_window: 3
    timing_gari:
        total_GARI: 0.0112046
        time_path_btw_starts: 0.000205171
        Stage1:
            total_Stage1:0.00076011
            time_add_x_to_o: 0.000681562
            time_clear_x: 7.1177e-05
            timing_AStarSearchUntil:
                total_astar_search_until:3.456e-06
                num_values_f_less_fmax:0
                ASU Exp:
                    total_ASUExp:1.69e-06
                    time_top_o:0
                    time_check_in_c:0
                    time_add_parent:0
                    num_neighbors:0
                    time_add_neighbors_to_o:0
        Stage2:
            total_Stage2:0.0014037
            num_len_path:59
            time_expanding_s:3.6112e-05
            timing_AStarSearchUntil:
                total_astar_search_until:0.00134543
                num_values_f_less_fmax:90
                ASU Exp:
                    total_ASUExp:0.0013438
                    time_top_o:2.6182e-05
                    time_check_in_c:2.1146e-05
                    time_add_parent:3.8074e-05
                    num_neighbors:2672
                    time_add_neighbors_to_o:0.00112596
        Stage3:
            total_Stage3:0.00881925
            num_until_goal_expanded:316
            timing_S3Exp:
                total_S3Exp: 0.00408816
                time_top_o: 8.2789e-05
                time_check_in_c: 4.8497e-05
                time_add_parent: 8.4732e-05
                num_neighbors: 5515
                time_add_neighbors_to_o: 0.00329679
    timing_PIOW_overlapping:
        total_PIOW: 8.669e-06
        num_windows: 99
        time_check_overlap: 4.513e-06
        num_overlapping_windows: 0
        time_merge_windows: 0
        time_remove_window: 0
        time_remove_window: 0
        timing_PlanIn:
            total_PlanIn:0
            num_until_goal_expanded:0
            timing_expansions:
                total_S3Exp: 0
                time_top_o: 0
                time_check_in_c: 0
                time_add_parent: 0
                num_neighbors: 0
                time_add_neighbors_to_o: 0
    num_new_collisions: 4
    timing_PIOW_new_collisions:
        total_PIOW: 0.00604839
        num_windows: 12
        time_check_overlap: 7.41e-07
        num_overlapping_windows: 1
        time_merge_windows: 0
        time_remove_window: 0.0116768
        time_remove_window: 1.369e-06
        timing_PlanIn:
            total_PlanIn:0.00603891
            num_until_goal_expanded:116
            timing_expansions:
                total_S3Exp: 0.0060203
                time_top_o: 3.4402e-05
                time_check_in_c: 2.3574e-05
                time_add_parent: 3.754e-05
                num_neighbors: 8278
                time_add_neighbors_to_o: 0.00549106
    num_windows_should_quit: 0
    time_should_quit: 2.426e-06
    time_remove_window: 0
Complete!
