Total time: 1.19656
is_optimal: true
optimality_bound: 1
successive_bounds: [1.00452, 1.00452, 1.00452, 1.00452, 1.00452, 1.00452, 1.00452, 1.00452, 1.00452, 1.00452, 1.00452, 1.00452, 1.00452, 1.00452, 1.00452, 1.00452, 1.00452, 1.00452, 1.00302, 1.00302, 1.00302, 1.00302, 1.00151, 1.00151, 1.00151, 1.00151, 1.00151, 1.00151, 1.00151, 1.00151, 1.00151, 1.00151, 1.00151, 1.00151, 1.00151, 1, 1]
successive_runtimes: [0.00345218, 0.00428924, 0.00514218, 0.00625815, 0.00732164, 0.00849781, 0.0115129, 0.0160819, 0.0215513, 0.0275093, 0.0333365, 0.0396087, 0.0466045, 0.0538219, 0.0610659, 0.0688213, 0.0773268, 0.114838, 0.440973, 0.653412, 0.687183, 0.719844, 0.752817, 0.785342, 0.817918, 0.850483, 0.882893, 0.915359, 0.947959, 0.9815, 1.01398, 1.04649, 1.07903, 1.11166, 1.14413, 1.19656]
num_agents: 20
time_individual_plan: 0.00228971
time_first_plan: 0.000641046
num_max_agents_in_window_first_iteration: 2
num_recWAMPF: 36
timing_recWAMPF:
    total_RecWAMPF: 1.19374
    num_windows: 213
    num_max_agents_in_window: 3
    timing_gari:
        total_GARI: 1.16168
        time_path_btw_starts: 0.000740876
        Stage1:
            total_Stage1:0.508339
            time_add_x_to_o: 0.142075
            time_clear_x: 0.0329145
            timing_AStarSearchUntil:
                total_astar_search_until:0.333336
                num_values_f_less_fmax:16544
                ASU Exp:
                    total_ASUExp:0.33333
                    time_top_o:0.00823816
                    time_check_in_c:0.00388417
                    time_add_parent:0.0043052
                    num_neighbors:676865
                    time_add_neighbors_to_o:0.303676
        Stage2:
            total_Stage2:0.0428491
            num_len_path:190
            time_expanding_s:0.000671281
            timing_AStarSearchUntil:
                total_astar_search_until:0.0420693
                num_values_f_less_fmax:2164
                ASU Exp:
                    total_ASUExp:0.0420647
                    time_top_o:0.000902163
                    time_check_in_c:0.00055036
                    time_add_parent:0.00171916
                    num_neighbors:60219
                    time_add_neighbors_to_o:0.0324552
        Stage3:
            total_Stage3:0.609695
            num_until_goal_expanded:2447
            timing_S3Exp:
                total_S3Exp: 0.0512408
                time_top_o: 0.000684457
                time_check_in_c: 0.000416557
                time_add_parent: 0.000763845
                num_neighbors: 18119
                time_add_neighbors_to_o: 0.00912055
    timing_PIOW_overlapping:
        total_PIOW: 2.6305e-05
        num_windows: 315
        time_check_overlap: 1.6543e-05
        num_overlapping_windows: 0
        time_merge_windows: 0
        time_remove_window: 0
        time_remove_window: 0
        timing_PlanIn:
            total_PlanIn:0
            num_until_goal_expanded:0
            timing_expansions:
                total_S3Exp: 0
                time_top_o: 0
                time_check_in_c: 0
                time_add_parent: 0
                num_neighbors: 0
                time_add_neighbors_to_o: 0
    num_new_collisions: 4
    timing_PIOW_new_collisions:
        total_PIOW: 0.0286801
        num_windows: 13
        time_check_overlap: 8.28e-07
        num_overlapping_windows: 1
        time_merge_windows: 0
        time_remove_window: 0.0873283
        time_remove_window: 1.216e-06
        timing_PlanIn:
            total_PlanIn:0.0286715
            num_until_goal_expanded:633
            timing_expansions:
                total_S3Exp: 0.0286626
                time_top_o: 0.000176057
                time_check_in_c: 0.000110174
                time_add_parent: 0.000170314
                num_neighbors: 60450
                time_add_neighbors_to_o: 0.0257937
    num_windows_should_quit: 0
    time_should_quit: 1.0435e-05
    time_remove_window: 0
Complete!
