Total time: 57.2227
is_optimal: false
optimality_bound: 1.00083
successive_bounds: [1.0058, 1.0058, 1.0058, 1.00469, 1.00442, 1.00442, 1.00442, 1.00442, 1.00387, 1.00387, 1.00387, 1.00276, 1.00221, 1.00166, 1.00166, 1.00166, 1.00166, 1.00166, 1.00166, 1.00166, 1.00166, 1.00166, 1.00166, 1.00166, 1.00166, 1.00166, 1.00166, 1.0011, 1.0011, 1.0011, 1.0011, 1.0011, 1.0011, 1.0011, 1.0011, 1.0011, 1.0011, 1.00083]
successive_runtimes: [0.02364, 0.0415014, 0.0696295, 0.136704, 0.177172, 0.221025, 0.270644, 0.322276, 0.375677, 0.451317, 0.536597, 0.910732, 1.16367, 1.25841, 1.34733, 1.4409, 1.55956, 1.73741, 1.93097, 2.05198, 2.31177, 2.55468, 2.79033, 2.9436, 11.6749, 12.793, 13.9331, 22.8765, 23.7999, 24.707, 25.6012, 26.4905, 27.3933, 28.24, 29.0758, 29.91, 52.0179, 57.2227]
num_agents: 50
time_individual_plan: 0.0123773
time_first_plan: 0.0105075
num_max_agents_in_window_first_iteration: 3
num_recWAMPF: 38
timing_recWAMPF:
    total_RecWAMPF: 57.2096
    num_windows: 765
    num_max_agents_in_window: 4
    timing_gari:
        total_GARI: 45.9154
        time_path_btw_starts: 0.0102819
        Stage1:
            total_Stage1:3.70149
            time_add_x_to_o: 0.507031
            time_clear_x: 0.155422
            timing_AStarSearchUntil:
                total_astar_search_until:1.1509
                num_values_f_less_fmax:50030
                ASU Exp:
                    total_ASUExp:1.15087
                    time_top_o:0.0467003
                    time_check_in_c:0.0173833
                    time_add_parent:0.02394
                    num_neighbors:4020383
                    time_add_neighbors_to_o:2.87446
        Stage2:
            total_Stage2:1.25328
            num_len_path:663
            time_expanding_s:0.0015425
            timing_AStarSearchUntil:
                total_astar_search_until:1.25117
                num_values_f_less_fmax:19819
                ASU Exp:
                    total_ASUExp:1.25115
                    time_top_o:0.0212124
                    time_check_in_c:0.00644256
                    time_add_parent:0.0133186
                    num_neighbors:1884572
                    time_add_neighbors_to_o:1.17384
        Stage3:
            total_Stage3:40.9501
            num_until_goal_expanded:79758
            timing_S3Exp:
                total_S3Exp: 26.2757
                time_top_o: 0.161105
                time_check_in_c: 0.0338896
                time_add_parent: 0.0569914
                num_neighbors: 36535945
                time_add_neighbors_to_o: 25.7993
    timing_PIOW_overlapping:
        total_PIOW: 0.0620702
        num_windows: 3939
        time_check_overlap: 0.000289655
        num_overlapping_windows: 5
        time_merge_windows: 1.2724e-05
        time_remove_window: 1.872e-06
        time_remove_window: 1.2255e-05
        timing_PlanIn:
            total_PlanIn:0.0616085
            num_until_goal_expanded:893
            timing_expansions:
                total_S3Exp: 0.0615887
                time_top_o: 0.000344257
                time_check_in_c: 0.000197133
                time_add_parent: 0.000316255
                num_neighbors: 91370
                time_add_neighbors_to_o: 0.0561274
    num_new_collisions: 18
    timing_PIOW_new_collisions:
        total_PIOW: 7.60303
        num_windows: 253
        time_check_overlap: 1.4779e-05
        num_overlapping_windows: 3
        time_merge_windows: 0
        time_remove_window: 4.54852
        time_remove_window: 1.8037e-05
        timing_PlanIn:
            total_PlanIn:7.60294
            num_until_goal_expanded:20842
            timing_expansions:
                total_S3Exp: 7.60288
                time_top_o: 0.0433802
                time_check_in_c: 0.00766517
                time_add_parent: 0.013909
                num_neighbors: 10765975
                time_add_neighbors_to_o: 7.15351
    num_windows_should_quit: 1
    time_should_quit: 6.181e-05
    time_remove_window: 3.26e-07
Complete!
