Total time: 52.9527
is_optimal: false
optimality_bound: 1.00271
successive_bounds: [1.00519, 1.00496, 1.00496, 1.00451, 1.00293, 1.00316, 1.00316, 1.00316, 1.00316, 1.00316, 1.00316, 1.00316, 1.00316, 1.00316, 1.00316, 1.00293, 1.00293, 1.00293, 1.00271, 1.00271, 1.00271]
successive_runtimes: [0.0164769, 0.0219086, 0.0293652, 0.037007, 0.0502107, 0.0572309, 0.0617009, 0.0651865, 0.135376, 0.176961, 0.206323, 0.233954, 0.25743, 0.279361, 0.301208, 0.326578, 0.64914, 0.808932, 3.96648, 32.6398, 52.9527]
num_agents: 60
time_individual_plan: 0.00913864
time_first_plan: 0.00669087
num_max_agents_in_window_first_iteration: 2
num_recWAMPF: 21
timing_recWAMPF:
    total_RecWAMPF: 52.9429
    num_windows: 277
    num_max_agents_in_window: 4
    timing_gari:
        total_GARI: 49.8575
        time_path_btw_starts: 0.00295106
        Stage1:
            total_Stage1:15.5616
            time_add_x_to_o: 8.5859
            time_clear_x: 1.85677
            timing_AStarSearchUntil:
                total_astar_search_until:5.11889
                num_values_f_less_fmax:59752
                ASU Exp:
                    total_ASUExp:5.11888
                    time_top_o:0.130085
                    time_check_in_c:0.306511
                    time_add_parent:0.0204578
                    num_neighbors:5194093
                    time_add_neighbors_to_o:4.5609
        Stage2:
            total_Stage2:0.0428288
            num_len_path:246
            time_expanding_s:0.000169882
            timing_AStarSearchUntil:
                total_astar_search_until:0.0425186
                num_values_f_less_fmax:903
                ASU Exp:
                    total_ASUExp:0.0425122
                    time_top_o:0.000350061
                    time_check_in_c:0.00020842
                    time_add_parent:0.000335689
                    num_neighbors:80233
                    time_add_neighbors_to_o:0.0398778
        Stage3:
            total_Stage3:34.2497
            num_until_goal_expanded:56957
            timing_S3Exp:
                total_S3Exp: 28.5574
                time_top_o: 0.0898875
                time_check_in_c: 0.0295085
                time_add_parent: 0.0451761
                num_neighbors: 36423491
                time_add_neighbors_to_o: 26.435
    timing_PIOW_overlapping:
        total_PIOW: 0.0778511
        num_windows: 1180
        time_check_overlap: 6.1233e-05
        num_overlapping_windows: 12
        time_merge_windows: 1.4829e-05
        time_remove_window: 2.879e-06
        time_remove_window: 1.4059e-05
        timing_PlanIn:
            total_PlanIn:0.0777127
            num_until_goal_expanded:1046
            timing_expansions:
                total_S3Exp: 0.0776832
                time_top_o: 0.000319856
                time_check_in_c: 0.000232884
                time_add_parent: 0.000314277
                num_neighbors: 119401
                time_add_neighbors_to_o: 0.0712566
    num_new_collisions: 19
    timing_PIOW_new_collisions:
        total_PIOW: 2.98683
        num_windows: 275
        time_check_overlap: 1.1794e-05
        num_overlapping_windows: 2
        time_merge_windows: 0
        time_remove_window: 1.01906
        time_remove_window: 1.0259e-05
        timing_PlanIn:
            total_PlanIn:2.98677
            num_until_goal_expanded:5972
            timing_expansions:
                total_S3Exp: 2.98674
                time_top_o: 0.00562997
                time_check_in_c: 0.00186127
                time_add_parent: 0.00352678
                num_neighbors: 4079932
                time_add_neighbors_to_o: 2.84215
    num_windows_should_quit: 0
    time_should_quit: 1.8414e-05
    time_remove_window: 0
Complete!
