Total time: 57.7924
is_optimal: false
optimality_bound: 1.00144
successive_bounds: [1.00432, 1.00432, 1.00432, 1.00432, 1.00432, 1.00432, 1.0036, 1.0036, 1.0036, 1.0036, 1.0036, 1.00288, 1.00288, 1.00288, 1.00288, 1.00288, 1.00288, 1.00288, 1.00216, 1.00144, 1.00144]
successive_runtimes: [0.00838145, 0.0103961, 0.0123238, 0.0149406, 0.0176105, 0.0199016, 0.0221245, 0.0242634, 0.0843204, 0.186706, 0.298128, 0.793727, 2.55595, 6.32054, 11.823, 17.7672, 23.9257, 31.4499, 40.9879, 49.0262, 57.7924]
num_agents: 40
time_individual_plan: 0.00584307
time_first_plan: 0.00192997
num_max_agents_in_window_first_iteration: 2
num_recWAMPF: 21
timing_recWAMPF:
    total_RecWAMPF: 57.786
    num_windows: 181
    num_max_agents_in_window: 4
    timing_gari:
        total_GARI: 57.3241
        time_path_btw_starts: 0.0275899
        Stage1:
            total_Stage1:37.2421
            time_add_x_to_o: 10.2202
            time_clear_x: 5.03794
            timing_AStarSearchUntil:
                total_astar_search_until:21.9839
                num_values_f_less_fmax:139738
                ASU Exp:
                    total_ASUExp:21.9839
                    time_top_o:0.28177
                    time_check_in_c:0.31735
                    time_add_parent:0.0555139
                    num_neighbors:34407142
                    time_add_neighbors_to_o:21.1489
        Stage2:
            total_Stage2:0.0139059
            num_len_path:159
            time_expanding_s:0.000114001
            timing_AStarSearchUntil:
                total_astar_search_until:0.0136875
                num_values_f_less_fmax:470
                ASU Exp:
                    total_ASUExp:0.0136831
                    time_top_o:0.000158931
                    time_check_in_c:0.000116328
                    time_add_parent:0.000224689
                    num_neighbors:22320
                    time_add_neighbors_to_o:0.0125704
        Stage3:
            total_Stage3:20.0405
            num_until_goal_expanded:21982
            timing_S3Exp:
                total_S3Exp: 7.91464
                time_top_o: 0.0573593
                time_check_in_c: 0.0227095
                time_add_parent: 0.0167813
                num_neighbors: 11538082
                time_add_neighbors_to_o: 7.7176
    timing_PIOW_overlapping:
        total_PIOW: 0.452435
        num_windows: 442
        time_check_overlap: 2.3732e-05
        num_overlapping_windows: 3
        time_merge_windows: 6.877e-06
        time_remove_window: 1.459e-06
        time_remove_window: 6.686e-06
        timing_PlanIn:
            total_PlanIn:0.452373
            num_until_goal_expanded:2053
            timing_expansions:
                total_S3Exp: 0.452363
                time_top_o: 0.00141385
                time_check_in_c: 0.000565
                time_add_parent: 0.00090303
                num_neighbors: 742248
                time_add_neighbors_to_o: 0.423071
    num_new_collisions: 6
    timing_PIOW_new_collisions:
        total_PIOW: 0.00098247
        num_windows: 30
        time_check_overlap: 1.254e-06
        num_overlapping_windows: 0
        time_merge_windows: 0
        time_remove_window: 0
        time_remove_window: 2.058e-06
        timing_PlanIn:
            total_PlanIn:0.000970093
            num_until_goal_expanded:104
            timing_expansions:
                total_S3Exp: 0.000957627
                time_top_o: 1.6255e-05
                time_check_in_c: 2.4012e-05
                time_add_parent: 3.1159e-05
                num_neighbors: 1259
                time_add_neighbors_to_o: 0.000705658
    num_windows_should_quit: 0
    time_should_quit: 1.1506e-05
    time_remove_window: 0
Complete!
