Total time: 0.0232601
is_optimal: true
optimality_bound: 1
successive_bounds: [1.00289, 1.00289, 1.00289, 1.00289, 1.00289, 1.00289, 1.00289, 1.00289, 1.00289, 1.00289, 1.00289, 1.00289, 1.00289, 1.00289, 1.00289, 1.00289, 1.00289, 1.00289, 1.00289, 1.00289, 1.00289, 1, 1]
successive_runtimes: [0.00207581, 0.00224619, 0.00241214, 0.00255992, 0.00271004, 0.00286515, 0.00302879, 0.00320088, 0.00335531, 0.00349607, 0.00366127, 0.00380875, 0.00397411, 0.00413804, 0.00430095, 0.00449924, 0.00470285, 0.00490564, 0.00511394, 0.00532412, 0.00552613, 0.0232601]
num_agents: 10
time_individual_plan: 0.00140584
time_first_plan: 0.000157727
num_max_agents_in_window_first_iteration: 2
num_recWAMPF: 22
timing_recWAMPF:
    total_RecWAMPF: 0.0213392
    num_windows: 43
    num_max_agents_in_window: 2
    timing_gari:
        total_GARI: 0.0207175
        time_path_btw_starts: 0.000160172
        Stage1:
            total_Stage1:0.000337004
            time_add_x_to_o: 0.000293873
            time_clear_x: 3.8728e-05
            timing_AStarSearchUntil:
                total_astar_search_until:1.969e-06
                num_values_f_less_fmax:0
                ASU Exp:
                    total_ASUExp:9.53e-07
                    time_top_o:0
                    time_check_in_c:0
                    time_add_parent:0
                    num_neighbors:0
                    time_add_neighbors_to_o:0
        Stage2:
            total_Stage2:0.0185928
            num_len_path:58
            time_expanding_s:2.3161e-05
            timing_AStarSearchUntil:
                total_astar_search_until:0.0185323
                num_values_f_less_fmax:1432
                ASU Exp:
                    total_ASUExp:0.0185314
                    time_top_o:0.000462573
                    time_check_in_c:0.000266249
                    time_add_parent:0.000420948
                    num_neighbors:34385
                    time_add_neighbors_to_o:0.0158592
        Stage3:
            total_Stage3:0.00162039
            num_until_goal_expanded:48
            timing_S3Exp:
                total_S3Exp: 0.000333507
                time_top_o: 7.183e-06
                time_check_in_c: 4.6e-06
                time_add_parent: 1.0025e-05
                num_neighbors: 300
                time_add_neighbors_to_o: 0.000187044
    timing_PIOW_overlapping:
        total_PIOW: 4.87e-07
        num_windows: 21
        time_check_overlap: 0
        num_overlapping_windows: 0
        time_merge_windows: 0
        time_remove_window: 0
        time_remove_window: 0
        timing_PlanIn:
            total_PlanIn:0
            num_until_goal_expanded:0
            timing_expansions:
                total_S3Exp: 0
                time_top_o: 0
                time_check_in_c: 0
                time_add_parent: 0
                num_neighbors: 0
                time_add_neighbors_to_o: 0
    num_new_collisions: 1
    timing_PIOW_new_collisions:
        total_PIOW: 0.000122375
        num_windows: 0
        time_check_overlap: 0
        num_overlapping_windows: 0
        time_merge_windows: 0
        time_remove_window: 0
        time_remove_window: 3.07e-07
        timing_PlanIn:
            total_PlanIn:0.000120864
            num_until_goal_expanded:8
            timing_expansions:
                total_S3Exp: 0.000116307
                time_top_o: 1.702e-06
                time_check_in_c: 1.869e-06
                time_add_parent: 2.797e-06
                num_neighbors: 160
                time_add_neighbors_to_o: 9.3969e-05
    num_windows_should_quit: 0
    time_should_quit: 1.114e-06
    time_remove_window: 0
Complete!
