Total time: 9.12155
is_optimal: false
optimality_bound: 1.002
successive_bounds: [1.01451, 1.00551, 1.0035, 1.003, 1.003, 1.003, 1.003, 1.002, 1.002, 1.002]
successive_runtimes: [0.00973486, 0.0197099, 0.204117, 0.240967, 0.265223, 0.284621, 2.10599, 5.26669, 7.34725, 9.12155]
num_agents: 30
time_individual_plan: 0.00641363
time_first_plan: 0.00280192
num_max_agents_in_window_first_iteration: 2
num_recWAMPF: 10
timing_recWAMPF:
    total_RecWAMPF: 9.11461
    num_windows: 84
    num_max_agents_in_window: 4
    timing_gari:
        total_GARI: 7.50948
        time_path_btw_starts: 0.000332495
        Stage1:
            total_Stage1:5.7518
            time_add_x_to_o: 1.18133
            time_clear_x: 0.588816
            timing_AStarSearchUntil:
                total_astar_search_until:3.98165
                num_values_f_less_fmax:36792
                ASU Exp:
                    total_ASUExp:3.98165
                    time_top_o:0.0566326
                    time_check_in_c:0.05975
                    time_add_parent:0.0185339
                    num_neighbors:7433847
                    time_add_neighbors_to_o:3.74419
        Stage2:
            total_Stage2:0.0138614
            num_len_path:92
            time_expanding_s:5.8663e-05
            timing_AStarSearchUntil:
                total_astar_search_until:0.0137646
                num_values_f_less_fmax:324
                ASU Exp:
                    total_ASUExp:0.0137628
                    time_top_o:0.000100127
                    time_check_in_c:6.4767e-05
                    time_add_parent:9.2435e-05
                    num_neighbors:29877
                    time_add_neighbors_to_o:0.0130925
        Stage3:
            total_Stage3:1.74347
            num_until_goal_expanded:16957
            timing_S3Exp:
                total_S3Exp: 0.997983
                time_top_o: 0.0147245
                time_check_in_c: 0.00549397
                time_add_parent: 0.00867303
                num_neighbors: 2042343
                time_add_neighbors_to_o: 0.945248
    timing_PIOW_overlapping:
        total_PIOW: 0.18214
        num_windows: 193
        time_check_overlap: 8.595e-06
        num_overlapping_windows: 2
        time_merge_windows: 3.192e-06
        time_remove_window: 7.71e-07
        time_remove_window: 3.084e-06
        timing_PlanIn:
            total_PlanIn:0.182116
            num_until_goal_expanded:1550
            timing_expansions:
                total_S3Exp: 0.182111
                time_top_o: 0.000735144
                time_check_in_c: 0.000351987
                time_add_parent: 0.000498146
                num_neighbors: 365917
                time_add_neighbors_to_o: 0.16873
    num_new_collisions: 8
    timing_PIOW_new_collisions:
        total_PIOW: 1.41994
        num_windows: 55
        time_check_overlap: 2.146e-06
        num_overlapping_windows: 2
        time_merge_windows: 0
        time_remove_window: 0.710159
        time_remove_window: 4.274e-06
        timing_PlanIn:
            total_PlanIn:1.41992
            num_until_goal_expanded:7515
            timing_expansions:
                total_S3Exp: 1.41991
                time_top_o: 0.00770787
                time_check_in_c: 0.00267376
                time_add_parent: 0.0039963
                num_neighbors: 2678577
                time_add_neighbors_to_o: 1.32457
    num_windows_should_quit: 0
    time_should_quit: 5.542e-06
    time_remove_window: 0
Complete!
