Total time: 7.92938
is_optimal: false
optimality_bound: 1.00073
successive_bounds: [1.00462, 1.00413, 1.0034, 1.00219, 1.0017, 1.0017, 1.00122, 1.00122, 1.00073, 1.00073, 1.00073]
successive_runtimes: [0.0287598, 0.0658474, 0.195065, 0.36333, 1.64064, 2.65477, 3.50447, 4.3168, 5.50292, 6.57784, 7.92938]
num_agents: 60
time_individual_plan: 0.0144935
time_first_plan: 0.0136783
num_max_agents_in_window_first_iteration: 3
num_recWAMPF: 11
timing_recWAMPF:
    total_RecWAMPF: 7.9143
    num_windows: 224
    num_max_agents_in_window: 4
    timing_gari:
        total_GARI: 7.75168
        time_path_btw_starts: 0.0051164
        Stage1:
            total_Stage1:6.0532
            time_add_x_to_o: 1.08972
            time_clear_x: 0.448402
            timing_AStarSearchUntil:
                total_astar_search_until:4.51505
                num_values_f_less_fmax:43682
                ASU Exp:
                    total_ASUExp:4.51504
                    time_top_o:0.047191
                    time_check_in_c:0.103482
                    time_add_parent:0.0745254
                    num_neighbors:9157006
                    time_add_neighbors_to_o:4.20166
        Stage2:
            total_Stage2:0.172326
            num_len_path:208
            time_expanding_s:0.000362464
            timing_AStarSearchUntil:
                total_astar_search_until:0.171839
                num_values_f_less_fmax:3212
                ASU Exp:
                    total_ASUExp:0.171834
                    time_top_o:0.00206986
                    time_check_in_c:0.00057532
                    time_add_parent:0.00124348
                    num_neighbors:352147
                    time_add_neighbors_to_o:0.163373
        Stage3:
            total_Stage3:1.52098
            num_until_goal_expanded:6844
            timing_S3Exp:
                total_S3Exp: 0.267381
                time_top_o: 0.00400262
                time_check_in_c: 0.00169423
                time_add_parent: 0.00383888
                num_neighbors: 532287
                time_add_neighbors_to_o: 0.247735
    timing_PIOW_overlapping:
        total_PIOW: 0.137779
        num_windows: 1175
        time_check_overlap: 5.1316e-05
        num_overlapping_windows: 3
        time_merge_windows: 6.032e-06
        time_remove_window: 1.312e-06
        time_remove_window: 5.88e-06
        timing_PlanIn:
            total_PlanIn:0.137685
            num_until_goal_expanded:1799
            timing_expansions:
                total_S3Exp: 0.137672
                time_top_o: 0.000775965
                time_check_in_c: 0.00033875
                time_add_parent: 0.000508634
                num_neighbors: 289316
                time_add_neighbors_to_o: 0.126346
    num_new_collisions: 15
    timing_PIOW_new_collisions:
        total_PIOW: 0.0111183
        num_windows: 213
        time_check_overlap: 5.396e-06
        num_overlapping_windows: 2
        time_merge_windows: 0
        time_remove_window: 0.0801683
        time_remove_window: 5.624e-06
        timing_PlanIn:
            total_PlanIn:0.011089
            num_until_goal_expanded:362
            timing_expansions:
                total_S3Exp: 0.0110594
                time_top_o: 7.5971e-05
                time_check_in_c: 6.0845e-05
                time_add_parent: 9.5292e-05
                num_neighbors: 20296
                time_add_neighbors_to_o: 0.00982696
    num_windows_should_quit: 0
    time_should_quit: 1.9964e-05
    time_remove_window: 0
Complete!
