Total time: 0.341292
is_optimal: true
optimality_bound: 1
successive_bounds: [1.00178, 1.00178, 1.00178, 1.00178, 1.00178, 1.00178, 1.00178, 1.00178, 1.00089, 1.00089, 1, 1]
successive_runtimes: [0.0307942, 0.053253, 0.0765394, 0.0993379, 0.122288, 0.145707, 0.167197, 0.186756, 0.201158, 0.209401, 0.341292]
num_agents: 30
time_individual_plan: 0.0167294
time_first_plan: 0.0124479
num_max_agents_in_window_first_iteration: 3
num_recWAMPF: 11
timing_recWAMPF:
    total_RecWAMPF: 0.32294
    num_windows: 62
    num_max_agents_in_window: 4
    timing_gari:
        total_GARI: 0.178903
        time_path_btw_starts: 0.000385847
        Stage1:
            total_Stage1:0.0965423
            time_add_x_to_o: 0.0349929
            time_clear_x: 0.00746379
            timing_AStarSearchUntil:
                total_astar_search_until:0.0540769
                num_values_f_less_fmax:1754
                ASU Exp:
                    total_ASUExp:0.0540742
                    time_top_o:0.00138145
                    time_check_in_c:0.00187929
                    time_add_parent:0.00148207
                    num_neighbors:45752
                    time_add_neighbors_to_o:0.0468899
        Stage2:
            total_Stage2:0.00949123
            num_len_path:62
            time_expanding_s:0.000159417
            timing_AStarSearchUntil:
                total_astar_search_until:0.00929076
                num_values_f_less_fmax:124
                ASU Exp:
                    total_ASUExp:0.00928857
                    time_top_o:6.9741e-05
                    time_check_in_c:5.893e-05
                    time_add_parent:0.000119665
                    num_neighbors:8682
                    time_add_neighbors_to_o:0.00863317
        Stage3:
            total_Stage3:0.0724519
            num_until_goal_expanded:1365
            timing_S3Exp:
                total_S3Exp: 0.0528586
                time_top_o: 0.000925179
                time_check_in_c: 0.000523613
                time_add_parent: 0.000979556
                num_neighbors: 47457
                time_add_neighbors_to_o: 0.0447012
    timing_PIOW_overlapping:
        total_PIOW: 0.128039
        num_windows: 92
        time_check_overlap: 7.37e-06
        num_overlapping_windows: 1
        time_merge_windows: 2.376e-06
        time_remove_window: 6.82e-07
        time_remove_window: 2.299e-06
        timing_PlanIn:
            total_PlanIn:0.128015
            num_until_goal_expanded:249
            timing_expansions:
                total_S3Exp: 0.128011
                time_top_o: 0.000199754
                time_check_in_c: 0.000108817
                time_add_parent: 0.000245366
                num_neighbors: 120845
                time_add_neighbors_to_o: 0.121955
    num_new_collisions: 4
    timing_PIOW_new_collisions:
        total_PIOW: 0.011262
        num_windows: 13
        time_check_overlap: 1.85e-06
        num_overlapping_windows: 1
        time_merge_windows: 0
        time_remove_window: 0.021162
        time_remove_window: 3.934e-06
        timing_PlanIn:
            total_PlanIn:0.0112347
            num_until_goal_expanded:128
            timing_expansions:
                total_S3Exp: 0.0112095
                time_top_o: 7.9873e-05
                time_check_in_c: 8.7694e-05
                time_add_parent: 0.000182425
                num_neighbors: 5617
                time_add_neighbors_to_o: 0.00970914
    num_windows_should_quit: 0
    time_should_quit: 5.146e-06
    time_remove_window: 0
Complete!
