Total time: 0.11036
is_optimal: true
optimality_bound: 1
successive_bounds: [1.00287, 1.00287, 1.00287, 1.00287, 1.00287, 1.00287, 1.00287, 1.00287, 1.00287, 1.00287, 1.00287, 1.00287, 1.00143, 1.00143, 1.00143, 1.00143, 1.00143, 1.00143, 1.00143, 1.00143, 1.00143, 1.00143, 1.00143, 1.00143, 1.00143, 1.00143, 1.00143, 1.00143, 1.00143, 1.00143, 1.00143, 1.00143, 1.00143, 1.00143, 1.00143, 1, 1]
successive_runtimes: [0.00432395, 0.00517919, 0.00618511, 0.00709747, 0.00823791, 0.0094754, 0.0109672, 0.0124485, 0.0141123, 0.0156747, 0.0174983, 0.0189312, 0.0246882, 0.0306613, 0.0378293, 0.0442619, 0.0506983, 0.0563582, 0.0612352, 0.0655108, 0.0689375, 0.0715872, 0.078196, 0.08151, 0.0838855, 0.086145, 0.0891412, 0.0918889, 0.0942031, 0.0964499, 0.0986658, 0.101185, 0.10363, 0.105921, 0.108156, 0.11036]
num_agents: 20
time_individual_plan: 0.00337418
time_first_plan: 0.000431123
num_max_agents_in_window_first_iteration: 2
num_recWAMPF: 36
timing_recWAMPF:
    total_RecWAMPF: 0.106462
    num_windows: 142
    num_max_agents_in_window: 2
    timing_gari:
        total_GARI: 0.1019
        time_path_btw_starts: 0.000817643
        Stage1:
            total_Stage1:0.0411999
            time_add_x_to_o: 0.0136632
            time_clear_x: 0.00175383
            timing_AStarSearchUntil:
                total_astar_search_until:0.0257736
                num_values_f_less_fmax:4977
                ASU Exp:
                    total_ASUExp:0.02577
                    time_top_o:0.00151394
                    time_check_in_c:0.000874219
                    time_add_parent:0.000707853
                    num_neighbors:55999
                    time_add_neighbors_to_o:0.0198683
        Stage2:
            total_Stage2:0.00988433
            num_len_path:136
            time_expanding_s:7.8732e-05
            timing_AStarSearchUntil:
                total_astar_search_until:0.00975861
                num_values_f_less_fmax:818
                ASU Exp:
                    total_ASUExp:0.00975544
                    time_top_o:0.000224902
                    time_check_in_c:0.000168196
                    time_add_parent:0.000234556
                    num_neighbors:21147
                    time_add_neighbors_to_o:0.0082983
        Stage3:
            total_Stage3:0.0499701
            num_until_goal_expanded:2579
            timing_S3Exp:
                total_S3Exp: 0.0143995
                time_top_o: 0.000798187
                time_check_in_c: 0.000462119
                time_add_parent: 0.000895593
                num_neighbors: 27586
                time_add_neighbors_to_o: 0.00928827
    timing_PIOW_overlapping:
        total_PIOW: 9.474e-06
        num_windows: 140
        time_check_overlap: 4.754e-06
        num_overlapping_windows: 0
        time_merge_windows: 0
        time_remove_window: 0
        time_remove_window: 0
        timing_PlanIn:
            total_PlanIn:0
            num_until_goal_expanded:0
            timing_expansions:
                total_S3Exp: 0
                time_top_o: 0
                time_check_in_c: 0
                time_add_parent: 0
                num_neighbors: 0
                time_add_neighbors_to_o: 0
    num_new_collisions: 2
    timing_PIOW_new_collisions:
        total_PIOW: 0.000247763
        num_windows: 2
        time_check_overlap: 1.05e-07
        num_overlapping_windows: 0
        time_merge_windows: 0
        time_remove_window: 0
        time_remove_window: 6.2e-07
        timing_PlanIn:
            total_PlanIn:0.000245057
            num_until_goal_expanded:34
            timing_expansions:
                total_S3Exp: 0.000240482
                time_top_o: 4.536e-06
                time_check_in_c: 6.744e-06
                time_add_parent: 9.264e-06
                num_neighbors: 368
                time_add_neighbors_to_o: 0.000168998
    num_windows_should_quit: 0
    time_should_quit: 4.328e-06
    time_remove_window: 0
Complete!
