Total time: 0.0104988
is_optimal: true
optimality_bound: 1
successive_bounds: [1.00273, 1.00273, 1.00273, 1.00273, 1.00273, 1.00273, 1.00273, 1.00273, 1.00273, 1.00273, 1.00273, 1.00273, 1.00273, 1.00273, 1.00273, 1.00273, 1.00273, 1.00273, 1.00273, 1.00273, 1.00273, 1.00273, 1.00273, 1.00273, 1.00273, 1, 1]
successive_runtimes: [0.00230503, 0.0024836, 0.00264742, 0.00283466, 0.00301599, 0.00320369, 0.00339485, 0.0036343, 0.00383844, 0.00402767, 0.00427138, 0.00455349, 0.00484567, 0.00510553, 0.00541512, 0.00574176, 0.00605239, 0.0063584, 0.00667841, 0.00714589, 0.00759984, 0.00805235, 0.00850102, 0.0089787, 0.00946425, 0.0104987]
num_agents: 10
time_individual_plan: 0.00159031
time_first_plan: 0.000185416
num_max_agents_in_window_first_iteration: 2
num_recWAMPF: 26
timing_recWAMPF:
    total_RecWAMPF: 0.00837609
    num_windows: 51
    num_max_agents_in_window: 2
    timing_gari:
        total_GARI: 0.00763841
        time_path_btw_starts: 0.000101245
        Stage1:
            total_Stage1:0.00221638
            time_add_x_to_o: 0.0010422
            time_clear_x: 0.000107007
            timing_AStarSearchUntil:
                total_astar_search_until:0.00106432
                num_values_f_less_fmax:132
                ASU Exp:
                    total_ASUExp:0.00106307
                    time_top_o:3.4797e-05
                    time_check_in_c:2.8323e-05
                    time_add_parent:3.2535e-05
                    num_neighbors:2350
                    time_add_neighbors_to_o:0.000847343
        Stage2:
            total_Stage2:0.00209357
            num_len_path:51
            time_expanding_s:1.7222e-05
            timing_AStarSearchUntil:
                total_astar_search_until:0.00206354
                num_values_f_less_fmax:184
                ASU Exp:
                    total_ASUExp:0.00206241
                    time_top_o:4.1908e-05
                    time_check_in_c:3.3507e-05
                    time_add_parent:4.632e-05
                    num_neighbors:4541
                    time_add_neighbors_to_o:0.00174447
        Stage3:
            total_Stage3:0.00321925
            num_until_goal_expanded:121
            timing_S3Exp:
                total_S3Exp: 0.00123873
                time_top_o: 2.4282e-05
                time_check_in_c: 1.6753e-05
                time_add_parent: 3.1436e-05
                num_neighbors: 1531
                time_add_neighbors_to_o: 0.000927038
    timing_PIOW_overlapping:
        total_PIOW: 7.56e-07
        num_windows: 25
        time_check_overlap: 0
        num_overlapping_windows: 0
        time_merge_windows: 0
        time_remove_window: 0
        time_remove_window: 0
        timing_PlanIn:
            total_PlanIn:0
            num_until_goal_expanded:0
            timing_expansions:
                total_S3Exp: 0
                time_top_o: 0
                time_check_in_c: 0
                time_add_parent: 0
                num_neighbors: 0
                time_add_neighbors_to_o: 0
    num_new_collisions: 1
    timing_PIOW_new_collisions:
        total_PIOW: 0.000151933
        num_windows: 0
        time_check_overlap: 0
        num_overlapping_windows: 0
        time_merge_windows: 0
        time_remove_window: 0
        time_remove_window: 2.62e-07
        timing_PlanIn:
            total_PlanIn:0.000150312
            num_until_goal_expanded:12
            timing_expansions:
                total_S3Exp: 0.00014691
                time_top_o: 2.137e-06
                time_check_in_c: 2.436e-06
                time_add_parent: 4.131e-06
                num_neighbors: 236
                time_add_neighbors_to_o: 0.000116711
    num_windows_should_quit: 0
    time_should_quit: 1.189e-06
    time_remove_window: 0
Complete!
