Total time: 0.0136447
is_optimal: true
optimality_bound: 1
successive_bounds: [1.00173, 1.00173, 1.00173, 1.00173, 1.00173, 1.00173, 1.00173, 1.00173, 1.00173, 1.00173, 1.00173, 1, 1]
successive_runtimes: [0.00621249, 0.00664303, 0.00694488, 0.00733397, 0.007656, 0.00805468, 0.00853438, 0.00908951, 0.00990143, 0.0109816, 0.0122035, 0.0136447]
num_agents: 20
time_individual_plan: 0.0050332
time_first_plan: 0.000465296
num_max_agents_in_window_first_iteration: 2
num_recWAMPF: 12
timing_recWAMPF:
    total_RecWAMPF: 0.00789497
    num_windows: 69
    num_max_agents_in_window: 2
    timing_gari:
        total_GARI: 0.00666015
        time_path_btw_starts: 0.000172975
        Stage1:
            total_Stage1:0.00323994
            time_add_x_to_o: 0.0014506
            time_clear_x: 0.000224657
            timing_AStarSearchUntil:
                total_astar_search_until:0.00156028
                num_values_f_less_fmax:308
                ASU Exp:
                    total_ASUExp:0.00155842
                    time_top_o:9.483e-05
                    time_check_in_c:0.000117146
                    time_add_parent:5.4381e-05
                    num_neighbors:2438
                    time_add_neighbors_to_o:0.0010976
        Stage2:
            total_Stage2:0.00177288
            num_len_path:69
            time_expanding_s:3.1778e-05
            timing_AStarSearchUntil:
                total_astar_search_until:0.00172154
                num_values_f_less_fmax:120
                ASU Exp:
                    total_ASUExp:0.00171989
                    time_top_o:3.3551e-05
                    time_check_in_c:2.983e-05
                    time_add_parent:5.1434e-05
                    num_neighbors:3129
                    time_add_neighbors_to_o:0.00144257
        Stage3:
            total_Stage3:0.00146289
            num_until_goal_expanded:101
            timing_S3Exp:
                total_S3Exp: 0.000842837
                time_top_o: 1.8763e-05
                time_check_in_c: 1.4056e-05
                time_add_parent: 2.4882e-05
                num_neighbors: 946
                time_add_neighbors_to_o: 0.000561604
    timing_PIOW_overlapping:
        total_PIOW: 8.193e-06
        num_windows: 99
        time_check_overlap: 3.718e-06
        num_overlapping_windows: 0
        time_merge_windows: 0
        time_remove_window: 0
        time_remove_window: 0
        timing_PlanIn:
            total_PlanIn:0
            num_until_goal_expanded:0
            timing_expansions:
                total_S3Exp: 0
                time_top_o: 0
                time_check_in_c: 0
                time_add_parent: 0
                num_neighbors: 0
                time_add_neighbors_to_o: 0
    num_new_collisions: 3
    timing_PIOW_new_collisions:
        total_PIOW: 0.0003316
        num_windows: 6
        time_check_overlap: 3.24e-07
        num_overlapping_windows: 0
        time_merge_windows: 0
        time_remove_window: 0
        time_remove_window: 1.927e-06
        timing_PlanIn:
            total_PlanIn:0.000325295
            num_until_goal_expanded:31
            timing_expansions:
                total_S3Exp: 0.000318615
                time_top_o: 6.138e-06
                time_check_in_c: 6.579e-06
                time_add_parent: 1.1257e-05
                num_neighbors: 416
                time_add_neighbors_to_o: 0.000235594
    num_windows_should_quit: 0
    time_should_quit: 2.478e-06
    time_remove_window: 0
Complete!
