Total time: 0.0190173
is_optimal: true
optimality_bound: 1
successive_bounds: [1.00197, 1.00197, 1.00197, 1.00197, 1.00197, 1.00197, 1.00197, 1.00098, 1.00098, 1.00098, 1.00098, 1, 1]
successive_runtimes: [0.00757672, 0.00824798, 0.0088456, 0.00950558, 0.0101617, 0.0109671, 0.0120412, 0.0151226, 0.0162551, 0.017011, 0.0178843, 0.0190172]
num_agents: 30
time_individual_plan: 0.00615114
time_first_plan: 0.000894351
num_max_agents_in_window_first_iteration: 2
num_recWAMPF: 12
timing_recWAMPF:
    total_RecWAMPF: 0.0123328
    num_windows: 69
    num_max_agents_in_window: 2
    timing_gari:
        total_GARI: 0.0088561
        time_path_btw_starts: 0.000136902
        Stage1:
            total_Stage1:0.00125795
            time_add_x_to_o: 0.00110358
            time_clear_x: 0.000148259
            timing_AStarSearchUntil:
                total_astar_search_until:2.658e-06
                num_values_f_less_fmax:0
                ASU Exp:
                    total_ASUExp:1.192e-06
                    time_top_o:0
                    time_check_in_c:0
                    time_add_parent:0
                    num_neighbors:0
                    time_add_neighbors_to_o:0
        Stage2:
            total_Stage2:0.0031028
            num_len_path:61
            time_expanding_s:3.7316e-05
            timing_AStarSearchUntil:
                total_astar_search_until:0.00304875
                num_values_f_less_fmax:262
                ASU Exp:
                    total_ASUExp:0.00304738
                    time_top_o:6.8223e-05
                    time_check_in_c:5.4552e-05
                    time_add_parent:7.9343e-05
                    num_neighbors:6140
                    time_add_neighbors_to_o:0.0025743
        Stage3:
            total_Stage3:0.00434886
            num_until_goal_expanded:862
            timing_S3Exp:
                total_S3Exp: 0.00313851
                time_top_o: 0.000173245
                time_check_in_c: 9.5316e-05
                time_add_parent: 0.000158396
                num_neighbors: 4912
                time_add_neighbors_to_o: 0.00205538
    timing_PIOW_overlapping:
        total_PIOW: 5.586e-06
        num_windows: 99
        time_check_overlap: 2.598e-06
        num_overlapping_windows: 0
        time_merge_windows: 0
        time_remove_window: 0
        time_remove_window: 0
        timing_PlanIn:
            total_PlanIn:0
            num_until_goal_expanded:0
            timing_expansions:
                total_S3Exp: 0
                time_top_o: 0
                time_check_in_c: 0
                time_add_parent: 0
                num_neighbors: 0
                time_add_neighbors_to_o: 0
    num_new_collisions: 3
    timing_PIOW_new_collisions:
        total_PIOW: 0.000415847
        num_windows: 6
        time_check_overlap: 2.42e-07
        num_overlapping_windows: 0
        time_merge_windows: 0
        time_remove_window: 0
        time_remove_window: 9.05e-07
        timing_PlanIn:
            total_PlanIn:0.00041152
            num_until_goal_expanded:67
            timing_expansions:
                total_S3Exp: 0.000405054
                time_top_o: 8.804e-06
                time_check_in_c: 1.1922e-05
                time_add_parent: 1.7668e-05
                num_neighbors: 617
                time_add_neighbors_to_o: 0.00026857
    num_windows_should_quit: 0
    time_should_quit: 2.001e-06
    time_remove_window: 0
Complete!
