Total time: 0.0136521
is_optimal: true
optimality_bound: 1
successive_bounds: [1.00336, 1.00336, 1.00336, 1.00336, 1.00336, 1.00336, 1.00336, 1.00336, 1.00336, 1.00336, 1.00336, 1.00336, 1.00336, 1.00336, 1, 1]
successive_runtimes: [0.00164582, 0.00178977, 0.00192063, 0.00205205, 0.00218187, 0.00232084, 0.00245545, 0.00259261, 0.00273492, 0.00287984, 0.00707938, 0.00979513, 0.0113528, 0.0124723, 0.0136521]
num_agents: 10
time_individual_plan: 0.00100064
time_first_plan: 0.000117642
num_max_agents_in_window_first_iteration: 2
num_recWAMPF: 15
timing_recWAMPF:
    total_RecWAMPF: 0.0121218
    num_windows: 29
    num_max_agents_in_window: 2
    timing_gari:
        total_GARI: 0.0117439
        time_path_btw_starts: 6.3163e-05
        Stage1:
            total_Stage1:0.00434174
            time_add_x_to_o: 0.00224849
            time_clear_x: 0.00027048
            timing_AStarSearchUntil:
                total_astar_search_until:0.00182123
                num_values_f_less_fmax:528
                ASU Exp:
                    total_ASUExp:0.00182048
                    time_top_o:0.000157929
                    time_check_in_c:0.000195651
                    time_add_parent:3.2792e-05
                    num_neighbors:3310
                    time_add_neighbors_to_o:0.00125486
        Stage2:
            total_Stage2:0.00550321
            num_len_path:39
            time_expanding_s:1.2857e-05
            timing_AStarSearchUntil:
                total_astar_search_until:0.00548228
                num_values_f_less_fmax:422
                ASU Exp:
                    total_ASUExp:0.00548163
                    time_top_o:0.000111437
                    time_check_in_c:7.7668e-05
                    time_add_parent:0.000109424
                    num_neighbors:11737
                    time_add_neighbors_to_o:0.00476193
        Stage3:
            total_Stage3:0.00183143
            num_until_goal_expanded:83
            timing_S3Exp:
                total_S3Exp: 0.000497504
                time_top_o: 1.6935e-05
                time_check_in_c: 1.1557e-05
                time_add_parent: 2.0767e-05
                num_neighbors: 1020
                time_add_neighbors_to_o: 0.000319541
    timing_PIOW_overlapping:
        total_PIOW: 3.09e-07
        num_windows: 14
        time_check_overlap: 0
        num_overlapping_windows: 0
        time_merge_windows: 0
        time_remove_window: 0
        time_remove_window: 0
        timing_PlanIn:
            total_PlanIn:0
            num_until_goal_expanded:0
            timing_expansions:
                total_S3Exp: 0
                time_top_o: 0
                time_check_in_c: 0
                time_add_parent: 0
                num_neighbors: 0
                time_add_neighbors_to_o: 0
    num_new_collisions: 1
    timing_PIOW_new_collisions:
        total_PIOW: 8.772e-05
        num_windows: 0
        time_check_overlap: 0
        num_overlapping_windows: 0
        time_merge_windows: 0
        time_remove_window: 0
        time_remove_window: 4.4e-07
        timing_PlanIn:
            total_PlanIn:8.584e-05
            num_until_goal_expanded:6
            timing_expansions:
                total_S3Exp: 8.235e-05
                time_top_o: 1.281e-06
                time_check_in_c: 1.497e-06
                time_add_parent: 2.456e-06
                num_neighbors: 135
                time_add_neighbors_to_o: 6.3647e-05
    num_windows_should_quit: 0
    time_should_quit: 6.48e-07
    time_remove_window: 0
Complete!
