Total time: 1.08196
is_optimal: true
optimality_bound: 1
successive_bounds: [1.00444, 1.00444, 1.00389, 1.00278, 1.00167, 1.00167, 1.00167, 1.00167, 1.00167, 1.00167, 1.00167, 1.00111, 1.00111, 1.00111, 1.00056, 1.00056, 1, 1]
successive_runtimes: [0.0142602, 0.0167314, 0.0275332, 0.0400713, 0.0513402, 0.0596918, 0.0685927, 0.0905434, 0.105008, 0.120143, 0.136681, 0.161699, 0.179926, 0.198337, 0.795325, 0.927672, 1.08196]
num_agents: 50
time_individual_plan: 0.00929511
time_first_plan: 0.00440324
num_max_agents_in_window_first_iteration: 2
num_recWAMPF: 17
timing_recWAMPF:
    total_RecWAMPF: 1.0721
    num_windows: 261
    num_max_agents_in_window: 3
    timing_gari:
        total_GARI: 0.47195
        time_path_btw_starts: 0.00115229
        Stage1:
            total_Stage1:0.139015
            time_add_x_to_o: 0.046997
            time_clear_x: 0.00571216
            timing_AStarSearchUntil:
                total_astar_search_until:0.0862895
                num_values_f_less_fmax:3424
                ASU Exp:
                    total_ASUExp:0.0862823
                    time_top_o:0.00172336
                    time_check_in_c:0.000551201
                    time_add_parent:0.000920267
                    num_neighbors:187086
                    time_add_neighbors_to_o:0.0796928
        Stage2:
            total_Stage2:0.0310001
            num_len_path:300
            time_expanding_s:0.000344048
            timing_AStarSearchUntil:
                total_astar_search_until:0.030548
                num_values_f_less_fmax:1751
                ASU Exp:
                    total_ASUExp:0.0305427
                    time_top_o:0.000541112
                    time_check_in_c:0.000333356
                    time_add_parent:0.000529262
                    num_neighbors:64897
                    time_add_neighbors_to_o:0.0271814
        Stage3:
            total_Stage3:0.300731
            num_until_goal_expanded:2337
            timing_S3Exp:
                total_S3Exp: 0.0431147
                time_top_o: 0.000805884
                time_check_in_c: 0.000353127
                time_add_parent: 0.000849982
                num_neighbors: 100695
                time_add_neighbors_to_o: 0.0359262
    timing_PIOW_overlapping:
        total_PIOW: 0.58309
        num_windows: 1016
        time_check_overlap: 3.8918e-05
        num_overlapping_windows: 2
        time_merge_windows: 3.594e-06
        time_remove_window: 5.04e-07
        time_remove_window: 3.482e-06
        timing_PlanIn:
            total_PlanIn:0.583018
            num_until_goal_expanded:8417
            timing_expansions:
                total_S3Exp: 0.583014
                time_top_o: 0.0041219
                time_check_in_c: 0.0016873
                time_add_parent: 0.0040794
                num_neighbors: 931585
                time_add_neighbors_to_o: 0.53758
    num_new_collisions: 9
    timing_PIOW_new_collisions:
        total_PIOW: 0.00114288
        num_windows: 72
        time_check_overlap: 1.966e-06
        num_overlapping_windows: 0
        time_merge_windows: 0
        time_remove_window: 0
        time_remove_window: 4.755e-06
        timing_PlanIn:
            total_PlanIn:0.00112692
            num_until_goal_expanded:106
            timing_expansions:
                total_S3Exp: 0.0011109
                time_top_o: 1.5167e-05
                time_check_in_c: 2.4476e-05
                time_add_parent: 3.0239e-05
                num_neighbors: 1549
                time_add_neighbors_to_o: 0.000854466
    num_windows_should_quit: 0
    time_should_quit: 1.3817e-05
    time_remove_window: 0
Complete!
