Total time: 0.0165015
is_optimal: true
optimality_bound: 1
successive_bounds: [1.0009, 1.0009, 1.0009, 1.0009, 1.0009, 1.0009, 1.0009, 1.0009, 1.0009, 1.0009, 1.0009, 1.0009, 1.0009, 1.0009, 1.0009, 1.0009, 1.0009, 1.0009, 1.0009, 1.0009, 1.0009, 1.0009, 1.0009, 1.0009, 1.0009, 1.0009, 1.0009, 1.0009, 1.0009, 1.0009, 1.0009, 1.0009, 1.0009, 1, 1]
successive_runtimes: [0.0046284, 0.0049651, 0.00529428, 0.0056332, 0.0059763, 0.00631678, 0.00665719, 0.00700093, 0.00734938, 0.00771473, 0.00813443, 0.00850086, 0.00882149, 0.00913397, 0.00944761, 0.00976319, 0.0100766, 0.0103955, 0.0107165, 0.0110397, 0.0113598, 0.0117485, 0.0120737, 0.0124018, 0.0127273, 0.0130572, 0.0133857, 0.0137178, 0.0140497, 0.0143813, 0.0147282, 0.0150622, 0.0154556, 0.0165014]
num_agents: 30
time_individual_plan: 0.00366431
time_first_plan: 0.00044244
num_max_agents_in_window_first_iteration: 2
num_recWAMPF: 34
timing_recWAMPF:
    total_RecWAMPF: 0.0123112
    num_windows: 67
    num_max_agents_in_window: 2
    timing_gari:
        total_GARI: 0.0043612
        time_path_btw_starts: 0.000114862
        Stage1:
            total_Stage1:0.00023186
            time_add_x_to_o: 0.000200465
            time_clear_x: 2.4804e-05
            timing_AStarSearchUntil:
                total_astar_search_until:2.965e-06
                num_values_f_less_fmax:0
                ASU Exp:
                    total_ASUExp:1.445e-06
                    time_top_o:0
                    time_check_in_c:0
                    time_add_parent:0
                    num_neighbors:0
                    time_add_neighbors_to_o:0
        Stage2:
            total_Stage2:0.000798928
            num_len_path:44
            time_expanding_s:1.8588e-05
            timing_AStarSearchUntil:
                total_astar_search_until:0.000764075
                num_values_f_less_fmax:66
                ASU Exp:
                    total_ASUExp:0.00076261
                    time_top_o:1.7502e-05
                    time_check_in_c:1.3966e-05
                    time_add_parent:2.2233e-05
                    num_neighbors:1630
                    time_add_neighbors_to_o:0.000626029
        Stage3:
            total_Stage3:0.00320534
            num_until_goal_expanded:165
            timing_S3Exp:
                total_S3Exp: 0.00162909
                time_top_o: 3.1637e-05
                time_check_in_c: 2.2313e-05
                time_add_parent: 3.5941e-05
                num_neighbors: 2147
                time_add_neighbors_to_o: 0.00122157
    timing_PIOW_overlapping:
        total_PIOW: 8.79e-07
        num_windows: 33
        time_check_overlap: 0
        num_overlapping_windows: 0
        time_merge_windows: 0
        time_remove_window: 0
        time_remove_window: 0
        timing_PlanIn:
            total_PlanIn:0
            num_until_goal_expanded:0
            timing_expansions:
                total_S3Exp: 0
                time_top_o: 0
                time_check_in_c: 0
                time_add_parent: 0
                num_neighbors: 0
                time_add_neighbors_to_o: 0
    num_new_collisions: 1
    timing_PIOW_new_collisions:
        total_PIOW: 0.000132978
        num_windows: 0
        time_check_overlap: 0
        num_overlapping_windows: 0
        time_merge_windows: 0
        time_remove_window: 0
        time_remove_window: 4.08e-07
        timing_PlanIn:
            total_PlanIn:0.000129375
            num_until_goal_expanded:9
            timing_expansions:
                total_S3Exp: 0.000126382
                time_top_o: 1.858e-06
                time_check_in_c: 2.046e-06
                time_add_parent: 3.374e-06
                num_neighbors: 185
                time_add_neighbors_to_o: 0.000101492
    num_windows_should_quit: 0
    time_should_quit: 1.479e-06
    time_remove_window: 0
Complete!
