Total time: 3.62422
is_optimal: false
optimality_bound: 1.00387
successive_bounds: [1.00608, 1.00552, 1.00552, 1.00552, 1.00387]
successive_runtimes: [0.0187929, 0.0292417, 0.0357195, 0.175531, 3.62422]
num_agents: 50
time_individual_plan: 0.00846259
time_first_plan: 0.00980506
num_max_agents_in_window_first_iteration: 3
num_recWAMPF: 5
timing_recWAMPF:
    total_RecWAMPF: 3.61523
    num_windows: 73
    num_max_agents_in_window: 5
    timing_gari:
        total_GARI: 0.00949794
        time_path_btw_starts: 0.000140623
        Stage1:
            total_Stage1:0.00436265
            time_add_x_to_o: 0.00202237
            time_clear_x: 0.000205418
            timing_AStarSearchUntil:
                total_astar_search_until:0.00213152
                num_values_f_less_fmax:386
                ASU Exp:
                    total_ASUExp:0.00213012
                    time_top_o:8.5085e-05
                    time_check_in_c:0.000112174
                    time_add_parent:2.0169e-05
                    num_neighbors:4692
                    time_add_neighbors_to_o:0.00175066
        Stage2:
            total_Stage2:0.00154599
            num_len_path:60
            time_expanding_s:2.4356e-05
            timing_AStarSearchUntil:
                total_astar_search_until:0.00150408
                num_values_f_less_fmax:113
                ASU Exp:
                    total_ASUExp:0.00150287
                    time_top_o:2.4324e-05
                    time_check_in_c:2.4249e-05
                    time_add_parent:3.3706e-05
                    num_neighbors:3080
                    time_add_neighbors_to_o:0.00128519
        Stage3:
            total_Stage3:0.00343796
            num_until_goal_expanded:278
            timing_S3Exp:
                total_S3Exp: 0.00297096
                time_top_o: 5.1815e-05
                time_check_in_c: 3.517e-05
                time_add_parent: 6.9672e-05
                num_neighbors: 5367
                time_add_neighbors_to_o: 0.00247216
    timing_PIOW_overlapping:
        total_PIOW: 3.59282
        num_windows: 336
        time_check_overlap: 9.37e-06
        num_overlapping_windows: 7
        time_merge_windows: 7.357e-06
        time_remove_window: 1.833e-06
        time_remove_window: 7.034e-06
        timing_PlanIn:
            total_PlanIn:3.59279
            num_until_goal_expanded:2955
            timing_expansions:
                total_S3Exp: 3.59277
                time_top_o: 0.00305454
                time_check_in_c: 0.00090226
                time_add_parent: 0.00134407
                num_neighbors: 6586032
                time_add_neighbors_to_o: 3.41688
    num_new_collisions: 15
    timing_PIOW_new_collisions:
        total_PIOW: 0.00562674
        num_windows: 198
        time_check_overlap: 5.279e-06
        num_overlapping_windows: 1
        time_merge_windows: 0
        time_remove_window: 0.0130057
        time_remove_window: 7.154e-06
        timing_PlanIn:
            total_PlanIn:0.00559252
            num_until_goal_expanded:365
            timing_expansions:
                total_S3Exp: 0.00556612
                time_top_o: 4.9655e-05
                time_check_in_c: 6.5385e-05
                time_add_parent: 0.00011951
                num_neighbors: 10178
                time_add_neighbors_to_o: 0.0046149
    num_windows_should_quit: 0
    time_should_quit: 3.535e-06
    time_remove_window: 0
Complete!
