Total time: 0.0237671
is_optimal: true
optimality_bound: 1
successive_bounds: [1.00296, 1.00296, 1.00296, 1.00198, 1.00198, 1.00198, 1.00198, 1.00198, 1.00198, 1.00198, 1.00198, 1.00198, 1.00198, 1.00198, 1.00198, 1, 1]
successive_runtimes: [0.00697673, 0.00835015, 0.00925194, 0.0110708, 0.0116884, 0.0123835, 0.0130723, 0.013892, 0.0147821, 0.0157091, 0.0167412, 0.0178161, 0.0189879, 0.0202669, 0.0215937, 0.023767]
num_agents: 30
time_individual_plan: 0.00528675
time_first_plan: 0.000959276
num_max_agents_in_window_first_iteration: 2
num_recWAMPF: 16
timing_recWAMPF:
    total_RecWAMPF: 0.0177446
    num_windows: 93
    num_max_agents_in_window: 2
    timing_gari:
        total_GARI: 0.0134295
        time_path_btw_starts: 0.000290291
        Stage1:
            total_Stage1:0.00348173
            time_add_x_to_o: 0.00184337
            time_clear_x: 0.000204432
            timing_AStarSearchUntil:
                total_astar_search_until:0.00142799
                num_values_f_less_fmax:176
                ASU Exp:
                    total_ASUExp:0.00142545
                    time_top_o:5.6285e-05
                    time_check_in_c:4.1465e-05
                    time_add_parent:6.0968e-05
                    num_neighbors:2381
                    time_add_neighbors_to_o:0.00109961
        Stage2:
            total_Stage2:0.00524758
            num_len_path:96
            time_expanding_s:5.0262e-05
            timing_AStarSearchUntil:
                total_astar_search_until:0.00516432
                num_values_f_less_fmax:347
                ASU Exp:
                    total_ASUExp:0.00516201
                    time_top_o:0.000103379
                    time_check_in_c:0.000110636
                    time_add_parent:0.000124677
                    num_neighbors:8525
                    time_add_neighbors_to_o:0.00432795
        Stage3:
            total_Stage3:0.00439087
            num_until_goal_expanded:142
            timing_S3Exp:
                total_S3Exp: 0.00180009
                time_top_o: 3.1976e-05
                time_check_in_c: 2.171e-05
                time_add_parent: 3.6551e-05
                num_neighbors: 1760
                time_add_neighbors_to_o: 0.00130219
    timing_PIOW_overlapping:
        total_PIOW: 1.2434e-05
        num_windows: 135
        time_check_overlap: 6.575e-06
        num_overlapping_windows: 0
        time_merge_windows: 0
        time_remove_window: 0
        time_remove_window: 0
        timing_PlanIn:
            total_PlanIn:0
            num_until_goal_expanded:0
            timing_expansions:
                total_S3Exp: 0
                time_top_o: 0
                time_check_in_c: 0
                time_add_parent: 0
                num_neighbors: 0
                time_add_neighbors_to_o: 0
    num_new_collisions: 3
    timing_PIOW_new_collisions:
        total_PIOW: 0.000474278
        num_windows: 6
        time_check_overlap: 3.57e-07
        num_overlapping_windows: 0
        time_merge_windows: 0
        time_remove_window: 0
        time_remove_window: 1.059e-06
        timing_PlanIn:
            total_PlanIn:0.000458653
            num_until_goal_expanded:36
            timing_expansions:
                total_S3Exp: 0.000451538
                time_top_o: 7.915e-06
                time_check_in_c: 7.623e-06
                time_add_parent: 1.2623e-05
                num_neighbors: 667
                time_add_neighbors_to_o: 0.000353375
    num_windows_should_quit: 0
    time_should_quit: 4.541e-06
    time_remove_window: 0
Complete!
