Total time: 0.0169009
is_optimal: true
optimality_bound: 1
successive_bounds: [1.00237, 1.00237, 1.00237, 1.00237, 1.00237, 1.00237, 1.00237, 1.00237, 1.00237, 1.00237, 1.00237, 1.00237, 1, 1]
successive_runtimes: [0.00795754, 0.00849809, 0.00899113, 0.0094981, 0.0100041, 0.0106638, 0.0113359, 0.0121034, 0.0129351, 0.0137383, 0.014557, 0.0154269, 0.0169008]
num_agents: 10
time_individual_plan: 0.00585813
time_first_plan: 0.000465658
num_max_agents_in_window_first_iteration: 2
num_recWAMPF: 13
timing_recWAMPF:
    total_RecWAMPF: 0.00940212
    num_windows: 25
    num_max_agents_in_window: 2
    timing_gari:
        total_GARI: 0.00794329
        time_path_btw_starts: 0.000231908
        Stage1:
            total_Stage1:0.00171812
            time_add_x_to_o: 0.000966079
            time_clear_x: 0.000104229
            timing_AStarSearchUntil:
                total_astar_search_until:0.000643566
                num_values_f_less_fmax:13
                ASU Exp:
                    total_ASUExp:0.000641603
                    time_top_o:1.1272e-05
                    time_check_in_c:1.6548e-05
                    time_add_parent:2.2982e-05
                    num_neighbors:310
                    time_add_neighbors_to_o:0.000517892
        Stage2:
            total_Stage2:0.0028926
            num_len_path:25
            time_expanding_s:3.6234e-05
            timing_AStarSearchUntil:
                total_astar_search_until:0.00283511
                num_values_f_less_fmax:57
                ASU Exp:
                    total_ASUExp:0.00283325
                    time_top_o:5.4052e-05
                    time_check_in_c:5.0147e-05
                    time_add_parent:9.1068e-05
                    num_neighbors:1394
                    time_add_neighbors_to_o:0.00234646
        Stage3:
            total_Stage3:0.00308049
            num_until_goal_expanded:46
            timing_S3Exp:
                total_S3Exp: 0.00194768
                time_top_o: 2.6334e-05
                time_check_in_c: 2.5773e-05
                time_add_parent: 5.3341e-05
                num_neighbors: 673
                time_add_neighbors_to_o: 0.00144682
    timing_PIOW_overlapping:
        total_PIOW: 1.223e-06
        num_windows: 12
        time_check_overlap: 0
        num_overlapping_windows: 0
        time_merge_windows: 0
        time_remove_window: 0
        time_remove_window: 0
        timing_PlanIn:
            total_PlanIn:0
            num_until_goal_expanded:0
            timing_expansions:
                total_S3Exp: 0
                time_top_o: 0
                time_check_in_c: 0
                time_add_parent: 0
                num_neighbors: 0
                time_add_neighbors_to_o: 0
    num_new_collisions: 1
    timing_PIOW_new_collisions:
        total_PIOW: 0.000353067
        num_windows: 0
        time_check_overlap: 0
        num_overlapping_windows: 0
        time_merge_windows: 0
        time_remove_window: 0
        time_remove_window: 8.49e-07
        timing_PlanIn:
            total_PlanIn:0.000347333
            num_until_goal_expanded:7
            timing_expansions:
                total_S3Exp: 0.000337876
                time_top_o: 4.228e-06
                time_check_in_c: 6.396e-06
                time_add_parent: 1.2337e-05
                num_neighbors: 135
                time_add_neighbors_to_o: 0.000262067
    num_windows_should_quit: 0
    time_should_quit: 1.705e-06
    time_remove_window: 0
Complete!
