Total time: 0.844802
is_optimal: true
optimality_bound: 1
successive_bounds: [1.00274, 1.00274, 1.00274, 1.00274, 1.00274, 1.00274, 1.00206, 1.00206, 1.00206, 1.00206, 1.00137, 1.00137, 1.00137, 1.00069, 1.00069, 1.00069, 1.00069, 1, 1]
successive_runtimes: [0.156795, 0.186937, 0.217914, 0.249178, 0.283239, 0.326661, 0.370918, 0.410241, 0.447671, 0.485586, 0.524208, 0.571737, 0.626421, 0.688363, 0.74776, 0.806216, 0.833495, 0.844802]
num_agents: 40
time_individual_plan: 0.00913441
time_first_plan: 0.146962
num_max_agents_in_window_first_iteration: 3
num_recWAMPF: 18
timing_recWAMPF:
    total_RecWAMPF: 0.834961
    num_windows: 269
    num_max_agents_in_window: 3
    timing_gari:
        total_GARI: 0.656356
        time_path_btw_starts: 0.00123933
        Stage1:
            total_Stage1:0.0238327
            time_add_x_to_o: 0.0156275
            time_clear_x: 0.00246167
            timing_AStarSearchUntil:
                total_astar_search_until:0.00572349
                num_values_f_less_fmax:2308
                ASU Exp:
                    total_ASUExp:0.00571569
                    time_top_o:0.000714564
                    time_check_in_c:0.000543825
                    time_add_parent:0.000420724
                    num_neighbors:6388
                    time_add_neighbors_to_o:0.00305341
        Stage2:
            total_Stage2:0.0176861
            num_len_path:241
            time_expanding_s:0.000177151
            timing_AStarSearchUntil:
                total_astar_search_until:0.0173471
                num_values_f_less_fmax:1071
                ASU Exp:
                    total_ASUExp:0.0173406
                    time_top_o:0.000440481
                    time_check_in_c:0.000256091
                    time_add_parent:0.000404876
                    num_neighbors:27605
                    time_add_neighbors_to_o:0.0146957
        Stage3:
            total_Stage3:0.613527
            num_until_goal_expanded:23750
            timing_S3Exp:
                total_S3Exp: 0.431123
                time_top_o: 0.00963677
                time_check_in_c: 0.003844
                time_add_parent: 0.00729337
                num_neighbors: 532394
                time_add_neighbors_to_o: 0.373085
    timing_PIOW_overlapping:
        total_PIOW: 0.0251979
        num_windows: 1051
        time_check_overlap: 5.5881e-05
        num_overlapping_windows: 3
        time_merge_windows: 5.793e-06
        time_remove_window: 1.094e-06
        time_remove_window: 5.599e-06
        timing_PlanIn:
            total_PlanIn:0.0250925
            num_until_goal_expanded:866
            timing_expansions:
                total_S3Exp: 0.0250841
                time_top_o: 0.000269488
                time_check_in_c: 0.00021228
                time_add_parent: 0.000288605
                num_neighbors: 33670
                time_add_neighbors_to_o: 0.021731
    num_new_collisions: 9
    timing_PIOW_new_collisions:
        total_PIOW: 0.145713
        num_windows: 70
        time_check_overlap: 3.746e-06
        num_overlapping_windows: 1
        time_merge_windows: 0.00058971
        time_remove_window: 4.43e-07
        time_remove_window: 8.165e-06
        timing_PlanIn:
            total_PlanIn:0.145089
            num_until_goal_expanded:7190
            timing_expansions:
                total_S3Exp: 0.0522596
                time_top_o: 0.00280735
                time_check_in_c: 0.00160503
                time_add_parent: 0.00266574
                num_neighbors: 167871
                time_add_neighbors_to_o: 0.108592
    num_windows_should_quit: 0
    time_should_quit: 2.4889e-05
    time_remove_window: 0
Complete!
