Total time: 1.43786
is_optimal: false
optimality_bound: 1.0028
successive_bounds: [1.00455, 1.00455, 1.00455, 1.00385, 1.00385, 1.00315, 1.00315, 1.00315, 1.0028]
successive_runtimes: [0.00896279, 0.0119677, 0.0147916, 0.0176484, 0.0202954, 0.0229123, 0.421263, 0.902808, 1.43786]
num_agents: 40
time_individual_plan: 0.00512776
time_first_plan: 0.00332125
num_max_agents_in_window_first_iteration: 3
num_recWAMPF: 9
timing_recWAMPF:
    total_RecWAMPF: 1.43222
    num_windows: 147
    num_max_agents_in_window: 4
    timing_gari:
        total_GARI: 0.984005
        time_path_btw_starts: 0.000525818
        Stage1:
            total_Stage1:0.746651
            time_add_x_to_o: 0.285874
            time_clear_x: 0.0848866
            timing_AStarSearchUntil:
                total_astar_search_until:0.375882
                num_values_f_less_fmax:3630
                ASU Exp:
                    total_ASUExp:0.375878
                    time_top_o:0.0042319
                    time_check_in_c:0.0226634
                    time_add_parent:0.00150096
                    num_neighbors:443595
                    time_add_neighbors_to_o:0.294485
        Stage2:
            total_Stage2:0.044729
            num_len_path:138
            time_expanding_s:9.0046e-05
            timing_AStarSearchUntil:
                total_astar_search_until:0.0445927
                num_values_f_less_fmax:314
                ASU Exp:
                    total_ASUExp:0.0445896
                    time_top_o:0.000138627
                    time_check_in_c:7.2945e-05
                    time_add_parent:0.000127416
                    num_neighbors:78678
                    time_add_neighbors_to_o:0.0437112
        Stage3:
            total_Stage3:0.192076
            num_until_goal_expanded:1096
            timing_S3Exp:
                total_S3Exp: 0.0601977
                time_top_o: 0.000534739
                time_check_in_c: 0.000195042
                time_add_parent: 0.000408449
                num_neighbors: 112546
                time_add_neighbors_to_o: 0.0573433
    timing_PIOW_overlapping:
        total_PIOW: 0.395789
        num_windows: 608
        time_check_overlap: 1.9907e-05
        num_overlapping_windows: 1
        time_merge_windows: 1.266e-06
        time_remove_window: 3.5e-07
        time_remove_window: 1.212e-06
        timing_PlanIn:
            total_PlanIn:0.395751
            num_until_goal_expanded:1146
            timing_expansions:
                total_S3Exp: 0.395749
                time_top_o: 0.00111597
                time_check_in_c: 0.000280153
                time_add_parent: 0.00050242
                num_neighbors: 710638
                time_add_neighbors_to_o: 0.373535
    num_new_collisions: 13
    timing_PIOW_new_collisions:
        total_PIOW: 0.0470727
        num_windows: 130
        time_check_overlap: 4.501e-06
        num_overlapping_windows: 4
        time_merge_windows: 0
        time_remove_window: 2.79974
        time_remove_window: 7.336e-06
        timing_PlanIn:
            total_PlanIn:0.0470427
            num_until_goal_expanded:512
            timing_expansions:
                total_S3Exp: 0.0470201
                time_top_o: 0.000145096
                time_check_in_c: 0.000105301
                time_add_parent: 0.000148634
                num_neighbors: 87166
                time_add_neighbors_to_o: 0.0434679
    num_windows_should_quit: 0
    time_should_quit: 6.698e-06
    time_remove_window: 0
Complete!
