Total time: 0.0225383
is_optimal: true
optimality_bound: 1
successive_bounds: [1.00289, 1.00289, 1.00289, 1.00289, 1.00289, 1.00289, 1.00289, 1.00289, 1.00289, 1.00289, 1.00289, 1.00289, 1.00289, 1.00289, 1.00289, 1.00289, 1.00289, 1.00289, 1.00289, 1.00289, 1.00289, 1, 1]
successive_runtimes: [0.00209386, 0.00221823, 0.00234017, 0.00245979, 0.00258111, 0.00270825, 0.00284428, 0.00298814, 0.00311484, 0.00324059, 0.00337835, 0.00351094, 0.0036443, 0.00383545, 0.00397214, 0.00411255, 0.00426345, 0.00441398, 0.00456974, 0.00473172, 0.0048912, 0.0225383]
num_agents: 10
time_individual_plan: 0.00140881
time_first_plan: 0.000156311
num_max_agents_in_window_first_iteration: 2
num_recWAMPF: 22
timing_recWAMPF:
    total_RecWAMPF: 0.0205979
    num_windows: 43
    num_max_agents_in_window: 2
    timing_gari:
        total_GARI: 0.0199857
        time_path_btw_starts: 9.6063e-05
        Stage1:
            total_Stage1:0.000235892
            time_add_x_to_o: 0.000207683
            time_clear_x: 2.45e-05
            timing_AStarSearchUntil:
                total_astar_search_until:1.804e-06
                num_values_f_less_fmax:0
                ASU Exp:
                    total_ASUExp:8.93e-07
                    time_top_o:0
                    time_check_in_c:0
                    time_add_parent:0
                    num_neighbors:0
                    time_add_neighbors_to_o:0
        Stage2:
            total_Stage2:0.0179607
            num_len_path:58
            time_expanding_s:3.6889e-05
            timing_AStarSearchUntil:
                total_astar_search_until:0.0179131
                num_values_f_less_fmax:1432
                ASU Exp:
                    total_ASUExp:0.0179122
                    time_top_o:0.000447934
                    time_check_in_c:0.000265483
                    time_add_parent:0.000362763
                    num_neighbors:34385
                    time_add_neighbors_to_o:0.0154296
        Stage3:
            total_Stage3:0.00168638
            num_until_goal_expanded:48
            timing_S3Exp:
                total_S3Exp: 0.000332752
                time_top_o: 6.998e-06
                time_check_in_c: 4.487e-06
                time_add_parent: 2.2613e-05
                num_neighbors: 300
                time_add_neighbors_to_o: 0.000174454
    timing_PIOW_overlapping:
        total_PIOW: 7.6e-07
        num_windows: 21
        time_check_overlap: 0
        num_overlapping_windows: 0
        time_merge_windows: 0
        time_remove_window: 0
        time_remove_window: 0
        timing_PlanIn:
            total_PlanIn:0
            num_until_goal_expanded:0
            timing_expansions:
                total_S3Exp: 0
                time_top_o: 0
                time_check_in_c: 0
                time_add_parent: 0
                num_neighbors: 0
                time_add_neighbors_to_o: 0
    num_new_collisions: 1
    timing_PIOW_new_collisions:
        total_PIOW: 0.000120637
        num_windows: 0
        time_check_overlap: 0
        num_overlapping_windows: 0
        time_merge_windows: 0
        time_remove_window: 0
        time_remove_window: 3.02e-07
        timing_PlanIn:
            total_PlanIn:0.000119186
            num_until_goal_expanded:8
            timing_expansions:
                total_S3Exp: 0.000116265
                time_top_o: 1.625e-06
                time_check_in_c: 2.154e-06
                time_add_parent: 2.765e-06
                num_neighbors: 160
                time_add_neighbors_to_o: 9.3656e-05
    num_windows_should_quit: 0
    time_should_quit: 1.129e-06
    time_remove_window: 0
Complete!
