Total time: 0.00984283
is_optimal: true
optimality_bound: 1
successive_bounds: [1.00296, 1.00296, 1.00296, 1.00296, 1.00296, 1.00296, 1.00296, 1.00296, 1.00296, 1.00296, 1.00296, 1, 1]
successive_runtimes: [0.00411931, 0.0043645, 0.00476076, 0.00533625, 0.00591746, 0.0064485, 0.00710392, 0.00789062, 0.0087888, 0.00911193, 0.00932105, 0.0098428]
num_agents: 10
time_individual_plan: 0.00282572
time_first_plan: 0.000195919
num_max_agents_in_window_first_iteration: 2
num_recWAMPF: 12
timing_recWAMPF:
    total_RecWAMPF: 0.00591647
    num_windows: 23
    num_max_agents_in_window: 2
    timing_gari:
        total_GARI: 0.00550024
        time_path_btw_starts: 6.6671e-05
        Stage1:
            total_Stage1:0.00191574
            time_add_x_to_o: 0.000818719
            time_clear_x: 8.3625e-05
            timing_AStarSearchUntil:
                total_astar_search_until:0.00101178
                num_values_f_less_fmax:96
                ASU Exp:
                    total_ASUExp:0.00101107
                    time_top_o:3.0309e-05
                    time_check_in_c:2.4892e-05
                    time_add_parent:4.5378e-05
                    num_neighbors:1770
                    time_add_neighbors_to_o:0.000804464
        Stage2:
            total_Stage2:0.00199434
            num_len_path:21
            time_expanding_s:1.2048e-05
            timing_AStarSearchUntil:
                total_astar_search_until:0.00197417
                num_values_f_less_fmax:150
                ASU Exp:
                    total_ASUExp:0.00197357
                    time_top_o:4.3615e-05
                    time_check_in_c:3.2882e-05
                    time_add_parent:4.7247e-05
                    num_neighbors:3360
                    time_add_neighbors_to_o:0.00165339
        Stage3:
            total_Stage3:0.00151856
            num_until_goal_expanded:55
            timing_S3Exp:
                total_S3Exp: 0.000711862
                time_top_o: 1.4343e-05
                time_check_in_c: 9.965e-06
                time_add_parent: 1.5137e-05
                num_neighbors: 674
                time_add_neighbors_to_o: 0.000543076
    timing_PIOW_overlapping:
        total_PIOW: 5.59e-07
        num_windows: 11
        time_check_overlap: 0
        num_overlapping_windows: 0
        time_merge_windows: 0
        time_remove_window: 0
        time_remove_window: 0
        timing_PlanIn:
            total_PlanIn:0
            num_until_goal_expanded:0
            timing_expansions:
                total_S3Exp: 0
                time_top_o: 0
                time_check_in_c: 0
                time_add_parent: 0
                num_neighbors: 0
                time_add_neighbors_to_o: 0
    num_new_collisions: 1
    timing_PIOW_new_collisions:
        total_PIOW: 0.000153304
        num_windows: 0
        time_check_overlap: 0
        num_overlapping_windows: 0
        time_merge_windows: 0
        time_remove_window: 0
        time_remove_window: 2.96e-07
        timing_PlanIn:
            total_PlanIn:0.000148261
            num_until_goal_expanded:11
            timing_expansions:
                total_S3Exp: 0.000138546
                time_top_o: 3.333e-06
                time_check_in_c: 3.698e-06
                time_add_parent: 5.461e-06
                num_neighbors: 145
                time_add_neighbors_to_o: 9.3241e-05
    num_windows_should_quit: 0
    time_should_quit: 9.56e-07
    time_remove_window: 0
Complete!
