Total time: 0.0174082
is_optimal: true
optimality_bound: 1
successive_bounds: [1.0014, 1.0014, 1.0014, 1.00047, 1.00047, 1.00047, 1.00047, 1.00047, 1.00047, 1.00047, 1.00047, 1.00047, 1, 1]
successive_runtimes: [0.00482177, 0.00545944, 0.00627975, 0.00698662, 0.00760612, 0.00823661, 0.00886652, 0.00963039, 0.0103852, 0.0112197, 0.0120706, 0.0131046, 0.0174081]
num_agents: 30
time_individual_plan: 0.00366122
time_first_plan: 0.000642462
num_max_agents_in_window_first_iteration: 2
num_recWAMPF: 13
timing_recWAMPF:
    total_RecWAMPF: 0.0132266
    num_windows: 50
    num_max_agents_in_window: 2
    timing_gari:
        total_GARI: 0.0094216
        time_path_btw_starts: 0.000103088
        Stage1:
            total_Stage1:0.00122823
            time_add_x_to_o: 0.000994045
            time_clear_x: 0.000113722
            timing_AStarSearchUntil:
                total_astar_search_until:0.00011797
                num_values_f_less_fmax:151
                ASU Exp:
                    total_ASUExp:0.000116845
                    time_top_o:2.6687e-05
                    time_check_in_c:1.1363e-05
                    time_add_parent:9.84e-07
                    num_neighbors:75
                    time_add_neighbors_to_o:5.5403e-05
        Stage2:
            total_Stage2:0.00501679
            num_len_path:49
            time_expanding_s:3.7385e-05
            timing_AStarSearchUntil:
                total_astar_search_until:0.00496645
                num_values_f_less_fmax:397
                ASU Exp:
                    total_ASUExp:0.00496546
                    time_top_o:9.4248e-05
                    time_check_in_c:7.3736e-05
                    time_add_parent:0.000119029
                    num_neighbors:9842
                    time_add_neighbors_to_o:0.00425319
        Stage3:
            total_Stage3:0.00306638
            num_until_goal_expanded:203
            timing_S3Exp:
                total_S3Exp: 0.00190598
                time_top_o: 4.3994e-05
                time_check_in_c: 3.2283e-05
                time_add_parent: 4.8234e-05
                num_neighbors: 2941
                time_add_neighbors_to_o: 0.00139957
    timing_PIOW_overlapping:
        total_PIOW: 3.252e-06
        num_windows: 48
        time_check_overlap: 1.644e-06
        num_overlapping_windows: 0
        time_merge_windows: 0
        time_remove_window: 0
        time_remove_window: 0
        timing_PlanIn:
            total_PlanIn:0
            num_until_goal_expanded:0
            timing_expansions:
                total_S3Exp: 0
                time_top_o: 0
                time_check_in_c: 0
                time_add_parent: 0
                num_neighbors: 0
                time_add_neighbors_to_o: 0
    num_new_collisions: 2
    timing_PIOW_new_collisions:
        total_PIOW: 0.000226478
        num_windows: 2
        time_check_overlap: 1.94e-07
        num_overlapping_windows: 0
        time_merge_windows: 0
        time_remove_window: 0
        time_remove_window: 6.49e-07
        timing_PlanIn:
            total_PlanIn:0.0002232
            num_until_goal_expanded:35
            timing_expansions:
                total_S3Exp: 0.000218705
                time_top_o: 4.417e-06
                time_check_in_c: 6.551e-06
                time_add_parent: 9.713e-06
                num_neighbors: 307
                time_add_neighbors_to_o: 0.000140439
    num_windows_should_quit: 0
    time_should_quit: 1.354e-06
    time_remove_window: 0
Complete!
