Total time: 0.0115721
is_optimal: true
optimality_bound: 1
successive_bounds: [1.00148, 1.00148, 1.00148, 1.00148, 1.00148, 1.00148, 1, 1]
successive_runtimes: [0.00311535, 0.0040791, 0.00508969, 0.00644758, 0.00811136, 0.00988075, 0.0115721]
num_agents: 20
time_individual_plan: 0.00213628
time_first_plan: 0.000452233
num_max_agents_in_window_first_iteration: 2
num_recWAMPF: 7
timing_recWAMPF:
    total_RecWAMPF: 0.00890778
    num_windows: 13
    num_max_agents_in_window: 2
    timing_gari:
        total_GARI: 0.00782183
        time_path_btw_starts: 2.897e-05
        Stage1:
            total_Stage1:0.00417034
            time_add_x_to_o: 0.00156965
            time_clear_x: 0.000220301
            timing_AStarSearchUntil:
                total_astar_search_until:0.00237955
                num_values_f_less_fmax:1875
                ASU Exp:
                    total_ASUExp:0.00237922
                    time_top_o:0.000429175
                    time_check_in_c:0.000296959
                    time_add_parent:9.7098e-05
                    num_neighbors:2412
                    time_add_neighbors_to_o:0.000859863
        Stage2:
            total_Stage2:0.000299646
            num_len_path:12
            time_expanding_s:4.37e-06
            timing_AStarSearchUntil:
                total_astar_search_until:0.000291493
                num_values_f_less_fmax:18
                ASU Exp:
                    total_ASUExp:0.000291221
                    time_top_o:4.219e-06
                    time_check_in_c:3.507e-06
                    time_add_parent:4.653e-06
                    num_neighbors:540
                    time_add_neighbors_to_o:0.000260856
        Stage3:
            total_Stage3:0.0033208
            num_until_goal_expanded:747
            timing_S3Exp:
                total_S3Exp: 0.00275633
                time_top_o: 0.00016355
                time_check_in_c: 0.00010656
                time_add_parent: 0.000203599
                num_neighbors: 4504
                time_add_neighbors_to_o: 0.00171213
    timing_PIOW_overlapping:
        total_PIOW: 1.63e-07
        num_windows: 6
        time_check_overlap: 0
        num_overlapping_windows: 0
        time_merge_windows: 0
        time_remove_window: 0
        time_remove_window: 0
        timing_PlanIn:
            total_PlanIn:0
            num_until_goal_expanded:0
            timing_expansions:
                total_S3Exp: 0
                time_top_o: 0
                time_check_in_c: 0
                time_add_parent: 0
                num_neighbors: 0
                time_add_neighbors_to_o: 0
    num_new_collisions: 1
    timing_PIOW_new_collisions:
        total_PIOW: 0.000270867
        num_windows: 0
        time_check_overlap: 0
        num_overlapping_windows: 0
        time_merge_windows: 0
        time_remove_window: 0
        time_remove_window: 3.27e-07
        timing_PlanIn:
            total_PlanIn:0.000269274
            num_until_goal_expanded:51
            timing_expansions:
                total_S3Exp: 0.000266445
                time_top_o: 6.16e-06
                time_check_in_c: 9.357e-06
                time_add_parent: 1.3445e-05
                num_neighbors: 373
                time_add_neighbors_to_o: 0.000168226
    num_windows_should_quit: 0
    time_should_quit: 3.18e-07
    time_remove_window: 0
Complete!
