Total time: 57.27
is_optimal: false
optimality_bound: 1.0029
successive_bounds: [1.00396, 1.00396, 1.00396, 1.00343, 1.00343, 1.00343, 1.00343, 1.00343, 1.00343, 1.0029, 1.0029, 1.0029]
successive_runtimes: [0.0191752, 0.0386636, 0.0631813, 0.0838219, 0.0994548, 0.115843, 0.135658, 0.15965, 0.187418, 1.75359, 16.7613, 57.27]
num_agents: 60
time_individual_plan: 0.00816621
time_first_plan: 0.0103618
num_max_agents_in_window_first_iteration: 3
num_recWAMPF: 12
timing_recWAMPF:
    total_RecWAMPF: 57.2612
    num_windows: 155
    num_max_agents_in_window: 4
    timing_gari:
        total_GARI: 55.7073
        time_path_btw_starts: 0.000968065
        Stage1:
            total_Stage1:54.3788
            time_add_x_to_o: 2.76013
            time_clear_x: 1.48837
            timing_AStarSearchUntil:
                total_astar_search_until:50.1303
                num_values_f_less_fmax:164118
                ASU Exp:
                    total_ASUExp:50.1303
                    time_top_o:0.387859
                    time_check_in_c:0.118622
                    time_add_parent:0.100943
                    num_neighbors:77384036
                    time_add_neighbors_to_o:49.1856
        Stage2:
            total_Stage2:0.00968791
            num_len_path:127
            time_expanding_s:8.1259e-05
            timing_AStarSearchUntil:
                total_astar_search_until:0.00951983
                num_values_f_less_fmax:209
                ASU Exp:
                    total_ASUExp:0.00951617
                    time_top_o:8.4364e-05
                    time_check_in_c:5.4875e-05
                    time_add_parent:0.00011017
                    num_neighbors:18055
                    time_add_neighbors_to_o:0.00893968
        Stage3:
            total_Stage3:1.31737
            num_until_goal_expanded:13331
            timing_S3Exp:
                total_S3Exp: 0.799279
                time_top_o: 0.0106551
                time_check_in_c: 0.00546425
                time_add_parent: 0.00901659
                num_neighbors: 1400788
                time_add_neighbors_to_o: 0.752601
    timing_PIOW_overlapping:
        total_PIOW: 1.53492
        num_windows: 512
        time_check_overlap: 2.6084e-05
        num_overlapping_windows: 1
        time_merge_windows: 2.44e-06
        time_remove_window: 3.73e-07
        time_remove_window: 2.369e-06
        timing_PlanIn:
            total_PlanIn:1.53487
            num_until_goal_expanded:3569
            timing_expansions:
                total_S3Exp: 1.53487
                time_top_o: 0.00381223
                time_check_in_c: 0.00169347
                time_add_parent: 0.00218375
                num_neighbors: 2446105
                time_add_neighbors_to_o: 1.44224
    num_new_collisions: 9
    timing_PIOW_new_collisions:
        total_PIOW: 0.00750817
        num_windows: 73
        time_check_overlap: 2.861e-06
        num_overlapping_windows: 2
        time_merge_windows: 0
        time_remove_window: 0.0259438
        time_remove_window: 7.742e-06
        timing_PlanIn:
            total_PlanIn:0.00748253
            num_until_goal_expanded:209
            timing_expansions:
                total_S3Exp: 0.00745857
                time_top_o: 4.9018e-05
                time_check_in_c: 5.0862e-05
                time_add_parent: 7.0369e-05
                num_neighbors: 10545
                time_add_neighbors_to_o: 0.00655207
    num_windows_should_quit: 0
    time_should_quit: 1.4808e-05
    time_remove_window: 0
Complete!
