Total time: 0.0615747
is_optimal: true
optimality_bound: 1
successive_bounds: [1.00301, 1.002, 1.001, 1.001, 1.001, 1.001, 1.001, 1.001, 1.001, 1.001, 1.001, 1.001, 1.001, 1.001, 1.001, 1.001, 1.001, 1.001, 1.001, 1.001, 1.001, 1.001, 1.001, 1.001, 1.001, 1.001, 1, 1]
successive_runtimes: [0.00567898, 0.00673627, 0.00781046, 0.00876039, 0.00975264, 0.0108662, 0.0120944, 0.0132762, 0.0143975, 0.0155765, 0.0178236, 0.0189706, 0.0199456, 0.0208786, 0.0218171, 0.0228296, 0.0237639, 0.0246855, 0.0256031, 0.0302244, 0.036888, 0.0440453, 0.0483798, 0.0540863, 0.0578145, 0.0599836, 0.0615747]
num_agents: 30
time_individual_plan: 0.00434182
time_first_plan: 0.000808671
num_max_agents_in_window_first_iteration: 2
num_recWAMPF: 27
timing_recWAMPF:
    total_RecWAMPF: 0.0567005
    num_windows: 159
    num_max_agents_in_window: 2
    timing_gari:
        total_GARI: 0.0498019
        time_path_btw_starts: 0.000331727
        Stage1:
            total_Stage1:0.0224841
            time_add_x_to_o: 0.00900102
            time_clear_x: 0.00123431
            timing_AStarSearchUntil:
                total_astar_search_until:0.0122403
                num_values_f_less_fmax:3308
                ASU Exp:
                    total_ASUExp:0.0122368
                    time_top_o:0.000914896
                    time_check_in_c:0.00056108
                    time_add_parent:0.000326508
                    num_neighbors:25022
                    time_add_neighbors_to_o:0.00907403
        Stage2:
            total_Stage2:0.00669049
            num_len_path:149
            time_expanding_s:5.8503e-05
            timing_AStarSearchUntil:
                total_astar_search_until:0.006592
                num_values_f_less_fmax:526
                ASU Exp:
                    total_ASUExp:0.00658877
                    time_top_o:0.000134878
                    time_check_in_c:0.000111173
                    time_add_parent:0.000139062
                    num_neighbors:14210
                    time_add_neighbors_to_o:0.00563936
        Stage3:
            total_Stage3:0.0202729
            num_until_goal_expanded:1724
            timing_S3Exp:
                total_S3Exp: 0.0117259
                time_top_o: 0.000442927
                time_check_in_c: 0.000282987
                time_add_parent: 0.000486351
                num_neighbors: 21576
                time_add_neighbors_to_o: 0.00805525
    timing_PIOW_overlapping:
        total_PIOW: 1.4841e-05
        num_windows: 234
        time_check_overlap: 8.027e-06
        num_overlapping_windows: 0
        time_merge_windows: 0
        time_remove_window: 0
        time_remove_window: 0
        timing_PlanIn:
            total_PlanIn:0
            num_until_goal_expanded:0
            timing_expansions:
                total_S3Exp: 0
                time_top_o: 0
                time_check_in_c: 0
                time_add_parent: 0
                num_neighbors: 0
                time_add_neighbors_to_o: 0
    num_new_collisions: 3
    timing_PIOW_new_collisions:
        total_PIOW: 0.000391531
        num_windows: 6
        time_check_overlap: 3.18e-07
        num_overlapping_windows: 0
        time_merge_windows: 0
        time_remove_window: 0
        time_remove_window: 1.009e-06
        timing_PlanIn:
            total_PlanIn:0.00038722
            num_until_goal_expanded:60
            timing_expansions:
                total_S3Exp: 0.000380843
                time_top_o: 7.631e-06
                time_check_in_c: 1.0968e-05
                time_add_parent: 1.594e-05
                num_neighbors: 582
                time_add_neighbors_to_o: 0.000254436
    num_windows_should_quit: 0
    time_should_quit: 4.38e-06
    time_remove_window: 0
Complete!
