Total time: 1.69823
is_optimal: true
optimality_bound: 1
successive_bounds: [1.00454, 1.00454, 1.00454, 1.00404, 1.00404, 1.00404, 1.00404, 1.00404, 1.00404, 1.00404, 1.00303, 1.00303, 1.00303, 1.00303, 1.00303, 1.00202, 1.00202, 1.00151, 1.00151, 1.00101, 1.00101, 1.00101, 1.00101, 1.00101, 1.00101, 1.00101, 1.00101, 1.00101, 1.00101, 1.00101, 1, 1]
successive_runtimes: [0.00758544, 0.00878689, 0.0100314, 0.0115772, 0.0129417, 0.0142857, 0.016452, 0.0181231, 0.0198414, 0.0215428, 0.02721, 0.0292119, 0.0311904, 0.0334182, 0.035528, 0.0392839, 0.0417668, 1.67534, 1.67739, 1.67888, 1.68024, 1.68155, 1.68293, 1.68428, 1.68574, 1.68721, 1.6888, 1.69027, 1.69141, 1.69491, 1.69823]
num_agents: 30
time_individual_plan: 0.00523669
time_first_plan: 0.00164043
num_max_agents_in_window_first_iteration: 2
num_recWAMPF: 31
timing_recWAMPF:
    total_RecWAMPF: 1.69228
    num_windows: 280
    num_max_agents_in_window: 3
    timing_gari:
        total_GARI: 0.0506987
        time_path_btw_starts: 0.000979953
        Stage1:
            total_Stage1:0.00492455
            time_add_x_to_o: 0.00078449
            time_clear_x: 0.000154569
            timing_AStarSearchUntil:
                total_astar_search_until:0.00155111
                num_values_f_less_fmax:271
                ASU Exp:
                    total_ASUExp:0.00154229
                    time_top_o:9.6793e-05
                    time_check_in_c:3.2274e-05
                    time_add_parent:0
                    num_neighbors:0
                    time_add_neighbors_to_o:0
        Stage2:
            total_Stage2:0.0131348
            num_len_path:289
            time_expanding_s:0.000182458
            timing_AStarSearchUntil:
                total_astar_search_until:0.0114052
                num_values_f_less_fmax:612
                ASU Exp:
                    total_ASUExp:0.011398
                    time_top_o:0.000237123
                    time_check_in_c:0.000158449
                    time_add_parent:0.000374728
                    num_neighbors:10434
                    time_add_neighbors_to_o:0.00596146
        Stage3:
            total_Stage3:0.0272269
            num_until_goal_expanded:2455
            timing_S3Exp:
                total_S3Exp: 0.018181
                time_top_o: 0.000796158
                time_check_in_c: 0.000517544
                time_add_parent: 0.00112838
                num_neighbors: 19525
                time_add_neighbors_to_o: 0.0115791
    timing_PIOW_overlapping:
        total_PIOW: 1.63088
        num_windows: 726
        time_check_overlap: 3.3326e-05
        num_overlapping_windows: 3
        time_merge_windows: 5.463e-06
        time_remove_window: 9.55e-07
        time_remove_window: 5.27e-06
        timing_PlanIn:
            total_PlanIn:1.5985
            num_until_goal_expanded:4884
            timing_expansions:
                total_S3Exp: 1.59849
                time_top_o: 0.00421234
                time_check_in_c: 0.00150546
                time_add_parent: 0.00427563
                num_neighbors: 1881456
                time_add_neighbors_to_o: 1.50229
    num_new_collisions: 7
    timing_PIOW_new_collisions:
        total_PIOW: 0.000861673
        num_windows: 18
        time_check_overlap: 1.273e-06
        num_overlapping_windows: 0
        time_merge_windows: 0
        time_remove_window: 0
        time_remove_window: 1.338e-06
        timing_PlanIn:
            total_PlanIn:0.000846305
            num_until_goal_expanded:98
            timing_expansions:
                total_S3Exp: 0.000824206
                time_top_o: 2.0601e-05
                time_check_in_c: 2.5114e-05
                time_add_parent: 5.5664e-05
                num_neighbors: 744
                time_add_neighbors_to_o: 0.000490735
    num_windows_should_quit: 2
    time_should_quit: 4.206e-06
    time_remove_window: 1.88e-07
Complete!
