Total time: 13.623
is_optimal: false
optimality_bound: 1.00035
successive_bounds: [1.00553, 1.00449, 1.00449, 1.00449, 1.00415, 1.00276, 1.00276, 1.00276, 1.00276, 1.00276, 1.00173, 1.00173, 1.00104, 1.00104, 1.00104, 1.00104, 1.00104, 1.00104, 1.00104, 1.00104, 1.00104, 1.00104, 1.00104, 1.00104, 1.00104, 1.00104, 1.00104, 1.00035, 1.00035, 1.00035, 1.00035]
successive_runtimes: [0.0118001, 0.0140585, 0.0159988, 0.0180151, 0.0203941, 0.370439, 0.443276, 0.469258, 0.495707, 0.52208, 3.73194, 6.24267, 6.63085, 6.99993, 7.36506, 7.7283, 8.09465, 8.48894, 8.86394, 9.27942, 9.69839, 10.1246, 10.5324, 10.9085, 11.2907, 11.6697, 12.0485, 12.4513, 12.8389, 13.2268, 13.623]
num_agents: 40
time_individual_plan: 0.00750354
time_first_plan: 0.0037834
num_max_agents_in_window_first_iteration: 2
num_recWAMPF: 31
timing_recWAMPF:
    total_RecWAMPF: 13.615
    num_windows: 500
    num_max_agents_in_window: 6
    timing_gari:
        total_GARI: 10.0656
        time_path_btw_starts: 0.00174999
        Stage1:
            total_Stage1:1.93466
            time_add_x_to_o: 1.58292
            time_clear_x: 0.319429
            timing_AStarSearchUntil:
                total_astar_search_until:0.0322727
                num_values_f_less_fmax:3746
                ASU Exp:
                    total_ASUExp:0.0322565
                    time_top_o:0.00146173
                    time_check_in_c:0.00103773
                    time_add_parent:0.00132118
                    num_neighbors:55702
                    time_add_neighbors_to_o:0.0255264
        Stage2:
            total_Stage2:0.308658
            num_len_path:482
            time_expanding_s:0.0033106
            timing_AStarSearchUntil:
                total_astar_search_until:0.305046
                num_values_f_less_fmax:6441
                ASU Exp:
                    total_ASUExp:0.305035
                    time_top_o:0.00226852
                    time_check_in_c:0.00126719
                    time_add_parent:0.00208813
                    num_neighbors:552921
                    time_add_neighbors_to_o:0.286652
        Stage3:
            total_Stage3:7.82045
            num_until_goal_expanded:5366
            timing_S3Exp:
                total_S3Exp: 0.474215
                time_top_o: 0.0025683
                time_check_in_c: 0.00138472
                time_add_parent: 0.00246007
                num_neighbors: 106558
                time_add_neighbors_to_o: 0.0560929
    timing_PIOW_overlapping:
        total_PIOW: 0.202898
        num_windows: 2090
        time_check_overlap: 0.000109329
        num_overlapping_windows: 2
        time_merge_windows: 3.415e-06
        time_remove_window: 8.46e-07
        time_remove_window: 3.328e-06
        timing_PlanIn:
            total_PlanIn:0.202729
            num_until_goal_expanded:3194
            timing_expansions:
                total_S3Exp: 0.202708
                time_top_o: 0.00121872
                time_check_in_c: 0.000567433
                time_add_parent: 0.00111981
                num_neighbors: 337582
                time_add_neighbors_to_o: 0.186826
    num_new_collisions: 13
    timing_PIOW_new_collisions:
        total_PIOW: 3.32827
        num_windows: 160
        time_check_overlap: 6.282e-06
        num_overlapping_windows: 3
        time_merge_windows: 0
        time_remove_window: 1.3246
        time_remove_window: 6.177e-06
        timing_PlanIn:
            total_PlanIn:3.32823
            num_until_goal_expanded:7255
            timing_expansions:
                total_S3Exp: 3.32821
                time_top_o: 0.00358835
                time_check_in_c: 0.00164816
                time_add_parent: 0.00349028
                num_neighbors: 5107169
                time_add_neighbors_to_o: 3.17608
    num_windows_should_quit: 1
    time_should_quit: 2.7366e-05
    time_remove_window: 4e-07
Complete!
