Total time: 0.00775727
is_optimal: true
optimality_bound: 1
successive_bounds: [1.00149, 1.00149, 1.00149, 1.00149, 1.00149, 1.00149, 1.00149, 1.00149, 1.00149, 1.00149, 1.00149, 1.00149, 1.00149, 1.00149, 1.00149, 1.00149, 1.00149, 1.00149, 1, 1]
successive_runtimes: [0.00241228, 0.00253906, 0.00265442, 0.00276877, 0.00289156, 0.00302191, 0.00314745, 0.00329664, 0.00345861, 0.00363294, 0.0038103, 0.00402337, 0.00423992, 0.00446119, 0.00468686, 0.00492102, 0.00518552, 0.00543524, 0.00775723]
num_agents: 10
time_individual_plan: 0.00151484
time_first_plan: 0.000140235
num_max_agents_in_window_first_iteration: 2
num_recWAMPF: 19
timing_recWAMPF:
    total_RecWAMPF: 0.00548158
    num_windows: 37
    num_max_agents_in_window: 2
    timing_gari:
        total_GARI: 0.00500965
        time_path_btw_starts: 8.5745e-05
        Stage1:
            total_Stage1:0.000643807
            time_add_x_to_o: 0.000546118
            time_clear_x: 7.1761e-05
            timing_AStarSearchUntil:
                total_astar_search_until:2.3702e-05
                num_values_f_less_fmax:38
                ASU Exp:
                    total_ASUExp:2.2754e-05
                    time_top_o:1.1356e-05
                    time_check_in_c:4.375e-06
                    time_add_parent:0
                    num_neighbors:0
                    time_add_neighbors_to_o:0
        Stage2:
            total_Stage2:0.00101694
            num_len_path:38
            time_expanding_s:1.7454e-05
            timing_AStarSearchUntil:
                total_astar_search_until:0.000988174
                num_values_f_less_fmax:73
                ASU Exp:
                    total_ASUExp:0.000987299
                    time_top_o:1.8358e-05
                    time_check_in_c:1.5656e-05
                    time_add_parent:2.8919e-05
                    num_neighbors:1978
                    time_add_neighbors_to_o:0.000826176
        Stage3:
            total_Stage3:0.00325604
            num_until_goal_expanded:191
            timing_S3Exp:
                total_S3Exp: 0.00252064
                time_top_o: 5.6075e-05
                time_check_in_c: 3.561e-05
                time_add_parent: 4.8515e-05
                num_neighbors: 3941
                time_add_neighbors_to_o: 0.00210074
    timing_PIOW_overlapping:
        total_PIOW: 8.12e-07
        num_windows: 18
        time_check_overlap: 0
        num_overlapping_windows: 0
        time_merge_windows: 0
        time_remove_window: 0
        time_remove_window: 0
        timing_PlanIn:
            total_PlanIn:0
            num_until_goal_expanded:0
            timing_expansions:
                total_S3Exp: 0
                time_top_o: 0
                time_check_in_c: 0
                time_add_parent: 0
                num_neighbors: 0
                time_add_neighbors_to_o: 0
    num_new_collisions: 1
    timing_PIOW_new_collisions:
        total_PIOW: 0.000113464
        num_windows: 0
        time_check_overlap: 0
        num_overlapping_windows: 0
        time_merge_windows: 0
        time_remove_window: 0
        time_remove_window: 2.9e-07
        timing_PlanIn:
            total_PlanIn:0.000111324
            num_until_goal_expanded:8
            timing_expansions:
                total_S3Exp: 0.000108057
                time_top_o: 1.723e-06
                time_check_in_c: 2.176e-06
                time_add_parent: 3.679e-06
                num_neighbors: 161
                time_add_neighbors_to_o: 8.3317e-05
    num_windows_should_quit: 0
    time_should_quit: 1.318e-06
    time_remove_window: 0
Complete!
