Total time: 0.0733233
is_optimal: true
optimality_bound: 1
successive_bounds: [1.00289, 1.00289, 1.00289, 1.00289, 1.00289, 1.00289, 1.00289, 1.00289, 1.00289, 1.00289, 1.00289, 1.00289, 1.00289, 1.00289, 1.00289, 1.00289, 1.00289, 1.00289, 1.00289, 1.00289, 1.00289, 1, 1]
successive_runtimes: [0.00670991, 0.00721999, 0.00767252, 0.00809656, 0.00851578, 0.00900911, 0.00955262, 0.0100677, 0.0105101, 0.0109748, 0.0114447, 0.0119185, 0.0124312, 0.0128993, 0.0134006, 0.0139188, 0.0144432, 0.0149685, 0.0155146, 0.0160784, 0.0166562, 0.0733232]
num_agents: 10
time_individual_plan: 0.00454788
time_first_plan: 0.000573987
num_max_agents_in_window_first_iteration: 2
num_recWAMPF: 22
timing_recWAMPF:
    total_RecWAMPF: 0.067179
    num_windows: 43
    num_max_agents_in_window: 2
    timing_gari:
        total_GARI: 0.0652564
        time_path_btw_starts: 0.000388387
        Stage1:
            total_Stage1:0.000886212
            time_add_x_to_o: 0.000789581
            time_clear_x: 8.5435e-05
            timing_AStarSearchUntil:
                total_astar_search_until:4.948e-06
                num_values_f_less_fmax:0
                ASU Exp:
                    total_ASUExp:2.119e-06
                    time_top_o:0
                    time_check_in_c:0
                    time_add_parent:0
                    num_neighbors:0
                    time_add_neighbors_to_o:0
        Stage2:
            total_Stage2:0.0585896
            num_len_path:58
            time_expanding_s:8.0061e-05
            timing_AStarSearchUntil:
                total_astar_search_until:0.058475
                num_values_f_less_fmax:1432
                ASU Exp:
                    total_ASUExp:0.0584719
                    time_top_o:0.00125608
                    time_check_in_c:0.000869905
                    time_add_parent:0.00184591
                    num_neighbors:34385
                    time_add_neighbors_to_o:0.0489387
        Stage3:
            total_Stage3:0.00534699
            num_until_goal_expanded:48
            timing_S3Exp:
                total_S3Exp: 0.0012579
                time_top_o: 2.1703e-05
                time_check_in_c: 2.0542e-05
                time_add_parent: 3.9131e-05
                num_neighbors: 300
                time_add_neighbors_to_o: 0.000618517
    timing_PIOW_overlapping:
        total_PIOW: 1.6e-06
        num_windows: 21
        time_check_overlap: 0
        num_overlapping_windows: 0
        time_merge_windows: 0
        time_remove_window: 0
        time_remove_window: 0
        timing_PlanIn:
            total_PlanIn:0
            num_until_goal_expanded:0
            timing_expansions:
                total_S3Exp: 0
                time_top_o: 0
                time_check_in_c: 0
                time_add_parent: 0
                num_neighbors: 0
                time_add_neighbors_to_o: 0
    num_new_collisions: 1
    timing_PIOW_new_collisions:
        total_PIOW: 0.000466401
        num_windows: 0
        time_check_overlap: 0
        num_overlapping_windows: 0
        time_merge_windows: 0
        time_remove_window: 0
        time_remove_window: 9.01e-07
        timing_PlanIn:
            total_PlanIn:0.000462073
            num_until_goal_expanded:8
            timing_expansions:
                total_S3Exp: 0.000452871
                time_top_o: 5.068e-06
                time_check_in_c: 7.423e-06
                time_add_parent: 1.4327e-05
                num_neighbors: 160
                time_add_neighbors_to_o: 0.000364337
    num_windows_should_quit: 0
    time_should_quit: 4.009e-06
    time_remove_window: 0
Complete!
