Total time: 0.0201027
is_optimal: true
optimality_bound: 1
successive_bounds: [1.0026, 1.0026, 1.0026, 1.0026, 1.0026, 1.0026, 1.0026, 1.0026, 1.0026, 1.0026, 1.00156, 1.00156, 1.00104, 1.00104, 1.00104, 1.00104, 1, 1]
successive_runtimes: [0.00433981, 0.00497018, 0.00558712, 0.00620548, 0.0069339, 0.00756653, 0.00819376, 0.00886109, 0.00955071, 0.0102745, 0.0113329, 0.0119876, 0.0159964, 0.0171835, 0.0179584, 0.0187979, 0.0201027]
num_agents: 30
time_individual_plan: 0.00316535
time_first_plan: 0.000654606
num_max_agents_in_window_first_iteration: 2
num_recWAMPF: 17
timing_recWAMPF:
    total_RecWAMPF: 0.0164148
    num_windows: 99
    num_max_agents_in_window: 2
    timing_gari:
        total_GARI: 0.0116157
        time_path_btw_starts: 0.000230952
        Stage1:
            total_Stage1:0.0021318
            time_add_x_to_o: 0.00139159
            time_clear_x: 0.000164916
            timing_AStarSearchUntil:
                total_astar_search_until:0.000570432
                num_values_f_less_fmax:211
                ASU Exp:
                    total_ASUExp:0.000568098
                    time_top_o:4.3831e-05
                    time_check_in_c:2.5703e-05
                    time_add_parent:1.88e-05
                    num_neighbors:984
                    time_add_neighbors_to_o:0.000392733
        Stage2:
            total_Stage2:0.00504601
            num_len_path:100
            time_expanding_s:4.6133e-05
            timing_AStarSearchUntil:
                total_astar_search_until:0.00497571
                num_values_f_less_fmax:354
                ASU Exp:
                    total_ASUExp:0.0049736
                    time_top_o:8.1316e-05
                    time_check_in_c:6.4107e-05
                    time_add_parent:9.3472e-05
                    num_neighbors:9241
                    time_add_neighbors_to_o:0.00433377
        Stage3:
            total_Stage3:0.00419374
            num_until_goal_expanded:239
            timing_S3Exp:
                total_S3Exp: 0.00194245
                time_top_o: 4.1812e-05
                time_check_in_c: 3.0023e-05
                time_add_parent: 5.8292e-05
                num_neighbors: 2836
                time_add_neighbors_to_o: 0.00142553
    timing_PIOW_overlapping:
        total_PIOW: 8.365e-06
        num_windows: 144
        time_check_overlap: 4.412e-06
        num_overlapping_windows: 0
        time_merge_windows: 0
        time_remove_window: 0
        time_remove_window: 0
        timing_PlanIn:
            total_PlanIn:0
            num_until_goal_expanded:0
            timing_expansions:
                total_S3Exp: 0
                time_top_o: 0
                time_check_in_c: 0
                time_add_parent: 0
                num_neighbors: 0
                time_add_neighbors_to_o: 0
    num_new_collisions: 3
    timing_PIOW_new_collisions:
        total_PIOW: 0.000261865
        num_windows: 6
        time_check_overlap: 2.9e-07
        num_overlapping_windows: 0
        time_merge_windows: 0
        time_remove_window: 0
        time_remove_window: 1.762e-06
        timing_PlanIn:
            total_PlanIn:0.000256785
            num_until_goal_expanded:27
            timing_expansions:
                total_S3Exp: 0.000251136
                time_top_o: 3.873e-06
                time_check_in_c: 4.856e-06
                time_add_parent: 7.636e-06
                num_neighbors: 379
                time_add_neighbors_to_o: 0.00019085
    num_windows_should_quit: 0
    time_should_quit: 2.722e-06
    time_remove_window: 0
Complete!
