Total time: 5.31288
is_optimal: false
optimality_bound: 1.00037
successive_bounds: [1.00367, 1.00367, 1.00294, 1.00294, 1.0022, 1.0022, 1.0022, 1.0022, 1.0022, 1.00147, 1.00147, 1.00147, 1.00073, 1.00073, 1.00073, 1.00073, 1.00073, 1.00073, 1.00073, 1.00073, 1.00073, 1.00073, 1.00037, 1.00037]
successive_runtimes: [0.00751613, 0.00897771, 0.0104174, 0.0119001, 0.0134749, 0.0153335, 0.0172005, 0.0192574, 0.0213015, 0.0236417, 0.0475275, 0.0655837, 0.101299, 0.136411, 0.165192, 0.198183, 0.236338, 0.311942, 0.929669, 1.43131, 2.08997, 3.08498, 4.0407, 5.31288]
num_agents: 40
time_individual_plan: 0.00482857
time_first_plan: 0.00216386
num_max_agents_in_window_first_iteration: 2
num_recWAMPF: 24
timing_recWAMPF:
    total_RecWAMPF: 5.30752
    num_windows: 291
    num_max_agents_in_window: 4
    timing_gari:
        total_GARI: 5.25952
        time_path_btw_starts: 0.000694868
        Stage1:
            total_Stage1:2.95522
            time_add_x_to_o: 0.783389
            time_clear_x: 0.222272
            timing_AStarSearchUntil:
                total_astar_search_until:1.94954
                num_values_f_less_fmax:42729
                ASU Exp:
                    total_ASUExp:1.94953
                    time_top_o:0.0475109
                    time_check_in_c:0.0169681
                    time_add_parent:0.0316076
                    num_neighbors:3094476
                    time_add_neighbors_to_o:1.81023
        Stage2:
            total_Stage2:0.525436
            num_len_path:270
            time_expanding_s:0.000184108
            timing_AStarSearchUntil:
                total_astar_search_until:0.525125
                num_values_f_less_fmax:7513
                ASU Exp:
                    total_ASUExp:0.525118
                    time_top_o:0.00341159
                    time_check_in_c:0.00147577
                    time_add_parent:0.00381017
                    num_neighbors:850170
                    time_add_neighbors_to_o:0.504941
        Stage3:
            total_Stage3:1.77812
            num_until_goal_expanded:18611
            timing_S3Exp:
                total_S3Exp: 0.328827
                time_top_o: 0.0112441
                time_check_in_c: 0.00314243
                time_add_parent: 0.00954114
                num_neighbors: 668028
                time_add_neighbors_to_o: 0.278722
    timing_PIOW_overlapping:
        total_PIOW: 0.0269109
        num_windows: 906
        time_check_overlap: 3.7115e-05
        num_overlapping_windows: 2
        time_merge_windows: 3.963e-06
        time_remove_window: 5.56e-07
        time_remove_window: 3.86e-06
        timing_PlanIn:
            total_PlanIn:0.0268446
            num_until_goal_expanded:444
            timing_expansions:
                total_S3Exp: 0.0268403
                time_top_o: 0.000118685
                time_check_in_c: 8.2859e-05
                time_add_parent: 0.000145382
                num_neighbors: 43763
                time_add_neighbors_to_o: 0.0246699
    num_new_collisions: 8
    timing_PIOW_new_collisions:
        total_PIOW: 0.00929124
        num_windows: 52
        time_check_overlap: 1.69e-06
        num_overlapping_windows: 1
        time_merge_windows: 0
        time_remove_window: 1.42359
        time_remove_window: 2.983e-06
        timing_PlanIn:
            total_PlanIn:0.0092773
            num_until_goal_expanded:156
            timing_expansions:
                total_S3Exp: 0.00926357
                time_top_o: 3.2889e-05
                time_check_in_c: 3.0365e-05
                time_add_parent: 4.2177e-05
                num_neighbors: 11817
                time_add_neighbors_to_o: 0.00861766
    num_windows_should_quit: 1
    time_should_quit: 1.2513e-05
    time_remove_window: 3.66e-07
Complete!
