Total time: 0.470404
is_optimal: false
optimality_bound: 1.00153
successive_bounds: [1.00384, 1.00384, 1.00384, 1.00384, 1.0023, 1.00153]
successive_runtimes: [0.0127464, 0.0160751, 0.0297615, 0.0886801, 0.25361, 0.470404]
num_agents: 40
time_individual_plan: 0.00881436
time_first_plan: 0.00335798
num_max_agents_in_window_first_iteration: 2
num_recWAMPF: 6
timing_recWAMPF:
    total_RecWAMPF: 0.461014
    num_windows: 89
    num_max_agents_in_window: 4
    timing_gari:
        total_GARI: 0.434158
        time_path_btw_starts: 0.000216519
        Stage1:
            total_Stage1:0.3754
            time_add_x_to_o: 0.0853043
            time_clear_x: 0.0209243
            timing_AStarSearchUntil:
                total_astar_search_until:0.269165
                num_values_f_less_fmax:3939
                ASU Exp:
                    total_ASUExp:0.269162
                    time_top_o:0.0027461
                    time_check_in_c:0.00149956
                    time_add_parent:0.0184901
                    num_neighbors:547253
                    time_add_neighbors_to_o:0.23965
        Stage2:
            total_Stage2:0.0260188
            num_len_path:78
            time_expanding_s:5.8684e-05
            timing_AStarSearchUntil:
                total_astar_search_until:0.0259297
                num_values_f_less_fmax:231
                ASU Exp:
                    total_ASUExp:0.0259279
                    time_top_o:7.7338e-05
                    time_check_in_c:4.6536e-05
                    time_add_parent:6.8733e-05
                    num_neighbors:58868
                    time_add_neighbors_to_o:0.0254213
        Stage3:
            total_Stage3:0.0325076
            num_until_goal_expanded:1157
            timing_S3Exp:
                total_S3Exp: 0.00696199
                time_top_o: 0.000265893
                time_check_in_c: 0.000173062
                time_add_parent: 0.000356122
                num_neighbors: 10242
                time_add_neighbors_to_o: 0.00495231
    timing_PIOW_overlapping:
        total_PIOW: 0.0109402
        num_windows: 353
        time_check_overlap: 1.1487e-05
        num_overlapping_windows: 2
        time_merge_windows: 2.598e-06
        time_remove_window: 3.31e-07
        time_remove_window: 2.501e-06
        timing_PlanIn:
            total_PlanIn:0.0109153
            num_until_goal_expanded:96
            timing_expansions:
                total_S3Exp: 0.010911
                time_top_o: 2.0355e-05
                time_check_in_c: 1.8035e-05
                time_add_parent: 2.7827e-05
                num_neighbors: 21162
                time_add_neighbors_to_o: 0.0101524
    num_new_collisions: 11
    timing_PIOW_new_collisions:
        total_PIOW: 0.0114725
        num_windows: 108
        time_check_overlap: 3.678e-06
        num_overlapping_windows: 2
        time_merge_windows: 8.32e-07
        time_remove_window: 0.243153
        time_remove_window: 3.296e-06
        timing_PlanIn:
            total_PlanIn:0.011451
            num_until_goal_expanded:369
            timing_expansions:
                total_S3Exp: 0.0114257
                time_top_o: 7.2107e-05
                time_check_in_c: 6.4812e-05
                time_add_parent: 9.6183e-05
                num_neighbors: 18400
                time_add_neighbors_to_o: 0.010264
    num_windows_should_quit: 0
    time_should_quit: 5.071e-06
    time_remove_window: 0
Complete!
