Total time: 0.0368726
is_optimal: true
optimality_bound: 1
successive_bounds: [1.00139, 1.00139, 1.00139, 1.00139, 1.00139, 1.00139, 1.00139, 1.00139, 1.00139, 1.00139, 1.00139, 1.00139, 1.00139, 1.00139, 1.00139, 1.00139, 1.00139, 1, 1]
successive_runtimes: [0.00370869, 0.00404003, 0.00440776, 0.00479399, 0.00519121, 0.00583857, 0.00640544, 0.00693645, 0.00741978, 0.0087797, 0.00987429, 0.010725, 0.0114653, 0.0124127, 0.0191184, 0.0257605, 0.0323854, 0.0368726]
num_agents: 20
time_individual_plan: 0.00286944
time_first_plan: 0.000319334
num_max_agents_in_window_first_iteration: 2
num_recWAMPF: 18
timing_recWAMPF:
    total_RecWAMPF: 0.0334803
    num_windows: 70
    num_max_agents_in_window: 2
    timing_gari:
        total_GARI: 0.0312887
        time_path_btw_starts: 0.000161366
        Stage1:
            total_Stage1:0.0181962
            time_add_x_to_o: 0.00630296
            time_clear_x: 0.000864081
            timing_AStarSearchUntil:
                total_astar_search_until:0.0110252
                num_values_f_less_fmax:2385
                ASU Exp:
                    total_ASUExp:0.0110236
                    time_top_o:0.000740564
                    time_check_in_c:0.000466133
                    time_add_parent:0.000377798
                    num_neighbors:22633
                    time_add_neighbors_to_o:0.00829061
        Stage2:
            total_Stage2:0.00826781
            num_len_path:83
            time_expanding_s:3.2714e-05
            timing_AStarSearchUntil:
                total_astar_search_until:0.00821624
                num_values_f_less_fmax:701
                ASU Exp:
                    total_ASUExp:0.00821438
                    time_top_o:0.000196973
                    time_check_in_c:0.000148774
                    time_add_parent:0.000205815
                    num_neighbors:17082
                    time_add_neighbors_to_o:0.00692944
        Stage3:
            total_Stage3:0.00465372
            num_until_goal_expanded:245
            timing_S3Exp:
                total_S3Exp: 0.00169964
                time_top_o: 5.1174e-05
                time_check_in_c: 3.1356e-05
                time_add_parent: 6.3821e-05
                num_neighbors: 2535
                time_add_neighbors_to_o: 0.000954551
    timing_PIOW_overlapping:
        total_PIOW: 4.672e-06
        num_windows: 68
        time_check_overlap: 2.446e-06
        num_overlapping_windows: 0
        time_merge_windows: 0
        time_remove_window: 0
        time_remove_window: 0
        timing_PlanIn:
            total_PlanIn:0
            num_until_goal_expanded:0
            timing_expansions:
                total_S3Exp: 0
                time_top_o: 0
                time_check_in_c: 0
                time_add_parent: 0
                num_neighbors: 0
                time_add_neighbors_to_o: 0
    num_new_collisions: 2
    timing_PIOW_new_collisions:
        total_PIOW: 0.000156595
        num_windows: 2
        time_check_overlap: 1.17e-07
        num_overlapping_windows: 0
        time_merge_windows: 0
        time_remove_window: 0
        time_remove_window: 6.14e-07
        timing_PlanIn:
            total_PlanIn:0.000153579
            num_until_goal_expanded:15
            timing_expansions:
                total_S3Exp: 0.000148739
                time_top_o: 2.607e-06
                time_check_in_c: 2.887e-06
                time_add_parent: 4.68e-06
                num_neighbors: 217
                time_add_neighbors_to_o: 9.49e-05
    num_windows_should_quit: 0
    time_should_quit: 1.742e-06
    time_remove_window: 0
Complete!
