Total time: 0.0522035
is_optimal: false
optimality_bound: 1.00091
successive_bounds: [1.00273, 1.00227, 1.00227, 1.00227, 1.00182, 1.00182, 1.00182, 1.00182, 1.00182, 1.00091]
successive_runtimes: [0.011929, 0.013293, 0.0145284, 0.0157143, 0.0173059, 0.0184756, 0.0196427, 0.0220005, 0.0233238, 0.0522034]
num_agents: 40
time_individual_plan: 0.00926079
time_first_plan: 0.00170459
num_max_agents_in_window_first_iteration: 2
num_recWAMPF: 10
timing_recWAMPF:
    total_RecWAMPF: 0.041974
    num_windows: 93
    num_max_agents_in_window: 3
    timing_gari:
        total_GARI: 0.0313561
        time_path_btw_starts: 0.000327019
        Stage1:
            total_Stage1:0.00127692
            time_add_x_to_o: 0.00114203
            time_clear_x: 0.000117572
            timing_AStarSearchUntil:
                total_astar_search_until:8.413e-06
                num_values_f_less_fmax:0
                ASU Exp:
                    total_ASUExp:3.974e-06
                    time_top_o:0
                    time_check_in_c:0
                    time_add_parent:0
                    num_neighbors:0
                    time_add_neighbors_to_o:0
        Stage2:
            total_Stage2:0.0244628
            num_len_path:97
            time_expanding_s:0.000103309
            timing_AStarSearchUntil:
                total_astar_search_until:0.0243091
                num_values_f_less_fmax:1062
                ASU Exp:
                    total_ASUExp:0.0243057
                    time_top_o:0.000768884
                    time_check_in_c:0.000402369
                    time_add_parent:0.000646057
                    num_neighbors:25291
                    time_add_neighbors_to_o:0.0202936
        Stage3:
            total_Stage3:0.00526357
            num_until_goal_expanded:164
            timing_S3Exp:
                total_S3Exp: 0.00284657
                time_top_o: 5.3912e-05
                time_check_in_c: 3.796e-05
                time_add_parent: 6.888e-05
                num_neighbors: 2322
                time_add_neighbors_to_o: 0.00215668
    timing_PIOW_overlapping:
        total_PIOW: 0.00462174
        num_windows: 222
        time_check_overlap: 1.3627e-05
        num_overlapping_windows: 1
        time_merge_windows: 3.31e-06
        time_remove_window: 6.14e-07
        time_remove_window: 3.2e-06
        timing_PlanIn:
            total_PlanIn:0.00458192
            num_until_goal_expanded:51
            timing_expansions:
                total_S3Exp: 0.00457837
                time_top_o: 3.3902e-05
                time_check_in_c: 2.4335e-05
                time_add_parent: 4.0245e-05
                num_neighbors: 3196
                time_add_neighbors_to_o: 0.00407503
    num_new_collisions: 5
    timing_PIOW_new_collisions:
        total_PIOW: 0.000766467
        num_windows: 20
        time_check_overlap: 1.703e-06
        num_overlapping_windows: 0
        time_merge_windows: 0
        time_remove_window: 0
        time_remove_window: 3.115e-06
        timing_PlanIn:
            total_PlanIn:0.000750905
            num_until_goal_expanded:29
            timing_expansions:
                total_S3Exp: 0.00073465
                time_top_o: 8.824e-06
                time_check_in_c: 1.0212e-05
                time_add_parent: 1.695e-05
                num_neighbors: 574
                time_add_neighbors_to_o: 0.000599819
    num_windows_should_quit: 0
    time_should_quit: 7.389e-06
    time_remove_window: 0
Complete!
