Total time: 0.0189218
is_optimal: true
optimality_bound: 1
successive_bounds: [1.0014, 1.0014, 1.0014, 1.00047, 1.00047, 1.00047, 1.00047, 1.00047, 1.00047, 1.00047, 1.00047, 1.00047, 1, 1]
successive_runtimes: [0.0056345, 0.00628531, 0.00707175, 0.00779981, 0.00846358, 0.00911332, 0.00975432, 0.0105267, 0.01132, 0.0122652, 0.0131669, 0.0141592, 0.0189217]
num_agents: 30
time_individual_plan: 0.00433003
time_first_plan: 0.000612765
num_max_agents_in_window_first_iteration: 2
num_recWAMPF: 13
timing_recWAMPF:
    total_RecWAMPF: 0.013897
    num_windows: 50
    num_max_agents_in_window: 2
    timing_gari:
        total_GARI: 0.0106154
        time_path_btw_starts: 0.000121627
        Stage1:
            total_Stage1:0.00138449
            time_add_x_to_o: 0.00114435
            time_clear_x: 0.000136767
            timing_AStarSearchUntil:
                total_astar_search_until:0.000100385
                num_values_f_less_fmax:151
                ASU Exp:
                    total_ASUExp:9.8999e-05
                    time_top_o:3.1795e-05
                    time_check_in_c:1.2823e-05
                    time_add_parent:1.186e-06
                    num_neighbors:75
                    time_add_neighbors_to_o:2.7752e-05
        Stage2:
            total_Stage2:0.00566982
            num_len_path:49
            time_expanding_s:4.2217e-05
            timing_AStarSearchUntil:
                total_astar_search_until:0.00561242
                num_values_f_less_fmax:397
                ASU Exp:
                    total_ASUExp:0.00561123
                    time_top_o:0.000132146
                    time_check_in_c:0.000100568
                    time_add_parent:0.00012847
                    num_neighbors:9842
                    time_add_neighbors_to_o:0.0047803
        Stage3:
            total_Stage3:0.00343066
            num_until_goal_expanded:203
            timing_S3Exp:
                total_S3Exp: 0.00204457
                time_top_o: 5.1254e-05
                time_check_in_c: 3.7036e-05
                time_add_parent: 5.4454e-05
                num_neighbors: 2941
                time_add_neighbors_to_o: 0.0015713
    timing_PIOW_overlapping:
        total_PIOW: 3.803e-06
        num_windows: 48
        time_check_overlap: 1.777e-06
        num_overlapping_windows: 0
        time_merge_windows: 0
        time_remove_window: 0
        time_remove_window: 0
        timing_PlanIn:
            total_PlanIn:0
            num_until_goal_expanded:0
            timing_expansions:
                total_S3Exp: 0
                time_top_o: 0
                time_check_in_c: 0
                time_add_parent: 0
                num_neighbors: 0
                time_add_neighbors_to_o: 0
    num_new_collisions: 2
    timing_PIOW_new_collisions:
        total_PIOW: 0.000258407
        num_windows: 2
        time_check_overlap: 1.57e-07
        num_overlapping_windows: 0
        time_merge_windows: 0
        time_remove_window: 0
        time_remove_window: 7.61e-07
        timing_PlanIn:
            total_PlanIn:0.00025405
            num_until_goal_expanded:35
            timing_expansions:
                total_S3Exp: 0.000248606
                time_top_o: 5.612e-06
                time_check_in_c: 7.339e-06
                time_add_parent: 1.1312e-05
                num_neighbors: 307
                time_add_neighbors_to_o: 0.000158359
    num_windows_should_quit: 0
    time_should_quit: 1.818e-06
    time_remove_window: 0
Complete!
