Total time: 0.00543686
is_optimal: true
optimality_bound: 1
successive_bounds: [1.00237, 1.00237, 1.00237, 1.00237, 1.00237, 1.00237, 1.00237, 1.00237, 1.00237, 1.00237, 1.00237, 1.00237, 1, 1]
successive_runtimes: [0.00285611, 0.0030134, 0.00316027, 0.00330657, 0.00345831, 0.00363887, 0.00383617, 0.00405914, 0.00429263, 0.00454576, 0.00477264, 0.0050223, 0.00543683]
num_agents: 10
time_individual_plan: 0.00201362
time_first_plan: 0.000138447
num_max_agents_in_window_first_iteration: 2
num_recWAMPF: 13
timing_recWAMPF:
    total_RecWAMPF: 0.00271645
    num_windows: 25
    num_max_agents_in_window: 2
    timing_gari:
        total_GARI: 0.00229489
        time_path_btw_starts: 7.0297e-05
        Stage1:
            total_Stage1:0.000508268
            time_add_x_to_o: 0.000292516
            time_clear_x: 3.4788e-05
            timing_AStarSearchUntil:
                total_astar_search_until:0.000179504
                num_values_f_less_fmax:13
                ASU Exp:
                    total_ASUExp:0.00017884
                    time_top_o:4.455e-06
                    time_check_in_c:7.591e-06
                    time_add_parent:5.753e-06
                    num_neighbors:310
                    time_add_neighbors_to_o:0.000139092
        Stage2:
            total_Stage2:0.000783656
            num_len_path:25
            time_expanding_s:1.1068e-05
            timing_AStarSearchUntil:
                total_astar_search_until:0.000764294
                num_values_f_less_fmax:57
                ASU Exp:
                    total_ASUExp:0.000763727
                    time_top_o:1.5313e-05
                    time_check_in_c:1.309e-05
                    time_add_parent:1.8342e-05
                    num_neighbors:1394
                    time_add_neighbors_to_o:0.000640658
        Stage3:
            total_Stage3:0.00092762
            num_until_goal_expanded:44
            timing_S3Exp:
                total_S3Exp: 0.000528845
                time_top_o: 9.728e-06
                time_check_in_c: 6.477e-06
                time_add_parent: 1.183e-05
                num_neighbors: 623
                time_add_neighbors_to_o: 0.000401857
    timing_PIOW_overlapping:
        total_PIOW: 5.26e-07
        num_windows: 12
        time_check_overlap: 0
        num_overlapping_windows: 0
        time_merge_windows: 0
        time_remove_window: 0
        time_remove_window: 0
        timing_PlanIn:
            total_PlanIn:0
            num_until_goal_expanded:0
            timing_expansions:
                total_S3Exp: 0
                time_top_o: 0
                time_check_in_c: 0
                time_add_parent: 0
                num_neighbors: 0
                time_add_neighbors_to_o: 0
    num_new_collisions: 1
    timing_PIOW_new_collisions:
        total_PIOW: 0.000103467
        num_windows: 0
        time_check_overlap: 0
        num_overlapping_windows: 0
        time_merge_windows: 0
        time_remove_window: 0
        time_remove_window: 2.72e-07
        timing_PlanIn:
            total_PlanIn:0.000101054
            num_until_goal_expanded:7
            timing_expansions:
                total_S3Exp: 9.7554e-05
                time_top_o: 1.609e-06
                time_check_in_c: 1.785e-06
                time_add_parent: 3.191e-06
                num_neighbors: 135
                time_add_neighbors_to_o: 7.3837e-05
    num_windows_should_quit: 0
    time_should_quit: 7.9e-07
    time_remove_window: 0
Complete!
