Total time: 54.0685
is_optimal: false
optimality_bound: 1.00039
successive_bounds: [1.00548, 1.00117, 1.00117, 1.00117, 1.00117, 1.00117, 1.00117, 1.00039, 1.00039, 1.00039, 1.00039, 1.00039, 1.00039, 1.00039, 1.00039, 1.00039]
successive_runtimes: [0.0129905, 0.0180368, 0.0205848, 0.0218665, 0.0231012, 0.0243867, 0.0258158, 1.75886, 4.39741, 7.37134, 12.1353, 17.5068, 23.0457, 29.9128, 40.1642, 54.0685]
num_agents: 40
time_individual_plan: 0.0102005
time_first_plan: 0.00207964
num_max_agents_in_window_first_iteration: 2
num_recWAMPF: 16
timing_recWAMPF:
    total_RecWAMPF: 54.0575
    num_windows: 138
    num_max_agents_in_window: 4
    timing_gari:
        total_GARI: 52.319
        time_path_btw_starts: 0.000448713
        Stage1:
            total_Stage1:33.07
            time_add_x_to_o: 6.57755
            time_clear_x: 3.71767
            timing_AStarSearchUntil:
                total_astar_search_until:22.7748
                num_values_f_less_fmax:100854
                ASU Exp:
                    total_ASUExp:22.7748
                    time_top_o:0.249865
                    time_check_in_c:0.11004
                    time_add_parent:0.0574971
                    num_neighbors:27909708
                    time_add_neighbors_to_o:22.1056
        Stage2:
            total_Stage2:2.09979
            num_len_path:121
            time_expanding_s:0.000134658
            timing_AStarSearchUntil:
                total_astar_search_until:2.09956
                num_values_f_less_fmax:5094
                ASU Exp:
                    total_ASUExp:2.09956
                    time_top_o:0.00865301
                    time_check_in_c:0.00187164
                    time_add_parent:0.00358432
                    num_neighbors:2539760
                    time_add_neighbors_to_o:2.07051
        Stage3:
            total_Stage3:17.1487
            num_until_goal_expanded:15686
            timing_S3Exp:
                total_S3Exp: 4.82902
                time_top_o: 0.0431949
                time_check_in_c: 0.0094316
                time_add_parent: 0.0129958
                num_neighbors: 4668328
                time_add_neighbors_to_o: 4.70993
    timing_PIOW_overlapping:
        total_PIOW: 0.322325
        num_windows: 307
        time_check_overlap: 2.2536e-05
        num_overlapping_windows: 1
        time_merge_windows: 1.966e-06
        time_remove_window: 4.75e-07
        time_remove_window: 1.882e-06
        timing_PlanIn:
            total_PlanIn:0.322281
            num_until_goal_expanded:3966
            timing_expansions:
                total_S3Exp: 0.322278
                time_top_o: 0.00598989
                time_check_in_c: 0.00122463
                time_add_parent: 0.00262572
                num_neighbors: 419505
                time_add_neighbors_to_o: 0.289751
    num_new_collisions: 6
    timing_PIOW_new_collisions:
        total_PIOW: 1.41036
        num_windows: 30
        time_check_overlap: 1.931e-06
        num_overlapping_windows: 1
        time_merge_windows: 0
        time_remove_window: 0.350098
        time_remove_window: 2.306e-06
        timing_PlanIn:
            total_PlanIn:1.41034
            num_until_goal_expanded:3369
            timing_expansions:
                total_S3Exp: 1.41033
                time_top_o: 0.00542639
                time_check_in_c: 0.00202469
                time_add_parent: 0.0036222
                num_neighbors: 1498792
                time_add_neighbors_to_o: 1.33213
    num_windows_should_quit: 0
    time_should_quit: 1.2606e-05
    time_remove_window: 0
Complete!
