Total time: 1.89265
is_optimal: true
optimality_bound: 1
successive_bounds: [1.00271, 1.00194, 1.00194, 1.00194, 1.00194, 1.00194, 1.00194, 1.00194, 1.00116, 1.00116, 1.00078, 1.00078, 1, 1]
successive_runtimes: [1.85808, 1.86245, 1.86439, 1.86653, 1.86869, 1.87096, 1.87323, 1.87562, 1.87822, 1.88234, 1.88597, 1.88904, 1.89265]
num_agents: 40
time_individual_plan: 0.0157638
time_first_plan: 1.84015
num_max_agents_in_window_first_iteration: 3
num_recWAMPF: 13
timing_recWAMPF:
    total_RecWAMPF: 1.87471
    num_windows: 125
    num_max_agents_in_window: 3
    timing_gari:
        total_GARI: 0.0302917
        time_path_btw_starts: 0.000366505
        Stage1:
            total_Stage1:0.00955902
            time_add_x_to_o: 0.00588201
            time_clear_x: 0.0011415
            timing_AStarSearchUntil:
                total_astar_search_until:0.00252679
                num_values_f_less_fmax:599
                ASU Exp:
                    total_ASUExp:0.00252337
                    time_top_o:0.000187447
                    time_check_in_c:0.000125133
                    time_add_parent:8.9916e-05
                    num_neighbors:3920
                    time_add_neighbors_to_o:0.00176493
        Stage2:
            total_Stage2:0.00467124
            num_len_path:116
            time_expanding_s:0.000208662
            timing_AStarSearchUntil:
                total_astar_search_until:0.00441872
                num_values_f_less_fmax:242
                ASU Exp:
                    total_ASUExp:0.00441564
                    time_top_o:7.691e-05
                    time_check_in_c:5.6781e-05
                    time_add_parent:9.2752e-05
                    num_neighbors:8059
                    time_add_neighbors_to_o:0.0038415
        Stage3:
            total_Stage3:0.0150899
            num_until_goal_expanded:975
            timing_S3Exp:
                total_S3Exp: 0.00863057
                time_top_o: 0.000303573
                time_check_in_c: 0.00015063
                time_add_parent: 0.00028849
                num_neighbors: 13084
                time_add_neighbors_to_o: 0.00608313
    timing_PIOW_overlapping:
        total_PIOW: 2.7107e-05
        num_windows: 300
        time_check_overlap: 1.6043e-05
        num_overlapping_windows: 0
        time_merge_windows: 0
        time_remove_window: 0
        time_remove_window: 0
        timing_PlanIn:
            total_PlanIn:0
            num_until_goal_expanded:0
            timing_expansions:
                total_S3Exp: 0
                time_top_o: 0
                time_check_in_c: 0
                time_add_parent: 0
                num_neighbors: 0
                time_add_neighbors_to_o: 0
    num_new_collisions: 6
    timing_PIOW_new_collisions:
        total_PIOW: 1.83795
        num_windows: 28
        time_check_overlap: 3.284e-06
        num_overlapping_windows: 1
        time_merge_windows: 2.5e-06
        time_remove_window: 2.98e-07
        time_remove_window: 7.568e-06
        timing_PlanIn:
            total_PlanIn:1.83791
            num_until_goal_expanded:90150
            timing_expansions:
                total_S3Exp: 0.275523
                time_top_o: 0.0331663
                time_check_in_c: 0.0208994
                time_add_parent: 0.0277686
                num_neighbors: 2620532
                time_add_neighbors_to_o: 1.34903
    num_windows_should_quit: 0
    time_should_quit: 6.139e-06
    time_remove_window: 0
Complete!
