Total time: 7.76854
is_optimal: false
optimality_bound: 1.00039
successive_bounds: [1.00548, 1.00117, 1.00117, 1.00117, 1.00117, 1.00117, 1.00117, 1.00039, 1.00039, 1.00039, 1.00039]
successive_runtimes: [0.00921415, 0.0130876, 0.0150573, 0.0161752, 0.0171784, 0.0182232, 0.0194235, 1.09843, 2.80099, 4.76486, 7.76854]
num_agents: 40
time_individual_plan: 0.00683136
time_first_plan: 0.0017898
num_max_agents_in_window_first_iteration: 2
num_recWAMPF: 11
timing_recWAMPF:
    total_RecWAMPF: 7.76111
    num_windows: 98
    num_max_agents_in_window: 4
    timing_gari:
        total_GARI: 6.67777
        time_path_btw_starts: 0.000188382
        Stage1:
            total_Stage1:4.53309
            time_add_x_to_o: 1.08469
            time_clear_x: 0.545068
            timing_AStarSearchUntil:
                total_astar_search_until:2.90332
                num_values_f_less_fmax:18338
                ASU Exp:
                    total_ASUExp:2.90332
                    time_top_o:0.0277988
                    time_check_in_c:0.0216379
                    time_add_parent:0.00636319
                    num_neighbors:5318428
                    time_add_neighbors_to_o:2.80791
        Stage2:
            total_Stage2:0.079967
            num_len_path:85
            time_expanding_s:4.63e-05
            timing_AStarSearchUntil:
                total_astar_search_until:0.0798876
                num_values_f_less_fmax:355
                ASU Exp:
                    total_ASUExp:0.0798855
                    time_top_o:0.000230302
                    time_check_in_c:9.496e-05
                    time_add_parent:0.000149962
                    num_neighbors:149027
                    time_add_neighbors_to_o:0.078789
        Stage3:
            total_Stage3:2.06451
            num_until_goal_expanded:5998
            timing_S3Exp:
                total_S3Exp: 1.06676
                time_top_o: 0.00834357
                time_check_in_c: 0.00223738
                time_add_parent: 0.0033512
                num_neighbors: 1670472
                time_add_neighbors_to_o: 1.03948
    timing_PIOW_overlapping:
        total_PIOW: 0.209216
        num_windows: 227
        time_check_overlap: 1.0145e-05
        num_overlapping_windows: 1
        time_merge_windows: 1.066e-06
        time_remove_window: 7.85e-07
        time_remove_window: 1.015e-06
        timing_PlanIn:
            total_PlanIn:0.209195
            num_until_goal_expanded:3966
            timing_expansions:
                total_S3Exp: 0.209193
                time_top_o: 0.0032669
                time_check_in_c: 0.000771711
                time_add_parent: 0.00154275
                num_neighbors: 419505
                time_add_neighbors_to_o: 0.187439
    num_new_collisions: 6
    timing_PIOW_new_collisions:
        total_PIOW: 0.869376
        num_windows: 30
        time_check_overlap: 1.525e-06
        num_overlapping_windows: 1
        time_merge_windows: 0
        time_remove_window: 0.230048
        time_remove_window: 1.877e-06
        timing_PlanIn:
            total_PlanIn:0.869362
            num_until_goal_expanded:3369
            timing_expansions:
                total_S3Exp: 0.86935
                time_top_o: 0.00219657
                time_check_in_c: 0.000910132
                time_add_parent: 0.00182532
                num_neighbors: 1498792
                time_add_neighbors_to_o: 0.820766
    num_windows_should_quit: 0
    time_should_quit: 3.899e-06
    time_remove_window: 0
Complete!
