Total time: 56.6747
is_optimal: false
optimality_bound: 1.0022
successive_bounds: [1.01539, 1.00577, 1.00577, 1.00577, 1.00522, 1.00467, 1.00412, 1.0033, 1.00275, 1.00275, 1.00275, 1.0022, 1.0022, 1.0022, 1.0022]
successive_runtimes: [0.0692686, 1.29397, 1.52868, 6.28398, 15.6388, 27.3726, 33.6539, 39.3946, 43.5953, 45.7433, 47.8438, 50.0684, 52.2178, 54.3423, 56.6747]
num_agents: 50
time_individual_plan: 0.0134964
time_first_plan: 0.0551307
num_max_agents_in_window_first_iteration: 4
num_recWAMPF: 15
timing_recWAMPF:
    total_RecWAMPF: 56.6605
    num_windows: 461
    num_max_agents_in_window: 5
    timing_gari:
        total_GARI: 56.324
        time_path_btw_starts: 0.00298983
        Stage1:
            total_Stage1:34.2133
            time_add_x_to_o: 6.35055
            time_clear_x: 2.70754
            timing_AStarSearchUntil:
                total_astar_search_until:25.1552
                num_values_f_less_fmax:100689
                ASU Exp:
                    total_ASUExp:25.1552
                    time_top_o:0.174114
                    time_check_in_c:0.0516454
                    time_add_parent:0.0546119
                    num_neighbors:40620032
                    time_add_neighbors_to_o:24.6606
        Stage2:
            total_Stage2:0.438237
            num_len_path:493
            time_expanding_s:0.0223216
            timing_AStarSearchUntil:
                total_astar_search_until:0.415598
                num_values_f_less_fmax:1282
                ASU Exp:
                    total_ASUExp:0.415585
                    time_top_o:0.000773857
                    time_check_in_c:0.000434477
                    time_add_parent:0.00159994
                    num_neighbors:604112
                    time_add_neighbors_to_o:0.400911
        Stage3:
            total_Stage3:21.6664
            num_until_goal_expanded:41308
            timing_S3Exp:
                total_S3Exp: 4.57192
                time_top_o: 0.0366837
                time_check_in_c: 0.0126111
                time_add_parent: 0.0290666
                num_neighbors: 7549803
                time_add_neighbors_to_o: 4.36985
    timing_PIOW_overlapping:
        total_PIOW: 0.271941
        num_windows: 3584
        time_check_overlap: 0.000183363
        num_overlapping_windows: 2
        time_merge_windows: 4.588e-06
        time_remove_window: 1.036e-06
        time_remove_window: 4.458e-06
        timing_PlanIn:
            total_PlanIn:0.27162
            num_until_goal_expanded:1901
            timing_expansions:
                total_S3Exp: 0.271611
                time_top_o: 0.00111013
                time_check_in_c: 0.00067861
                time_add_parent: 0.000802277
                num_neighbors: 415031
                time_add_neighbors_to_o: 0.251226
    num_new_collisions: 21
    timing_PIOW_new_collisions:
        total_PIOW: 0.0516547
        num_windows: 457
        time_check_overlap: 1.5416e-05
        num_overlapping_windows: 4
        time_merge_windows: 0
        time_remove_window: 1.38091
        time_remove_window: 1.0903e-05
        timing_PlanIn:
            total_PlanIn:0.0515786
            num_until_goal_expanded:859
            timing_expansions:
                total_S3Exp: 0.0515333
                time_top_o: 0.000196741
                time_check_in_c: 0.000200799
                time_add_parent: 0.000294061
                num_neighbors: 87961
                time_add_neighbors_to_o: 0.0464711
    num_windows_should_quit: 0
    time_should_quit: 4.639e-05
    time_remove_window: 0
Complete!
