Total time: 0.0391408
is_optimal: false
optimality_bound: 1.00161
successive_bounds: [1.00644, 1.00402, 1.00402, 1.00161, 1.00161, 1.00161, 1.00161, 1.00161, 1.00161, 1.00161, 1.00161, 1.00161, 1.00161]
successive_runtimes: [0.00949814, 0.0105474, 0.0115891, 0.0167486, 0.0203704, 0.0220637, 0.0239702, 0.0260334, 0.028141, 0.0306106, 0.0334773, 0.0362164, 0.0391407]
num_agents: 20
time_individual_plan: 0.00773491
time_first_plan: 0.00100499
num_max_agents_in_window_first_iteration: 2
num_recWAMPF: 13
timing_recWAMPF:
    total_RecWAMPF: 0.0306444
    num_windows: 130
    num_max_agents_in_window: 3
    timing_gari:
        total_GARI: 0.0244949
        time_path_btw_starts: 0.000555139
        Stage1:
            total_Stage1:0.00621609
            time_add_x_to_o: 0.00444539
            time_clear_x: 0.000644373
            timing_AStarSearchUntil:
                total_astar_search_until:0.00111807
                num_values_f_less_fmax:188
                ASU Exp:
                    total_ASUExp:0.00111445
                    time_top_o:6.013e-05
                    time_check_in_c:6.8128e-05
                    time_add_parent:5.5991e-05
                    num_neighbors:1903
                    time_add_neighbors_to_o:0.000797397
        Stage2:
            total_Stage2:0.0042442
            num_len_path:129
            time_expanding_s:0.000148407
            timing_AStarSearchUntil:
                total_astar_search_until:0.00405413
                num_values_f_less_fmax:222
                ASU Exp:
                    total_ASUExp:0.0040511
                    time_top_o:6.7174e-05
                    time_check_in_c:4.8469e-05
                    time_add_parent:8.2325e-05
                    num_neighbors:7848
                    time_add_neighbors_to_o:0.00353683
        Stage3:
            total_Stage3:0.0132251
            num_until_goal_expanded:1115
            timing_S3Exp:
                total_S3Exp: 0.00756576
                time_top_o: 0.000306507
                time_check_in_c: 0.000166643
                time_add_parent: 0.000280204
                num_neighbors: 9904
                time_add_neighbors_to_o: 0.00544701
    timing_PIOW_overlapping:
        total_PIOW: 0.00413717
        num_windows: 330
        time_check_overlap: 1.7081e-05
        num_overlapping_windows: 1
        time_merge_windows: 1.235e-06
        time_remove_window: 2.2e-07
        time_remove_window: 1.17e-06
        timing_PlanIn:
            total_PlanIn:0.00410479
            num_until_goal_expanded:73
            timing_expansions:
                total_S3Exp: 0.004102
                time_top_o: 2.1081e-05
                time_check_in_c: 1.4288e-05
                time_add_parent: 2.3587e-05
                num_neighbors: 6323
                time_add_neighbors_to_o: 0.00371891
    num_new_collisions: 6
    timing_PIOW_new_collisions:
        total_PIOW: 0.000743239
        num_windows: 30
        time_check_overlap: 1.508e-06
        num_overlapping_windows: 0
        time_merge_windows: 0
        time_remove_window: 0
        time_remove_window: 1.785e-06
        timing_PlanIn:
            total_PlanIn:0.000732372
            num_until_goal_expanded:82
            timing_expansions:
                total_S3Exp: 0.00072106
                time_top_o: 1.3086e-05
                time_check_in_c: 1.6011e-05
                time_add_parent: 2.501e-05
                num_neighbors: 982
                time_add_neighbors_to_o: 0.000534632
    num_windows_should_quit: 0
    time_should_quit: 4.254e-06
    time_remove_window: 0
Complete!
