Total time: 0.113743
is_optimal: false
optimality_bound: 1.00159
successive_bounds: [1.00238, 1.00238, 1.00238, 1.00238, 1.00238, 1.00238, 1.00238, 1.00238, 1.00238, 1.00238, 1.00159, 1.00159, 1.00159, 1.00159, 1.00159, 1.00159, 1.00159, 1.00159, 1.00159, 1.00159, 1.00159, 1.00159]
successive_runtimes: [0.00752706, 0.017001, 0.0233516, 0.0290527, 0.034549, 0.0405506, 0.0472987, 0.053634, 0.0586126, 0.0626991, 0.0773123, 0.0868957, 0.090158, 0.0932146, 0.0955521, 0.0978769, 0.100227, 0.102542, 0.104852, 0.10726, 0.109794, 0.113743]
num_agents: 40
time_individual_plan: 0.00535113
time_first_plan: 0.00164435
num_max_agents_in_window_first_iteration: 2
num_recWAMPF: 22
timing_recWAMPF:
    total_RecWAMPF: 0.107856
    num_windows: 49
    num_max_agents_in_window: 4
    timing_gari:
        total_GARI: 0.0783045
        time_path_btw_starts: 0.000101222
        Stage1:
            total_Stage1:0.0255598
            time_add_x_to_o: 0.0175562
            time_clear_x: 0.00241583
            timing_AStarSearchUntil:
                total_astar_search_until:0.00558423
                num_values_f_less_fmax:491
                ASU Exp:
                    total_ASUExp:0.00558297
                    time_top_o:0.000176815
                    time_check_in_c:0.00018206
                    time_add_parent:2.887e-05
                    num_neighbors:12953
                    time_add_neighbors_to_o:0.004948
        Stage2:
            total_Stage2:0.00594392
            num_len_path:29
            time_expanding_s:1.3807e-05
            timing_AStarSearchUntil:
                total_astar_search_until:0.00591419
                num_values_f_less_fmax:76
                ASU Exp:
                    total_ASUExp:0.00591321
                    time_top_o:2.6391e-05
                    time_check_in_c:1.3788e-05
                    time_add_parent:2.2401e-05
                    num_neighbors:15078
                    time_add_neighbors_to_o:0.00553707
        Stage3:
            total_Stage3:0.0466912
            num_until_goal_expanded:569
            timing_S3Exp:
                total_S3Exp: 0.0207602
                time_top_o: 0.000194559
                time_check_in_c: 9.6425e-05
                time_add_parent: 0.000339258
                num_neighbors: 40369
                time_add_neighbors_to_o: 0.0191749
    timing_PIOW_overlapping:
        total_PIOW: 0.00890558
        num_windows: 47
        time_check_overlap: 5.83e-07
        num_overlapping_windows: 5
        time_merge_windows: 4.538e-06
        time_remove_window: 6.72e-07
        time_remove_window: 4.309e-06
        timing_PlanIn:
            total_PlanIn:0.00889412
            num_until_goal_expanded:193
            timing_expansions:
                total_S3Exp: 0.00888553
                time_top_o: 4.3045e-05
                time_check_in_c: 3.3864e-05
                time_add_parent: 4.9783e-05
                num_neighbors: 17485
                time_add_neighbors_to_o: 0.00802471
    num_new_collisions: 7
    timing_PIOW_new_collisions:
        total_PIOW: 0.0112298
        num_windows: 31
        time_check_overlap: 1.144e-06
        num_overlapping_windows: 1
        time_merge_windows: 0
        time_remove_window: 0.0668797
        time_remove_window: 2.092e-06
        timing_PlanIn:
            total_PlanIn:0.0112179
            num_until_goal_expanded:121
            timing_expansions:
                total_S3Exp: 0.0112055
                time_top_o: 2.3464e-05
                time_check_in_c: 2.6357e-05
                time_add_parent: 3.2716e-05
                num_neighbors: 17600
                time_add_neighbors_to_o: 0.0104705
    num_windows_should_quit: 0
    time_should_quit: 1.75e-06
    time_remove_window: 0
Complete!
