Total time: 0.236693
is_optimal: true
optimality_bound: 1
successive_bounds: [1.00477, 1.00477, 1.00477, 1.00404, 1.0033, 1.0033, 1.00257, 1.0022, 1.00147, 1.00147, 1.00147, 1.00147, 1.00073, 1.00073, 1.00073, 1.00073, 1.00073, 1.00073, 1.00073, 1.00073, 1.00073, 1.00073, 1.00073, 1.00073, 1.00073, 1.00073, 1, 1]
successive_runtimes: [0.0109823, 0.0135654, 0.0163966, 0.0195251, 0.0357324, 0.0511053, 0.0598598, 0.069841, 0.0784986, 0.0876332, 0.0973196, 0.107594, 0.116438, 0.126514, 0.133953, 0.143964, 0.151429, 0.158567, 0.166164, 0.174129, 0.181189, 0.188162, 0.198464, 0.207049, 0.215738, 0.224249, 0.236693]
num_agents: 40
time_individual_plan: 0.00796291
time_first_plan: 0.00248157
num_max_agents_in_window_first_iteration: 2
num_recWAMPF: 27
timing_recWAMPF:
    total_RecWAMPF: 0.228188
    num_windows: 325
    num_max_agents_in_window: 4
    timing_gari:
        total_GARI: 0.200401
        time_path_btw_starts: 0.000830344
        Stage1:
            total_Stage1:0.0484253
            time_add_x_to_o: 0.0275716
            time_clear_x: 0.0038095
            timing_AStarSearchUntil:
                total_astar_search_until:0.0170249
                num_values_f_less_fmax:10931
                ASU Exp:
                    total_ASUExp:0.0170166
                    time_top_o:0.00269489
                    time_check_in_c:0.00149911
                    time_add_parent:0.000981614
                    num_neighbors:21019
                    time_add_neighbors_to_o:0.00861431
        Stage2:
            total_Stage2:0.0123474
            num_len_path:281
            time_expanding_s:0.000159112
            timing_AStarSearchUntil:
                total_astar_search_until:0.0120639
                num_values_f_less_fmax:719
                ASU Exp:
                    total_ASUExp:0.0120573
                    time_top_o:0.00021732
                    time_check_in_c:0.000149465
                    time_add_parent:0.000224325
                    num_neighbors:25146
                    time_add_neighbors_to_o:0.010372
        Stage3:
            total_Stage3:0.138735
            num_until_goal_expanded:5954
            timing_S3Exp:
                total_S3Exp: 0.0583389
                time_top_o: 0.00147397
                time_check_in_c: 0.000906586
                time_add_parent: 0.00173618
                num_neighbors: 85732
                time_add_neighbors_to_o: 0.0468477
    timing_PIOW_overlapping:
        total_PIOW: 0.00217552
        num_windows: 982
        time_check_overlap: 3.768e-05
        num_overlapping_windows: 1
        time_merge_windows: 1.142e-06
        time_remove_window: 1.81e-07
        time_remove_window: 1.092e-06
        timing_PlanIn:
            total_PlanIn:0.00211057
            num_until_goal_expanded:52
            timing_expansions:
                total_S3Exp: 0.00210848
                time_top_o: 1.16e-05
                time_check_in_c: 9.14e-06
                time_add_parent: 1.4357e-05
                num_neighbors: 3723
                time_add_neighbors_to_o: 0.00189993
    num_new_collisions: 8
    timing_PIOW_new_collisions:
        total_PIOW: 0.0118357
        num_windows: 53
        time_check_overlap: 1.609e-06
        num_overlapping_windows: 1
        time_merge_windows: 0
        time_remove_window: 0.0246807
        time_remove_window: 2.296e-06
        timing_PlanIn:
            total_PlanIn:0.0118213
            num_until_goal_expanded:209
            timing_expansions:
                total_S3Exp: 0.0118072
                time_top_o: 3.3234e-05
                time_check_in_c: 4.035e-05
                time_add_parent: 5.7975e-05
                num_neighbors: 22767
                time_add_neighbors_to_o: 0.0108182
    num_windows_should_quit: 0
    time_should_quit: 2.2785e-05
    time_remove_window: 0
Complete!
