Total time: 5.3722
is_optimal: false
optimality_bound: 1.00141
successive_bounds: [1.01519, 1.00495, 1.00459, 1.00459, 1.00389, 1.00389, 1.00389, 1.00318, 1.00318, 1.00318, 1.00318, 1.00318, 1.00141, 1.00141, 1.00141]
successive_runtimes: [0.0108473, 0.0222529, 0.0280585, 0.0309355, 0.033939, 0.0369297, 0.0404069, 0.0441029, 0.0476514, 0.050984, 0.0583233, 0.0684033, 0.412234, 2.78021, 5.3722]
num_agents: 40
time_individual_plan: 0.00587398
time_first_plan: 0.00438287
num_max_agents_in_window_first_iteration: 2
num_recWAMPF: 15
timing_recWAMPF:
    total_RecWAMPF: 5.36573
    num_windows: 232
    num_max_agents_in_window: 6
    timing_gari:
        total_GARI: 3.07794
        time_path_btw_starts: 0.000785741
        Stage1:
            total_Stage1:0.841565
            time_add_x_to_o: 0.70983
            time_clear_x: 0.114957
            timing_AStarSearchUntil:
                total_astar_search_until:0.0167656
                num_values_f_less_fmax:5327
                ASU Exp:
                    total_ASUExp:0.0167601
                    time_top_o:0.00133661
                    time_check_in_c:0.000877464
                    time_add_parent:0.000439033
                    num_neighbors:31494
                    time_add_neighbors_to_o:0.0120007
        Stage2:
            total_Stage2:0.0869538
            num_len_path:243
            time_expanding_s:0.00126642
            timing_AStarSearchUntil:
                total_astar_search_until:0.0856206
                num_values_f_less_fmax:5557
                ASU Exp:
                    total_ASUExp:0.0856157
                    time_top_o:0.00197012
                    time_check_in_c:0.00114457
                    time_add_parent:0.00153093
                    num_neighbors:159759
                    time_add_neighbors_to_o:0.0669283
        Stage3:
            total_Stage3:2.14774
            num_until_goal_expanded:2712
            timing_S3Exp:
                total_S3Exp: 1.14506
                time_top_o: 0.00155891
                time_check_in_c: 0.00041728
                time_add_parent: 0.000877841
                num_neighbors: 1090288
                time_add_neighbors_to_o: 0.927749
    timing_PIOW_overlapping:
        total_PIOW: 0.0150366
        num_windows: 998
        time_check_overlap: 3.4045e-05
        num_overlapping_windows: 5
        time_merge_windows: 5.673e-06
        time_remove_window: 8.96e-07
        time_remove_window: 5.453e-06
        timing_PlanIn:
            total_PlanIn:0.0149682
            num_until_goal_expanded:847
            timing_expansions:
                total_S3Exp: 0.0149584
                time_top_o: 0.000177845
                time_check_in_c: 0.000151878
                time_add_parent: 0.000216229
                num_neighbors: 24992
                time_add_neighbors_to_o: 0.0126775
    num_new_collisions: 12
    timing_PIOW_new_collisions:
        total_PIOW: 2.2644
        num_windows: 102
        time_check_overlap: 5.45e-06
        num_overlapping_windows: 3
        time_merge_windows: 0
        time_remove_window: 1.09977
        time_remove_window: 7.229e-06
        timing_PlanIn:
            total_PlanIn:2.26436
            num_until_goal_expanded:1506
            timing_expansions:
                total_S3Exp: 2.26433
                time_top_o: 0.00139082
                time_check_in_c: 0.0003465
                time_add_parent: 0.000651119
                num_neighbors: 3221826
                time_add_neighbors_to_o: 2.17757
    num_windows_should_quit: 0
    time_should_quit: 8.7e-06
    time_remove_window: 0
Complete!
