Total time: 9.79914
is_optimal: false
optimality_bound: 1.00157
successive_bounds: [1.00787, 1.00787, 1.00787, 1.00787, 1.00629, 1.00629, 1.00629, 1.00472, 1.00472, 1.00472, 1.00472, 1.00472, 1.00472, 1.00472, 1.00472, 1.00472, 1.00472, 1.00472, 1.00472, 1.00472, 1.00472, 1.00472, 1.00472, 1.00315, 1.00315, 1.00157, 1.00157, 1.00157, 1.00157, 1.00157, 1.00157, 1.00157, 1.00157, 1.00157, 1.00157, 1.00157, 1.00157]
successive_runtimes: [0.00559723, 0.0168061, 0.0293124, 0.0473156, 0.0979923, 0.146596, 0.187067, 0.289858, 0.389546, 0.456078, 0.525961, 0.599152, 0.676623, 0.757494, 0.841031, 0.927388, 1.02256, 1.11103, 1.20914, 1.30159, 1.39396, 1.49323, 1.60461, 1.86877, 2.25646, 2.66398, 3.07288, 3.52222, 4.02126, 4.56997, 5.17559, 5.86849, 6.54172, 7.25432, 8.05073, 8.88967, 9.79914]
num_agents: 20
time_individual_plan: 0.00228546
time_first_plan: 0.00280037
num_max_agents_in_window_first_iteration: 3
num_recWAMPF: 37
timing_recWAMPF:
    total_RecWAMPF: 9.79634
    num_windows: 270
    num_max_agents_in_window: 3
    timing_gari:
        total_GARI: 9.78926
        time_path_btw_starts: 0.000746779
        Stage1:
            total_Stage1:5.03179
            time_add_x_to_o: 1.41066
            time_clear_x: 1.04559
            timing_AStarSearchUntil:
                total_astar_search_until:2.57551
                num_values_f_less_fmax:135160
                ASU Exp:
                    total_ASUExp:2.5755
                    time_top_o:0.124125
                    time_check_in_c:0.0528311
                    time_add_parent:0.016781
                    num_neighbors:4451421
                    time_add_neighbors_to_o:2.29447
        Stage2:
            total_Stage2:0.0440097
            num_len_path:210
            time_expanding_s:0.000154608
            timing_AStarSearchUntil:
                total_astar_search_until:0.043698
                num_values_f_less_fmax:848
                ASU Exp:
                    total_ASUExp:0.0436923
                    time_top_o:0.000360036
                    time_check_in_c:0.00016843
                    time_add_parent:0.000284848
                    num_neighbors:96678
                    time_add_neighbors_to_o:0.0417598
        Stage3:
            total_Stage3:4.71263
            num_until_goal_expanded:138864
            timing_S3Exp:
                total_S3Exp: 2.36351
                time_top_o: 0.0954526
                time_check_in_c: 0.0294017
                time_add_parent: 0.0858819
                num_neighbors: 4030420
                time_add_neighbors_to_o: 1.97671
    timing_PIOW_overlapping:
        total_PIOW: 4.2977e-05
        num_windows: 499
        time_check_overlap: 2.8484e-05
        num_overlapping_windows: 0
        time_merge_windows: 0
        time_remove_window: 0
        time_remove_window: 0
        timing_PlanIn:
            total_PlanIn:0
            num_until_goal_expanded:0
            timing_expansions:
                total_S3Exp: 0
                time_top_o: 0
                time_check_in_c: 0
                time_add_parent: 0
                num_neighbors: 0
                time_add_neighbors_to_o: 0
    num_new_collisions: 5
    timing_PIOW_new_collisions:
        total_PIOW: 0.0025383
        num_windows: 22
        time_check_overlap: 7e-07
        num_overlapping_windows: 1
        time_merge_windows: 0
        time_remove_window: 0.00341285
        time_remove_window: 1.219e-06
        timing_PlanIn:
            total_PlanIn:0.00253028
            num_until_goal_expanded:136
            timing_expansions:
                total_S3Exp: 0.00252105
                time_top_o: 1.9416e-05
                time_check_in_c: 2.4667e-05
                time_add_parent: 5.1084e-05
                num_neighbors: 4604
                time_add_neighbors_to_o: 0.00210561
    num_windows_should_quit: 1
    time_should_quit: 1.9075e-05
    time_remove_window: 3.62e-07
Complete!
