Total time: 0.117818
is_optimal: true
optimality_bound: 1
successive_bounds: [1.00284, 1.00284, 1.00284, 1.00284, 1.00284, 1.00284, 1.00284, 1.00284, 1.00284, 1.00284, 1.00284, 1.00284, 1.00284, 1.00284, 1.00284, 1.00284, 1.00284, 1.00284, 1.00284, 1.00284, 1, 1]
successive_runtimes: [0.00911684, 0.00954363, 0.00994547, 0.0103366, 0.0107937, 0.0112313, 0.0116986, 0.0121321, 0.0126998, 0.0134879, 0.0142698, 0.0150971, 0.0159263, 0.0167705, 0.0173533, 0.0178401, 0.0213205, 0.0223761, 0.023761, 0.0253784, 0.117818]
num_agents: 10
time_individual_plan: 0.00657662
time_first_plan: 0.000581332
num_max_agents_in_window_first_iteration: 2
num_recWAMPF: 21
timing_recWAMPF:
    total_RecWAMPF: 0.109272
    num_windows: 41
    num_max_agents_in_window: 2
    timing_gari:
        total_GARI: 0.107042
        time_path_btw_starts: 0.000490626
        Stage1:
            total_Stage1:0.00118863
            time_add_x_to_o: 0.00107165
            time_clear_x: 0.000103284
            timing_AStarSearchUntil:
                total_astar_search_until:5.998e-06
                num_values_f_less_fmax:0
                ASU Exp:
                    total_ASUExp:2.102e-06
                    time_top_o:0
                    time_check_in_c:0
                    time_add_parent:0
                    num_neighbors:0
                    time_add_neighbors_to_o:0
        Stage2:
            total_Stage2:0.0934599
            num_len_path:61
            time_expanding_s:0.000207487
            timing_AStarSearchUntil:
                total_astar_search_until:0.0932097
                num_values_f_less_fmax:2133
                ASU Exp:
                    total_ASUExp:0.0932063
                    time_top_o:0.00260295
                    time_check_in_c:0.00149288
                    time_add_parent:0.00315519
                    num_neighbors:54996
                    time_add_neighbors_to_o:0.0774931
        Stage3:
            total_Stage3:0.0118636
            num_until_goal_expanded:163
            timing_S3Exp:
                total_S3Exp: 0.00488716
                time_top_o: 0.000122789
                time_check_in_c: 0.000108616
                time_add_parent: 0.000206903
                num_neighbors: 1975
                time_add_neighbors_to_o: 0.00326531
    timing_PIOW_overlapping:
        total_PIOW: 2.208e-06
        num_windows: 20
        time_check_overlap: 0
        num_overlapping_windows: 0
        time_merge_windows: 0
        time_remove_window: 0
        time_remove_window: 0
        timing_PlanIn:
            total_PlanIn:0
            num_until_goal_expanded:0
            timing_expansions:
                total_S3Exp: 0
                time_top_o: 0
                time_check_in_c: 0
                time_add_parent: 0
                num_neighbors: 0
                time_add_neighbors_to_o: 0
    num_new_collisions: 1
    timing_PIOW_new_collisions:
        total_PIOW: 0.000462871
        num_windows: 0
        time_check_overlap: 0
        num_overlapping_windows: 0
        time_merge_windows: 0
        time_remove_window: 0
        time_remove_window: 9.69e-07
        timing_PlanIn:
            total_PlanIn:0.000458111
            num_until_goal_expanded:8
            timing_expansions:
                total_S3Exp: 0.000447182
                time_top_o: 5.864e-06
                time_check_in_c: 7.516e-06
                time_add_parent: 1.3369e-05
                num_neighbors: 160
                time_add_neighbors_to_o: 0.000359504
    num_windows_should_quit: 0
    time_should_quit: 4.984e-06
    time_remove_window: 0
Complete!
