Total time: 0.0547917
is_optimal: true
optimality_bound: 1
successive_bounds: [1.00289, 1.00289, 1.00289, 1.00289, 1.00289, 1.00289, 1.00289, 1.00289, 1.00289, 1.00289, 1.00289, 1.00289, 1.00289, 1.00289, 1.00289, 1.00289, 1.00289, 1.00289, 1.00289, 1.00289, 1.00289, 1.00289, 1.00289, 1, 1]
successive_runtimes: [0.00188239, 0.00200725, 0.00212966, 0.00226073, 0.00239705, 0.00253167, 0.00267225, 0.00281338, 0.00294167, 0.00306844, 0.00320768, 0.00333868, 0.00353201, 0.00367224, 0.00381334, 0.00396017, 0.00410716, 0.00425797, 0.00441567, 0.00457243, 0.00473183, 0.00489693, 0.00506377, 0.0547916]
num_agents: 10
time_individual_plan: 0.00119783
time_first_plan: 0.000162591
num_max_agents_in_window_first_iteration: 2
num_recWAMPF: 24
timing_recWAMPF:
    total_RecWAMPF: 0.053069
    num_windows: 47
    num_max_agents_in_window: 2
    timing_gari:
        total_GARI: 0.0524015
        time_path_btw_starts: 0.000105524
        Stage1:
            total_Stage1:0.000270084
            time_add_x_to_o: 0.000238837
            time_clear_x: 2.6718e-05
            timing_AStarSearchUntil:
                total_astar_search_until:2.178e-06
                num_values_f_less_fmax:0
                ASU Exp:
                    total_ASUExp:1.145e-06
                    time_top_o:0
                    time_check_in_c:0
                    time_add_parent:0
                    num_neighbors:0
                    time_add_neighbors_to_o:0
        Stage2:
            total_Stage2:0.0485888
            num_len_path:70
            time_expanding_s:2.6534e-05
            timing_AStarSearchUntil:
                total_astar_search_until:0.0485508
                num_values_f_less_fmax:3912
                ASU Exp:
                    total_ASUExp:0.0485498
                    time_top_o:0.00141898
                    time_check_in_c:0.000798997
                    time_add_parent:0.00108839
                    num_neighbors:98648
                    time_add_neighbors_to_o:0.0414273
        Stage3:
            total_Stage3:0.00342972
            num_until_goal_expanded:52
            timing_S3Exp:
                total_S3Exp: 0.000361683
                time_top_o: 7.807e-06
                time_check_in_c: 4.939e-06
                time_add_parent: 1.0909e-05
                num_neighbors: 320
                time_add_neighbors_to_o: 0.000187612
    timing_PIOW_overlapping:
        total_PIOW: 5.73e-07
        num_windows: 23
        time_check_overlap: 0
        num_overlapping_windows: 0
        time_merge_windows: 0
        time_remove_window: 0
        time_remove_window: 0
        timing_PlanIn:
            total_PlanIn:0
            num_until_goal_expanded:0
            timing_expansions:
                total_S3Exp: 0
                time_top_o: 0
                time_check_in_c: 0
                time_add_parent: 0
                num_neighbors: 0
                time_add_neighbors_to_o: 0
    num_new_collisions: 1
    timing_PIOW_new_collisions:
        total_PIOW: 0.000126859
        num_windows: 0
        time_check_overlap: 0
        num_overlapping_windows: 0
        time_merge_windows: 0
        time_remove_window: 0
        time_remove_window: 3.08e-07
        timing_PlanIn:
            total_PlanIn:0.000125252
            num_until_goal_expanded:8
            timing_expansions:
                total_S3Exp: 0.000122238
                time_top_o: 1.637e-06
                time_check_in_c: 2.361e-06
                time_add_parent: 2.992e-06
                num_neighbors: 160
                time_add_neighbors_to_o: 9.8541e-05
    num_windows_should_quit: 0
    time_should_quit: 1.662e-06
    time_remove_window: 0
Complete!
