Total time: 0.376278
is_optimal: true
optimality_bound: 1
successive_bounds: [1.02494, 1.02341, 1.02341, 1.02341, 1.02341, 1.02341, 1.02341, 1.02341, 1.02341, 1.02341, 1.02341, 1.02341, 1.02341, 1.02341, 1.02341, 1.02341, 1.02341, 1.02341, 1.02341, 1.02341, 1.02341, 1.02341, 1.02341, 1.02341, 1.02341, 1.02341, 1.02341, 1.02341, 1.02341, 1.02341, 1.02341, 1.02341, 1]
successive_runtimes: [0.19925, 0.334544, 0.336792, 0.338255, 0.339666, 0.34106, 0.342458, 0.343843, 0.345232, 0.346744, 0.34809, 0.349456, 0.350794, 0.352223, 0.353567, 0.354896, 0.35622, 0.357554, 0.358874, 0.360187, 0.361505, 0.362791, 0.364081, 0.365362, 0.366638, 0.367955, 0.369225, 0.370709, 0.372191, 0.373703, 0.375001, 0.376278]
num_agents: 40
time_individual_plan: 0.0179797
time_first_plan: 0.179712
num_max_agents_in_window_first_iteration: 3
num_recWAMPF: 32
timing_recWAMPF:
    total_RecWAMPF: 0.356732
    num_windows: 70
    num_max_agents_in_window: 3
    timing_gari:
        total_GARI: 0.0249063
        time_path_btw_starts: 0.000222141
        Stage1:
            total_Stage1:0.000645145
            time_add_x_to_o: 0.000578927
            time_clear_x: 5.7416e-05
            timing_AStarSearchUntil:
                total_astar_search_until:3.642e-06
                num_values_f_less_fmax:0
                ASU Exp:
                    total_ASUExp:1.344e-06
                    time_top_o:0
                    time_check_in_c:0
                    time_add_parent:0
                    num_neighbors:0
                    time_add_neighbors_to_o:0
        Stage2:
            total_Stage2:0.00224206
            num_len_path:35
            time_expanding_s:3.0885e-05
            timing_AStarSearchUntil:
                total_astar_search_until:0.00217867
                num_values_f_less_fmax:40
                ASU Exp:
                    total_ASUExp:0.00217683
                    time_top_o:2.1781e-05
                    time_check_in_c:1.9716e-05
                    time_add_parent:3.5014e-05
                    num_neighbors:3254
                    time_add_neighbors_to_o:0.00191802
        Stage3:
            total_Stage3:0.0217723
            num_until_goal_expanded:421
            timing_S3Exp:
                total_S3Exp: 0.0043277
                time_top_o: 0.000142914
                time_check_in_c: 0.000110647
                time_add_parent: 0.000269415
                num_neighbors: 2590
                time_add_neighbors_to_o: 0.00233393
    timing_PIOW_overlapping:
        total_PIOW: 0.134202
        num_windows: 65
        time_check_overlap: 1.224e-06
        num_overlapping_windows: 6
        time_merge_windows: 1.4543e-05
        time_remove_window: 1.592e-06
        time_remove_window: 1.4098e-05
        timing_PlanIn:
            total_PlanIn:0.134169
            num_until_goal_expanded:1774
            timing_expansions:
                total_S3Exp: 0.134133
                time_top_o: 0.000600076
                time_check_in_c: 0.000645569
                time_add_parent: 0.00128556
                num_neighbors: 155345
                time_add_neighbors_to_o: 0.119997
    num_new_collisions: 8
    timing_PIOW_new_collisions:
        total_PIOW: 0.17502
        num_windows: 57
        time_check_overlap: 5.688e-06
        num_overlapping_windows: 1
        time_merge_windows: 0
        time_remove_window: 0.0270447
        time_remove_window: 7.42e-06
        timing_PlanIn:
            total_PlanIn:0.174976
            num_until_goal_expanded:1688
            timing_expansions:
                total_S3Exp: 0.174931
                time_top_o: 0.000805845
                time_check_in_c: 0.000904831
                time_add_parent: 0.00180351
                num_neighbors: 146170
                time_add_neighbors_to_o: 0.155731
    num_windows_should_quit: 1
    time_should_quit: 7.594e-06
    time_remove_window: 2.28e-07
Complete!
