Total time: 0.0442262
is_optimal: true
optimality_bound: 1
successive_bounds: [1.00364, 1.00312, 1.00312, 1.00312, 1.00312, 1.00312, 1.00312, 1.00312, 1.00312, 1.00312, 1.00312, 1.00208, 1.00208, 1.00208, 1.00208, 1.00208, 1.00208, 1.00208, 1.00208, 1.00208, 1.00104, 1.00104, 1.00104, 1.00104, 1.00104, 1.00104, 1, 1]
successive_runtimes: [0.00634837, 0.00727779, 0.00808126, 0.00890392, 0.00979204, 0.0107544, 0.0123963, 0.013422, 0.0145216, 0.0156198, 0.017102, 0.0187244, 0.0202308, 0.0219196, 0.0233916, 0.0248128, 0.026325, 0.0279407, 0.029441, 0.0309378, 0.0343177, 0.0359268, 0.0374144, 0.0389423, 0.0406292, 0.042302, 0.0442262]
num_agents: 30
time_individual_plan: 0.0048236
time_first_plan: 0.000832286
num_max_agents_in_window_first_iteration: 2
num_recWAMPF: 27
timing_recWAMPF:
    total_RecWAMPF: 0.0387039
    num_windows: 212
    num_max_agents_in_window: 2
    timing_gari:
        total_GARI: 0.0320703
        time_path_btw_starts: 0.000552652
        Stage1:
            total_Stage1:0.0108083
            time_add_x_to_o: 0.00427446
            time_clear_x: 0.000550588
            timing_AStarSearchUntil:
                total_astar_search_until:0.00597045
                num_values_f_less_fmax:875
                ASU Exp:
                    total_ASUExp:0.00596453
                    time_top_o:0.000270977
                    time_check_in_c:0.000200401
                    time_add_parent:0.000162227
                    num_neighbors:10770
                    time_add_neighbors_to_o:0.00461751
        Stage2:
            total_Stage2:0.00607892
            num_len_path:210
            time_expanding_s:0.000101005
            timing_AStarSearchUntil:
                total_astar_search_until:0.0059158
                num_values_f_less_fmax:435
                ASU Exp:
                    total_ASUExp:0.00591055
                    time_top_o:0.00013112
                    time_check_in_c:0.000102107
                    time_add_parent:0.000161156
                    num_neighbors:11092
                    time_add_neighbors_to_o:0.00496183
        Stage3:
            total_Stage3:0.0145809
            num_until_goal_expanded:574
            timing_S3Exp:
                total_S3Exp: 0.00536512
                time_top_o: 0.000148956
                time_check_in_c: 8.7608e-05
                time_add_parent: 0.000163725
                num_neighbors: 7037
                time_add_neighbors_to_o: 0.0037287
    timing_PIOW_overlapping:
        total_PIOW: 3.6519e-05
        num_windows: 416
        time_check_overlap: 1.8913e-05
        num_overlapping_windows: 0
        time_merge_windows: 0
        time_remove_window: 0
        time_remove_window: 0
        timing_PlanIn:
            total_PlanIn:0
            num_until_goal_expanded:0
            timing_expansions:
                total_S3Exp: 0
                time_top_o: 0
                time_check_in_c: 0
                time_add_parent: 0
                num_neighbors: 0
                time_add_neighbors_to_o: 0
    num_new_collisions: 4
    timing_PIOW_new_collisions:
        total_PIOW: 0.000428753
        num_windows: 12
        time_check_overlap: 6.61e-07
        num_overlapping_windows: 0
        time_merge_windows: 0
        time_remove_window: 0
        time_remove_window: 1.624e-06
        timing_PlanIn:
            total_PlanIn:0.000415932
            num_until_goal_expanded:39
            timing_expansions:
                total_S3Exp: 0.000407933
                time_top_o: 7.098e-06
                time_check_in_c: 7.729e-06
                time_add_parent: 1.2828e-05
                num_neighbors: 593
                time_add_neighbors_to_o: 0.000295918
    num_windows_should_quit: 0
    time_should_quit: 6.711e-06
    time_remove_window: 0
Complete!
