Total time: 58.3879
is_optimal: false
optimality_bound: 1.00208
successive_bounds: [1.01205, 1.0054, 1.0054, 1.0054, 1.0054, 1.00374, 1.00291, 1.00208, 1.00208, 1.00208, 1.00208, 1.00208, 1.00208]
successive_runtimes: [0.0123195, 0.0241584, 0.0303409, 0.0347889, 0.0400051, 0.0489183, 0.0533294, 0.0618699, 0.0800303, 0.0953781, 51.0884, 55.5105, 58.3879]
num_agents: 40
time_individual_plan: 0.00775396
time_first_plan: 0.00389364
num_max_agents_in_window_first_iteration: 2
num_recWAMPF: 13
timing_recWAMPF:
    total_RecWAMPF: 58.3794
    num_windows: 161
    num_max_agents_in_window: 4
    timing_gari:
        total_GARI: 7.36834
        time_path_btw_starts: 0.00709441
        Stage1:
            total_Stage1:0.79257
            time_add_x_to_o: 0.645081
            time_clear_x: 0.133145
            timing_AStarSearchUntil:
                total_astar_search_until:0.0143326
                num_values_f_less_fmax:2958
                ASU Exp:
                    total_ASUExp:0.0143272
                    time_top_o:0.000966532
                    time_check_in_c:0.000619911
                    time_add_parent:0.000418418
                    num_neighbors:21775
                    time_add_neighbors_to_o:0.0105374
        Stage2:
            total_Stage2:0.016975
            num_len_path:167
            time_expanding_s:0.000285836
            timing_AStarSearchUntil:
                total_astar_search_until:0.0166036
                num_values_f_less_fmax:783
                ASU Exp:
                    total_ASUExp:0.0165993
                    time_top_o:0.000280373
                    time_check_in_c:0.000202622
                    time_add_parent:0.00029966
                    num_neighbors:22341
                    time_add_neighbors_to_o:0.0121303
        Stage3:
            total_Stage3:6.55042
            num_until_goal_expanded:3787
            timing_S3Exp:
                total_S3Exp: 0.604793
                time_top_o: 0.00456541
                time_check_in_c: 0.00123099
                time_add_parent: 0.00224409
                num_neighbors: 312955
                time_add_neighbors_to_o: 0.393983
    timing_PIOW_overlapping:
        total_PIOW: 51.003
        num_windows: 605
        time_check_overlap: 2.8621e-05
        num_overlapping_windows: 6
        time_merge_windows: 1.7448e-05
        time_remove_window: 2.582e-06
        time_remove_window: 1.6945e-05
        timing_PlanIn:
            total_PlanIn:51.0029
            num_until_goal_expanded:103439
            timing_expansions:
                total_S3Exp: 51.0029
                time_top_o: 0.188968
                time_check_in_c: 0.0555572
                time_add_parent: 0.0959837
                num_neighbors: 45754984
                time_add_neighbors_to_o: 48.7569
    num_new_collisions: 9
    timing_PIOW_new_collisions:
        total_PIOW: 0.00369374
        num_windows: 73
        time_check_overlap: 4.367e-06
        num_overlapping_windows: 1
        time_merge_windows: 0
        time_remove_window: 0.0229679
        time_remove_window: 6.361e-06
        timing_PlanIn:
            total_PlanIn:0.00366777
            num_until_goal_expanded:222
            timing_expansions:
                total_S3Exp: 0.0036412
                time_top_o: 5.5764e-05
                time_check_in_c: 4.8384e-05
                time_add_parent: 7.1952e-05
                num_neighbors: 4942
                time_add_neighbors_to_o: 0.00298059
    num_windows_should_quit: 0
    time_should_quit: 1.7933e-05
    time_remove_window: 0
Complete!
