Total time: 56.7401
is_optimal: false
optimality_bound: 1.00569
successive_bounds: [1.00809, 1.00749, 1.00689, 1.00689, 1.00689, 1.00569, 1.00569]
successive_runtimes: [0.02847, 0.0480514, 4.84785, 16.993, 32.9123, 48.9087, 56.7401]
num_agents: 50
time_individual_plan: 0.0191252
time_first_plan: 0.00869177
num_max_agents_in_window_first_iteration: 3
num_recWAMPF: 7
timing_recWAMPF:
    total_RecWAMPF: 56.7203
    num_windows: 79
    num_max_agents_in_window: 5
    timing_gari:
        total_GARI: 51.892
        time_path_btw_starts: 0.00697546
        Stage1:
            total_Stage1:39.1966
            time_add_x_to_o: 9.74768
            time_clear_x: 3.07154
            timing_AStarSearchUntil:
                total_astar_search_until:26.3774
                num_values_f_less_fmax:24117
                ASU Exp:
                    total_ASUExp:26.3774
                    time_top_o:0.0690065
                    time_check_in_c:1.19901
                    time_add_parent:0.0143877
                    num_neighbors:38020356
                    time_add_neighbors_to_o:25.0348
        Stage2:
            total_Stage2:0.0152987
            num_len_path:49
            time_expanding_s:0.000742332
            timing_AStarSearchUntil:
                total_astar_search_until:0.0145169
                num_values_f_less_fmax:83
                ASU Exp:
                    total_ASUExp:0.0145151
                    time_top_o:4.1084e-05
                    time_check_in_c:3.3333e-05
                    time_add_parent:3.6093e-05
                    num_neighbors:18353
                    time_add_neighbors_to_o:0.0119552
        Stage3:
            total_Stage3:12.673
            num_until_goal_expanded:1986
            timing_S3Exp:
                total_S3Exp: 3.5361
                time_top_o: 0.0055591
                time_check_in_c: 0.000677473
                time_add_parent: 0.00117995
                num_neighbors: 3288974
                time_add_neighbors_to_o: 2.83466
    timing_PIOW_overlapping:
        total_PIOW: 0.413606
        num_windows: 350
        time_check_overlap: 1.7412e-05
        num_overlapping_windows: 11
        time_merge_windows: 1.1506e-05
        time_remove_window: 2.299e-06
        time_remove_window: 1.0892e-05
        timing_PlanIn:
            total_PlanIn:0.413548
            num_until_goal_expanded:1508
            timing_expansions:
                total_S3Exp: 0.413519
                time_top_o: 0.00142744
                time_check_in_c: 0.000424075
                time_add_parent: 0.000712337
                num_neighbors: 619862
                time_add_neighbors_to_o: 0.388245
    num_new_collisions: 18
    timing_PIOW_new_collisions:
        total_PIOW: 4.40824
        num_windows: 291
        time_check_overlap: 1.1354e-05
        num_overlapping_windows: 2
        time_merge_windows: 0
        time_remove_window: 0.468511
        time_remove_window: 5.442e-06
        timing_PlanIn:
            total_PlanIn:4.40819
            num_until_goal_expanded:2321
            timing_expansions:
                total_S3Exp: 4.40814
                time_top_o: 0.0043161
                time_check_in_c: 0.000727852
                time_add_parent: 0.00141016
                num_neighbors: 5851246
                time_add_neighbors_to_o: 4.21225
    num_windows_should_quit: 0
    time_should_quit: 5.736e-06
    time_remove_window: 0
Complete!
