Total time: 0.573653
is_optimal: true
optimality_bound: 1
successive_bounds: [1.00291, 1.00116, 1.00116, 1.00116, 1.00116, 1.00116, 1.00116, 1.00116, 1, 1]
successive_runtimes: [0.0418243, 0.048915, 0.0546427, 0.0593055, 0.0638954, 0.0684647, 0.0729954, 0.0781259, 0.573653]
num_agents: 30
time_individual_plan: 0.00720764
time_first_plan: 0.0338471
num_max_agents_in_window_first_iteration: 2
num_recWAMPF: 9
timing_recWAMPF:
    total_RecWAMPF: 0.565673
    num_windows: 67
    num_max_agents_in_window: 4
    timing_gari:
        total_GARI: 0.0390436
        time_path_btw_starts: 0.000197435
        Stage1:
            total_Stage1:0.00630325
            time_add_x_to_o: 0.00437288
            time_clear_x: 0.000503571
            timing_AStarSearchUntil:
                total_astar_search_until:0.00142171
                num_values_f_less_fmax:288
                ASU Exp:
                    total_ASUExp:0.00141936
                    time_top_o:0.000120196
                    time_check_in_c:7.7858e-05
                    time_add_parent:5.3446e-05
                    num_neighbors:2418
                    time_add_neighbors_to_o:0.000975742
        Stage2:
            total_Stage2:0.00199193
            num_len_path:65
            time_expanding_s:6.6119e-05
            timing_AStarSearchUntil:
                total_astar_search_until:0.00189653
                num_values_f_less_fmax:106
                ASU Exp:
                    total_ASUExp:0.00189488
                    time_top_o:3.6958e-05
                    time_check_in_c:2.6229e-05
                    time_add_parent:6.727e-05
                    num_neighbors:3744
                    time_add_neighbors_to_o:0.00159319
        Stage3:
            total_Stage3:0.0305328
            num_until_goal_expanded:164
            timing_S3Exp:
                total_S3Exp: 0.00227021
                time_top_o: 4.003e-05
                time_check_in_c: 2.8337e-05
                time_add_parent: 6.0108e-05
                num_neighbors: 2735
                time_add_neighbors_to_o: 0.00147487
    timing_PIOW_overlapping:
        total_PIOW: 1.4898e-05
        num_windows: 128
        time_check_overlap: 9.55e-06
        num_overlapping_windows: 0
        time_merge_windows: 0
        time_remove_window: 0
        time_remove_window: 0
        timing_PlanIn:
            total_PlanIn:0
            num_until_goal_expanded:0
            timing_expansions:
                total_S3Exp: 0
                time_top_o: 0
                time_check_in_c: 0
                time_add_parent: 0
                num_neighbors: 0
                time_add_neighbors_to_o: 0
    num_new_collisions: 6
    timing_PIOW_new_collisions:
        total_PIOW: 0.524779
        num_windows: 27
        time_check_overlap: 2.487e-06
        num_overlapping_windows: 3
        time_merge_windows: 0
        time_remove_window: 0.215262
        time_remove_window: 2.368e-06
        timing_PlanIn:
            total_PlanIn:0.524759
            num_until_goal_expanded:7705
            timing_expansions:
                total_S3Exp: 0.524735
                time_top_o: 0.00402573
                time_check_in_c: 0.00194795
                time_add_parent: 0.00341351
                num_neighbors: 648280
                time_add_neighbors_to_o: 0.480041
    num_windows_should_quit: 0
    time_should_quit: 4.035e-06
    time_remove_window: 0
Complete!
