Total time: 0.527819
is_optimal: true
optimality_bound: 1
successive_bounds: [1.00909, 1.00764, 1.00764, 1.00764, 1.00691, 1.00691, 1.00691, 1.00691, 1.00691, 1.00691, 1.00691, 1.00691, 1.00691, 1.00691, 1.00691, 1.00691, 1.00691, 1.00691, 1.00691, 1.00691, 1.00655, 1]
successive_runtimes: [0.237324, 0.40939, 0.455735, 0.461193, 0.468968, 0.479839, 0.489834, 0.51268, 0.513642, 0.514592, 0.515544, 0.516553, 0.517456, 0.518571, 0.519616, 0.520703, 0.521635, 0.522496, 0.524834, 0.525981, 0.527819]
num_agents: 40
time_individual_plan: 0.0245431
time_first_plan: 0.21143
num_max_agents_in_window_first_iteration: 4
num_recWAMPF: 21
timing_recWAMPF:
    total_RecWAMPF: 0.501917
    num_windows: 160
    num_max_agents_in_window: 4
    timing_gari:
        total_GARI: 0.215387
        time_path_btw_starts: 0.000630265
        Stage1:
            total_Stage1:0.00646142
            time_add_x_to_o: 0.00172769
            time_clear_x: 0.000344598
            timing_AStarSearchUntil:
                total_astar_search_until:0.0030628
                num_values_f_less_fmax:638
                ASU Exp:
                    total_ASUExp:0.0030577
                    time_top_o:0.00022669
                    time_check_in_c:9.502e-05
                    time_add_parent:0
                    num_neighbors:0
                    time_add_neighbors_to_o:0
        Stage2:
            total_Stage2:0.024881
            num_len_path:156
            time_expanding_s:0.000144507
            timing_AStarSearchUntil:
                total_astar_search_until:0.0240668
                num_values_f_less_fmax:1139
                ASU Exp:
                    total_ASUExp:0.0240626
                    time_top_o:0.000471899
                    time_check_in_c:0.000304628
                    time_add_parent:0.000757431
                    num_neighbors:23582
                    time_add_neighbors_to_o:0.0144317
        Stage3:
            total_Stage3:0.0142057
            num_until_goal_expanded:753
            timing_S3Exp:
                total_S3Exp: 0.0094054
                time_top_o: 0.000255126
                time_check_in_c: 0.000172391
                time_add_parent: 0.000352052
                num_neighbors: 10275
                time_add_neighbors_to_o: 0.00698957
    timing_PIOW_overlapping:
        total_PIOW: 0.0632591
        num_windows: 696
        time_check_overlap: 3.0233e-05
        num_overlapping_windows: 9
        time_merge_windows: 9.54e-06
        time_remove_window: 9.65e-07
        time_remove_window: 9.039e-06
        timing_PlanIn:
            total_PlanIn:0.0629085
            num_until_goal_expanded:3995
            timing_expansions:
                total_S3Exp: 0.0628808
                time_top_o: 0.0018035
                time_check_in_c: 0.000980684
                time_add_parent: 0.00247602
                num_neighbors: 87062
                time_add_neighbors_to_o: 0.0455353
    num_new_collisions: 15
    timing_PIOW_new_collisions:
        total_PIOW: 0.205905
        num_windows: 123
        time_check_overlap: 1.36e-05
        num_overlapping_windows: 3
        time_merge_windows: 6.21e-06
        time_remove_window: 7.39e-07
        time_remove_window: 4.096e-06
        timing_PlanIn:
            total_PlanIn:0.20538
            num_until_goal_expanded:11488
            timing_expansions:
                total_S3Exp: 0.205271
                time_top_o: 0.00789387
                time_check_in_c: 0.00461026
                time_add_parent: 0.0105139
                num_neighbors: 202455
                time_add_neighbors_to_o: 0.138619
    num_windows_should_quit: 3
    time_should_quit: 3.866e-06
    time_remove_window: 3.74e-07
Complete!
