Total time: 0.0123521
is_optimal: true
optimality_bound: 1
successive_bounds: [1.00166, 1.00166, 1.00166, 1.00166, 1.00166, 1.00166, 1.00166, 1, 1]
successive_runtimes: [0.00598858, 0.0063459, 0.00671797, 0.00712142, 0.00763101, 0.00842792, 0.00962362, 0.0123521]
num_agents: 20
time_individual_plan: 0.00498561
time_first_plan: 0.000275768
num_max_agents_in_window_first_iteration: 2
num_recWAMPF: 8
timing_recWAMPF:
    total_RecWAMPF: 0.00663742
    num_windows: 15
    num_max_agents_in_window: 2
    timing_gari:
        total_GARI: 0.00566188
        time_path_btw_starts: 3.7818e-05
        Stage1:
            total_Stage1:0.00352276
            time_add_x_to_o: 0.00066483
            time_clear_x: 0.000112498
            timing_AStarSearchUntil:
                total_astar_search_until:0.0027443
                num_values_f_less_fmax:477
                ASU Exp:
                    total_ASUExp:0.00274384
                    time_top_o:0.000144121
                    time_check_in_c:8.5696e-05
                    time_add_parent:9.0709e-05
                    num_neighbors:4097
                    time_add_neighbors_to_o:0.00201087
        Stage2:
            total_Stage2:0.000596946
            num_len_path:15
            time_expanding_s:6.14e-06
            timing_AStarSearchUntil:
                total_astar_search_until:0.000585225
                num_values_f_less_fmax:37
                ASU Exp:
                    total_ASUExp:0.000584824
                    time_top_o:1.0251e-05
                    time_check_in_c:7.654e-06
                    time_add_parent:1.0558e-05
                    num_neighbors:1043
                    time_add_neighbors_to_o:0.000513392
        Stage3:
            total_Stage3:0.00150114
            num_until_goal_expanded:209
            timing_S3Exp:
                total_S3Exp: 0.00110323
                time_top_o: 5.2569e-05
                time_check_in_c: 3.8493e-05
                time_add_parent: 7.1536e-05
                num_neighbors: 1698
                time_add_neighbors_to_o: 0.000713633
    timing_PIOW_overlapping:
        total_PIOW: 3.78e-07
        num_windows: 7
        time_check_overlap: 0
        num_overlapping_windows: 0
        time_merge_windows: 0
        time_remove_window: 0
        time_remove_window: 0
        timing_PlanIn:
            total_PlanIn:0
            num_until_goal_expanded:0
            timing_expansions:
                total_S3Exp: 0
                time_top_o: 0
                time_check_in_c: 0
                time_add_parent: 0
                num_neighbors: 0
                time_add_neighbors_to_o: 0
    num_new_collisions: 1
    timing_PIOW_new_collisions:
        total_PIOW: 0.000146008
        num_windows: 0
        time_check_overlap: 0
        num_overlapping_windows: 0
        time_merge_windows: 0
        time_remove_window: 0
        time_remove_window: 3.72e-07
        timing_PlanIn:
            total_PlanIn:0.000143781
            num_until_goal_expanded:15
            timing_expansions:
                total_S3Exp: 0.000140075
                time_top_o: 4.361e-06
                time_check_in_c: 5.255e-06
                time_add_parent: 9.187e-06
                num_neighbors: 133
                time_add_neighbors_to_o: 8.3827e-05
    num_windows_should_quit: 0
    time_should_quit: 5.9e-07
    time_remove_window: 0
Complete!
