Total time: 0.0439756
is_optimal: true
optimality_bound: 1
successive_bounds: [1.00196, 1.00196, 1.00098, 1.00098, 1.00098, 1.00098, 1.00098, 1.00098, 1.00098, 1.00098, 1.00098, 1.00098, 1.00098, 1.00098, 1.00098, 1.00098, 1.00098, 1.00098, 1.00098, 1.00098, 1.00098, 1.00098, 1.00098, 1.00098, 1.00098, 1, 1]
successive_runtimes: [0.00962131, 0.0110195, 0.0123856, 0.0136504, 0.0150021, 0.0162815, 0.0180106, 0.0197131, 0.0216842, 0.0236578, 0.0255697, 0.027484, 0.0313128, 0.0327049, 0.0344722, 0.0355267, 0.0365925, 0.0377291, 0.038371, 0.0390221, 0.0396773, 0.0403676, 0.041114, 0.0418943, 0.0426877, 0.0439755]
num_agents: 30
time_individual_plan: 0.00453037
time_first_plan: 0.0045639
num_max_agents_in_window_first_iteration: 3
num_recWAMPF: 26
timing_recWAMPF:
    total_RecWAMPF: 0.0389143
    num_windows: 137
    num_max_agents_in_window: 3
    timing_gari:
        total_GARI: 0.0289437
        time_path_btw_starts: 0.00028861
        Stage1:
            total_Stage1:0.00303245
            time_add_x_to_o: 0.00180758
            time_clear_x: 0.000188505
            timing_AStarSearchUntil:
                total_astar_search_until:0.00102471
                num_values_f_less_fmax:122
                ASU Exp:
                    total_ASUExp:0.00102148
                    time_top_o:3.301e-05
                    time_check_in_c:2.7758e-05
                    time_add_parent:2.7853e-05
                    num_neighbors:2260
                    time_add_neighbors_to_o:0.000795597
        Stage2:
            total_Stage2:0.0028504
            num_len_path:122
            time_expanding_s:6.1387e-05
            timing_AStarSearchUntil:
                total_astar_search_until:0.00275182
                num_values_f_less_fmax:208
                ASU Exp:
                    total_ASUExp:0.00274885
                    time_top_o:5.1839e-05
                    time_check_in_c:4.3688e-05
                    time_add_parent:7.3652e-05
                    num_neighbors:6456
                    time_add_neighbors_to_o:0.00232672
        Stage3:
            total_Stage3:0.0227506
            num_until_goal_expanded:763
            timing_S3Exp:
                total_S3Exp: 0.0126512
                time_top_o: 0.000193182
                time_check_in_c: 0.000105905
                time_add_parent: 0.000179806
                num_neighbors: 19613
                time_add_neighbors_to_o: 0.0108265
    timing_PIOW_overlapping:
        total_PIOW: 1.2303e-05
        num_windows: 185
        time_check_overlap: 7.055e-06
        num_overlapping_windows: 0
        time_merge_windows: 0
        time_remove_window: 0
        time_remove_window: 0
        timing_PlanIn:
            total_PlanIn:0
            num_until_goal_expanded:0
            timing_expansions:
                total_S3Exp: 0
                time_top_o: 0
                time_check_in_c: 0
                time_add_parent: 0
                num_neighbors: 0
                time_add_neighbors_to_o: 0
    num_new_collisions: 4
    timing_PIOW_new_collisions:
        total_PIOW: 0.00418668
        num_windows: 9
        time_check_overlap: 4.54e-07
        num_overlapping_windows: 1
        time_merge_windows: 0
        time_remove_window: 0.00589405
        time_remove_window: 1.234e-06
        timing_PlanIn:
            total_PlanIn:0.00417852
            num_until_goal_expanded:132
            timing_expansions:
                total_S3Exp: 0.00416379
                time_top_o: 2.7596e-05
                time_check_in_c: 2.3005e-05
                time_add_parent: 3.6561e-05
                num_neighbors: 5496
                time_add_neighbors_to_o: 0.00376514
    num_windows_should_quit: 1
    time_should_quit: 3.864e-06
    time_remove_window: 1.26e-07
Complete!
