Total time: 0.140604
is_optimal: true
optimality_bound: 1
successive_bounds: [1.00422, 1.00422, 1.00281, 1.00281, 1.00281, 1.00141, 1.00141, 1.00141, 1.00141, 1.00141, 1.00141, 1.00141, 1.00141, 1.00141, 1.00141, 1.00141, 1.00141, 1.00141, 1.00141, 1.00141, 1.00141, 1, 1]
successive_runtimes: [0.00638219, 0.00863524, 0.0108677, 0.0127784, 0.0146941, 0.0189164, 0.03079, 0.0357051, 0.0412573, 0.0479883, 0.0541845, 0.0606036, 0.068113, 0.0738341, 0.0813338, 0.089494, 0.096796, 0.10238, 0.108566, 0.115801, 0.126514, 0.140604]
num_agents: 20
time_individual_plan: 0.00469922
time_first_plan: 0.00100746
num_max_agents_in_window_first_iteration: 2
num_recWAMPF: 22
timing_recWAMPF:
    total_RecWAMPF: 0.135216
    num_windows: 184
    num_max_agents_in_window: 3
    timing_gari:
        total_GARI: 0.122082
        time_path_btw_starts: 0.0011003
        Stage1:
            total_Stage1:0.0582395
            time_add_x_to_o: 0.0277093
            time_clear_x: 0.00467973
            timing_AStarSearchUntil:
                total_astar_search_until:0.0258311
                num_values_f_less_fmax:2869
                ASU Exp:
                    total_ASUExp:0.0258236
                    time_top_o:0.00180272
                    time_check_in_c:0.00103198
                    time_add_parent:0.000869451
                    num_neighbors:24605
                    time_add_neighbors_to_o:0.0189097
        Stage2:
            total_Stage2:0.0147137
            num_len_path:203
            time_expanding_s:0.000430098
            timing_AStarSearchUntil:
                total_astar_search_until:0.0141703
                num_values_f_less_fmax:396
                ASU Exp:
                    total_ASUExp:0.0141639
                    time_top_o:0.000222727
                    time_check_in_c:0.000164107
                    time_add_parent:0.000426853
                    num_neighbors:14102
                    time_add_neighbors_to_o:0.0123114
        Stage3:
            total_Stage3:0.0475363
            num_until_goal_expanded:2122
            timing_S3Exp:
                total_S3Exp: 0.0274966
                time_top_o: 0.00113964
                time_check_in_c: 0.000544855
                time_add_parent: 0.00123923
                num_neighbors: 26585
                time_add_neighbors_to_o: 0.0196312
    timing_PIOW_overlapping:
        total_PIOW: 0.00881853
        num_windows: 394
        time_check_overlap: 2.9969e-05
        num_overlapping_windows: 1
        time_merge_windows: 2.662e-06
        time_remove_window: 2.86e-07
        time_remove_window: 2.575e-06
        timing_PlanIn:
            total_PlanIn:0.00876045
            num_until_goal_expanded:118
            timing_expansions:
                total_S3Exp: 0.00874387
                time_top_o: 5.4019e-05
                time_check_in_c: 5.231e-05
                time_add_parent: 9.177e-05
                num_neighbors: 6468
                time_add_neighbors_to_o: 0.007803
    num_new_collisions: 5
    timing_PIOW_new_collisions:
        total_PIOW: 0.000724728
        num_windows: 20
        time_check_overlap: 9.73e-07
        num_overlapping_windows: 0
        time_merge_windows: 0
        time_remove_window: 0
        time_remove_window: 1.523e-06
        timing_PlanIn:
            total_PlanIn:0.000714445
            num_until_goal_expanded:73
            timing_expansions:
                total_S3Exp: 0.000703819
                time_top_o: 1.1973e-05
                time_check_in_c: 1.5565e-05
                time_add_parent: 2.5135e-05
                num_neighbors: 829
                time_add_neighbors_to_o: 0.000521795
    num_windows_should_quit: 0
    time_should_quit: 2.0375e-05
    time_remove_window: 0
Complete!
