Total time: 7.2701
is_optimal: true
optimality_bound: 1
successive_bounds: [1.00182, 1.00182, 1.00182, 1.00182, 1.00182, 1.00182, 1.00091, 1.00091, 1.00046, 1.00046, 1.00046, 1.00046, 1.00046, 1.00046, 1.00046, 1.00046, 1.00046, 1.00046, 1.00046, 1.00046, 1.00046, 1.00046, 1.00046, 1.00046, 1.00046, 1.00046, 1.00046, 1, 1]
successive_runtimes: [0.00981501, 0.0136228, 0.0302373, 0.0628454, 0.121933, 0.215938, 0.300535, 0.339755, 0.359505, 0.380797, 0.405796, 0.439686, 0.471228, 0.522547, 0.619997, 0.77459, 0.991022, 1.21906, 1.52897, 1.9048, 2.31223, 2.78419, 3.38878, 4.0096, 4.7099, 5.46525, 6.2796, 7.2701]
num_agents: 30
time_individual_plan: 0.00804316
time_first_plan: 0.0011121
num_max_agents_in_window_first_iteration: 2
num_recWAMPF: 28
timing_recWAMPF:
    total_RecWAMPF: 7.26139
    num_windows: 165
    num_max_agents_in_window: 3
    timing_gari:
        total_GARI: 7.25181
        time_path_btw_starts: 0.000764033
        Stage1:
            total_Stage1:4.54079
            time_add_x_to_o: 1.51304
            time_clear_x: 0.776637
            timing_AStarSearchUntil:
                total_astar_search_until:2.25109
                num_values_f_less_fmax:95724
                ASU Exp:
                    total_ASUExp:2.25108
                    time_top_o:0.16081
                    time_check_in_c:0.0409708
                    time_add_parent:0.028733
                    num_neighbors:3600400
                    time_add_neighbors_to_o:1.91378
        Stage2:
            total_Stage2:0.030739
            num_len_path:172
            time_expanding_s:0.000140114
            timing_AStarSearchUntil:
                total_astar_search_until:0.0304605
                num_values_f_less_fmax:573
                ASU Exp:
                    total_ASUExp:0.0304561
                    time_top_o:0.000271758
                    time_check_in_c:0.00012749
                    time_add_parent:0.0002724
                    num_neighbors:55491
                    time_add_neighbors_to_o:0.0288073
        Stage3:
            total_Stage3:2.67946
            num_until_goal_expanded:32248
            timing_S3Exp:
                total_S3Exp: 0.550882
                time_top_o: 0.0225406
                time_check_in_c: 0.00967864
                time_add_parent: 0.02025
                num_neighbors: 774231
                time_add_neighbors_to_o: 0.444865
    timing_PIOW_overlapping:
        total_PIOW: 2.7957e-05
        num_windows: 243
        time_check_overlap: 1.3387e-05
        num_overlapping_windows: 0
        time_merge_windows: 0
        time_remove_window: 0
        time_remove_window: 0
        timing_PlanIn:
            total_PlanIn:0
            num_until_goal_expanded:0
            timing_expansions:
                total_S3Exp: 0
                time_top_o: 0
                time_check_in_c: 0
                time_add_parent: 0
                num_neighbors: 0
                time_add_neighbors_to_o: 0
    num_new_collisions: 4
    timing_PIOW_new_collisions:
        total_PIOW: 0.00305269
        num_windows: 13
        time_check_overlap: 7.48e-07
        num_overlapping_windows: 1
        time_merge_windows: 0
        time_remove_window: 0.011085
        time_remove_window: 1.245e-06
        timing_PlanIn:
            total_PlanIn:0.00304317
            num_until_goal_expanded:204
            timing_expansions:
                total_S3Exp: 0.00303281
                time_top_o: 3.5916e-05
                time_check_in_c: 4.1618e-05
                time_add_parent: 6.5177e-05
                num_neighbors: 4412
                time_add_neighbors_to_o: 0.00241879
    num_windows_should_quit: 0
    time_should_quit: 1.1698e-05
    time_remove_window: 0
Complete!
