Total time: 0.0729458
is_optimal: false
optimality_bound: 1.00208
successive_bounds: [1.01205, 1.0054, 1.0054, 1.0054, 1.0054, 1.00374, 1.00291, 1.00208, 1.00208, 1.00208]
successive_runtimes: [0.0101798, 0.0198158, 0.0245866, 0.0279765, 0.0321759, 0.0387156, 0.0420952, 0.0484034, 0.0620378, 0.0729458]
num_agents: 40
time_individual_plan: 0.0063247
time_first_plan: 0.00332867
num_max_agents_in_window_first_iteration: 2
num_recWAMPF: 10
timing_recWAMPF:
    total_RecWAMPF: 0.0660924
    num_windows: 148
    num_max_agents_in_window: 3
    timing_gari:
        total_GARI: 0.048577
        time_path_btw_starts: 0.0013187
        Stage1:
            total_Stage1:0.024441
            time_add_x_to_o: 0.0117855
            time_clear_x: 0.00142255
            timing_AStarSearchUntil:
                total_astar_search_until:0.0112251
                num_values_f_less_fmax:2958
                ASU Exp:
                    total_ASUExp:0.0112218
                    time_top_o:0.000715092
                    time_check_in_c:0.000434502
                    time_add_parent:0.00032633
                    num_neighbors:21775
                    time_add_neighbors_to_o:0.00830358
        Stage2:
            total_Stage2:0.010126
            num_len_path:159
            time_expanding_s:0.000197003
            timing_AStarSearchUntil:
                total_astar_search_until:0.00988792
                num_values_f_less_fmax:775
                ASU Exp:
                    total_ASUExp:0.00988499
                    time_top_o:0.000195552
                    time_check_in_c:0.000147265
                    time_add_parent:0.000212427
                    num_neighbors:21138
                    time_add_neighbors_to_o:0.00850522
        Stage3:
            total_Stage3:0.0117478
            num_until_goal_expanded:1066
            timing_S3Exp:
                total_S3Exp: 0.00656132
                time_top_o: 0.00025868
                time_check_in_c: 0.000143284
                time_add_parent: 0.000268678
                num_neighbors: 11682
                time_add_neighbors_to_o: 0.00475891
    timing_PIOW_overlapping:
        total_PIOW: 0.01033
        num_windows: 556
        time_check_overlap: 1.7488e-05
        num_overlapping_windows: 1
        time_merge_windows: 1.073e-06
        time_remove_window: 2.21e-07
        time_remove_window: 1.024e-06
        timing_PlanIn:
            total_PlanIn:0.010297
            num_until_goal_expanded:210
            timing_expansions:
                total_S3Exp: 0.0102949
                time_top_o: 5.3268e-05
                time_check_in_c: 3.6573e-05
                time_add_parent: 5.7407e-05
                num_neighbors: 18737
                time_add_neighbors_to_o: 0.00936513
    num_new_collisions: 9
    timing_PIOW_new_collisions:
        total_PIOW: 0.00283642
        num_windows: 73
        time_check_overlap: 2.384e-06
        num_overlapping_windows: 1
        time_merge_windows: 0
        time_remove_window: 0.0187477
        time_remove_window: 4.948e-06
        timing_PlanIn:
            total_PlanIn:0.00281908
            num_until_goal_expanded:222
            timing_expansions:
                total_S3Exp: 0.00279991
                time_top_o: 3.1994e-05
                time_check_in_c: 3.705e-05
                time_add_parent: 5.5615e-05
                num_neighbors: 4942
                time_add_neighbors_to_o: 0.00229801
    num_windows_should_quit: 0
    time_should_quit: 5.196e-06
    time_remove_window: 0
Complete!
