Total time: 0.967814
is_optimal: false
optimality_bound: 1.00206
successive_bounds: [1.00343, 1.00309, 1.00275, 1.00275, 1.00275, 1.00275, 1.00275, 1.00275, 1.00275, 1.00275, 1.00275, 1.00275, 1.00275, 1.00275, 1.00275, 1.00275, 1.00206]
successive_runtimes: [0.0139984, 0.0168935, 0.0194069, 0.022611, 0.048336, 0.108545, 0.196166, 0.290909, 0.377421, 0.462173, 0.545117, 0.625723, 0.703856, 0.77912, 0.844332, 0.908419, 0.967814]
num_agents: 50
time_individual_plan: 0.00820644
time_first_plan: 0.00526023
num_max_agents_in_window_first_iteration: 2
num_recWAMPF: 17
timing_recWAMPF:
    total_RecWAMPF: 0.959071
    num_windows: 265
    num_max_agents_in_window: 3
    timing_gari:
        total_GARI: 0.919208
        time_path_btw_starts: 0.000697335
        Stage1:
            total_Stage1:0.511622
            time_add_x_to_o: 0.177838
            time_clear_x: 0.0585788
            timing_AStarSearchUntil:
                total_astar_search_until:0.275186
                num_values_f_less_fmax:16874
                ASU Exp:
                    total_ASUExp:0.275176
                    time_top_o:0.0117032
                    time_check_in_c:0.00893255
                    time_add_parent:0.00466949
                    num_neighbors:553366
                    time_add_neighbors_to_o:0.230635
        Stage2:
            total_Stage2:0.0041647
            num_len_path:203
            time_expanding_s:0.000118476
            timing_AStarSearchUntil:
                total_astar_search_until:0.00392629
                num_values_f_less_fmax:301
                ASU Exp:
                    total_ASUExp:0.00392052
                    time_top_o:0.000101125
                    time_check_in_c:8.2359e-05
                    time_add_parent:0.000100567
                    num_neighbors:7618
                    time_add_neighbors_to_o:0.00323473
        Stage3:
            total_Stage3:0.402306
            num_until_goal_expanded:6254
            timing_S3Exp:
                total_S3Exp: 0.124999
                time_top_o: 0.00263855
                time_check_in_c: 0.00116994
                time_add_parent: 0.00234557
                num_neighbors: 217109
                time_add_neighbors_to_o: 0.103013
    timing_PIOW_overlapping:
        total_PIOW: 0.0237631
        num_windows: 1042
        time_check_overlap: 4.2622e-05
        num_overlapping_windows: 1
        time_merge_windows: 1.06e-06
        time_remove_window: 2.08e-07
        time_remove_window: 1.009e-06
        timing_PlanIn:
            total_PlanIn:0.0236925
            num_until_goal_expanded:603
            timing_expansions:
                total_S3Exp: 0.0236906
                time_top_o: 0.000176913
                time_check_in_c: 0.000105087
                time_add_parent: 0.000155648
                num_neighbors: 49339
                time_add_neighbors_to_o: 0.0212168
    num_new_collisions: 9
    timing_PIOW_new_collisions:
        total_PIOW: 0.00319367
        num_windows: 72
        time_check_overlap: 2.087e-06
        num_overlapping_windows: 0
        time_merge_windows: 0
        time_remove_window: 0
        time_remove_window: 4.282e-06
        timing_PlanIn:
            total_PlanIn:0.00317837
            num_until_goal_expanded:314
            timing_expansions:
                total_S3Exp: 0.0031591
                time_top_o: 5.0979e-05
                time_check_in_c: 5.2365e-05
                time_add_parent: 7.795e-05
                num_neighbors: 4679
                time_add_neighbors_to_o: 0.0024883
    num_windows_should_quit: 1
    time_should_quit: 1.5896e-05
    time_remove_window: 3.44e-07
Complete!
