Total time: 0.210146
is_optimal: true
optimality_bound: 1
successive_bounds: [1.00402, 1.00201, 1.00201, 1.00201, 1.00101, 1.00101, 1.00101, 1.00101, 1.00101, 1.00101, 1.00101, 1.00101, 1.00101, 1.00101, 1.00101, 1.00101, 1.00101, 1.00101, 1.00101, 1.00101, 1.00101, 1.00101, 1.00101, 1.00101, 1, 1]
successive_runtimes: [0.00635535, 0.00913007, 0.0116476, 0.0143671, 0.0184145, 0.0236038, 0.0295614, 0.0364963, 0.0435264, 0.0514699, 0.0590445, 0.0671228, 0.0760624, 0.0847955, 0.0937412, 0.103097, 0.113214, 0.123675, 0.134445, 0.146346, 0.158152, 0.170373, 0.1833, 0.196798, 0.210146]
num_agents: 30
time_individual_plan: 0.00370777
time_first_plan: 0.00196652
num_max_agents_in_window_first_iteration: 2
num_recWAMPF: 25
timing_recWAMPF:
    total_RecWAMPF: 0.205749
    num_windows: 196
    num_max_agents_in_window: 2
    timing_gari:
        total_GARI: 0.198751
        time_path_btw_starts: 0.000467506
        Stage1:
            total_Stage1:0.0914598
            time_add_x_to_o: 0.0361791
            time_clear_x: 0.00709665
            timing_AStarSearchUntil:
                total_astar_search_until:0.0481698
                num_values_f_less_fmax:36411
                ASU Exp:
                    total_ASUExp:0.0481644
                    time_top_o:0.0128357
                    time_check_in_c:0.00660341
                    time_add_parent:0.00201614
                    num_neighbors:37783
                    time_add_neighbors_to_o:0.0165114
        Stage2:
            total_Stage2:0.0043506
            num_len_path:172
            time_expanding_s:9.0128e-05
            timing_AStarSearchUntil:
                total_astar_search_until:0.00418634
                num_values_f_less_fmax:290
                ASU Exp:
                    total_ASUExp:0.00418163
                    time_top_o:0.000111357
                    time_check_in_c:6.7647e-05
                    time_add_parent:0.000108424
                    num_neighbors:8211
                    time_add_neighbors_to_o:0.00350603
        Stage3:
            total_Stage3:0.10243
            num_until_goal_expanded:16429
            timing_S3Exp:
                total_S3Exp: 0.0785608
                time_top_o: 0.00573364
                time_check_in_c: 0.00321787
                time_add_parent: 0.00627833
                num_neighbors: 89415
                time_add_neighbors_to_o: 0.0433128
    timing_PIOW_overlapping:
        total_PIOW: 3.4937e-05
        num_windows: 384
        time_check_overlap: 1.8991e-05
        num_overlapping_windows: 0
        time_merge_windows: 0
        time_remove_window: 0
        time_remove_window: 0
        timing_PlanIn:
            total_PlanIn:0
            num_until_goal_expanded:0
            timing_expansions:
                total_S3Exp: 0
                time_top_o: 0
                time_check_in_c: 0
                time_add_parent: 0
                num_neighbors: 0
                time_add_neighbors_to_o: 0
    num_new_collisions: 4
    timing_PIOW_new_collisions:
        total_PIOW: 0.00140771
        num_windows: 12
        time_check_overlap: 5.5e-07
        num_overlapping_windows: 0
        time_merge_windows: 0
        time_remove_window: 0
        time_remove_window: 1.456e-06
        timing_PlanIn:
            total_PlanIn:0.00140054
            num_until_goal_expanded:214
            timing_expansions:
                total_S3Exp: 0.00139194
                time_top_o: 2.9054e-05
                time_check_in_c: 4.4076e-05
                time_add_parent: 5.7624e-05
                num_neighbors: 1509
                time_add_neighbors_to_o: 0.000912174
    num_windows_should_quit: 0
    time_should_quit: 9.185e-06
    time_remove_window: 0
Complete!
