Total time: 7.94407
is_optimal: false
optimality_bound: 1.00073
successive_bounds: [1.00462, 1.00413, 1.0034, 1.00219, 1.0017, 1.0017, 1.00122, 1.00122, 1.00073, 1.00073, 1.00073]
successive_runtimes: [0.0286346, 0.0655797, 0.194924, 0.362576, 1.63901, 2.65157, 3.50249, 4.31516, 5.50134, 6.5792, 7.94407]
num_agents: 60
time_individual_plan: 0.0144379
time_first_plan: 0.0136707
num_max_agents_in_window_first_iteration: 3
num_recWAMPF: 11
timing_recWAMPF:
    total_RecWAMPF: 7.9291
    num_windows: 224
    num_max_agents_in_window: 4
    timing_gari:
        total_GARI: 7.76661
        time_path_btw_starts: 0.00516336
        Stage1:
            total_Stage1:6.06892
            time_add_x_to_o: 1.08785
            time_clear_x: 0.44916
            timing_AStarSearchUntil:
                total_astar_search_until:4.53188
                num_values_f_less_fmax:43682
                ASU Exp:
                    total_ASUExp:4.53188
                    time_top_o:0.0470686
                    time_check_in_c:0.103246
                    time_add_parent:0.074481
                    num_neighbors:9157006
                    time_add_neighbors_to_o:4.21855
        Stage2:
            total_Stage2:0.171819
            num_len_path:208
            time_expanding_s:0.00034056
            timing_AStarSearchUntil:
                total_astar_search_until:0.171351
                num_values_f_less_fmax:3212
                ASU Exp:
                    total_ASUExp:0.171346
                    time_top_o:0.00205625
                    time_check_in_c:0.0005765
                    time_add_parent:0.00127201
                    num_neighbors:352147
                    time_add_neighbors_to_o:0.162928
        Stage3:
            total_Stage3:1.52065
            num_until_goal_expanded:6844
            timing_S3Exp:
                total_S3Exp: 0.268903
                time_top_o: 0.00408221
                time_check_in_c: 0.0017204
                time_add_parent: 0.00385246
                num_neighbors: 532287
                time_add_neighbors_to_o: 0.249086
    timing_PIOW_overlapping:
        total_PIOW: 0.137456
        num_windows: 1175
        time_check_overlap: 5.11e-05
        num_overlapping_windows: 3
        time_merge_windows: 5.64e-06
        time_remove_window: 1.348e-06
        time_remove_window: 5.484e-06
        timing_PlanIn:
            total_PlanIn:0.137363
            num_until_goal_expanded:1799
            timing_expansions:
                total_S3Exp: 0.13735
                time_top_o: 0.000796565
                time_check_in_c: 0.00034108
                time_add_parent: 0.000504032
                num_neighbors: 289316
                time_add_neighbors_to_o: 0.125981
    num_new_collisions: 15
    timing_PIOW_new_collisions:
        total_PIOW: 0.0111395
        num_windows: 213
        time_check_overlap: 5.245e-06
        num_overlapping_windows: 2
        time_merge_windows: 0
        time_remove_window: 0.0798076
        time_remove_window: 5.759e-06
        timing_PlanIn:
            total_PlanIn:0.0111098
            num_until_goal_expanded:362
            timing_expansions:
                total_S3Exp: 0.0110803
                time_top_o: 7.5884e-05
                time_check_in_c: 6.0902e-05
                time_add_parent: 9.4416e-05
                num_neighbors: 20296
                time_add_neighbors_to_o: 0.00985653
    num_windows_should_quit: 0
    time_should_quit: 1.9096e-05
    time_remove_window: 0
Complete!
