Total time: 0.141196
is_optimal: false
optimality_bound: 1.00158
successive_bounds: [1.0057, 1.0057, 1.00539, 1.00539, 1.00475, 1.00412, 1.00349, 1.00349, 1.00349, 1.00349, 1.00349, 1.00349, 1.00349, 1.00222, 1.00222, 1.00158, 1.00158, 1.00158, 1.00158, 1.00158, 1.00158]
successive_runtimes: [0.0140579, 0.0178783, 0.0221614, 0.0267859, 0.0315956, 0.0355485, 0.038592, 0.0409269, 0.0433431, 0.0455936, 0.047774, 0.0499341, 0.0521399, 0.0844059, 0.101883, 0.110177, 0.116808, 0.123063, 0.129013, 0.135051, 0.141196]
num_agents: 50
time_individual_plan: 0.00755376
time_first_plan: 0.00575723
num_max_agents_in_window_first_iteration: 2
num_recWAMPF: 21
timing_recWAMPF:
    total_RecWAMPF: 0.132891
    num_windows: 379
    num_max_agents_in_window: 3
    timing_gari:
        total_GARI: 0.0829343
        time_path_btw_starts: 0.000966524
        Stage1:
            total_Stage1:0.0307628
            time_add_x_to_o: 0.0185112
            time_clear_x: 0.00234741
            timing_AStarSearchUntil:
                total_astar_search_until:0.00987986
                num_values_f_less_fmax:3291
                ASU Exp:
                    total_ASUExp:0.00986939
                    time_top_o:0.00095902
                    time_check_in_c:0.000683967
                    time_add_parent:0.000392256
                    num_neighbors:16041
                    time_add_neighbors_to_o:0.00635204
        Stage2:
            total_Stage2:0.0123059
            num_len_path:384
            time_expanding_s:0.000200525
            timing_AStarSearchUntil:
                total_astar_search_until:0.011985
                num_values_f_less_fmax:813
                ASU Exp:
                    total_ASUExp:0.0119764
                    time_top_o:0.000234097
                    time_check_in_c:0.000188134
                    time_add_parent:0.000288813
                    num_neighbors:21852
                    time_add_neighbors_to_o:0.0101199
        Stage3:
            total_Stage3:0.0388341
            num_until_goal_expanded:1987
            timing_S3Exp:
                total_S3Exp: 0.0163251
                time_top_o: 0.000526303
                time_check_in_c: 0.000310336
                time_add_parent: 0.000620296
                num_neighbors: 20094
                time_add_neighbors_to_o: 0.0105133
    timing_PIOW_overlapping:
        total_PIOW: 0.029824
        num_windows: 1755
        time_check_overlap: 6.2725e-05
        num_overlapping_windows: 2
        time_merge_windows: 3.275e-06
        time_remove_window: 5.79e-07
        time_remove_window: 3.18e-06
        timing_PlanIn:
            total_PlanIn:0.0297084
            num_until_goal_expanded:518
            timing_expansions:
                total_S3Exp: 0.0297044
                time_top_o: 0.000132568
                time_check_in_c: 8.5793e-05
                time_add_parent: 0.00013841
                num_neighbors: 54024
                time_add_neighbors_to_o: 0.0272574
    num_new_collisions: 10
    timing_PIOW_new_collisions:
        total_PIOW: 0.00168636
        num_windows: 90
        time_check_overlap: 4.16e-06
        num_overlapping_windows: 0
        time_merge_windows: 0
        time_remove_window: 0
        time_remove_window: 5.708e-06
        timing_PlanIn:
            total_PlanIn:0.0016627
            num_until_goal_expanded:143
            timing_expansions:
                total_S3Exp: 0.00163624
                time_top_o: 2.5932e-05
                time_check_in_c: 3.7931e-05
                time_add_parent: 5.6743e-05
                num_neighbors: 1600
                time_add_neighbors_to_o: 0.00119697
    num_windows_should_quit: 0
    time_should_quit: 1.9723e-05
    time_remove_window: 0
Complete!
