Total time: 0.519246
is_optimal: true
optimality_bound: 1
successive_bounds: [1.00321, 1.00321, 1.00321, 1.00321, 1.0024, 1.0024, 1.0024, 1.0016, 1.0016, 1.0016, 1.0016, 1.0016, 1.0016, 1.0016, 1.0008, 1.0008, 1.0008, 1.0008, 1.0008, 1.0008, 1.0008, 1, 1]
successive_runtimes: [0.0237125, 0.02688, 0.030534, 0.0339372, 0.0427786, 0.0468916, 0.0546188, 0.0991339, 0.110642, 0.124098, 0.135184, 0.148249, 0.157717, 0.166705, 0.180851, 0.188158, 0.195375, 0.202181, 0.209167, 0.26778, 0.358916, 0.519246]
num_agents: 40
time_individual_plan: 0.016916
time_first_plan: 0.00522453
num_max_agents_in_window_first_iteration: 3
num_recWAMPF: 22
timing_recWAMPF:
    total_RecWAMPF: 0.500747
    num_windows: 181
    num_max_agents_in_window: 4
    timing_gari:
        total_GARI: 0.415159
        time_path_btw_starts: 0.00120252
        Stage1:
            total_Stage1:0.157092
            time_add_x_to_o: 0.00356302
            time_clear_x: 0.00112209
            timing_AStarSearchUntil:
                total_astar_search_until:0.141768
                num_values_f_less_fmax:562
                ASU Exp:
                    total_ASUExp:0.141758
                    time_top_o:0.000538895
                    time_check_in_c:0.000435812
                    time_add_parent:0
                    num_neighbors:0
                    time_add_neighbors_to_o:0
        Stage2:
            total_Stage2:0.0532291
            num_len_path:187
            time_expanding_s:0.00030529
            timing_AStarSearchUntil:
                total_astar_search_until:0.0439292
                num_values_f_less_fmax:777
                ASU Exp:
                    total_ASUExp:0.0439213
                    time_top_o:0.000527219
                    time_check_in_c:0.00033133
                    time_add_parent:0.000800458
                    num_neighbors:17198
                    time_add_neighbors_to_o:0.0206269
        Stage3:
            total_Stage3:0.197471
            num_until_goal_expanded:4620
            timing_S3Exp:
                total_S3Exp: 0.134604
                time_top_o: 0.00221277
                time_check_in_c: 0.00285173
                time_add_parent: 0.00322548
                num_neighbors: 141745
                time_add_neighbors_to_o: 0.104221
    timing_PIOW_overlapping:
        total_PIOW: 0.00903201
        num_windows: 392
        time_check_overlap: 3.858e-05
        num_overlapping_windows: 1
        time_merge_windows: 1.639e-06
        time_remove_window: 1.26e-07
        time_remove_window: 1.559e-06
        timing_PlanIn:
            total_PlanIn:0.0088763
            num_until_goal_expanded:151
            timing_expansions:
                total_S3Exp: 0.00887216
                time_top_o: 6.7956e-05
                time_check_in_c: 4.1596e-05
                time_add_parent: 0.000120668
                num_neighbors: 7641
                time_add_neighbors_to_o: 0.00777911
    num_new_collisions: 9
    timing_PIOW_new_collisions:
        total_PIOW: 0.0570913
        num_windows: 31
        time_check_overlap: 5.145e-06
        num_overlapping_windows: 4
        time_merge_windows: 7.879e-06
        time_remove_window: 7.37e-07
        time_remove_window: 3.531e-06
        timing_PlanIn:
            total_PlanIn:0.056629
            num_until_goal_expanded:943
            timing_expansions:
                total_S3Exp: 0.0565619
                time_top_o: 0.000579516
                time_check_in_c: 0.000330713
                time_add_parent: 0.000853478
                num_neighbors: 76046
                time_add_neighbors_to_o: 0.0481576
    num_windows_should_quit: 2
    time_should_quit: 5.076e-06
    time_remove_window: 2.6e-07
Complete!
