Total time: 0.0227795
is_optimal: true
optimality_bound: 1
successive_bounds: [1.00161, 1.00161, 1.00161, 1.00161, 1.00161, 1.00161, 1.00161, 1.00161, 1, 1]
successive_runtimes: [0.0107271, 0.0118135, 0.012981, 0.0143321, 0.0157354, 0.0171521, 0.0191789, 0.0211816, 0.0227794]
num_agents: 20
time_individual_plan: 0.00816976
time_first_plan: 0.000925184
num_max_agents_in_window_first_iteration: 2
num_recWAMPF: 9
timing_recWAMPF:
    total_RecWAMPF: 0.0129713
    num_windows: 17
    num_max_agents_in_window: 2
    timing_gari:
        total_GARI: 0.0100117
        time_path_btw_starts: 0.000152455
        Stage1:
            total_Stage1:0.00442154
            time_add_x_to_o: 0.0021757
            time_clear_x: 0.000328476
            timing_AStarSearchUntil:
                total_astar_search_until:0.0019144
                num_values_f_less_fmax:228
                ASU Exp:
                    total_ASUExp:0.00191296
                    time_top_o:0.000160892
                    time_check_in_c:0.000104032
                    time_add_parent:5.4429e-05
                    num_neighbors:839
                    time_add_neighbors_to_o:0.00131577
        Stage2:
            total_Stage2:0.00139914
            num_len_path:16
            time_expanding_s:2.0713e-05
            timing_AStarSearchUntil:
                total_astar_search_until:0.00136508
                num_values_f_less_fmax:24
                ASU Exp:
                    total_ASUExp:0.00136383
                    time_top_o:1.6135e-05
                    time_check_in_c:2.1983e-05
                    time_add_parent:6.0046e-05
                    num_neighbors:705
                    time_add_neighbors_to_o:0.00115833
        Stage3:
            total_Stage3:0.00402414
            num_until_goal_expanded:157
            timing_S3Exp:
                total_S3Exp: 0.00343041
                time_top_o: 0.000102338
                time_check_in_c: 9.4285e-05
                time_add_parent: 0.000183075
                num_neighbors: 1482
                time_add_neighbors_to_o: 0.00235001
    timing_PIOW_overlapping:
        total_PIOW: 2.075e-06
        num_windows: 8
        time_check_overlap: 0
        num_overlapping_windows: 0
        time_merge_windows: 0
        time_remove_window: 0
        time_remove_window: 0
        timing_PlanIn:
            total_PlanIn:0
            num_until_goal_expanded:0
            timing_expansions:
                total_S3Exp: 0
                time_top_o: 0
                time_check_in_c: 0
                time_add_parent: 0
                num_neighbors: 0
                time_add_neighbors_to_o: 0
    num_new_collisions: 1
    timing_PIOW_new_collisions:
        total_PIOW: 0.000540926
        num_windows: 0
        time_check_overlap: 0
        num_overlapping_windows: 0
        time_merge_windows: 0
        time_remove_window: 0
        time_remove_window: 1.157e-06
        timing_PlanIn:
            total_PlanIn:0.000536575
            num_until_goal_expanded:19
            timing_expansions:
                total_S3Exp: 0.000527704
                time_top_o: 9.431e-06
                time_check_in_c: 1.6603e-05
                time_add_parent: 3.2191e-05
                num_neighbors: 162
                time_add_neighbors_to_o: 0.000322617
    num_windows_should_quit: 0
    time_should_quit: 1.779e-06
    time_remove_window: 0
Complete!
