Total time: 0.495981
is_optimal: true
optimality_bound: 1
successive_bounds: [1.00421, 1.00421, 1.00421, 1.00421, 1.00421, 1.00421, 1.00421, 1.00421, 1.00421, 1.00421, 1.00421, 1.00421, 1.00421, 1.00421, 1.00421, 1.00316, 1.00316, 1.00316, 1.00316, 1.00316, 1.00211, 1.00211, 1.00211, 1.00211, 1.00211, 1.00211, 1.00211, 1.00105, 1.00105, 1, 1]
successive_runtimes: [0.00513979, 0.00633645, 0.00736089, 0.00837161, 0.00943432, 0.0104661, 0.0114981, 0.0125665, 0.0136869, 0.0147801, 0.0158409, 0.0170181, 0.0182888, 0.0195806, 0.0210475, 0.0232633, 0.0334253, 0.0481675, 0.0644449, 0.0820986, 0.125822, 0.154473, 0.187568, 0.221073, 0.256698, 0.295265, 0.337401, 0.390519, 0.44159, 0.495981]
num_agents: 30
time_individual_plan: 0.00324614
time_first_plan: 0.00137294
num_max_agents_in_window_first_iteration: 2
num_recWAMPF: 30
timing_recWAMPF:
    total_RecWAMPF: 0.492209
    num_windows: 236
    num_max_agents_in_window: 2
    timing_gari:
        total_GARI: 0.484139
        time_path_btw_starts: 0.00085474
        Stage1:
            total_Stage1:0.333892
            time_add_x_to_o: 0.109431
            time_clear_x: 0.0371327
            timing_AStarSearchUntil:
                total_astar_search_until:0.187312
                num_values_f_less_fmax:30211
                ASU Exp:
                    total_ASUExp:0.187305
                    time_top_o:0.0170357
                    time_check_in_c:0.0134365
                    time_add_parent:0.00689809
                    num_neighbors:331419
                    time_add_neighbors_to_o:0.131067
        Stage2:
            total_Stage2:0.0459786
            num_len_path:292
            time_expanding_s:0.000193332
            timing_AStarSearchUntil:
                total_astar_search_until:0.0456959
                num_values_f_less_fmax:3246
                ASU Exp:
                    total_ASUExp:0.0456909
                    time_top_o:0.00104331
                    time_check_in_c:0.000726148
                    time_add_parent:0.000960064
                    num_neighbors:86295
                    time_add_neighbors_to_o:0.0396818
        Stage3:
            total_Stage3:0.103367
            num_until_goal_expanded:1345
            timing_S3Exp:
                total_S3Exp: 0.00770396
                time_top_o: 0.000367948
                time_check_in_c: 0.000223222
                time_add_parent: 0.00047246
                num_neighbors: 9673
                time_add_neighbors_to_o: 0.00414533
    timing_PIOW_overlapping:
        total_PIOW: 3.6362e-05
        num_windows: 464
        time_check_overlap: 2.3349e-05
        num_overlapping_windows: 0
        time_merge_windows: 0
        time_remove_window: 0
        time_remove_window: 0
        timing_PlanIn:
            total_PlanIn:0
            num_until_goal_expanded:0
            timing_expansions:
                total_S3Exp: 0
                time_top_o: 0
                time_check_in_c: 0
                time_add_parent: 0
                num_neighbors: 0
                time_add_neighbors_to_o: 0
    num_new_collisions: 4
    timing_PIOW_new_collisions:
        total_PIOW: 0.000626395
        num_windows: 12
        time_check_overlap: 5.07e-07
        num_overlapping_windows: 0
        time_merge_windows: 0
        time_remove_window: 0
        time_remove_window: 2.088e-06
        timing_PlanIn:
            total_PlanIn:0.000619703
            num_until_goal_expanded:79
            timing_expansions:
                total_S3Exp: 0.000611359
                time_top_o: 1.0778e-05
                time_check_in_c: 1.4335e-05
                time_add_parent: 2.1946e-05
                num_neighbors: 901
                time_add_neighbors_to_o: 0.000433204
    num_windows_should_quit: 0
    time_should_quit: 9.064e-06
    time_remove_window: 0
Complete!
