Total time: 0.0531705
is_optimal: true
optimality_bound: 1
successive_bounds: [1.00423, 1.00282, 1.00282, 1.00282, 1.00282, 1.00282, 1.00141, 1.00141, 1.00141, 1.00141, 1.00141, 1.00141, 1.00141, 1.00141, 1.00141, 1.00141, 1.00141, 1.00141, 1.00141, 1.00141, 1, 1]
successive_runtimes: [0.00450609, 0.00527902, 0.00600039, 0.00723731, 0.00887221, 0.0112091, 0.0134188, 0.0147079, 0.0159614, 0.0173428, 0.0189726, 0.0206463, 0.0227542, 0.0251699, 0.0277926, 0.0310923, 0.0345081, 0.0379849, 0.0428219, 0.0468056, 0.0531705]
num_agents: 20
time_individual_plan: 0.00327211
time_first_plan: 0.000706883
num_max_agents_in_window_first_iteration: 2
num_recWAMPF: 21
timing_recWAMPF:
    total_RecWAMPF: 0.0493681
    num_windows: 164
    num_max_agents_in_window: 2
    timing_gari:
        total_GARI: 0.0464998
        time_path_btw_starts: 0.000442736
        Stage1:
            total_Stage1:0.028579
            time_add_x_to_o: 0.00901966
            time_clear_x: 0.00142846
            timing_AStarSearchUntil:
                total_astar_search_until:0.0181222
                num_values_f_less_fmax:4047
                ASU Exp:
                    total_ASUExp:0.0181184
                    time_top_o:0.00112707
                    time_check_in_c:0.000753891
                    time_add_parent:0.000704605
                    num_neighbors:36051
                    time_add_neighbors_to_o:0.0133567
        Stage2:
            total_Stage2:0.00616705
            num_len_path:186
            time_expanding_s:7.5235e-05
            timing_AStarSearchUntil:
                total_astar_search_until:0.00604789
                num_values_f_less_fmax:480
                ASU Exp:
                    total_ASUExp:0.00604438
                    time_top_o:0.000122292
                    time_check_in_c:8.8487e-05
                    time_add_parent:0.000147305
                    num_neighbors:12960
                    time_add_neighbors_to_o:0.00517298
        Stage3:
            total_Stage3:0.0112887
            num_until_goal_expanded:750
            timing_S3Exp:
                total_S3Exp: 0.00447766
                time_top_o: 0.000181632
                time_check_in_c: 0.00010763
                time_add_parent: 0.00020712
                num_neighbors: 6843
                time_add_neighbors_to_o: 0.00289623
    timing_PIOW_overlapping:
        total_PIOW: 2.0119e-05
        num_windows: 320
        time_check_overlap: 1.1807e-05
        num_overlapping_windows: 0
        time_merge_windows: 0
        time_remove_window: 0
        time_remove_window: 0
        timing_PlanIn:
            total_PlanIn:0
            num_until_goal_expanded:0
            timing_expansions:
                total_S3Exp: 0
                time_top_o: 0
                time_check_in_c: 0
                time_add_parent: 0
                num_neighbors: 0
                time_add_neighbors_to_o: 0
    num_new_collisions: 4
    timing_PIOW_new_collisions:
        total_PIOW: 0.000429399
        num_windows: 12
        time_check_overlap: 4.67e-07
        num_overlapping_windows: 0
        time_merge_windows: 0
        time_remove_window: 0
        time_remove_window: 1.959e-06
        timing_PlanIn:
            total_PlanIn:0.000423283
            num_until_goal_expanded:56
            timing_expansions:
                total_S3Exp: 0.0004159
                time_top_o: 7.38e-06
                time_check_in_c: 9.759e-06
                time_add_parent: 1.5541e-05
                num_neighbors: 615
                time_add_neighbors_to_o: 0.000282471
    num_windows_should_quit: 0
    time_should_quit: 4.699e-06
    time_remove_window: 0
Complete!
