Total time: 0.103889
is_optimal: false
optimality_bound: 1.00166
successive_bounds: [1.00526, 1.00526, 1.0047, 1.00415, 1.0036, 1.0036, 1.00249, 1.00249, 1.00221, 1.00194, 1.00194, 1.00166, 1.00166, 1.00166, 1.00166, 1.00166, 1.00166, 1.00166, 1.00166, 1.00166, 1.00166, 1.00166, 1.00166, 1.00166, 1.00166]
successive_runtimes: [0.010899, 0.0136651, 0.0166481, 0.0216778, 0.0263233, 0.0308077, 0.0424841, 0.0471753, 0.0514271, 0.0537926, 0.055686, 0.0601854, 0.064804, 0.0683207, 0.0715889, 0.0747877, 0.0780456, 0.0809426, 0.0838794, 0.0869802, 0.0899727, 0.0928859, 0.0959777, 0.0998076, 0.103889]
num_agents: 50
time_individual_plan: 0.00602808
time_first_plan: 0.00431786
num_max_agents_in_window_first_iteration: 2
num_recWAMPF: 25
timing_recWAMPF:
    total_RecWAMPF: 0.0973035
    num_windows: 392
    num_max_agents_in_window: 3
    timing_gari:
        total_GARI: 0.0641127
        time_path_btw_starts: 0.000958712
        Stage1:
            total_Stage1:0.016352
            time_add_x_to_o: 0.0117488
            time_clear_x: 0.0015616
            timing_AStarSearchUntil:
                total_astar_search_until:0.00302312
                num_values_f_less_fmax:1732
                ASU Exp:
                    total_ASUExp:0.00301457
                    time_top_o:0.000372884
                    time_check_in_c:0.000218229
                    time_add_parent:0.0001754
                    num_neighbors:5050
                    time_add_neighbors_to_o:0.00175344
        Stage2:
            total_Stage2:0.0134665
            num_len_path:363
            time_expanding_s:0.000336833
            timing_AStarSearchUntil:
                total_astar_search_until:0.013024
                num_values_f_less_fmax:770
                ASU Exp:
                    total_ASUExp:0.0130162
                    time_top_o:0.000200237
                    time_check_in_c:0.000382548
                    time_add_parent:0.000248961
                    num_neighbors:28251
                    time_add_neighbors_to_o:0.0113022
        Stage3:
            total_Stage3:0.0329738
            num_until_goal_expanded:1931
            timing_S3Exp:
                total_S3Exp: 0.014669
                time_top_o: 0.000408393
                time_check_in_c: 0.00025232
                time_add_parent: 0.000473826
                num_neighbors: 22533
                time_add_neighbors_to_o: 0.0107595
    timing_PIOW_overlapping:
        total_PIOW: 0.0128705
        num_windows: 1646
        time_check_overlap: 5.4717e-05
        num_overlapping_windows: 5
        time_merge_windows: 4.491e-06
        time_remove_window: 8.71e-07
        time_remove_window: 4.255e-06
        timing_PlanIn:
            total_PlanIn:0.0127686
            num_until_goal_expanded:324
            timing_expansions:
                total_S3Exp: 0.0127596
                time_top_o: 6.2421e-05
                time_check_in_c: 5.3505e-05
                time_add_parent: 8.4973e-05
                num_neighbors: 22370
                time_add_neighbors_to_o: 0.0115339
    num_new_collisions: 12
    timing_PIOW_new_collisions:
        total_PIOW: 0.00158992
        num_windows: 124
        time_check_overlap: 3.335e-06
        num_overlapping_windows: 0
        time_merge_windows: 0
        time_remove_window: 0
        time_remove_window: 7.57e-06
        timing_PlanIn:
            total_PlanIn:0.00156559
            num_until_goal_expanded:178
            timing_expansions:
                total_S3Exp: 0.00154402
                time_top_o: 2.2343e-05
                time_check_in_c: 3.4271e-05
                time_add_parent: 4.5108e-05
                num_neighbors: 2146
                time_add_neighbors_to_o: 0.00117361
    num_windows_should_quit: 0
    time_should_quit: 1.3629e-05
    time_remove_window: 0
Complete!
