Total time: 0.0133005
is_optimal: true
optimality_bound: 1
successive_bounds: [1.00182, 1.00182, 1.00182, 1.00182, 1.00091, 1.00091, 1.00091, 1.00091, 1.00091, 1.00091, 1.00091, 1.00091, 1.00091, 1.00091, 1, 1]
successive_runtimes: [0.00628871, 0.00680026, 0.00723976, 0.00767459, 0.00825134, 0.00867692, 0.00912117, 0.00961761, 0.0101, 0.0106545, 0.0111528, 0.0116628, 0.0121405, 0.0125937, 0.0133005]
num_agents: 30
time_individual_plan: 0.00524714
time_first_plan: 0.000509354
num_max_agents_in_window_first_iteration: 2
num_recWAMPF: 15
timing_recWAMPF:
    total_RecWAMPF: 0.00751846
    num_windows: 58
    num_max_agents_in_window: 2
    timing_gari:
        total_GARI: 0.00366367
        time_path_btw_starts: 0.000136787
        Stage1:
            total_Stage1:0.000452924
            time_add_x_to_o: 0.000400697
            time_clear_x: 4.6857e-05
            timing_AStarSearchUntil:
                total_astar_search_until:2.479e-06
                num_values_f_less_fmax:0
                ASU Exp:
                    total_ASUExp:1.132e-06
                    time_top_o:0
                    time_check_in_c:0
                    time_add_parent:0
                    num_neighbors:0
                    time_add_neighbors_to_o:0
        Stage2:
            total_Stage2:0.00105771
            num_len_path:55
            time_expanding_s:2.7746e-05
            timing_AStarSearchUntil:
                total_astar_search_until:0.00101534
                num_values_f_less_fmax:86
                ASU Exp:
                    total_ASUExp:0.00101419
                    time_top_o:1.9882e-05
                    time_check_in_c:1.6904e-05
                    time_add_parent:2.6222e-05
                    num_neighbors:2089
                    time_add_neighbors_to_o:0.000847384
        Stage3:
            total_Stage3:0.00200823
            num_until_goal_expanded:139
            timing_S3Exp:
                total_S3Exp: 0.00123692
                time_top_o: 2.5743e-05
                time_check_in_c: 2.236e-05
                time_add_parent: 4.4402e-05
                num_neighbors: 1627
                time_add_neighbors_to_o: 0.000923513
    timing_PIOW_overlapping:
        total_PIOW: 3.307e-06
        num_windows: 56
        time_check_overlap: 1.591e-06
        num_overlapping_windows: 0
        time_merge_windows: 0
        time_remove_window: 0
        time_remove_window: 0
        timing_PlanIn:
            total_PlanIn:0
            num_until_goal_expanded:0
            timing_expansions:
                total_S3Exp: 0
                time_top_o: 0
                time_check_in_c: 0
                time_add_parent: 0
                num_neighbors: 0
                time_add_neighbors_to_o: 0
    num_new_collisions: 2
    timing_PIOW_new_collisions:
        total_PIOW: 0.000225577
        num_windows: 2
        time_check_overlap: 1.03e-07
        num_overlapping_windows: 0
        time_merge_windows: 0
        time_remove_window: 0
        time_remove_window: 6.6e-07
        timing_PlanIn:
            total_PlanIn:0.000222238
            num_until_goal_expanded:17
            timing_expansions:
                total_S3Exp: 0.000217391
                time_top_o: 2.984e-06
                time_check_in_c: 3.967e-06
                time_add_parent: 5.186e-06
                num_neighbors: 330
                time_add_neighbors_to_o: 0.000175457
    num_windows_should_quit: 0
    time_should_quit: 1.521e-06
    time_remove_window: 0
Complete!
