Total time: 20.8025
is_optimal: true
optimality_bound: 1
successive_bounds: [1.00462, 1.00413, 1.0034, 1.00219, 1.0017, 1.0017, 1.00122, 1.00122, 1.00073, 1.00073, 1.00073, 1.00049, 1, 1]
successive_runtimes: [0.0805189, 0.169815, 0.400292, 0.70711, 2.77554, 4.21378, 5.52465, 6.6648, 8.54922, 10.0446, 12.1645, 15.5543, 20.8025]
num_agents: 60
time_individual_plan: 0.0418752
time_first_plan: 0.0371436
num_max_agents_in_window_first_iteration: 3
num_recWAMPF: 13
timing_recWAMPF:
    total_RecWAMPF: 20.7591
    num_windows: 263
    num_max_agents_in_window: 5
    timing_gari:
        total_GARI: 19.5213
        time_path_btw_starts: 0.00442923
        Stage1:
            total_Stage1:14.4005
            time_add_x_to_o: 2.48013
            time_clear_x: 1.03822
            timing_AStarSearchUntil:
                total_astar_search_until:10.8821
                num_values_f_less_fmax:63103
                ASU Exp:
                    total_ASUExp:10.8821
                    time_top_o:0.0979229
                    time_check_in_c:0.0491478
                    time_add_parent:0.0529612
                    num_neighbors:14167319
                    time_add_neighbors_to_o:10.318
        Stage2:
            total_Stage2:0.386891
            num_len_path:267
            time_expanding_s:0.000550228
            timing_AStarSearchUntil:
                total_astar_search_until:0.299856
                num_values_f_less_fmax:8340
                ASU Exp:
                    total_ASUExp:0.299848
                    time_top_o:0.00514168
                    time_check_in_c:0.00257472
                    time_add_parent:0.00592607
                    num_neighbors:482699
                    time_add_neighbors_to_o:0.353709
        Stage3:
            total_Stage3:4.72936
            num_until_goal_expanded:21436
            timing_S3Exp:
                total_S3Exp: 1.67029
                time_top_o: 0.0232812
                time_check_in_c: 0.00846944
                time_add_parent: 0.0200844
                num_neighbors: 1967950
                time_add_neighbors_to_o: 1.50176
    timing_PIOW_overlapping:
        total_PIOW: 0.252178
        num_windows: 1375
        time_check_overlap: 8.6909e-05
        num_overlapping_windows: 3
        time_merge_windows: 1.2122e-05
        time_remove_window: 2.64e-06
        time_remove_window: 1.1871e-05
        timing_PlanIn:
            total_PlanIn:0.25202
            num_until_goal_expanded:1799
            timing_expansions:
                total_S3Exp: 0.251998
                time_top_o: 0.00122506
                time_check_in_c: 0.000657143
                time_add_parent: 0.00135001
                num_neighbors: 289316
                time_add_neighbors_to_o: 0.231468
    num_new_collisions: 17
    timing_PIOW_new_collisions:
        total_PIOW: 0.950586
        num_windows: 269
        time_check_overlap: 1.7348e-05
        num_overlapping_windows: 5
        time_merge_windows: 0
        time_remove_window: 59.9005
        time_remove_window: 0.000113104
        timing_PlanIn:
            total_PlanIn:0.950381
            num_until_goal_expanded:997
            timing_expansions:
                total_S3Exp: 0.950288
                time_top_o: 0.000653361
                time_check_in_c: 0.000432395
                time_add_parent: 0.000980252
                num_neighbors: 954538
                time_add_neighbors_to_o: 0.909113
    num_windows_should_quit: 0
    time_should_quit: 3.6654e-05
    time_remove_window: 0
Complete!
