Total time: 0.0333471
is_optimal: false
optimality_bound: 1.00161
successive_bounds: [1.00644, 1.00402, 1.00402, 1.00161, 1.00161, 1.00161, 1.00161, 1.00161, 1.00161, 1.00161, 1.00161, 1.00161, 1.00161]
successive_runtimes: [0.00818453, 0.00910468, 0.0100304, 0.0145591, 0.0176127, 0.0191128, 0.0207185, 0.022529, 0.0242406, 0.0263068, 0.0286456, 0.0309647, 0.0333471]
num_agents: 20
time_individual_plan: 0.00672406
time_first_plan: 0.000934205
num_max_agents_in_window_first_iteration: 2
num_recWAMPF: 13
timing_recWAMPF:
    total_RecWAMPF: 0.0260946
    num_windows: 130
    num_max_agents_in_window: 3
    timing_gari:
        total_GARI: 0.0204378
        time_path_btw_starts: 0.000433851
        Stage1:
            total_Stage1:0.00524756
            time_add_x_to_o: 0.00379622
            time_clear_x: 0.00051292
            timing_AStarSearchUntil:
                total_astar_search_until:0.000931765
                num_values_f_less_fmax:188
                ASU Exp:
                    total_ASUExp:0.000928906
                    time_top_o:4.7801e-05
                    time_check_in_c:5.5665e-05
                    time_add_parent:4.5402e-05
                    num_neighbors:1903
                    time_add_neighbors_to_o:0.000668367
        Stage2:
            total_Stage2:0.00367545
            num_len_path:129
            time_expanding_s:0.000109073
            timing_AStarSearchUntil:
                total_astar_search_until:0.0035197
                num_values_f_less_fmax:222
                ASU Exp:
                    total_ASUExp:0.00351701
                    time_top_o:5.306e-05
                    time_check_in_c:3.949e-05
                    time_add_parent:6.5338e-05
                    num_neighbors:7848
                    time_add_neighbors_to_o:0.00306804
        Stage3:
            total_Stage3:0.0108607
            num_until_goal_expanded:1115
            timing_S3Exp:
                total_S3Exp: 0.00636563
                time_top_o: 0.000244192
                time_check_in_c: 0.000139418
                time_add_parent: 0.00023105
                num_neighbors: 9904
                time_add_neighbors_to_o: 0.00461206
    timing_PIOW_overlapping:
        total_PIOW: 0.00352417
        num_windows: 330
        time_check_overlap: 1.1758e-05
        num_overlapping_windows: 1
        time_merge_windows: 1.213e-06
        time_remove_window: 2.13e-07
        time_remove_window: 1.162e-06
        timing_PlanIn:
            total_PlanIn:0.00350171
            num_until_goal_expanded:73
            timing_expansions:
                total_S3Exp: 0.00349955
                time_top_o: 1.6279e-05
                time_check_in_c: 1.2219e-05
                time_add_parent: 1.8739e-05
                num_neighbors: 6323
                time_add_neighbors_to_o: 0.00318726
    num_new_collisions: 6
    timing_PIOW_new_collisions:
        total_PIOW: 0.000606468
        num_windows: 30
        time_check_overlap: 1.028e-06
        num_overlapping_windows: 0
        time_merge_windows: 0
        time_remove_window: 0
        time_remove_window: 2.032e-06
        timing_PlanIn:
            total_PlanIn:0.00059749
            num_until_goal_expanded:82
            timing_expansions:
                total_S3Exp: 0.000587438
                time_top_o: 1.0622e-05
                time_check_in_c: 1.4786e-05
                time_add_parent: 2.1473e-05
                num_neighbors: 982
                time_add_neighbors_to_o: 0.00042417
    num_windows_should_quit: 0
    time_should_quit: 3.406e-06
    time_remove_window: 0
Complete!
