Total time: 4.27817
is_optimal: false
optimality_bound: 1.00507
successive_bounds: [1.00558, 1.00533, 1.00533, 1.00507, 1.00507, 1.00507, 1.00507, 1.00507, 1.00507, 1.00507, 1.00507, 1.00507, 1.00507]
successive_runtimes: [0.0237341, 0.0319237, 0.0428174, 0.271543, 0.474036, 0.499869, 0.640026, 1.06434, 1.75243, 2.54957, 3.1742, 3.78345, 4.27817]
num_agents: 60
time_individual_plan: 0.00894972
time_first_plan: 0.0142665
num_max_agents_in_window_first_iteration: 4
num_recWAMPF: 13
timing_recWAMPF:
    total_RecWAMPF: 4.2687
    num_windows: 151
    num_max_agents_in_window: 6
    timing_gari:
        total_GARI: 3.72194
        time_path_btw_starts: 0.000405177
        Stage1:
            total_Stage1:2.96258
            time_add_x_to_o: 0.724381
            time_clear_x: 0.30472
            timing_AStarSearchUntil:
                total_astar_search_until:1.93347
                num_values_f_less_fmax:15849
                ASU Exp:
                    total_ASUExp:1.93346
                    time_top_o:0.0198247
                    time_check_in_c:0.0239257
                    time_add_parent:0.0259308
                    num_neighbors:3999455
                    time_add_neighbors_to_o:1.82593
        Stage2:
            total_Stage2:0.0246472
            num_len_path:143
            time_expanding_s:0.000161233
            timing_AStarSearchUntil:
                total_astar_search_until:0.024433
                num_values_f_less_fmax:728
                ASU Exp:
                    total_ASUExp:0.02443
                    time_top_o:0.000259572
                    time_check_in_c:0.000134644
                    time_add_parent:0.000212951
                    num_neighbors:54036
                    time_add_neighbors_to_o:0.022861
        Stage3:
            total_Stage3:0.734021
            num_until_goal_expanded:1089
            timing_S3Exp:
                total_S3Exp: 0.048365
                time_top_o: 0.000382074
                time_check_in_c: 0.000188687
                time_add_parent: 0.000351195
                num_neighbors: 75728
                time_add_neighbors_to_o: 0.0456876
    timing_PIOW_overlapping:
        total_PIOW: 0.252531
        num_windows: 899
        time_check_overlap: 2.9415e-05
        num_overlapping_windows: 14
        time_merge_windows: 1.732e-05
        time_remove_window: 3.501e-06
        time_remove_window: 1.6607e-05
        timing_PlanIn:
            total_PlanIn:0.252438
            num_until_goal_expanded:1262
            timing_expansions:
                total_S3Exp: 0.252404
                time_top_o: 0.000316398
                time_check_in_c: 0.000242717
                time_add_parent: 0.000350919
                num_neighbors: 452189
                time_add_neighbors_to_o: 0.23838
    num_new_collisions: 23
    timing_PIOW_new_collisions:
        total_PIOW: 0.271869
        num_windows: 389
        time_check_overlap: 1.1889e-05
        num_overlapping_windows: 6
        time_merge_windows: 0
        time_remove_window: 0.726026
        time_remove_window: 1.1185e-05
        timing_PlanIn:
            total_PlanIn:0.271806
            num_until_goal_expanded:854
            timing_expansions:
                total_S3Exp: 0.271757
                time_top_o: 0.000267647
                time_check_in_c: 0.000185573
                time_add_parent: 0.000258619
                num_neighbors: 496042
                time_add_neighbors_to_o: 0.25723
    num_windows_should_quit: 0
    time_should_quit: 9.941e-06
    time_remove_window: 0
Complete!
