Total time: 46.0274
is_optimal: false
optimality_bound: 1.00325
successive_bounds: [1.01827, 1.00776, 1.00626, 1.00626, 1.00626, 1.00576, 1.00475, 1.0045, 1.00325, 1.00325, 1.00325, 1.00325, 1.00325]
successive_runtimes: [0.105361, 1.13869, 1.15991, 1.17488, 1.18703, 1.33889, 3.47027, 29.0294, 45.9947, 46.0068, 46.0154, 46.0217, 46.0274]
num_agents: 60
time_individual_plan: 0.00750425
time_first_plan: 0.0971502
num_max_agents_in_window_first_iteration: 3
num_recWAMPF: 13
timing_recWAMPF:
    total_RecWAMPF: 46.0192
    num_windows: 316
    num_max_agents_in_window: 6
    timing_gari:
        total_GARI: 11.7016
        time_path_btw_starts: 0.00104797
        Stage1:
            total_Stage1:9.02248
            time_add_x_to_o: 1.10154
            time_clear_x: 0.448133
            timing_AStarSearchUntil:
                total_astar_search_until:6.62051
                num_values_f_less_fmax:26179
                ASU Exp:
                    total_ASUExp:6.6205
                    time_top_o:0.0327928
                    time_check_in_c:0.0119192
                    time_add_parent:0.0112211
                    num_neighbors:10441026
                    time_add_neighbors_to_o:7.34972
        Stage2:
            total_Stage2:0.0195592
            num_len_path:283
            time_expanding_s:0.000238897
            timing_AStarSearchUntil:
                total_astar_search_until:0.0191631
                num_values_f_less_fmax:670
                ASU Exp:
                    total_ASUExp:0.0191556
                    time_top_o:0.000242354
                    time_check_in_c:0.000174879
                    time_add_parent:0.000249477
                    num_neighbors:31735
                    time_add_neighbors_to_o:0.0175427
        Stage3:
            total_Stage3:2.65834
            num_until_goal_expanded:2616
            timing_S3Exp:
                total_S3Exp: 1.86491
                time_top_o: 0.002046
                time_check_in_c: 0.000581222
                time_add_parent: 0.00120143
                num_neighbors: 2494998
                time_add_neighbors_to_o: 1.85156
    timing_PIOW_overlapping:
        total_PIOW: 16.9745
        num_windows: 2253
        time_check_overlap: 9.4507e-05
        num_overlapping_windows: 12
        time_merge_windows: 1.8927e-05
        time_remove_window: 3.589e-06
        time_remove_window: 1.8094e-05
        timing_PlanIn:
            total_PlanIn:16.9743
            num_until_goal_expanded:2030
            timing_expansions:
                total_S3Exp: 16.9742
                time_top_o: 0.00383573
                time_check_in_c: 0.000590851
                time_add_parent: 0.00115505
                num_neighbors: 20460767
                time_add_neighbors_to_o: 16.3292
    num_new_collisions: 24
    timing_PIOW_new_collisions:
        total_PIOW: 17.1952
        num_windows: 522
        time_check_overlap: 2.0304e-05
        num_overlapping_windows: 4
        time_merge_windows: 0
        time_remove_window: 14.4769
        time_remove_window: 1.3786e-05
        timing_PlanIn:
            total_PlanIn:17.1951
            num_until_goal_expanded:3370
            timing_expansions:
                total_S3Exp: 17.195
                time_top_o: 0.00426395
                time_check_in_c: 0.0010041
                time_add_parent: 0.00174105
                num_neighbors: 20807950
                time_add_neighbors_to_o: 16.5336
    num_windows_should_quit: 0
    time_should_quit: 3.1518e-05
    time_remove_window: 0
Complete!
