Total time: 3.97947
is_optimal: true
optimality_bound: 1
successive_bounds: [1.00571, 1.00571, 1.00571, 1.00571, 1.00571, 1.00571, 1.00571, 1.00444, 1.00444, 1.00444, 1.00444, 1.00444, 1.0019, 1.0019, 1.0019, 1.0019, 1.0019, 1.0019, 1.0019, 1.0019, 1.0019, 1.0019, 1.0019, 1.00127, 1.00127, 1, 1]
successive_runtimes: [0.00725885, 0.0145413, 0.022849, 0.0328831, 0.0436242, 0.0555779, 0.0690343, 0.0840154, 0.0995712, 0.188906, 0.459281, 0.73132, 1.62067, 2.13177, 2.43606, 2.64113, 2.79344, 2.93968, 3.06917, 3.197, 3.32584, 3.44935, 3.5717, 3.69672, 3.8263, 3.97947]
num_agents: 30
time_individual_plan: 0.00333687
time_first_plan: 0.00323411
num_max_agents_in_window_first_iteration: 3
num_recWAMPF: 26
timing_recWAMPF:
    total_RecWAMPF: 3.97544
    num_windows: 209
    num_max_agents_in_window: 3
    timing_gari:
        total_GARI: 3.95982
        time_path_btw_starts: 0.00918251
        Stage1:
            total_Stage1:2.04377
            time_add_x_to_o: 0.53643
            time_clear_x: 0.168725
            timing_AStarSearchUntil:
                total_astar_search_until:1.3386
                num_values_f_less_fmax:35555
                ASU Exp:
                    total_ASUExp:1.33859
                    time_top_o:0.0394865
                    time_check_in_c:0.0198908
                    time_add_parent:0.0148903
                    num_neighbors:2188386
                    time_add_neighbors_to_o:1.19662
        Stage2:
            total_Stage2:0.0897276
            num_len_path:164
            time_expanding_s:0.000113365
            timing_AStarSearchUntil:
                total_astar_search_until:0.0894747
                num_values_f_less_fmax:1178
                ASU Exp:
                    total_ASUExp:0.0894697
                    time_top_o:0.000828145
                    time_check_in_c:0.000623283
                    time_add_parent:0.000544885
                    num_neighbors:166298
                    time_add_neighbors_to_o:0.0849871
        Stage3:
            total_Stage3:1.81706
            num_until_goal_expanded:13534
            timing_S3Exp:
                total_S3Exp: 0.218714
                time_top_o: 0.00790098
                time_check_in_c: 0.00244029
                time_add_parent: 0.00735831
                num_neighbors: 324500
                time_add_neighbors_to_o: 0.172642
    timing_PIOW_overlapping:
        total_PIOW: 0.00730908
        num_windows: 449
        time_check_overlap: 2.6497e-05
        num_overlapping_windows: 1
        time_merge_windows: 2.214e-06
        time_remove_window: 2.8e-07
        time_remove_window: 2.152e-06
        timing_PlanIn:
            total_PlanIn:0.00725797
            num_until_goal_expanded:169
            timing_expansions:
                total_S3Exp: 0.00725507
                time_top_o: 5.5345e-05
                time_check_in_c: 4.1794e-05
                time_add_parent: 7.4056e-05
                num_neighbors: 7389
                time_add_neighbors_to_o: 0.00658525
    num_new_collisions: 6
    timing_PIOW_new_collisions:
        total_PIOW: 0.00272068
        num_windows: 29
        time_check_overlap: 1.462e-06
        num_overlapping_windows: 1
        time_merge_windows: 0
        time_remove_window: 0.00460878
        time_remove_window: 1.936e-06
        timing_PlanIn:
            total_PlanIn:0.00270887
            num_until_goal_expanded:172
            timing_expansions:
                total_S3Exp: 0.00269616
                time_top_o: 2.8483e-05
                time_check_in_c: 3.4422e-05
                time_add_parent: 5.4992e-05
                num_neighbors: 4325
                time_add_neighbors_to_o: 0.00218786
    num_windows_should_quit: 2
    time_should_quit: 1.446e-05
    time_remove_window: 6.42e-07
Complete!
