Total time: 0.0103711
is_optimal: true
optimality_bound: 1
successive_bounds: [1.00166, 1.00166, 1.00166, 1.00166, 1.00166, 1.00166, 1.00166, 1, 1]
successive_runtimes: [0.00480928, 0.00513427, 0.00547182, 0.00583754, 0.00629305, 0.00699061, 0.00807836, 0.0103711]
num_agents: 20
time_individual_plan: 0.00398417
time_first_plan: 0.000292276
num_max_agents_in_window_first_iteration: 2
num_recWAMPF: 8
timing_recWAMPF:
    total_RecWAMPF: 0.00585256
    num_windows: 15
    num_max_agents_in_window: 2
    timing_gari:
        total_GARI: 0.0047712
        time_path_btw_starts: 3.0884e-05
        Stage1:
            total_Stage1:0.00296419
            time_add_x_to_o: 0.000574684
            time_clear_x: 8.8583e-05
            timing_AStarSearchUntil:
                total_astar_search_until:0.00230002
                num_values_f_less_fmax:477
                ASU Exp:
                    total_ASUExp:0.00229962
                    time_top_o:0.000116081
                    time_check_in_c:7.2526e-05
                    time_add_parent:7.4046e-05
                    num_neighbors:4097
                    time_add_neighbors_to_o:0.00169669
        Stage2:
            total_Stage2:0.000521911
            num_len_path:15
            time_expanding_s:5.161e-06
            timing_AStarSearchUntil:
                total_astar_search_until:0.00051247
                num_values_f_less_fmax:37
                ASU Exp:
                    total_ASUExp:0.000512159
                    time_top_o:8.392e-06
                    time_check_in_c:6.509e-06
                    time_add_parent:8.726e-06
                    num_neighbors:1043
                    time_add_neighbors_to_o:0.000452753
        Stage3:
            total_Stage3:0.00125189
            num_until_goal_expanded:209
            timing_S3Exp:
                total_S3Exp: 0.00091681
                time_top_o: 4.2094e-05
                time_check_in_c: 3.1958e-05
                time_add_parent: 6.0591e-05
                num_neighbors: 1698
                time_add_neighbors_to_o: 0.000592722
    timing_PIOW_overlapping:
        total_PIOW: 1.85e-07
        num_windows: 7
        time_check_overlap: 0
        num_overlapping_windows: 0
        time_merge_windows: 0
        time_remove_window: 0
        time_remove_window: 0
        timing_PlanIn:
            total_PlanIn:0
            num_until_goal_expanded:0
            timing_expansions:
                total_S3Exp: 0
                time_top_o: 0
                time_check_in_c: 0
                time_add_parent: 0
                num_neighbors: 0
                time_add_neighbors_to_o: 0
    num_new_collisions: 1
    timing_PIOW_new_collisions:
        total_PIOW: 0.000125513
        num_windows: 0
        time_check_overlap: 0
        num_overlapping_windows: 0
        time_merge_windows: 0
        time_remove_window: 0
        time_remove_window: 3.2e-07
        timing_PlanIn:
            total_PlanIn:0.000124071
            num_until_goal_expanded:15
            timing_expansions:
                total_S3Exp: 0.000120676
                time_top_o: 2.238e-06
                time_check_in_c: 3.404e-06
                time_add_parent: 5.397e-06
                num_neighbors: 133
                time_add_neighbors_to_o: 8.0591e-05
    num_windows_should_quit: 0
    time_should_quit: 3.9e-07
    time_remove_window: 0
Complete!
