Total time: 7.8744
is_optimal: false
optimality_bound: 1.00308
successive_bounds: [1.00493, 1.00493, 1.00431, 1.00431, 1.00431, 1.004, 1.004, 1.00339, 1.00339, 1.00339, 1.00339, 1.00308]
successive_runtimes: [0.0100779, 0.0123855, 0.0182614, 0.0209384, 0.024356, 0.0276101, 0.0301347, 0.0375444, 0.0409213, 0.0438997, 0.0469764, 7.8744]
num_agents: 50
time_individual_plan: 0.00601369
time_first_plan: 0.00344149
num_max_agents_in_window_first_iteration: 2
num_recWAMPF: 12
timing_recWAMPF:
    total_RecWAMPF: 7.86776
    num_windows: 145
    num_max_agents_in_window: 5
    timing_gari:
        total_GARI: 0.0272325
        time_path_btw_starts: 0.000482859
        Stage1:
            total_Stage1:0.00812213
            time_add_x_to_o: 0.00543419
            time_clear_x: 0.00066093
            timing_AStarSearchUntil:
                total_astar_search_until:0.00202016
                num_values_f_less_fmax:291
                ASU Exp:
                    total_ASUExp:0.002017
                    time_top_o:7.9829e-05
                    time_check_in_c:0.000102191
                    time_add_parent:1.7817e-05
                    num_neighbors:4478
                    time_add_neighbors_to_o:0.00162749
        Stage2:
            total_Stage2:0.00923598
            num_len_path:131
            time_expanding_s:6.1865e-05
            timing_AStarSearchUntil:
                total_astar_search_until:0.00913796
                num_values_f_less_fmax:548
                ASU Exp:
                    total_ASUExp:0.00913517
                    time_top_o:0.000148305
                    time_check_in_c:0.000106764
                    time_add_parent:0.000185274
                    num_neighbors:19529
                    time_add_neighbors_to_o:0.0081058
        Stage3:
            total_Stage3:0.00937225
            num_until_goal_expanded:320
            timing_S3Exp:
                total_S3Exp: 0.00442974
                time_top_o: 6.2074e-05
                time_check_in_c: 3.9809e-05
                time_add_parent: 7.4914e-05
                num_neighbors: 7701
                time_add_neighbors_to_o: 0.00373688
    timing_PIOW_overlapping:
        total_PIOW: 1.33243
        num_windows: 510
        time_check_overlap: 1.4785e-05
        num_overlapping_windows: 8
        time_merge_windows: 8.333e-06
        time_remove_window: 1.665e-06
        time_remove_window: 7.873e-06
        timing_PlanIn:
            total_PlanIn:1.33239
            num_until_goal_expanded:4025
            timing_expansions:
                total_S3Exp: 1.33237
                time_top_o: 0.00281052
                time_check_in_c: 0.00112409
                time_add_parent: 0.00208673
                num_neighbors: 1961351
                time_add_neighbors_to_o: 1.26924
    num_new_collisions: 13
    timing_PIOW_new_collisions:
        total_PIOW: 6.49706
        num_windows: 118
        time_check_overlap: 3.828e-06
        num_overlapping_windows: 1
        time_merge_windows: 0
        time_remove_window: 1.37822
        time_remove_window: 6.333e-06
        timing_PlanIn:
            total_PlanIn:6.49703
            num_until_goal_expanded:4754
            timing_expansions:
                total_S3Exp: 6.49701
                time_top_o: 0.00503313
                time_check_in_c: 0.00124855
                time_add_parent: 0.00269737
                num_neighbors: 8684548
                time_add_neighbors_to_o: 6.25911
    num_windows_should_quit: 0
    time_should_quit: 5.051e-06
    time_remove_window: 0
Complete!
