Total time: 0.0393922
is_optimal: false
optimality_bound: 1.00114
successive_bounds: [1.00304, 1.00266, 1.00266, 1.0019, 1.00114, 1.00114, 1.00114, 1.00114, 1.00114, 1.00114, 1.00114, 1.00114, 1.00114, 1.00114]
successive_runtimes: [0.00631052, 0.00745132, 0.00851101, 0.00952489, 0.0123898, 0.013679, 0.01476, 0.016652, 0.0181266, 0.0194353, 0.0206188, 0.0294448, 0.0360947, 0.0393922]
num_agents: 40
time_individual_plan: 0.00433934
time_first_plan: 0.00144705
num_max_agents_in_window_first_iteration: 2
num_recWAMPF: 14
timing_recWAMPF:
    total_RecWAMPF: 0.0345261
    num_windows: 156
    num_max_agents_in_window: 3
    timing_gari:
        total_GARI: 0.019895
        time_path_btw_starts: 0.00035816
        Stage1:
            total_Stage1:0.00545749
            time_add_x_to_o: 0.00466186
            time_clear_x: 0.000526123
            timing_AStarSearchUntil:
                total_astar_search_until:0.000261806
                num_values_f_less_fmax:212
                ASU Exp:
                    total_ASUExp:0.000258251
                    time_top_o:4.6764e-05
                    time_check_in_c:2.1171e-05
                    time_add_parent:5.125e-06
                    num_neighbors:410
                    time_add_neighbors_to_o:0.000134118
        Stage2:
            total_Stage2:0.00491554
            num_len_path:158
            time_expanding_s:7.1365e-05
            timing_AStarSearchUntil:
                total_astar_search_until:0.00480642
                num_values_f_less_fmax:359
                ASU Exp:
                    total_ASUExp:0.00480319
                    time_top_o:8.8461e-05
                    time_check_in_c:6.7405e-05
                    time_add_parent:0.000103066
                    num_neighbors:9865
                    time_add_neighbors_to_o:0.00409195
        Stage3:
            total_Stage3:0.00914331
            num_until_goal_expanded:530
            timing_S3Exp:
                total_S3Exp: 0.0052623
                time_top_o: 0.000111984
                time_check_in_c: 6.4285e-05
                time_add_parent: 0.000125109
                num_neighbors: 7871
                time_add_neighbors_to_o: 0.00380727
    timing_PIOW_overlapping:
        total_PIOW: 0.00780564
        num_windows: 442
        time_check_overlap: 1.4974e-05
        num_overlapping_windows: 1
        time_merge_windows: 1.27e-06
        time_remove_window: 1.53e-07
        time_remove_window: 1.215e-06
        timing_PlanIn:
            total_PlanIn:0.00777719
            num_until_goal_expanded:216
            timing_expansions:
                total_S3Exp: 0.007775
                time_top_o: 5.4739e-05
                time_check_in_c: 3.8851e-05
                time_add_parent: 6.2679e-05
                num_neighbors: 12048
                time_add_neighbors_to_o: 0.006943
    num_new_collisions: 6
    timing_PIOW_new_collisions:
        total_PIOW: 0.000481791
        num_windows: 30
        time_check_overlap: 1.218e-06
        num_overlapping_windows: 0
        time_merge_windows: 0
        time_remove_window: 0
        time_remove_window: 3.41e-06
        timing_PlanIn:
            total_PlanIn:0.000471715
            num_until_goal_expanded:49
            timing_expansions:
                total_S3Exp: 0.000461108
                time_top_o: 6.965e-06
                time_check_in_c: 8.34e-06
                time_add_parent: 1.4169e-05
                num_neighbors: 684
                time_add_neighbors_to_o: 0.000340979
    num_windows_should_quit: 0
    time_should_quit: 4.592e-06
    time_remove_window: 0
Complete!
