Total time: 59.0154
is_optimal: false
optimality_bound: 1.00217
successive_bounds: [1.01139, 1.01031, 1.00651, 1.00434, 1.00434, 1.00434, 1.00434, 1.00434, 1.00326, 1.00326, 1.00326, 1.00326, 1.00326, 1.00326, 1.00326, 1.00217, 1.00217, 1.00217, 1.00217]
successive_runtimes: [0.0184064, 0.182143, 0.655622, 0.89824, 1.30478, 2.57828, 4.96219, 8.52075, 13.0032, 15.807, 18.1939, 20.6663, 23.1696, 25.7741, 28.5653, 31.3518, 34.197, 37.0289, 59.0154]
num_agents: 30
time_individual_plan: 0.0059322
time_first_plan: 0.0118318
num_max_agents_in_window_first_iteration: 3
num_recWAMPF: 19
timing_recWAMPF:
    total_RecWAMPF: 59.0088
    num_windows: 148
    num_max_agents_in_window: 4
    timing_gari:
        total_GARI: 40.6788
        time_path_btw_starts: 0.00754039
        Stage1:
            total_Stage1:17.8458
            time_add_x_to_o: 3.57338
            time_clear_x: 2.21379
            timing_AStarSearchUntil:
                total_astar_search_until:10.877
                num_values_f_less_fmax:175963
                ASU Exp:
                    total_ASUExp:10.877
                    time_top_o:0.246116
                    time_check_in_c:0.0905411
                    time_add_parent:0.0751475
                    num_neighbors:18533968
                    time_add_neighbors_to_o:11.3754
        Stage2:
            total_Stage2:0.0788848
            num_len_path:142
            time_expanding_s:0.000465002
            timing_AStarSearchUntil:
                total_astar_search_until:0.0782919
                num_values_f_less_fmax:1070
                ASU Exp:
                    total_ASUExp:0.0782876
                    time_top_o:0.000615063
                    time_check_in_c:0.000289016
                    time_add_parent:0.000533127
                    num_neighbors:122532
                    time_add_neighbors_to_o:0.0745667
        Stage3:
            total_Stage3:22.7466
            num_until_goal_expanded:179784
            timing_S3Exp:
                total_S3Exp: 14.7522
                time_top_o: 0.209344
                time_check_in_c: 0.0805191
                time_add_parent: 0.147844
                num_neighbors: 22132089
                time_add_neighbors_to_o: 13.9767
    timing_PIOW_overlapping:
        total_PIOW: 3.7897e-05
        num_windows: 288
        time_check_overlap: 2.1253e-05
        num_overlapping_windows: 0
        time_merge_windows: 0
        time_remove_window: 0
        time_remove_window: 0
        timing_PlanIn:
            total_PlanIn:0
            num_until_goal_expanded:0
            timing_expansions:
                total_S3Exp: 0
                time_top_o: 0
                time_check_in_c: 0
                time_add_parent: 0
                num_neighbors: 0
                time_add_neighbors_to_o: 0
    num_new_collisions: 8
    timing_PIOW_new_collisions:
        total_PIOW: 17.224
        num_windows: 37
        time_check_overlap: 2.949e-06
        num_overlapping_windows: 4
        time_merge_windows: 0
        time_remove_window: 42.7557
        time_remove_window: 2.442e-06
        timing_PlanIn:
            total_PlanIn:17.224
            num_until_goal_expanded:53302
            timing_expansions:
                total_S3Exp: 17.224
                time_top_o: 0.126087
                time_check_in_c: 0.0251378
                time_add_parent: 0.0430027
                num_neighbors: 19160798
                time_add_neighbors_to_o: 16.2404
    num_windows_should_quit: 0
    time_should_quit: 1.6993e-05
    time_remove_window: 0
Complete!
