Total time: 9.03376
is_optimal: false
optimality_bound: 1.00112
successive_bounds: [1.00412, 1.00337, 1.00337, 1.00337, 1.00337, 1.00225, 1.00225, 1.0015, 1.0015, 1.0015, 1.0015, 1.0015, 1.0015, 1.0015, 1.0015, 1.00112]
successive_runtimes: [0.0139056, 0.0164565, 0.0189631, 0.0226582, 0.0264906, 0.0770568, 0.0937718, 0.100959, 0.113195, 0.130853, 0.14244, 0.153586, 0.166569, 0.178139, 0.190281, 9.03376]
num_agents: 40
time_individual_plan: 0.0101512
time_first_plan: 0.00323923
num_max_agents_in_window_first_iteration: 2
num_recWAMPF: 16
timing_recWAMPF:
    total_RecWAMPF: 9.02309
    num_windows: 268
    num_max_agents_in_window: 4
    timing_gari:
        total_GARI: 0.128121
        time_path_btw_starts: 0.00135043
        Stage1:
            total_Stage1:0.0317966
            time_add_x_to_o: 0.0253999
            time_clear_x: 0.00335804
            timing_AStarSearchUntil:
                total_astar_search_until:0.00302283
                num_values_f_less_fmax:1411
                ASU Exp:
                    total_ASUExp:0.0030162
                    time_top_o:0.00031951
                    time_check_in_c:0.000227101
                    time_add_parent:0.000155516
                    num_neighbors:4720
                    time_add_neighbors_to_o:0.00171026
        Stage2:
            total_Stage2:0.0104305
            num_len_path:252
            time_expanding_s:0.000305003
            timing_AStarSearchUntil:
                total_astar_search_until:0.0100286
                num_values_f_less_fmax:608
                ASU Exp:
                    total_ASUExp:0.0100229
                    time_top_o:0.000175908
                    time_check_in_c:0.000123636
                    time_add_parent:0.000193823
                    num_neighbors:20701
                    time_add_neighbors_to_o:0.00853691
        Stage3:
            total_Stage3:0.0830047
            num_until_goal_expanded:2178
            timing_S3Exp:
                total_S3Exp: 0.0326678
                time_top_o: 0.000568901
                time_check_in_c: 0.000307156
                time_add_parent: 0.000574976
                num_neighbors: 53873
                time_add_neighbors_to_o: 0.0282748
    timing_PIOW_overlapping:
        total_PIOW: 8.88506
        num_windows: 1259
        time_check_overlap: 4.4754e-05
        num_overlapping_windows: 6
        time_merge_windows: 1.0708e-05
        time_remove_window: 1.901e-06
        time_remove_window: 1.0347e-05
        timing_PlanIn:
            total_PlanIn:8.88496
            num_until_goal_expanded:27910
            timing_expansions:
                total_S3Exp: 8.88494
                time_top_o: 0.0250937
                time_check_in_c: 0.00922432
                time_add_parent: 0.0183487
                num_neighbors: 12507343
                time_add_neighbors_to_o: 8.46517
    num_new_collisions: 13
    timing_PIOW_new_collisions:
        total_PIOW: 0.002243
        num_windows: 147
        time_check_overlap: 4.155e-06
        num_overlapping_windows: 1
        time_merge_windows: 0
        time_remove_window: 0.102218
        time_remove_window: 3.753e-06
        timing_PlanIn:
            total_PlanIn:0.00222004
            num_until_goal_expanded:221
            timing_expansions:
                total_S3Exp: 0.00219853
                time_top_o: 2.7003e-05
                time_check_in_c: 3.653e-05
                time_add_parent: 5.6808e-05
                num_neighbors: 3389
                time_add_neighbors_to_o: 0.00172285
    num_windows_should_quit: 0
    time_should_quit: 1.5415e-05
    time_remove_window: 0
Complete!
