Total time: 0.135875
is_optimal: false
optimality_bound: 1.00534
successive_bounds: [1.00738, 1.00687, 1.00611, 1.00585, 1.00585, 1.00585, 1.00585, 1.00585, 1.00585, 1.00585, 1.00585, 1.00585, 1.00534, 1.00534, 1.00534]
successive_runtimes: [0.0185467, 0.0294729, 0.0401637, 0.0487025, 0.0513765, 0.0550944, 0.0687187, 0.0739135, 0.077718, 0.0839593, 0.0885298, 0.0932575, 0.0984865, 0.121362, 0.135875]
num_agents: 60
time_individual_plan: 0.00648198
time_first_plan: 0.0115364
num_max_agents_in_window_first_iteration: 3
num_recWAMPF: 15
timing_recWAMPF:
    total_RecWAMPF: 0.128862
    num_windows: 235
    num_max_agents_in_window: 3
    timing_gari:
        total_GARI: 0.0873923
        time_path_btw_starts: 0.000569995
        Stage1:
            total_Stage1:0.0288668
            time_add_x_to_o: 0.0139907
            time_clear_x: 0.00149252
            timing_AStarSearchUntil:
                total_astar_search_until:0.0133714
                num_values_f_less_fmax:1844
                ASU Exp:
                    total_ASUExp:0.0133665
                    time_top_o:0.000532825
                    time_check_in_c:0.000325303
                    time_add_parent:0.000412354
                    num_neighbors:27438
                    time_add_neighbors_to_o:0.0108094
        Stage2:
            total_Stage2:0.023824
            num_len_path:223
            time_expanding_s:0.000100475
            timing_AStarSearchUntil:
                total_astar_search_until:0.0236577
                num_values_f_less_fmax:1645
                ASU Exp:
                    total_ASUExp:0.0236531
                    time_top_o:0.000421269
                    time_check_in_c:0.000335168
                    time_add_parent:0.000559334
                    num_neighbors:48132
                    time_add_neighbors_to_o:0.0206577
        Stage3:
            total_Stage3:0.0340954
            num_until_goal_expanded:1507
            timing_S3Exp:
                total_S3Exp: 0.0169385
                time_top_o: 0.000407355
                time_check_in_c: 0.000218162
                time_add_parent: 0.000400187
                num_neighbors: 31401
                time_add_neighbors_to_o: 0.0139844
    timing_PIOW_overlapping:
        total_PIOW: 0.0170131
        num_windows: 1247
        time_check_overlap: 3.6194e-05
        num_overlapping_windows: 12
        time_merge_windows: 8.91e-06
        time_remove_window: 1.804e-06
        time_remove_window: 8.423e-06
        timing_PlanIn:
            total_PlanIn:0.0169305
            num_until_goal_expanded:480
            timing_expansions:
                total_S3Exp: 0.0169112
                time_top_o: 0.00010852
                time_check_in_c: 8.0756e-05
                time_add_parent: 0.000126591
                num_neighbors: 29046
                time_add_neighbors_to_o: 0.015214
    num_new_collisions: 20
    timing_PIOW_new_collisions:
        total_PIOW: 0.00420372
        num_windows: 376
        time_check_overlap: 9.12e-06
        num_overlapping_windows: 2
        time_merge_windows: 0
        time_remove_window: 0.0305282
        time_remove_window: 1.1288e-05
        timing_PlanIn:
            total_PlanIn:0.00415711
            num_until_goal_expanded:345
            timing_expansions:
                total_S3Exp: 0.00412579
                time_top_o: 4.4317e-05
                time_check_in_c: 5.7078e-05
                time_add_parent: 8.587e-05
                num_neighbors: 6787
                time_add_neighbors_to_o: 0.00333001
    num_windows_should_quit: 0
    time_should_quit: 9.347e-06
    time_remove_window: 0
Complete!
