Total time: 0.783675
is_optimal: true
optimality_bound: 1
successive_bounds: [1.00639, 1.00639, 1.00639, 1.00639, 1.00639, 1.00639, 1.00639, 1.00639, 1.00639, 1.00639, 1.00639, 1.00639, 1.00639, 1.00639, 1.00639, 1.00319, 1.00319, 1.00319, 1.00319, 1, 1]
successive_runtimes: [0.0105413, 0.0245591, 0.0427016, 0.0611799, 0.0766274, 0.109406, 0.136052, 0.161724, 0.200325, 0.231928, 0.255995, 0.276251, 0.305554, 0.34525, 0.378285, 0.447918, 0.512724, 0.556271, 0.606842, 0.783675]
num_agents: 10
time_individual_plan: 0.00300252
time_first_plan: 0.00605673
num_max_agents_in_window_first_iteration: 3
num_recWAMPF: 20
timing_recWAMPF:
    total_RecWAMPF: 0.77918
    num_windows: 39
    num_max_agents_in_window: 3
    timing_gari:
        total_GARI: 0.772318
        time_path_btw_starts: 0.000305911
        Stage1:
            total_Stage1:0.384566
            time_add_x_to_o: 0.0900349
            time_clear_x: 0.0264035
            timing_AStarSearchUntil:
                total_astar_search_until:0.268114
                num_values_f_less_fmax:5607
                ASU Exp:
                    total_ASUExp:0.26811
                    time_top_o:0.00717483
                    time_check_in_c:0.004048
                    time_add_parent:0.00533026
                    num_neighbors:237780
                    time_add_neighbors_to_o:0.236948
        Stage2:
            total_Stage2:0.0227577
            num_len_path:38
            time_expanding_s:7.2895e-05
            timing_AStarSearchUntil:
                total_astar_search_until:0.0226365
                num_values_f_less_fmax:117
                ASU Exp:
                    total_ASUExp:0.0226341
                    time_top_o:0.000103119
                    time_check_in_c:5.8778e-05
                    time_add_parent:0.000123313
                    num_neighbors:20820
                    time_add_neighbors_to_o:0.0218467
        Stage3:
            total_Stage3:0.36465
            num_until_goal_expanded:4034
            timing_S3Exp:
                total_S3Exp: 0.184911
                time_top_o: 0.00398608
                time_check_in_c: 0.00147456
                time_add_parent: 0.00363342
                num_neighbors: 175400
                time_add_neighbors_to_o: 0.161869
    timing_PIOW_overlapping:
        total_PIOW: 2.537e-06
        num_windows: 19
        time_check_overlap: 0
        num_overlapping_windows: 0
        time_merge_windows: 0
        time_remove_window: 0
        time_remove_window: 0
        timing_PlanIn:
            total_PlanIn:0
            num_until_goal_expanded:0
            timing_expansions:
                total_S3Exp: 0
                time_top_o: 0
                time_check_in_c: 0
                time_add_parent: 0
                num_neighbors: 0
                time_add_neighbors_to_o: 0
    num_new_collisions: 2
    timing_PIOW_new_collisions:
        total_PIOW: 0.00594844
        num_windows: 1
        time_check_overlap: 4.08e-07
        num_overlapping_windows: 1
        time_merge_windows: 0
        time_remove_window: 0.00491946
        time_remove_window: 1.543e-06
        timing_PlanIn:
            total_PlanIn:0.00593441
            num_until_goal_expanded:51
            timing_expansions:
                total_S3Exp: 0.005916
                time_top_o: 2.5691e-05
                time_check_in_c: 3.4277e-05
                time_add_parent: 6.8702e-05
                num_neighbors: 3498
                time_add_neighbors_to_o: 0.00524731
    num_windows_should_quit: 0
    time_should_quit: 5.617e-06
    time_remove_window: 0
Complete!
