Total time: 0.0630743
is_optimal: true
optimality_bound: 1
successive_bounds: [1.00423, 1.00282, 1.00282, 1.00282, 1.00282, 1.00282, 1.00141, 1.00141, 1.00141, 1.00141, 1.00141, 1.00141, 1.00141, 1.00141, 1.00141, 1.00141, 1.00141, 1.00141, 1.00141, 1.00141, 1, 1]
successive_runtimes: [0.00552802, 0.0064164, 0.00720624, 0.00856799, 0.0105992, 0.0133622, 0.016045, 0.0175109, 0.0189983, 0.0206384, 0.0225385, 0.0245284, 0.0269376, 0.0298135, 0.0328679, 0.0367985, 0.040879, 0.0451592, 0.0508044, 0.055518, 0.0630743]
num_agents: 20
time_individual_plan: 0.00402868
time_first_plan: 0.000785477
num_max_agents_in_window_first_iteration: 2
num_recWAMPF: 21
timing_recWAMPF:
    total_RecWAMPF: 0.0583264
    num_windows: 164
    num_max_agents_in_window: 2
    timing_gari:
        total_GARI: 0.0557281
        time_path_btw_starts: 0.000573734
        Stage1:
            total_Stage1:0.0339549
            time_add_x_to_o: 0.0106787
            time_clear_x: 0.00185455
            timing_AStarSearchUntil:
                total_astar_search_until:0.0214108
                num_values_f_less_fmax:4047
                ASU Exp:
                    total_ASUExp:0.0214064
                    time_top_o:0.0014394
                    time_check_in_c:0.0009158
                    time_add_parent:0.000853437
                    num_neighbors:36051
                    time_add_neighbors_to_o:0.0155888
        Stage2:
            total_Stage2:0.00733485
            num_len_path:186
            time_expanding_s:9.3623e-05
            timing_AStarSearchUntil:
                total_astar_search_until:0.00718729
                num_values_f_less_fmax:480
                ASU Exp:
                    total_ASUExp:0.00718324
                    time_top_o:0.000155631
                    time_check_in_c:0.000107273
                    time_add_parent:0.000152832
                    num_neighbors:12960
                    time_add_neighbors_to_o:0.00614914
        Stage3:
            total_Stage3:0.0138344
            num_until_goal_expanded:750
            timing_S3Exp:
                total_S3Exp: 0.00524282
                time_top_o: 0.000223549
                time_check_in_c: 0.000134099
                time_add_parent: 0.000263691
                num_neighbors: 6843
                time_add_neighbors_to_o: 0.003335
    timing_PIOW_overlapping:
        total_PIOW: 2.9347e-05
        num_windows: 320
        time_check_overlap: 1.644e-05
        num_overlapping_windows: 0
        time_merge_windows: 0
        time_remove_window: 0
        time_remove_window: 0
        timing_PlanIn:
            total_PlanIn:0
            num_until_goal_expanded:0
            timing_expansions:
                total_S3Exp: 0
                time_top_o: 0
                time_check_in_c: 0
                time_add_parent: 0
                num_neighbors: 0
                time_add_neighbors_to_o: 0
    num_new_collisions: 4
    timing_PIOW_new_collisions:
        total_PIOW: 0.00051647
        num_windows: 12
        time_check_overlap: 6.45e-07
        num_overlapping_windows: 0
        time_merge_windows: 0
        time_remove_window: 0
        time_remove_window: 2.3e-06
        timing_PlanIn:
            total_PlanIn:0.000508501
            num_until_goal_expanded:56
            timing_expansions:
                total_S3Exp: 0.000499639
                time_top_o: 9.456e-06
                time_check_in_c: 1.2083e-05
                time_add_parent: 1.8649e-05
                num_neighbors: 615
                time_add_neighbors_to_o: 0.000336004
    num_windows_should_quit: 0
    time_should_quit: 5.904e-06
    time_remove_window: 0
Complete!
