Total time: 0.146117
is_optimal: true
optimality_bound: 1
successive_bounds: [1.0034, 1.00243, 1.00049, 1.00049, 1.00049, 1.00049, 1.00049, 1.00049, 1.00049, 1.00049, 1.00049, 1.00049, 1.00049, 1.00049, 1.00049, 1.00049, 1.00049, 1.00049, 1.00049, 1.00049, 1.00049, 1.00049, 1.00049, 1, 1]
successive_runtimes: [0.00921061, 0.0107698, 0.0120737, 0.0126474, 0.0132658, 0.0138023, 0.0143433, 0.0148409, 0.0152925, 0.0157842, 0.0162546, 0.0167142, 0.0172062, 0.0177056, 0.0182065, 0.0186862, 0.0192002, 0.0197147, 0.0202328, 0.0207517, 0.0513027, 0.0546472, 0.128782, 0.146116]
num_agents: 30
time_individual_plan: 0.00739816
time_first_plan: 0.00115426
num_max_agents_in_window_first_iteration: 2
num_recWAMPF: 24
timing_recWAMPF:
    total_RecWAMPF: 0.138054
    num_windows: 141
    num_max_agents_in_window: 3
    timing_gari:
        total_GARI: 0.102989
        time_path_btw_starts: 0.000321959
        Stage1:
            total_Stage1:0.00281966
            time_add_x_to_o: 0.00177815
            time_clear_x: 0.000225555
            timing_AStarSearchUntil:
                total_astar_search_until:0.000807273
                num_values_f_less_fmax:260
                ASU Exp:
                    total_ASUExp:0.000803556
                    time_top_o:6.6784e-05
                    time_check_in_c:4.147e-05
                    time_add_parent:3.1761e-05
                    num_neighbors:1023
                    time_add_neighbors_to_o:0.000465423
        Stage2:
            total_Stage2:0.00226571
            num_len_path:131
            time_expanding_s:7.5017e-05
            timing_AStarSearchUntil:
                total_astar_search_until:0.00214741
                num_values_f_less_fmax:157
                ASU Exp:
                    total_ASUExp:0.0021441
                    time_top_o:6.3428e-05
                    time_check_in_c:3.5487e-05
                    time_add_parent:6.5165e-05
                    num_neighbors:3866
                    time_add_neighbors_to_o:0.00172261
        Stage3:
            total_Stage3:0.0975558
            num_until_goal_expanded:1331
            timing_S3Exp:
                total_S3Exp: 0.073724
                time_top_o: 0.000734738
                time_check_in_c: 0.000303895
                time_add_parent: 0.000650775
                num_neighbors: 107160
                time_add_neighbors_to_o: 0.0695115
    timing_PIOW_overlapping:
        total_PIOW: 1.9858e-05
        num_windows: 207
        time_check_overlap: 1.0215e-05
        num_overlapping_windows: 0
        time_merge_windows: 0
        time_remove_window: 0
        time_remove_window: 0
        timing_PlanIn:
            total_PlanIn:0
            num_until_goal_expanded:0
            timing_expansions:
                total_S3Exp: 0
                time_top_o: 0
                time_check_in_c: 0
                time_add_parent: 0
                num_neighbors: 0
                time_add_neighbors_to_o: 0
    num_new_collisions: 4
    timing_PIOW_new_collisions:
        total_PIOW: 0.0305045
        num_windows: 11
        time_check_overlap: 1.033e-06
        num_overlapping_windows: 1
        time_merge_windows: 0
        time_remove_window: 0.0224615
        time_remove_window: 1.434e-06
        timing_PlanIn:
            total_PlanIn:0.0304939
            num_until_goal_expanded:641
            timing_expansions:
                total_S3Exp: 0.0304837
                time_top_o: 0.000275024
                time_check_in_c: 0.000127403
                time_add_parent: 0.000196902
                num_neighbors: 52828
                time_add_neighbors_to_o: 0.0273597
    num_windows_should_quit: 0
    time_should_quit: 6.061e-06
    time_remove_window: 0
Complete!
