Total time: 2.32781
is_optimal: true
optimality_bound: 1
successive_bounds: [1.00244, 1.00244, 1.00244, 1.00204, 1.00163, 1.00163, 1.00163, 1.00122, 1.00122, 1.00122, 1.00122, 1.00122, 1.00122, 1.00122, 1.00122, 1.00122, 1.00122, 1.00041, 1.00041, 1.00041, 1.00041, 1.00041, 1.00041, 1.00041, 1.00041, 1.00041, 1.00041, 1.00041, 1.00041, 1.00041, 1.00041, 1.00041, 1, 1]
successive_runtimes: [0.0199689, 0.0223158, 0.02467, 0.0274407, 0.0302873, 0.0331133, 0.0359504, 0.0393013, 0.0495251, 0.0536969, 0.0649975, 0.0710927, 0.0828975, 0.097534, 0.110811, 0.127816, 0.149222, 0.180892, 0.216557, 0.240396, 0.267472, 0.277194, 0.283434, 0.290463, 0.377117, 0.397976, 0.444422, 0.516404, 0.578508, 0.612114, 0.732774, 0.760943, 2.32781]
num_agents: 40
time_individual_plan: 0.0141118
time_first_plan: 0.00470747
num_max_agents_in_window_first_iteration: 2
num_recWAMPF: 33
timing_recWAMPF:
    total_RecWAMPF: 2.31254
    num_windows: 330
    num_max_agents_in_window: 3
    timing_gari:
        total_GARI: 2.26928
        time_path_btw_starts: 0.00155369
        Stage1:
            total_Stage1:0.16941
            time_add_x_to_o: 0.00279755
            time_clear_x: 0.000501163
            timing_AStarSearchUntil:
                total_astar_search_until:0.154601
                num_values_f_less_fmax:1619
                ASU Exp:
                    total_ASUExp:0.154588
                    time_top_o:0.00117683
                    time_check_in_c:0.000267423
                    time_add_parent:0
                    num_neighbors:0
                    time_add_neighbors_to_o:0
        Stage2:
            total_Stage2:1.99624
            num_len_path:380
            time_expanding_s:0.000377458
            timing_AStarSearchUntil:
                total_astar_search_until:1.98552
                num_values_f_less_fmax:9535
                ASU Exp:
                    total_ASUExp:1.98551
                    time_top_o:0.00819778
                    time_check_in_c:0.00290216
                    time_add_parent:0.00694274
                    num_neighbors:190678
                    time_add_neighbors_to_o:0.119981
        Stage3:
            total_Stage3:0.0934751
            num_until_goal_expanded:4278
            timing_S3Exp:
                total_S3Exp: 0.0441177
                time_top_o: 0.00164262
                time_check_in_c: 0.00104857
                time_add_parent: 0.00240589
                num_neighbors: 45425
                time_add_neighbors_to_o: 0.0293271
    timing_PIOW_overlapping:
        total_PIOW: 0.0190683
        num_windows: 858
        time_check_overlap: 5.4228e-05
        num_overlapping_windows: 1
        time_merge_windows: 2.197e-06
        time_remove_window: 1.18e-07
        time_remove_window: 2.132e-06
        timing_PlanIn:
            total_PlanIn:0.0188215
            num_until_goal_expanded:867
            timing_expansions:
                total_S3Exp: 0.0188181
                time_top_o: 0.000356472
                time_check_in_c: 0.000238347
                time_add_parent: 0.000654446
                num_neighbors: 19019
                time_add_neighbors_to_o: 0.0142794
    num_new_collisions: 6
    timing_PIOW_new_collisions:
        total_PIOW: 0.00144672
        num_windows: 15
        time_check_overlap: 1.041e-06
        num_overlapping_windows: 0
        time_merge_windows: 0
        time_remove_window: 0
        time_remove_window: 2.06e-06
        timing_PlanIn:
            total_PlanIn:0.00142894
            num_until_goal_expanded:110
            timing_expansions:
                total_S3Exp: 0.00140296
                time_top_o: 3.7558e-05
                time_check_in_c: 4.6904e-05
                time_add_parent: 0.000107268
                num_neighbors: 710
                time_add_neighbors_to_o: 0.000838354
    num_windows_should_quit: 2
    time_should_quit: 6.268e-06
    time_remove_window: 3.31e-07
Complete!
