Total time: 0.0653287
is_optimal: true
optimality_bound: 1
successive_bounds: [1.0029, 1.0029, 1.00248, 1.00248, 1.00248, 1.00248, 1.00248, 1.00248, 1.00248, 1.00248, 1.00248, 1.00248, 1.00248, 1.00165, 1.00165, 1.00165, 1.00165, 1.00165, 1.00165, 1.00083, 1.00083, 1, 1]
successive_runtimes: [0.00588003, 0.00679156, 0.0078346, 0.00872583, 0.00961744, 0.0105537, 0.0115218, 0.013015, 0.0140272, 0.0150539, 0.0160963, 0.0171142, 0.018136, 0.042941, 0.0472842, 0.049646, 0.0520536, 0.0544655, 0.0568238, 0.059641, 0.0620444, 0.0653287]
num_agents: 30
time_individual_plan: 0.00417221
time_first_plan: 0.00119417
num_max_agents_in_window_first_iteration: 2
num_recWAMPF: 22
timing_recWAMPF:
    total_RecWAMPF: 0.0606392
    num_windows: 172
    num_max_agents_in_window: 2
    timing_gari:
        total_GARI: 0.0537952
        time_path_btw_starts: 0.000619253
        Stage1:
            total_Stage1:0.00916435
            time_add_x_to_o: 0.00514785
            time_clear_x: 0.000611935
            timing_AStarSearchUntil:
                total_astar_search_until:0.00339558
                num_values_f_less_fmax:1097
                ASU Exp:
                    total_ASUExp:0.00339146
                    time_top_o:0.000254586
                    time_check_in_c:0.000176658
                    time_add_parent:0.000124508
                    num_neighbors:6218
                    time_add_neighbors_to_o:0.00239348
        Stage2:
            total_Stage2:0.0262119
            num_len_path:179
            time_expanding_s:0.000104572
            timing_AStarSearchUntil:
                total_astar_search_until:0.0260645
                num_values_f_less_fmax:2189
                ASU Exp:
                    total_ASUExp:0.026061
                    time_top_o:0.000700274
                    time_check_in_c:0.00046018
                    time_add_parent:0.000614258
                    num_neighbors:54751
                    time_add_neighbors_to_o:0.0221908
        Stage3:
            total_Stage3:0.0177756
            num_until_goal_expanded:864
            timing_S3Exp:
                total_S3Exp: 0.00457819
                time_top_o: 0.000175886
                time_check_in_c: 0.000112357
                time_add_parent: 0.000229837
                num_neighbors: 7636
                time_add_neighbors_to_o: 0.00291916
    timing_PIOW_overlapping:
        total_PIOW: 1.9374e-05
        num_windows: 336
        time_check_overlap: 1.0829e-05
        num_overlapping_windows: 0
        time_merge_windows: 0
        time_remove_window: 0
        time_remove_window: 0
        timing_PlanIn:
            total_PlanIn:0
            num_until_goal_expanded:0
            timing_expansions:
                total_S3Exp: 0
                time_top_o: 0
                time_check_in_c: 0
                time_add_parent: 0
                num_neighbors: 0
                time_add_neighbors_to_o: 0
    num_new_collisions: 4
    timing_PIOW_new_collisions:
        total_PIOW: 0.000449078
        num_windows: 12
        time_check_overlap: 5.28e-07
        num_overlapping_windows: 0
        time_merge_windows: 0
        time_remove_window: 0
        time_remove_window: 1.145e-06
        timing_PlanIn:
            total_PlanIn:0.000443566
            num_until_goal_expanded:55
            timing_expansions:
                total_S3Exp: 0.000435907
                time_top_o: 7.07e-06
                time_check_in_c: 9.642e-06
                time_add_parent: 1.5016e-05
                num_neighbors: 633
                time_add_neighbors_to_o: 0.000314891
    num_windows_should_quit: 0
    time_should_quit: 5.574e-06
    time_remove_window: 0
Complete!
