Total time: 0.7974
is_optimal: true
optimality_bound: 1
successive_bounds: [1.00345, 1.00345, 1.00296, 1.00296, 1.00296, 1.00296, 1.00296, 1.00197, 1.00148, 1.00148, 1.00148, 1.00099, 1.00099, 1.00099, 1.00099, 1.00099, 1.00099, 1.00099, 1.00099, 1.00099, 1.00099, 1.00099, 1, 1]
successive_runtimes: [0.00779952, 0.00890271, 0.0103292, 0.0114881, 0.0128395, 0.0142242, 0.0157353, 0.0240667, 0.0330475, 0.039882, 0.0466229, 0.0537214, 0.0607935, 0.0684668, 0.0767372, 0.100327, 0.111926, 0.12477, 0.137629, 0.152051, 0.329941, 0.545578, 0.7974]
num_agents: 30
time_individual_plan: 0.00600054
time_first_plan: 0.00112609
num_max_agents_in_window_first_iteration: 2
num_recWAMPF: 23
timing_recWAMPF:
    total_RecWAMPF: 0.790719
    num_windows: 219
    num_max_agents_in_window: 3
    timing_gari:
        total_GARI: 0.623629
        time_path_btw_starts: 0.000686576
        Stage1:
            total_Stage1:0.49599
            time_add_x_to_o: 0.139314
            time_clear_x: 0.0343972
            timing_AStarSearchUntil:
                total_astar_search_until:0.32226
                num_values_f_less_fmax:16288
                ASU Exp:
                    total_ASUExp:0.322253
                    time_top_o:0.0132068
                    time_check_in_c:0.0061972
                    time_add_parent:0.00454757
                    num_neighbors:484569
                    time_add_neighbors_to_o:0.279832
        Stage2:
            total_Stage2:0.0175398
            num_len_path:228
            time_expanding_s:0.000146444
            timing_AStarSearchUntil:
                total_astar_search_until:0.0172879
                num_values_f_less_fmax:1148
                ASU Exp:
                    total_ASUExp:0.0172823
                    time_top_o:0.000391282
                    time_check_in_c:0.000269091
                    time_add_parent:0.000396092
                    num_neighbors:29383
                    time_add_neighbors_to_o:0.0147826
        Stage3:
            total_Stage3:0.109357
            num_until_goal_expanded:2916
            timing_S3Exp:
                total_S3Exp: 0.0283376
                time_top_o: 0.00106911
                time_check_in_c: 0.00060245
                time_add_parent: 0.00107953
                num_neighbors: 40797
                time_add_neighbors_to_o: 0.0206262
    timing_PIOW_overlapping:
        total_PIOW: 0.162031
        num_windows: 528
        time_check_overlap: 2.8512e-05
        num_overlapping_windows: 1
        time_merge_windows: 2.049e-06
        time_remove_window: 3.54e-07
        time_remove_window: 1.988e-06
        timing_PlanIn:
            total_PlanIn:0.161976
            num_until_goal_expanded:2166
            timing_expansions:
                total_S3Exp: 0.161974
                time_top_o: 0.001872
                time_check_in_c: 0.000542843
                time_add_parent: 0.00101026
                num_neighbors: 242988
                time_add_neighbors_to_o: 0.146951
    num_new_collisions: 5
    timing_PIOW_new_collisions:
        total_PIOW: 0.00057271
        num_windows: 20
        time_check_overlap: 8.53e-07
        num_overlapping_windows: 0
        time_merge_windows: 0
        time_remove_window: 0
        time_remove_window: 1.922e-06
        timing_PlanIn:
            total_PlanIn:0.000563168
            num_until_goal_expanded:59
            timing_expansions:
                total_S3Exp: 0.00055192
                time_top_o: 9.612e-06
                time_check_in_c: 1.1258e-05
                time_add_parent: 1.9694e-05
                num_neighbors: 680
                time_add_neighbors_to_o: 0.000390218
    num_windows_should_quit: 0
    time_should_quit: 1.4166e-05
    time_remove_window: 0
Complete!
