Total time: 0.0173006
is_optimal: true
optimality_bound: 1
successive_bounds: [1.0009, 1.0009, 1.0009, 1.0009, 1.0009, 1.0009, 1.0009, 1.0009, 1.0009, 1.0009, 1.0009, 1.0009, 1.0009, 1.0009, 1.0009, 1.0009, 1.0009, 1.0009, 1.0009, 1.0009, 1.0009, 1.0009, 1.0009, 1.0009, 1.0009, 1.0009, 1.0009, 1.0009, 1.0009, 1.0009, 1.0009, 1.0009, 1.0009, 1, 1]
successive_runtimes: [0.00556701, 0.00589395, 0.00621138, 0.00654575, 0.00689323, 0.00722891, 0.00755934, 0.00789863, 0.00824259, 0.00860623, 0.008968, 0.00933225, 0.00964504, 0.00994882, 0.0103118, 0.010616, 0.0109222, 0.0112297, 0.0115433, 0.0118549, 0.012166, 0.0124799, 0.0127963, 0.013114, 0.0134313, 0.0138088, 0.0141294, 0.0144541, 0.0147794, 0.0151081, 0.0154347, 0.0157647, 0.0160969, 0.0173005]
num_agents: 30
time_individual_plan: 0.00451723
time_first_plan: 0.000383155
num_max_agents_in_window_first_iteration: 2
num_recWAMPF: 34
timing_recWAMPF:
    total_RecWAMPF: 0.0121099
    num_windows: 67
    num_max_agents_in_window: 2
    timing_gari:
        total_GARI: 0.00530562
        time_path_btw_starts: 0.000128634
        Stage1:
            total_Stage1:0.000311758
            time_add_x_to_o: 0.000272943
            time_clear_x: 3.1256e-05
            timing_AStarSearchUntil:
                total_astar_search_until:3.376e-06
                num_values_f_less_fmax:0
                ASU Exp:
                    total_ASUExp:1.539e-06
                    time_top_o:0
                    time_check_in_c:0
                    time_add_parent:0
                    num_neighbors:0
                    time_add_neighbors_to_o:0
        Stage2:
            total_Stage2:0.000955835
            num_len_path:44
            time_expanding_s:2.1033e-05
            timing_AStarSearchUntil:
                total_astar_search_until:0.000913988
                num_values_f_less_fmax:66
                ASU Exp:
                    total_ASUExp:0.000912397
                    time_top_o:2.0286e-05
                    time_check_in_c:1.6853e-05
                    time_add_parent:2.8063e-05
                    num_neighbors:1630
                    time_add_neighbors_to_o:0.000754859
        Stage3:
            total_Stage3:0.00389649
            num_until_goal_expanded:165
            timing_S3Exp:
                total_S3Exp: 0.00194514
                time_top_o: 3.7641e-05
                time_check_in_c: 2.6715e-05
                time_add_parent: 4.3133e-05
                num_neighbors: 2147
                time_add_neighbors_to_o: 0.0014531
    timing_PIOW_overlapping:
        total_PIOW: 1.196e-06
        num_windows: 33
        time_check_overlap: 0
        num_overlapping_windows: 0
        time_merge_windows: 0
        time_remove_window: 0
        time_remove_window: 0
        timing_PlanIn:
            total_PlanIn:0
            num_until_goal_expanded:0
            timing_expansions:
                total_S3Exp: 0
                time_top_o: 0
                time_check_in_c: 0
                time_add_parent: 0
                num_neighbors: 0
                time_add_neighbors_to_o: 0
    num_new_collisions: 1
    timing_PIOW_new_collisions:
        total_PIOW: 0.000162866
        num_windows: 0
        time_check_overlap: 0
        num_overlapping_windows: 0
        time_merge_windows: 0
        time_remove_window: 0
        time_remove_window: 5.28e-07
        timing_PlanIn:
            total_PlanIn:0.00015986
            num_until_goal_expanded:9
            timing_expansions:
                total_S3Exp: 0.000151319
                time_top_o: 2.901e-06
                time_check_in_c: 2.169e-06
                time_add_parent: 5.098e-06
                num_neighbors: 185
                time_add_neighbors_to_o: 0.000119556
    num_windows_should_quit: 0
    time_should_quit: 2.469e-06
    time_remove_window: 0
Complete!
