Total time: 0.0426451
is_optimal: true
optimality_bound: 1
successive_bounds: [1.00364, 1.00312, 1.00312, 1.00312, 1.00312, 1.00312, 1.00312, 1.00312, 1.00312, 1.00312, 1.00312, 1.00208, 1.00208, 1.00208, 1.00208, 1.00208, 1.00208, 1.00208, 1.00208, 1.00208, 1.00104, 1.00104, 1.00104, 1.00104, 1.00104, 1.00104, 1, 1]
successive_runtimes: [0.00632941, 0.0072054, 0.00800904, 0.00889136, 0.00978001, 0.0106798, 0.0123549, 0.0134513, 0.0145129, 0.0156058, 0.0171173, 0.0186044, 0.0199422, 0.0215128, 0.022829, 0.024129, 0.025478, 0.0269212, 0.0284301, 0.0297937, 0.033079, 0.0346434, 0.0361016, 0.0375678, 0.0392066, 0.0408159, 0.0426451]
num_agents: 30
time_individual_plan: 0.00488167
time_first_plan: 0.000827498
num_max_agents_in_window_first_iteration: 2
num_recWAMPF: 27
timing_recWAMPF:
    total_RecWAMPF: 0.0371376
    num_windows: 212
    num_max_agents_in_window: 2
    timing_gari:
        total_GARI: 0.0308
        time_path_btw_starts: 0.000539257
        Stage1:
            total_Stage1:0.0104244
            time_add_x_to_o: 0.00415274
            time_clear_x: 0.000522244
            timing_AStarSearchUntil:
                total_astar_search_until:0.00573704
                num_values_f_less_fmax:875
                ASU Exp:
                    total_ASUExp:0.00573149
                    time_top_o:0.000249394
                    time_check_in_c:0.000186578
                    time_add_parent:0.000158688
                    num_neighbors:10770
                    time_add_neighbors_to_o:0.00443669
        Stage2:
            total_Stage2:0.00587323
            num_len_path:210
            time_expanding_s:9.9547e-05
            timing_AStarSearchUntil:
                total_astar_search_until:0.00571297
                num_values_f_less_fmax:435
                ASU Exp:
                    total_ASUExp:0.00570807
                    time_top_o:0.000126288
                    time_check_in_c:9.5867e-05
                    time_add_parent:0.000149904
                    num_neighbors:11092
                    time_add_neighbors_to_o:0.00480443
        Stage3:
            total_Stage3:0.0139267
            num_until_goal_expanded:574
            timing_S3Exp:
                total_S3Exp: 0.00520381
                time_top_o: 0.000131065
                time_check_in_c: 8.4287e-05
                time_add_parent: 0.000158975
                num_neighbors: 7037
                time_add_neighbors_to_o: 0.00361862
    timing_PIOW_overlapping:
        total_PIOW: 3.3885e-05
        num_windows: 416
        time_check_overlap: 1.8329e-05
        num_overlapping_windows: 0
        time_merge_windows: 0
        time_remove_window: 0
        time_remove_window: 0
        timing_PlanIn:
            total_PlanIn:0
            num_until_goal_expanded:0
            timing_expansions:
                total_S3Exp: 0
                time_top_o: 0
                time_check_in_c: 0
                time_add_parent: 0
                num_neighbors: 0
                time_add_neighbors_to_o: 0
    num_new_collisions: 4
    timing_PIOW_new_collisions:
        total_PIOW: 0.000423164
        num_windows: 12
        time_check_overlap: 6.93e-07
        num_overlapping_windows: 0
        time_merge_windows: 0
        time_remove_window: 0
        time_remove_window: 1.335e-06
        timing_PlanIn:
            total_PlanIn:0.000415709
            num_until_goal_expanded:39
            timing_expansions:
                total_S3Exp: 0.00040744
                time_top_o: 7.092e-06
                time_check_in_c: 7.779e-06
                time_add_parent: 1.3049e-05
                num_neighbors: 593
                time_add_neighbors_to_o: 0.000295476
    num_windows_should_quit: 0
    time_should_quit: 6.597e-06
    time_remove_window: 0
Complete!
