Total time: 45.5652
is_optimal: false
optimality_bound: 1.00325
successive_bounds: [1.01827, 1.00776, 1.00626, 1.00626, 1.00626, 1.00576, 1.00475, 1.0045, 1.00325, 1.00325, 1.00325, 1.00325, 1.00325]
successive_runtimes: [0.100948, 1.08583, 1.10698, 1.1213, 1.13277, 1.27479, 3.34605, 28.7577, 45.5341, 45.5457, 45.5537, 45.5597, 45.5652]
num_agents: 60
time_individual_plan: 0.00759076
time_first_plan: 0.092662
num_max_agents_in_window_first_iteration: 3
num_recWAMPF: 13
timing_recWAMPF:
    total_RecWAMPF: 45.5569
    num_windows: 316
    num_max_agents_in_window: 6
    timing_gari:
        total_GARI: 11.5604
        time_path_btw_starts: 0.00100787
        Stage1:
            total_Stage1:8.90995
            time_add_x_to_o: 1.11204
            time_clear_x: 0.464235
            timing_AStarSearchUntil:
                total_astar_search_until:6.53452
                num_values_f_less_fmax:26179
                ASU Exp:
                    total_ASUExp:6.53451
                    time_top_o:0.0334189
                    time_check_in_c:0.0115323
                    time_add_parent:0.010901
                    num_neighbors:10441026
                    time_add_neighbors_to_o:7.21155
        Stage2:
            total_Stage2:0.0183568
            num_len_path:283
            time_expanding_s:0.00022828
            timing_AStarSearchUntil:
                total_astar_search_until:0.0179767
                num_values_f_less_fmax:670
                ASU Exp:
                    total_ASUExp:0.0179698
                    time_top_o:0.000229406
                    time_check_in_c:0.000151304
                    time_add_parent:0.00024139
                    num_neighbors:31735
                    time_add_neighbors_to_o:0.0164255
        Stage3:
            total_Stage3:2.63085
            num_until_goal_expanded:2616
            timing_S3Exp:
                total_S3Exp: 1.80878
                time_top_o: 0.00195739
                time_check_in_c: 0.000554407
                time_add_parent: 0.00117834
                num_neighbors: 2494998
                time_add_neighbors_to_o: 1.79584
    timing_PIOW_overlapping:
        total_PIOW: 16.7853
        num_windows: 2253
        time_check_overlap: 8.8245e-05
        num_overlapping_windows: 12
        time_merge_windows: 1.6944e-05
        time_remove_window: 3.281e-06
        time_remove_window: 1.6185e-05
        timing_PlanIn:
            total_PlanIn:16.7851
            num_until_goal_expanded:2030
            timing_expansions:
                total_S3Exp: 16.785
                time_top_o: 0.00388692
                time_check_in_c: 0.000584447
                time_add_parent: 0.00111349
                num_neighbors: 20460767
                time_add_neighbors_to_o: 16.1668
    num_new_collisions: 24
    timing_PIOW_new_collisions:
        total_PIOW: 17.0591
        num_windows: 522
        time_check_overlap: 2.0245e-05
        num_overlapping_windows: 4
        time_merge_windows: 0
        time_remove_window: 14.2185
        time_remove_window: 1.5026e-05
        timing_PlanIn:
            total_PlanIn:17.059
            num_until_goal_expanded:3370
            timing_expansions:
                total_S3Exp: 17.059
                time_top_o: 0.00447161
                time_check_in_c: 0.000989796
                time_add_parent: 0.00167595
                num_neighbors: 20807950
                time_add_neighbors_to_o: 16.4242
    num_windows_should_quit: 0
    time_should_quit: 3.0576e-05
    time_remove_window: 0
Complete!
