Total time: 53.7464
is_optimal: false
optimality_bound: 1.00405
successive_bounds: [1.00698, 1.00698, 1.00698, 1.00563, 1.00518, 1.0045, 1.0045, 1.0045, 1.00405, 1.00405]
successive_runtimes: [0.0374897, 0.0626348, 0.159684, 0.329517, 0.455527, 9.63004, 24.8679, 30.4603, 44.3026, 53.7464]
num_agents: 60
time_individual_plan: 0.0124234
time_first_plan: 0.024378
num_max_agents_in_window_first_iteration: 3
num_recWAMPF: 10
timing_recWAMPF:
    total_RecWAMPF: 53.7333
    num_windows: 202
    num_max_agents_in_window: 4
    timing_gari:
        total_GARI: 44.553
        time_path_btw_starts: 0.0059984
        Stage1:
            total_Stage1:17.9657
            time_add_x_to_o: 3.64055
            time_clear_x: 1.077
            timing_AStarSearchUntil:
                total_astar_search_until:13.2481
                num_values_f_less_fmax:56978
                ASU Exp:
                    total_ASUExp:13.2481
                    time_top_o:0.0986888
                    time_check_in_c:0.0409134
                    time_add_parent:0.05153
                    num_neighbors:17274560
                    time_add_neighbors_to_o:12.9425
        Stage2:
            total_Stage2:11.4835
            num_len_path:186
            time_expanding_s:0.000173025
            timing_AStarSearchUntil:
                total_astar_search_until:11.4832
                num_values_f_less_fmax:28160
                ASU Exp:
                    total_ASUExp:11.4832
                    time_top_o:0.0344248
                    time_check_in_c:0.00984114
                    time_add_parent:0.0183067
                    num_neighbors:14588369
                    time_add_neighbors_to_o:11.3559
        Stage3:
            total_Stage3:15.082
            num_until_goal_expanded:8687
            timing_S3Exp:
                total_S3Exp: 1.75966
                time_top_o: 0.0132084
                time_check_in_c: 0.00266957
                time_add_parent: 0.00437735
                num_neighbors: 2259510
                time_add_neighbors_to_o: 1.72238
    timing_PIOW_overlapping:
        total_PIOW: 9.14794
        num_windows: 1566
        time_check_overlap: 6.1475e-05
        num_overlapping_windows: 15
        time_merge_windows: 2.2586e-05
        time_remove_window: 4.231e-06
        time_remove_window: 2.1601e-05
        timing_PlanIn:
            total_PlanIn:9.14778
            num_until_goal_expanded:26275
            timing_expansions:
                total_S3Exp: 9.14773
                time_top_o: 0.0445312
                time_check_in_c: 0.00789492
                time_add_parent: 0.0157974
                num_neighbors: 13030551
                time_add_neighbors_to_o: 8.63237
    num_new_collisions: 21
    timing_PIOW_new_collisions:
        total_PIOW: 0.0185925
        num_windows: 432
        time_check_overlap: 1.6061e-05
        num_overlapping_windows: 2
        time_merge_windows: 0
        time_remove_window: 0.179954
        time_remove_window: 1.0038e-05
        timing_PlanIn:
            total_PlanIn:0.018526
            num_until_goal_expanded:938
            timing_expansions:
                total_S3Exp: 0.0184782
                time_top_o: 0.000231541
                time_check_in_c: 0.00019054
                time_add_parent: 0.000288757
                num_neighbors: 30241
                time_add_neighbors_to_o: 0.015404
    num_windows_should_quit: 0
    time_should_quit: 1.8026e-05
    time_remove_window: 0
Complete!
