Total time: 0.02998
is_optimal: false
optimality_bound: 1.00316
successive_bounds: [1.00316, 1.00316, 1.00316, 1.00316, 1.00474, 1.00316, 1.00316, 1.00316]
successive_runtimes: [0.00411925, 0.00621959, 0.00924773, 0.0122735, 0.0158345, 0.0197283, 0.024168, 0.02998]
num_agents: 20
time_individual_plan: 0.002702
time_first_plan: 0.000889753
num_max_agents_in_window_first_iteration: 2
num_recWAMPF: 8
timing_recWAMPF:
    total_RecWAMPF: 0.0267491
    num_windows: 30
    num_max_agents_in_window: 2
    timing_gari:
        total_GARI: 0.0247548
        time_path_btw_starts: 6.249e-05
        Stage1:
            total_Stage1:0.0131428
            time_add_x_to_o: 0.00507672
            time_clear_x: 0.000949177
            timing_AStarSearchUntil:
                total_astar_search_until:0.00711514
                num_values_f_less_fmax:5141
                ASU Exp:
                    total_ASUExp:0.00711445
                    time_top_o:0.00122949
                    time_check_in_c:0.000587249
                    time_add_parent:0.000260714
                    num_neighbors:10138
                    time_add_neighbors_to_o:0.00357636
        Stage2:
            total_Stage2:0.00250564
            num_len_path:33
            time_expanding_s:1.1605e-05
            timing_AStarSearchUntil:
                total_astar_search_until:0.00248579
                num_values_f_less_fmax:212
                ASU Exp:
                    total_ASUExp:0.00248516
                    time_top_o:4.9372e-05
                    time_check_in_c:3.9742e-05
                    time_add_parent:5.5243e-05
                    num_neighbors:5751
                    time_add_neighbors_to_o:0.0021448
        Stage3:
            total_Stage3:0.00903841
            num_until_goal_expanded:2006
            timing_S3Exp:
                total_S3Exp: 0.0076367
                time_top_o: 0.000507972
                time_check_in_c: 0.000295806
                time_add_parent: 0.00060421
                num_neighbors: 11379
                time_add_neighbors_to_o: 0.00465668
    timing_PIOW_overlapping:
        total_PIOW: 1.673e-06
        num_windows: 28
        time_check_overlap: 7.22e-07
        num_overlapping_windows: 0
        time_merge_windows: 0
        time_remove_window: 0
        time_remove_window: 0
        timing_PlanIn:
            total_PlanIn:0
            num_until_goal_expanded:0
            timing_expansions:
                total_S3Exp: 0
                time_top_o: 0
                time_check_in_c: 0
                time_add_parent: 0
                num_neighbors: 0
                time_add_neighbors_to_o: 0
    num_new_collisions: 3
    timing_PIOW_new_collisions:
        total_PIOW: 0.00106494
        num_windows: 5
        time_check_overlap: 2.98e-07
        num_overlapping_windows: 1
        time_merge_windows: 0
        time_remove_window: 0.00888758
        time_remove_window: 8.06e-07
        timing_PlanIn:
            total_PlanIn:0.00105967
            num_until_goal_expanded:140
            timing_expansions:
                total_S3Exp: 0.00105332
                time_top_o: 1.9466e-05
                time_check_in_c: 2.5379e-05
                time_add_parent: 3.5115e-05
                num_neighbors: 1686
                time_add_neighbors_to_o: 0.000766325
    num_windows_should_quit: 0
    time_should_quit: 7.75e-07
    time_remove_window: 0
Complete!
