Total time: 0.00637115
is_optimal: true
optimality_bound: 1
successive_bounds: [1.00297, 1.00297, 1.00297, 1.00297, 1.00297, 1.00297, 1.00297, 1.00297, 1.00297, 1.00297, 1.00297, 1.00297, 1.00297, 1.00297, 1, 1]
successive_runtimes: [0.002394, 0.0026108, 0.00285893, 0.00311141, 0.00338281, 0.00366275, 0.00394033, 0.00422376, 0.00451236, 0.00470816, 0.00488659, 0.00506687, 0.0052625, 0.00545079, 0.0063711]
num_agents: 10
time_individual_plan: 0.00152643
time_first_plan: 0.000131489
num_max_agents_in_window_first_iteration: 2
num_recWAMPF: 15
timing_recWAMPF:
    total_RecWAMPF: 0.00410426
    num_windows: 29
    num_max_agents_in_window: 2
    timing_gari:
        total_GARI: 0.00351889
        time_path_btw_starts: 9.8282e-05
        Stage1:
            total_Stage1:0.000300084
            time_add_x_to_o: 0.000261267
            time_clear_x: 3.3936e-05
            timing_AStarSearchUntil:
                total_astar_search_until:2.323e-06
                num_values_f_less_fmax:0
                ASU Exp:
                    total_ASUExp:1.12e-06
                    time_top_o:0
                    time_check_in_c:0
                    time_add_parent:0
                    num_neighbors:0
                    time_add_neighbors_to_o:0
        Stage2:
            total_Stage2:0.00102425
            num_len_path:22
            time_expanding_s:2.4999e-05
            timing_AStarSearchUntil:
                total_astar_search_until:0.000985794
                num_values_f_less_fmax:38
                ASU Exp:
                    total_ASUExp:0.000984541
                    time_top_o:1.917e-05
                    time_check_in_c:1.518e-05
                    time_add_parent:3.341e-05
                    num_neighbors:940
                    time_add_neighbors_to_o:0.000823324
        Stage3:
            total_Stage3:0.00208802
            num_until_goal_expanded:71
            timing_S3Exp:
                total_S3Exp: 0.00150165
                time_top_o: 2.6462e-05
                time_check_in_c: 2.1095e-05
                time_add_parent: 3.5368e-05
                num_neighbors: 935
                time_add_neighbors_to_o: 0.00116266
    timing_PIOW_overlapping:
        total_PIOW: 1.113e-06
        num_windows: 14
        time_check_overlap: 0
        num_overlapping_windows: 0
        time_merge_windows: 0
        time_remove_window: 0
        time_remove_window: 0
        timing_PlanIn:
            total_PlanIn:0
            num_until_goal_expanded:0
            timing_expansions:
                total_S3Exp: 0
                time_top_o: 0
                time_check_in_c: 0
                time_add_parent: 0
                num_neighbors: 0
                time_add_neighbors_to_o: 0
    num_new_collisions: 1
    timing_PIOW_new_collisions:
        total_PIOW: 0.000105813
        num_windows: 0
        time_check_overlap: 0
        num_overlapping_windows: 0
        time_merge_windows: 0
        time_remove_window: 0
        time_remove_window: 2.26e-07
        timing_PlanIn:
            total_PlanIn:0.000103564
            num_until_goal_expanded:7
            timing_expansions:
                total_S3Exp: 9.9936e-05
                time_top_o: 1.917e-06
                time_check_in_c: 1.76e-06
                time_add_parent: 3.329e-06
                num_neighbors: 120
                time_add_neighbors_to_o: 7.5487e-05
    num_windows_should_quit: 0
    time_should_quit: 1.573e-06
    time_remove_window: 0
Complete!
