Total time: 0.0365504
is_optimal: true
optimality_bound: 1
successive_bounds: [1.00139, 1.00139, 1.00139, 1.00139, 1.00139, 1.00139, 1.00139, 1.00139, 1.00139, 1.00139, 1.00139, 1.00139, 1.00139, 1.00139, 1.00139, 1.00139, 1.00139, 1, 1]
successive_runtimes: [0.0038227, 0.00415476, 0.00448975, 0.00487933, 0.00527373, 0.00591737, 0.00648238, 0.00700191, 0.00753755, 0.00882854, 0.00990165, 0.0107398, 0.0115244, 0.0123767, 0.0190433, 0.0255848, 0.0320743, 0.0365504]
num_agents: 20
time_individual_plan: 0.00281618
time_first_plan: 0.000378473
num_max_agents_in_window_first_iteration: 2
num_recWAMPF: 18
timing_recWAMPF:
    total_RecWAMPF: 0.0331032
    num_windows: 70
    num_max_agents_in_window: 2
    timing_gari:
        total_GARI: 0.030878
        time_path_btw_starts: 0.000162541
        Stage1:
            total_Stage1:0.0179168
            time_add_x_to_o: 0.00621101
            time_clear_x: 0.000784824
            timing_AStarSearchUntil:
                total_astar_search_until:0.0109171
                num_values_f_less_fmax:2385
                ASU Exp:
                    total_ASUExp:0.0109154
                    time_top_o:0.000753231
                    time_check_in_c:0.000454568
                    time_add_parent:0.000370928
                    num_neighbors:22633
                    time_add_neighbors_to_o:0.00820727
        Stage2:
            total_Stage2:0.00823845
            num_len_path:83
            time_expanding_s:3.2781e-05
            timing_AStarSearchUntil:
                total_astar_search_until:0.00818752
                num_values_f_less_fmax:701
                ASU Exp:
                    total_ASUExp:0.0081861
                    time_top_o:0.000215625
                    time_check_in_c:0.000150634
                    time_add_parent:0.000186947
                    num_neighbors:17082
                    time_add_neighbors_to_o:0.00689282
        Stage3:
            total_Stage3:0.00455007
            num_until_goal_expanded:245
            timing_S3Exp:
                total_S3Exp: 0.00170459
                time_top_o: 6.4136e-05
                time_check_in_c: 3.0744e-05
                time_add_parent: 6.2442e-05
                num_neighbors: 2535
                time_add_neighbors_to_o: 0.000960336
    timing_PIOW_overlapping:
        total_PIOW: 4.441e-06
        num_windows: 68
        time_check_overlap: 2.207e-06
        num_overlapping_windows: 0
        time_merge_windows: 0
        time_remove_window: 0
        time_remove_window: 0
        timing_PlanIn:
            total_PlanIn:0
            num_until_goal_expanded:0
            timing_expansions:
                total_S3Exp: 0
                time_top_o: 0
                time_check_in_c: 0
                time_add_parent: 0
                num_neighbors: 0
                time_add_neighbors_to_o: 0
    num_new_collisions: 2
    timing_PIOW_new_collisions:
        total_PIOW: 0.000188656
        num_windows: 2
        time_check_overlap: 1.24e-07
        num_overlapping_windows: 0
        time_merge_windows: 0
        time_remove_window: 0
        time_remove_window: 8.27e-07
        timing_PlanIn:
            total_PlanIn:0.00018503
            num_until_goal_expanded:15
            timing_expansions:
                total_S3Exp: 0.000180613
                time_top_o: 2.423e-06
                time_check_in_c: 2.959e-06
                time_add_parent: 4.824e-06
                num_neighbors: 217
                time_add_neighbors_to_o: 0.000123838
    num_windows_should_quit: 0
    time_should_quit: 1.819e-06
    time_remove_window: 0
Complete!
