Total time: 0.0790833
is_optimal: true
optimality_bound: 1
successive_bounds: [1.00252, 1.00252, 1.00252, 1.00252, 1.00252, 1.00252, 1.00168, 1.00168, 1.00168, 1.00168, 1.00168, 1.00168, 1.00168, 1.00168, 1.00168, 1.00168, 1.00168, 1.00168, 1, 1]
successive_runtimes: [0.0134574, 0.0153702, 0.0171721, 0.018929, 0.0206495, 0.0223932, 0.0293272, 0.0342528, 0.0380371, 0.0408313, 0.0433605, 0.0461205, 0.0496521, 0.0535032, 0.0577553, 0.0622339, 0.06701, 0.0724858, 0.0790832]
num_agents: 20
time_individual_plan: 0.0103293
time_first_plan: 0.00151204
num_max_agents_in_window_first_iteration: 2
num_recWAMPF: 19
timing_recWAMPF:
    total_RecWAMPF: 0.0671268
    num_windows: 74
    num_max_agents_in_window: 2
    timing_gari:
        total_GARI: 0.0617245
        time_path_btw_starts: 0.000549469
        Stage1:
            total_Stage1:0.0273748
            time_add_x_to_o: 0.0108135
            time_clear_x: 0.00174897
            timing_AStarSearchUntil:
                total_astar_search_until:0.0148012
                num_values_f_less_fmax:1374
                ASU Exp:
                    total_ASUExp:0.0147958
                    time_top_o:0.00103718
                    time_check_in_c:0.000627304
                    time_add_parent:0.000652559
                    num_neighbors:8392
                    time_add_neighbors_to_o:0.0106307
        Stage2:
            total_Stage2:0.0109028
            num_len_path:71
            time_expanding_s:9.9056e-05
            timing_AStarSearchUntil:
                total_astar_search_until:0.0107474
                num_values_f_less_fmax:217
                ASU Exp:
                    total_ASUExp:0.010743
                    time_top_o:0.000151992
                    time_check_in_c:0.000174534
                    time_add_parent:0.000303211
                    num_neighbors:5678
                    time_add_neighbors_to_o:0.00914455
        Stage3:
            total_Stage3:0.0228384
            num_until_goal_expanded:823
            timing_S3Exp:
                total_S3Exp: 0.0142805
                time_top_o: 0.000555388
                time_check_in_c: 0.000427381
                time_add_parent: 0.000815792
                num_neighbors: 6518
                time_add_neighbors_to_o: 0.00904111
    timing_PIOW_overlapping:
        total_PIOW: 1.3905e-05
        num_windows: 72
        time_check_overlap: 7.908e-06
        num_overlapping_windows: 0
        time_merge_windows: 0
        time_remove_window: 0
        time_remove_window: 0
        timing_PlanIn:
            total_PlanIn:0
            num_until_goal_expanded:0
            timing_expansions:
                total_S3Exp: 0
                time_top_o: 0
                time_check_in_c: 0
                time_add_parent: 0
                num_neighbors: 0
                time_add_neighbors_to_o: 0
    num_new_collisions: 2
    timing_PIOW_new_collisions:
        total_PIOW: 0.00108923
        num_windows: 2
        time_check_overlap: 5.01e-07
        num_overlapping_windows: 0
        time_merge_windows: 0
        time_remove_window: 0
        time_remove_window: 2.006e-06
        timing_PlanIn:
            total_PlanIn:0.00108023
            num_until_goal_expanded:34
            timing_expansions:
                total_S3Exp: 0.00106535
                time_top_o: 1.5703e-05
                time_check_in_c: 2.8219e-05
                time_add_parent: 5.2175e-05
                num_neighbors: 393
                time_add_neighbors_to_o: 0.000754985
    num_windows_should_quit: 0
    time_should_quit: 8.48e-06
    time_remove_window: 0
Complete!
