Total time: 0.0202688
is_optimal: true
optimality_bound: 1
successive_bounds: [1.00082, 1.00082, 1.00082, 1.00082, 1.00082, 1.00082, 1.00082, 1.00082, 1.00082, 1.00082, 1.00082, 1.00082, 1.00082, 1.00082, 1.00082, 1.00082, 1.00082, 1.00082, 1.00082, 1.00082, 1.00082, 1.00082, 1, 1]
successive_runtimes: [0.00709575, 0.00755586, 0.0080645, 0.00850788, 0.00894917, 0.00938188, 0.00982758, 0.0102901, 0.0107348, 0.0111788, 0.0116877, 0.0121353, 0.0125731, 0.0129961, 0.0134732, 0.0139967, 0.0145281, 0.015082, 0.0156413, 0.0162175, 0.016845, 0.0185228, 0.0202688]
num_agents: 30
time_individual_plan: 0.0059997
time_first_plan: 0.000578606
num_max_agents_in_window_first_iteration: 2
num_recWAMPF: 23
timing_recWAMPF:
    total_RecWAMPF: 0.0137484
    num_windows: 45
    num_max_agents_in_window: 2
    timing_gari:
        total_GARI: 0.0074701
        time_path_btw_starts: 9.2538e-05
        Stage1:
            total_Stage1:0.00426982
            time_add_x_to_o: 0.0011801
            time_clear_x: 0.000168641
            timing_AStarSearchUntil:
                total_astar_search_until:0.00291838
                num_values_f_less_fmax:665
                ASU Exp:
                    total_ASUExp:0.00291731
                    time_top_o:0.000154781
                    time_check_in_c:0.000107066
                    time_add_parent:8.9348e-05
                    num_neighbors:5195
                    time_add_neighbors_to_o:0.00220693
        Stage2:
            total_Stage2:0.000775385
            num_len_path:44
            time_expanding_s:1.5704e-05
            timing_AStarSearchUntil:
                total_astar_search_until:0.000748038
                num_values_f_less_fmax:66
                ASU Exp:
                    total_ASUExp:0.000747021
                    time_top_o:1.4459e-05
                    time_check_in_c:1.4627e-05
                    time_add_parent:1.6161e-05
                    num_neighbors:1703
                    time_add_neighbors_to_o:0.000636518
        Stage3:
            total_Stage3:0.00232493
            num_until_goal_expanded:368
            timing_S3Exp:
                total_S3Exp: 0.0014988
                time_top_o: 7.4193e-05
                time_check_in_c: 4.7704e-05
                time_add_parent: 0.000100156
                num_neighbors: 2685
                time_add_neighbors_to_o: 0.000873659
    timing_PIOW_overlapping:
        total_PIOW: 5.44e-07
        num_windows: 22
        time_check_overlap: 0
        num_overlapping_windows: 0
        time_merge_windows: 0
        time_remove_window: 0
        time_remove_window: 0
        timing_PlanIn:
            total_PlanIn:0
            num_until_goal_expanded:0
            timing_expansions:
                total_S3Exp: 0
                time_top_o: 0
                time_check_in_c: 0
                time_add_parent: 0
                num_neighbors: 0
                time_add_neighbors_to_o: 0
    num_new_collisions: 1
    timing_PIOW_new_collisions:
        total_PIOW: 0.000153001
        num_windows: 0
        time_check_overlap: 0
        num_overlapping_windows: 0
        time_merge_windows: 0
        time_remove_window: 0
        time_remove_window: 3.67e-07
        timing_PlanIn:
            total_PlanIn:0.000151492
            num_until_goal_expanded:21
            timing_expansions:
                total_S3Exp: 0.000148337
                time_top_o: 2.932e-06
                time_check_in_c: 4.25e-06
                time_add_parent: 6.098e-06
                num_neighbors: 181
                time_add_neighbors_to_o: 8.2532e-05
    num_windows_should_quit: 0
    time_should_quit: 1.365e-06
    time_remove_window: 0
Complete!
