Total time: 0.0134404
is_optimal: true
optimality_bound: 1
successive_bounds: [1.00241, 1.00241, 1.00241, 1.00241, 1.00241, 1.00241, 1.00241, 1.00241, 1.00241, 1.00241, 1.00241, 1.00241, 1.00241, 1.00241, 1.00241, 1.00241, 1.00241, 1.00241, 1.00241, 1.00241, 1.00241, 1.00241, 1.00241, 1.00241, 1.00241, 1.00241, 1.00241, 1.00241, 1.00241, 1, 1]
successive_runtimes: [0.00230498, 0.00259321, 0.0028723, 0.00315671, 0.00343629, 0.00371968, 0.00399621, 0.00427331, 0.00455286, 0.00483048, 0.00510894, 0.00547354, 0.0057697, 0.00605562, 0.00633428, 0.00661207, 0.00688823, 0.00716317, 0.00744749, 0.00774228, 0.00801961, 0.0083273, 0.00871136, 0.00909446, 0.00951109, 0.00999885, 0.0105766, 0.0112326, 0.0119371, 0.0134404]
num_agents: 10
time_individual_plan: 0.00150965
time_first_plan: 0.000216467
num_max_agents_in_window_first_iteration: 2
num_recWAMPF: 30
timing_recWAMPF:
    total_RecWAMPF: 0.0113485
    num_windows: 59
    num_max_agents_in_window: 2
    timing_gari:
        total_GARI: 0.0102961
        time_path_btw_starts: 0.000123585
        Stage1:
            total_Stage1:0.0048248
            time_add_x_to_o: 0.00198036
            time_clear_x: 0.0003039
            timing_AStarSearchUntil:
                total_astar_search_until:0.00253731
                num_values_f_less_fmax:856
                ASU Exp:
                    total_ASUExp:0.00253574
                    time_top_o:0.00019959
                    time_check_in_c:0.000144023
                    time_add_parent:8.542e-05
                    num_neighbors:4634
                    time_add_neighbors_to_o:0.00172687
        Stage2:
            total_Stage2:0.00114905
            num_len_path:58
            time_expanding_s:2.0344e-05
            timing_AStarSearchUntil:
                total_astar_search_until:0.0011135
                num_values_f_less_fmax:87
                ASU Exp:
                    total_ASUExp:0.0011121
                    time_top_o:1.9484e-05
                    time_check_in_c:2.7422e-05
                    time_add_parent:3.0275e-05
                    num_neighbors:2559
                    time_add_neighbors_to_o:0.000949324
        Stage3:
            total_Stage3:0.00418845
            num_until_goal_expanded:641
            timing_S3Exp:
                total_S3Exp: 0.00257292
                time_top_o: 0.000133382
                time_check_in_c: 8.5513e-05
                time_add_parent: 0.00019047
                num_neighbors: 4719
                time_add_neighbors_to_o: 0.00148495
    timing_PIOW_overlapping:
        total_PIOW: 6.03e-07
        num_windows: 29
        time_check_overlap: 0
        num_overlapping_windows: 0
        time_merge_windows: 0
        time_remove_window: 0
        time_remove_window: 0
        timing_PlanIn:
            total_PlanIn:0
            num_until_goal_expanded:0
            timing_expansions:
                total_S3Exp: 0
                time_top_o: 0
                time_check_in_c: 0
                time_add_parent: 0
                num_neighbors: 0
                time_add_neighbors_to_o: 0
    num_new_collisions: 1
    timing_PIOW_new_collisions:
        total_PIOW: 0.0001635
        num_windows: 0
        time_check_overlap: 0
        num_overlapping_windows: 0
        time_merge_windows: 0
        time_remove_window: 0
        time_remove_window: 3.13e-07
        timing_PlanIn:
            total_PlanIn:0.000161785
            num_until_goal_expanded:26
            timing_expansions:
                total_S3Exp: 0.000158372
                time_top_o: 3.34e-06
                time_check_in_c: 4.875e-06
                time_add_parent: 6.961e-06
                num_neighbors: 224
                time_add_neighbors_to_o: 0.000100339
    num_windows_should_quit: 0
    time_should_quit: 1.6e-06
    time_remove_window: 0
Complete!
