Total time: 15.4343
is_optimal: true
optimality_bound: 1
successive_bounds: [1.00462, 1.00413, 1.0034, 1.00219, 1.0017, 1.0017, 1.00122, 1.00122, 1.00073, 1.00073, 1.00073, 1.00049, 1, 1]
successive_runtimes: [0.0308938, 0.0718731, 0.216993, 0.409916, 1.88931, 2.99374, 3.91991, 4.804, 6.10785, 7.32281, 8.87277, 11.5599, 15.4343]
num_agents: 60
time_individual_plan: 0.0166868
time_first_plan: 0.0135573
num_max_agents_in_window_first_iteration: 3
num_recWAMPF: 13
timing_recWAMPF:
    total_RecWAMPF: 15.4169
    num_windows: 263
    num_max_agents_in_window: 5
    timing_gari:
        total_GARI: 14.5308
        time_path_btw_starts: 0.012294
        Stage1:
            total_Stage1:10.7859
            time_add_x_to_o: 1.8495
            time_clear_x: 0.833024
            timing_AStarSearchUntil:
                total_astar_search_until:8.1033
                num_values_f_less_fmax:63103
                ASU Exp:
                    total_ASUExp:8.10329
                    time_top_o:0.0850633
                    time_check_in_c:0.119151
                    time_add_parent:0.0870803
                    num_neighbors:14167319
                    time_add_neighbors_to_o:7.68731
        Stage2:
            total_Stage2:0.274371
            num_len_path:267
            time_expanding_s:0.000477736
            timing_AStarSearchUntil:
                total_astar_search_until:0.207376
                num_values_f_less_fmax:8340
                ASU Exp:
                    total_ASUExp:0.207369
                    time_top_o:0.00507255
                    time_check_in_c:0.00187137
                    time_add_parent:0.00322162
                    num_neighbors:482689
                    time_add_neighbors_to_o:0.252187
        Stage3:
            total_Stage3:3.45821
            num_until_goal_expanded:21429
            timing_S3Exp:
                total_S3Exp: 1.2538
                time_top_o: 0.0210195
                time_check_in_c: 0.00670578
                time_add_parent: 0.0139775
                num_neighbors: 1967376
                time_add_neighbors_to_o: 1.17671
    timing_PIOW_overlapping:
        total_PIOW: 0.15827
        num_windows: 1375
        time_check_overlap: 8.4247e-05
        num_overlapping_windows: 3
        time_merge_windows: 3.3026e-05
        time_remove_window: 1.595e-06
        time_remove_window: 3.2803e-05
        timing_PlanIn:
            total_PlanIn:0.158097
            num_until_goal_expanded:1799
            timing_expansions:
                total_S3Exp: 0.158083
                time_top_o: 0.0010117
                time_check_in_c: 0.000392817
                time_add_parent: 0.000618855
                num_neighbors: 289316
                time_add_neighbors_to_o: 0.144546
    num_new_collisions: 17
    timing_PIOW_new_collisions:
        total_PIOW: 0.708184
        num_windows: 269
        time_check_overlap: 1.3029e-05
        num_overlapping_windows: 5
        time_merge_windows: 0
        time_remove_window: 44.353
        time_remove_window: 7.847e-06
        timing_PlanIn:
            total_PlanIn:0.708128
            num_until_goal_expanded:997
            timing_expansions:
                total_S3Exp: 0.708087
                time_top_o: 0.000537418
                time_check_in_c: 0.000226249
                time_add_parent: 0.000412341
                num_neighbors: 954538
                time_add_neighbors_to_o: 0.674461
    num_windows_should_quit: 0
    time_should_quit: 2.4847e-05
    time_remove_window: 0
Complete!
