Total time: 55.4634
is_optimal: true
optimality_bound: 1
successive_bounds: [1.00326, 1.00326, 1.00326, 1.00217, 1.00217, 1.00217, 1.00217, 1.00163, 1.00109, 1.00109, 1.00109, 1.00109, 1, 1]
successive_runtimes: [0.00955212, 0.0279636, 0.0801663, 0.517257, 1.78261, 4.72665, 10.2832, 18.0699, 22.5496, 26.0996, 32.6986, 43.3031, 55.4634]
num_agents: 30
time_individual_plan: 0.00578386
time_first_plan: 0.00291242
num_max_agents_in_window_first_iteration: 3
num_recWAMPF: 13
timing_recWAMPF:
    total_RecWAMPF: 55.4567
    num_windows: 55
    num_max_agents_in_window: 5
    timing_gari:
        total_GARI: 54.909
        time_path_btw_starts: 0.000212669
        Stage1:
            total_Stage1:40.0424
            time_add_x_to_o: 6.74433
            time_clear_x: 3.05624
            timing_AStarSearchUntil:
                total_astar_search_until:30.2418
                num_values_f_less_fmax:129211
                ASU Exp:
                    total_ASUExp:30.2418
                    time_top_o:0.300199
                    time_check_in_c:0.122918
                    time_add_parent:0.0688429
                    num_neighbors:40878128
                    time_add_neighbors_to_o:28.8659
        Stage2:
            total_Stage2:0.0579206
            num_len_path:48
            time_expanding_s:5.7865e-05
            timing_AStarSearchUntil:
                total_astar_search_until:0.0577947
                num_values_f_less_fmax:124
                ASU Exp:
                    total_ASUExp:0.0577933
                    time_top_o:0.000153692
                    time_check_in_c:5.1946e-05
                    time_add_parent:9.5226e-05
                    num_neighbors:84593
                    time_add_neighbors_to_o:0.0571341
        Stage3:
            total_Stage3:14.8085
            num_until_goal_expanded:54924
            timing_S3Exp:
                total_S3Exp: 10.4046
                time_top_o: 0.0848823
                time_check_in_c: 0.0287842
                time_add_parent: 0.0519389
                num_neighbors: 14382199
                time_add_neighbors_to_o: 10.0996
    timing_PIOW_overlapping:
        total_PIOW: 0.541978
        num_windows: 63
        time_check_overlap: 3.26e-06
        num_overlapping_windows: 2
        time_merge_windows: 4.551e-06
        time_remove_window: 9.2e-07
        time_remove_window: 4.331e-06
        timing_PlanIn:
            total_PlanIn:0.541958
            num_until_goal_expanded:1349
            timing_expansions:
                total_S3Exp: 0.541952
                time_top_o: 0.00196263
                time_check_in_c: 0.000593167
                time_add_parent: 0.000861922
                num_neighbors: 756981
                time_add_neighbors_to_o: 0.508914
    num_new_collisions: 5
    timing_PIOW_new_collisions:
        total_PIOW: 0.00253624
        num_windows: 11
        time_check_overlap: 1.054e-06
        num_overlapping_windows: 1
        time_merge_windows: 0
        time_remove_window: 0.00698883
        time_remove_window: 1.518e-06
        timing_PlanIn:
            total_PlanIn:0.00252577
            num_until_goal_expanded:103
            timing_expansions:
                total_S3Exp: 0.00251159
                time_top_o: 2.0014e-05
                time_check_in_c: 2.3446e-05
                time_add_parent: 3.6689e-05
                num_neighbors: 3797
                time_add_neighbors_to_o: 0.00208748
    num_windows_should_quit: 0
    time_should_quit: 3.921e-06
    time_remove_window: 0
Complete!
