Total time: 0.013397
is_optimal: true
optimality_bound: 1
successive_bounds: [1.00182, 1.00182, 1.00182, 1.00182, 1.00091, 1.00091, 1.00091, 1.00091, 1.00091, 1.00091, 1.00091, 1.00091, 1.00091, 1.00091, 1, 1]
successive_runtimes: [0.00634489, 0.00679151, 0.00722833, 0.00766407, 0.00820314, 0.0086317, 0.00908008, 0.00963262, 0.0101104, 0.0106069, 0.0111046, 0.0116185, 0.0120911, 0.012543, 0.013397]
num_agents: 30
time_individual_plan: 0.00525294
time_first_plan: 0.00050801
num_max_agents_in_window_first_iteration: 2
num_recWAMPF: 15
timing_recWAMPF:
    total_RecWAMPF: 0.00755773
    num_windows: 58
    num_max_agents_in_window: 2
    timing_gari:
        total_GARI: 0.00377835
        time_path_btw_starts: 0.000137877
        Stage1:
            total_Stage1:0.000479759
            time_add_x_to_o: 0.000401589
            time_clear_x: 7.2823e-05
            timing_AStarSearchUntil:
                total_astar_search_until:2.478e-06
                num_values_f_less_fmax:0
                ASU Exp:
                    total_ASUExp:1.096e-06
                    time_top_o:0
                    time_check_in_c:0
                    time_add_parent:0
                    num_neighbors:0
                    time_add_neighbors_to_o:0
        Stage2:
            total_Stage2:0.00104247
            num_len_path:55
            time_expanding_s:2.7501e-05
            timing_AStarSearchUntil:
                total_astar_search_until:0.00100018
                num_values_f_less_fmax:86
                ASU Exp:
                    total_ASUExp:0.000999064
                    time_top_o:2.0181e-05
                    time_check_in_c:1.6231e-05
                    time_add_parent:2.6267e-05
                    num_neighbors:2089
                    time_add_neighbors_to_o:0.000832604
        Stage3:
            total_Stage3:0.0021105
            num_until_goal_expanded:139
            timing_S3Exp:
                total_S3Exp: 0.00130997
                time_top_o: 2.5778e-05
                time_check_in_c: 1.7942e-05
                time_add_parent: 2.8396e-05
                num_neighbors: 1627
                time_add_neighbors_to_o: 0.00101437
    timing_PIOW_overlapping:
        total_PIOW: 3.219e-06
        num_windows: 56
        time_check_overlap: 1.471e-06
        num_overlapping_windows: 0
        time_merge_windows: 0
        time_remove_window: 0
        time_remove_window: 0
        timing_PlanIn:
            total_PlanIn:0
            num_until_goal_expanded:0
            timing_expansions:
                total_S3Exp: 0
                time_top_o: 0
                time_check_in_c: 0
                time_add_parent: 0
                num_neighbors: 0
                time_add_neighbors_to_o: 0
    num_new_collisions: 2
    timing_PIOW_new_collisions:
        total_PIOW: 0.000226115
        num_windows: 2
        time_check_overlap: 1.02e-07
        num_overlapping_windows: 0
        time_merge_windows: 0
        time_remove_window: 0
        time_remove_window: 6.98e-07
        timing_PlanIn:
            total_PlanIn:0.000222908
            num_until_goal_expanded:17
            timing_expansions:
                total_S3Exp: 0.000218062
                time_top_o: 2.985e-06
                time_check_in_c: 3.579e-06
                time_add_parent: 5.345e-06
                num_neighbors: 330
                time_add_neighbors_to_o: 0.000176378
    num_windows_should_quit: 0
    time_should_quit: 1.452e-06
    time_remove_window: 0
Complete!
