Total time: 0.350398
is_optimal: true
optimality_bound: 1
successive_bounds: [1.00178, 1.00178, 1.00178, 1.00178, 1.00178, 1.00178, 1.00178, 1.00178, 1.00178, 1.00178, 1.00089, 1.00089, 1, 1]
successive_runtimes: [0.0238766, 0.0343141, 0.0481292, 0.0660094, 0.0877648, 0.109706, 0.131935, 0.154823, 0.17614, 0.195433, 0.210578, 0.218402, 0.350398]
num_agents: 30
time_individual_plan: 0.0165364
time_first_plan: 0.00572463
num_max_agents_in_window_first_iteration: 3
num_recWAMPF: 13
timing_recWAMPF:
    total_RecWAMPF: 0.332239
    num_windows: 74
    num_max_agents_in_window: 4
    timing_gari:
        total_GARI: 0.193802
        time_path_btw_starts: 0.000460258
        Stage1:
            total_Stage1:0.096964
            time_add_x_to_o: 0.0359525
            time_clear_x: 0.00811797
            timing_AStarSearchUntil:
                total_astar_search_until:0.0528833
                num_values_f_less_fmax:1902
                ASU Exp:
                    total_ASUExp:0.0528799
                    time_top_o:0.0014642
                    time_check_in_c:0.00221145
                    time_add_parent:0.0013828
                    num_neighbors:46293
                    time_add_neighbors_to_o:0.0457268
        Stage2:
            total_Stage2:0.0133375
            num_len_path:75
            time_expanding_s:0.000161386
            timing_AStarSearchUntil:
                total_astar_search_until:0.0131255
                num_values_f_less_fmax:153
                ASU Exp:
                    total_ASUExp:0.0131229
                    time_top_o:8.7437e-05
                    time_check_in_c:0.00021392
                    time_add_parent:0.000151753
                    num_neighbors:11447
                    time_add_neighbors_to_o:0.0121452
        Stage3:
            total_Stage3:0.0830023
            num_until_goal_expanded:1553
            timing_S3Exp:
                total_S3Exp: 0.0621759
                time_top_o: 0.00106956
                time_check_in_c: 0.000610153
                time_add_parent: 0.00114377
                num_neighbors: 54994
                time_add_neighbors_to_o: 0.0527705
    timing_PIOW_overlapping:
        total_PIOW: 0.128217
        num_windows: 110
        time_check_overlap: 8.224e-06
        num_overlapping_windows: 1
        time_merge_windows: 2.41e-06
        time_remove_window: 7.42e-07
        time_remove_window: 2.349e-06
        timing_PlanIn:
            total_PlanIn:0.12819
            num_until_goal_expanded:249
            timing_expansions:
                total_S3Exp: 0.128186
                time_top_o: 0.000202029
                time_check_in_c: 0.000111369
                time_add_parent: 0.00025881
                num_neighbors: 120845
                time_add_neighbors_to_o: 0.122093
    num_new_collisions: 4
    timing_PIOW_new_collisions:
        total_PIOW: 0.00454051
        num_windows: 13
        time_check_overlap: 1.637e-06
        num_overlapping_windows: 1
        time_merge_windows: 0
        time_remove_window: 0.0200159
        time_remove_window: 4.343e-06
        timing_PlanIn:
            total_PlanIn:0.00451298
            num_until_goal_expanded:67
            timing_expansions:
                total_S3Exp: 0.00448358
                time_top_o: 3.6384e-05
                time_check_in_c: 4.6329e-05
                time_add_parent: 9.9832e-05
                num_neighbors: 2054
                time_add_neighbors_to_o: 0.00373899
    num_windows_should_quit: 0
    time_should_quit: 5.582e-06
    time_remove_window: 0
Complete!
