Total time: 0.107454
is_optimal: false
optimality_bound: 1.00435
successive_bounds: [1.00689, 1.00653, 1.00508, 1.00508, 1.00435]
successive_runtimes: [0.0116465, 0.0268131, 0.0597103, 0.0831423, 0.107454]
num_agents: 40
time_individual_plan: 0.00536618
time_first_plan: 0.00567777
num_max_agents_in_window_first_iteration: 3
num_recWAMPF: 5
timing_recWAMPF:
    total_RecWAMPF: 0.101483
    num_windows: 107
    num_max_agents_in_window: 4
    timing_gari:
        total_GARI: 0.0875131
        time_path_btw_starts: 0.00181234
        Stage1:
            total_Stage1:0.0609605
            time_add_x_to_o: 0.0188157
            time_clear_x: 0.00288205
            timing_AStarSearchUntil:
                total_astar_search_until:0.039255
                num_values_f_less_fmax:3198
                ASU Exp:
                    total_ASUExp:0.039252
                    time_top_o:0.00126248
                    time_check_in_c:0.00057083
                    time_add_parent:0.000677944
                    num_neighbors:75794
                    time_add_neighbors_to_o:0.034041
        Stage2:
            total_Stage2:0.007894
            num_len_path:105
            time_expanding_s:5.2431e-05
            timing_AStarSearchUntil:
                total_astar_search_until:0.00780345
                num_values_f_less_fmax:256
                ASU Exp:
                    total_ASUExp:0.00780099
                    time_top_o:8.3232e-05
                    time_check_in_c:6.4457e-05
                    time_add_parent:8.8616e-05
                    num_neighbors:15264
                    time_add_neighbors_to_o:0.00722203
        Stage3:
            total_Stage3:0.0168246
            num_until_goal_expanded:1062
            timing_S3Exp:
                total_S3Exp: 0.0109173
                time_top_o: 0.000312328
                time_check_in_c: 0.000179318
                time_add_parent: 0.000422959
                num_neighbors: 18487
                time_add_neighbors_to_o: 0.00868867
    timing_PIOW_overlapping:
        total_PIOW: 0.00623142
        num_windows: 587
        time_check_overlap: 2.2759e-05
        num_overlapping_windows: 1
        time_merge_windows: 2.137e-06
        time_remove_window: 6.74e-07
        time_remove_window: 2.077e-06
        timing_PlanIn:
            total_PlanIn:0.00618553
            num_until_goal_expanded:67
            timing_expansions:
                total_S3Exp: 0.00618259
                time_top_o: 2.1239e-05
                time_check_in_c: 1.6892e-05
                time_add_parent: 2.1411e-05
                num_neighbors: 8825
                time_add_neighbors_to_o: 0.00570604
    num_new_collisions: 14
    timing_PIOW_new_collisions:
        total_PIOW: 0.00380267
        num_windows: 184
        time_check_overlap: 7.412e-06
        num_overlapping_windows: 2
        time_merge_windows: 0
        time_remove_window: 0.0667559
        time_remove_window: 5.344e-06
        timing_PlanIn:
            total_PlanIn:0.00376693
            num_until_goal_expanded:289
            timing_expansions:
                total_S3Exp: 0.00374029
                time_top_o: 4.6015e-05
                time_check_in_c: 6.1619e-05
                time_add_parent: 8.4972e-05
                num_neighbors: 5730
                time_add_neighbors_to_o: 0.00293352
    num_windows_should_quit: 0
    time_should_quit: 7.475e-06
    time_remove_window: 0
Complete!
