Total time: 0.8961
is_optimal: true
optimality_bound: 1
successive_bounds: [1.02609, 1.01063, 1.00773, 1.0058, 1.00483, 1.00386, 1.00386, 1.00386, 1.00193, 1.00193, 1.00193, 1.00193, 1.00193, 1.00193, 1.00193, 1.00193, 1, 1]
successive_runtimes: [0.0188651, 0.245142, 0.352989, 0.405723, 0.452958, 0.504571, 0.561855, 0.629633, 0.669629, 0.696309, 0.71763, 0.739868, 0.779518, 0.803389, 0.824528, 0.85702, 0.8961]
num_agents: 30
time_individual_plan: 0.00496249
time_first_plan: 0.0137522
num_max_agents_in_window_first_iteration: 3
num_recWAMPF: 17
timing_recWAMPF:
    total_RecWAMPF: 0.890976
    num_windows: 227
    num_max_agents_in_window: 3
    timing_gari:
        total_GARI: 0.872786
        time_path_btw_starts: 0.000964019
        Stage1:
            total_Stage1:0.44747
            time_add_x_to_o: 0.123431
            time_clear_x: 0.0302265
            timing_AStarSearchUntil:
                total_astar_search_until:0.293778
                num_values_f_less_fmax:10678
                ASU Exp:
                    total_ASUExp:0.293766
                    time_top_o:0.00821408
                    time_check_in_c:0.00549815
                    time_add_parent:0.00689428
                    num_neighbors:401018
                    time_add_neighbors_to_o:0.257562
        Stage2:
            total_Stage2:0.026316
            num_len_path:217
            time_expanding_s:0.000493864
            timing_AStarSearchUntil:
                total_astar_search_until:0.025597
                num_values_f_less_fmax:869
                ASU Exp:
                    total_ASUExp:0.0255869
                    time_top_o:0.000558272
                    time_check_in_c:0.000326645
                    time_add_parent:0.000559087
                    num_neighbors:28329
                    time_add_neighbors_to_o:0.0221862
        Stage3:
            total_Stage3:0.397927
            num_until_goal_expanded:5264
            timing_S3Exp:
                total_S3Exp: 0.141351
                time_top_o: 0.0043612
                time_check_in_c: 0.00225804
                time_add_parent: 0.00506158
                num_neighbors: 131408
                time_add_neighbors_to_o: 0.115387
    timing_PIOW_overlapping:
        total_PIOW: 0.000118244
        num_windows: 760
        time_check_overlap: 7.5849e-05
        num_overlapping_windows: 0
        time_merge_windows: 0
        time_remove_window: 0
        time_remove_window: 0
        timing_PlanIn:
            total_PlanIn:0
            num_until_goal_expanded:0
            timing_expansions:
                total_S3Exp: 0
                time_top_o: 0
                time_check_in_c: 0
                time_add_parent: 0
                num_neighbors: 0
                time_add_neighbors_to_o: 0
    num_new_collisions: 8
    timing_PIOW_new_collisions:
        total_PIOW: 0.0131773
        num_windows: 60
        time_check_overlap: 2.812e-06
        num_overlapping_windows: 1
        time_merge_windows: 0
        time_remove_window: 0.00714126
        time_remove_window: 5.291e-06
        timing_PlanIn:
            total_PlanIn:0.0131566
            num_until_goal_expanded:356
            timing_expansions:
                total_S3Exp: 0.0131402
                time_top_o: 8.285e-05
                time_check_in_c: 7.8506e-05
                time_add_parent: 0.00015972
                num_neighbors: 21512
                time_add_neighbors_to_o: 0.0114429
    num_windows_should_quit: 2
    time_should_quit: 2.6839e-05
    time_remove_window: 1.458e-06
Complete!
