Total time: 2.03742
is_optimal: false
optimality_bound: 1.0027
successive_bounds: [1.0036, 1.0036, 1.0036, 1.0036, 1.0036, 1.0027, 1.0027, 1.0027, 1.0027, 1.0027, 1.0027, 1.0027, 1.0027, 1.0027, 1.0027, 1.0027, 1.0027, 1.0027, 1.0027, 1.0027]
successive_runtimes: [0.00282857, 0.00321903, 0.00366594, 0.00407497, 0.00449437, 0.0892466, 0.156648, 0.226247, 0.297239, 0.385249, 0.486133, 0.608146, 0.737924, 0.890621, 1.0471, 1.21758, 1.39689, 1.58893, 1.82927, 2.03742]
num_agents: 20
time_individual_plan: 0.00183687
time_first_plan: 0.000480149
num_max_agents_in_window_first_iteration: 2
num_recWAMPF: 20
timing_recWAMPF:
    total_RecWAMPF: 2.03507
    num_windows: 88
    num_max_agents_in_window: 3
    timing_gari:
        total_GARI: 1.94003
        time_path_btw_starts: 0.0025403
        Stage1:
            total_Stage1:0.87944
            time_add_x_to_o: 0.361765
            time_clear_x: 0.103734
            timing_AStarSearchUntil:
                total_astar_search_until:0.413929
                num_values_f_less_fmax:14525
                ASU Exp:
                    total_ASUExp:0.413924
                    time_top_o:0.0121745
                    time_check_in_c:0.00414042
                    time_add_parent:0.0114912
                    num_neighbors:769892
                    time_add_neighbors_to_o:0.365418
        Stage2:
            total_Stage2:0.0213248
            num_len_path:78
            time_expanding_s:5.1367e-05
            timing_AStarSearchUntil:
                total_astar_search_until:0.0212255
                num_values_f_less_fmax:325
                ASU Exp:
                    total_ASUExp:0.0212233
                    time_top_o:0.000135403
                    time_check_in_c:0.00186669
                    time_add_parent:0.000344508
                    num_neighbors:41340
                    time_add_neighbors_to_o:0.018417
        Stage3:
            total_Stage3:1.0367
            num_until_goal_expanded:4031
            timing_S3Exp:
                total_S3Exp: 0.257966
                time_top_o: 0.00358175
                time_check_in_c: 0.000977508
                time_add_parent: 0.00202202
                num_neighbors: 442033
                time_add_neighbors_to_o: 0.244669
    timing_PIOW_overlapping:
        total_PIOW: 0.0843397
        num_windows: 103
        time_check_overlap: 6.917e-06
        num_overlapping_windows: 1
        time_merge_windows: 1.003e-06
        time_remove_window: 2.49e-07
        time_remove_window: 9.53e-07
        timing_PlanIn:
            total_PlanIn:0.0843243
            num_until_goal_expanded:1220
            timing_expansions:
                total_S3Exp: 0.0843223
                time_top_o: 0.000624211
                time_check_in_c: 0.000218476
                time_add_parent: 0.000399386
                num_neighbors: 160521
                time_add_neighbors_to_o: 0.0771764
    num_new_collisions: 4
    timing_PIOW_new_collisions:
        total_PIOW: 0.00888978
        num_windows: 9
        time_check_overlap: 6.67e-07
        num_overlapping_windows: 1
        time_merge_windows: 0
        time_remove_window: 0.148262
        time_remove_window: 1.087e-06
        timing_PlanIn:
            total_PlanIn:0.00888058
            num_until_goal_expanded:134
            timing_expansions:
                total_S3Exp: 0.00887064
                time_top_o: 3.6004e-05
                time_check_in_c: 2.4282e-05
                time_add_parent: 4.5515e-05
                num_neighbors: 15505
                time_add_neighbors_to_o: 0.00816847
    num_windows_should_quit: 0
    time_should_quit: 5.582e-06
    time_remove_window: 0
Complete!
