Total time: 0.05529
is_optimal: true
optimality_bound: 1
successive_bounds: [1.00289, 1.00289, 1.00289, 1.00289, 1.00289, 1.00289, 1.00289, 1.00289, 1.00289, 1.00289, 1.00289, 1.00289, 1.00289, 1.00289, 1.00289, 1.00289, 1.00289, 1.00289, 1.00289, 1.00289, 1.00289, 1.00289, 1.00289, 1, 1]
successive_runtimes: [0.0018789, 0.00200441, 0.0021264, 0.00225803, 0.00239415, 0.00252863, 0.00266918, 0.00281136, 0.00293931, 0.00309891, 0.00323909, 0.00337024, 0.00350896, 0.00364988, 0.0037918, 0.00393946, 0.00408587, 0.00423701, 0.00439533, 0.00455275, 0.00471431, 0.00488035, 0.00504893, 0.05529]
num_agents: 10
time_individual_plan: 0.00119781
time_first_plan: 0.00016091
num_max_agents_in_window_first_iteration: 2
num_recWAMPF: 24
timing_recWAMPF:
    total_RecWAMPF: 0.0535692
    num_windows: 47
    num_max_agents_in_window: 2
    timing_gari:
        total_GARI: 0.0529042
        time_path_btw_starts: 0.000107334
        Stage1:
            total_Stage1:0.000266481
            time_add_x_to_o: 0.000235364
            time_clear_x: 2.6565e-05
            timing_AStarSearchUntil:
                total_astar_search_until:2.173e-06
                num_values_f_less_fmax:0
                ASU Exp:
                    total_ASUExp:1.017e-06
                    time_top_o:0
                    time_check_in_c:0
                    time_add_parent:0
                    num_neighbors:0
                    time_add_neighbors_to_o:0
        Stage2:
            total_Stage2:0.0489136
            num_len_path:70
            time_expanding_s:2.6738e-05
            timing_AStarSearchUntil:
                total_astar_search_until:0.048875
                num_values_f_less_fmax:3912
                ASU Exp:
                    total_ASUExp:0.048874
                    time_top_o:0.00144567
                    time_check_in_c:0.000800425
                    time_add_parent:0.00107221
                    num_neighbors:98648
                    time_add_neighbors_to_o:0.0417252
        Stage3:
            total_Stage3:0.00360905
            num_until_goal_expanded:52
            timing_S3Exp:
                total_S3Exp: 0.000392056
                time_top_o: 8.027e-06
                time_check_in_c: 5.107e-06
                time_add_parent: 1.1091e-05
                num_neighbors: 320
                time_add_neighbors_to_o: 0.000187075
    timing_PIOW_overlapping:
        total_PIOW: 6.46e-07
        num_windows: 23
        time_check_overlap: 0
        num_overlapping_windows: 0
        time_merge_windows: 0
        time_remove_window: 0
        time_remove_window: 0
        timing_PlanIn:
            total_PlanIn:0
            num_until_goal_expanded:0
            timing_expansions:
                total_S3Exp: 0
                time_top_o: 0
                time_check_in_c: 0
                time_add_parent: 0
                num_neighbors: 0
                time_add_neighbors_to_o: 0
    num_new_collisions: 1
    timing_PIOW_new_collisions:
        total_PIOW: 0.000125755
        num_windows: 0
        time_check_overlap: 0
        num_overlapping_windows: 0
        time_merge_windows: 0
        time_remove_window: 0
        time_remove_window: 2.42e-07
        timing_PlanIn:
            total_PlanIn:0.000124328
            num_until_goal_expanded:8
            timing_expansions:
                total_S3Exp: 0.000121125
                time_top_o: 1.675e-06
                time_check_in_c: 1.916e-06
                time_add_parent: 2.797e-06
                num_neighbors: 160
                time_add_neighbors_to_o: 9.8149e-05
    num_windows_should_quit: 0
    time_should_quit: 1.267e-06
    time_remove_window: 0
Complete!
