Total time: 0.375855
is_optimal: false
optimality_bound: 1.00193
successive_bounds: [1.00451, 1.00451, 1.00451, 1.00386, 1.00322, 1.00322, 1.00258, 1.00258, 1.00258, 1.00258, 1.00258, 1.00258, 1.00193]
successive_runtimes: [0.00901008, 0.0113198, 0.0134405, 0.0164402, 0.0212465, 0.033361, 0.056818, 0.0706209, 0.0912945, 0.110103, 0.121058, 0.132453, 0.375855]
num_agents: 50
time_individual_plan: 0.00504629
time_first_plan: 0.00343783
num_max_agents_in_window_first_iteration: 2
num_recWAMPF: 13
timing_recWAMPF:
    total_RecWAMPF: 0.37028
    num_windows: 196
    num_max_agents_in_window: 4
    timing_gari:
        total_GARI: 0.107637
        time_path_btw_starts: 0.0013337
        Stage1:
            total_Stage1:0.06228
            time_add_x_to_o: 0.0308482
            time_clear_x: 0.00385962
            timing_AStarSearchUntil:
                total_astar_search_until:0.0275602
                num_values_f_less_fmax:4398
                ASU Exp:
                    total_ASUExp:0.0275553
                    time_top_o:0.00132482
                    time_check_in_c:0.000960849
                    time_add_parent:0.000735903
                    num_neighbors:57377
                    time_add_neighbors_to_o:0.0220923
        Stage2:
            total_Stage2:0.0146542
            num_len_path:206
            time_expanding_s:0.00035788
            timing_AStarSearchUntil:
                total_astar_search_until:0.0142329
                num_values_f_less_fmax:786
                ASU Exp:
                    total_ASUExp:0.0142289
                    time_top_o:0.000201002
                    time_check_in_c:0.000170902
                    time_add_parent:0.000255355
                    num_neighbors:31455
                    time_add_neighbors_to_o:0.0127388
        Stage3:
            total_Stage3:0.0293324
            num_until_goal_expanded:1801
            timing_S3Exp:
                total_S3Exp: 0.0151802
                time_top_o: 0.000428578
                time_check_in_c: 0.000269483
                time_add_parent: 0.000484107
                num_neighbors: 29390
                time_add_neighbors_to_o: 0.0119738
    timing_PIOW_overlapping:
        total_PIOW: 0.239038
        num_windows: 785
        time_check_overlap: 3.0484e-05
        num_overlapping_windows: 4
        time_merge_windows: 8.703e-06
        time_remove_window: 1.246e-06
        time_remove_window: 8.508e-06
        timing_PlanIn:
            total_PlanIn:0.238971
            num_until_goal_expanded:3166
            timing_expansions:
                total_S3Exp: 0.238959
                time_top_o: 0.00128023
                time_check_in_c: 0.000548533
                time_add_parent: 0.00100164
                num_neighbors: 442999
                time_add_neighbors_to_o: 0.220477
    num_new_collisions: 10
    timing_PIOW_new_collisions:
        total_PIOW: 0.0126131
        num_windows: 93
        time_check_overlap: 3.374e-06
        num_overlapping_windows: 1
        time_merge_windows: 0
        time_remove_window: 0.0798582
        time_remove_window: 6.43e-06
        timing_PlanIn:
            total_PlanIn:0.0125906
            num_until_goal_expanded:194
            timing_expansions:
                total_S3Exp: 0.0125728
                time_top_o: 3.1399e-05
                time_check_in_c: 3.9065e-05
                time_add_parent: 5.2014e-05
                num_neighbors: 23648
                time_add_neighbors_to_o: 0.0115773
    num_windows_should_quit: 0
    time_should_quit: 1.1323e-05
    time_remove_window: 0
Complete!
