Total time: 0.044007
is_optimal: true
optimality_bound: 1
successive_bounds: [1.00455, 1.00455, 1.00455, 1.00455, 1.00455, 1.00455, 1.00455, 1, 1]
successive_runtimes: [0.00367514, 0.00445788, 0.00518237, 0.00598685, 0.00688368, 0.00793282, 0.00890457, 0.044007]
num_agents: 20
time_individual_plan: 0.00247118
time_first_plan: 0.000687185
num_max_agents_in_window_first_iteration: 2
num_recWAMPF: 8
timing_recWAMPF:
    total_RecWAMPF: 0.0410175
    num_windows: 43
    num_max_agents_in_window: 3
    timing_gari:
        total_GARI: 0.00542898
        time_path_btw_starts: 9.5563e-05
        Stage1:
            total_Stage1:0.00202342
            time_add_x_to_o: 0.00104189
            time_clear_x: 0.00014056
            timing_AStarSearchUntil:
                total_astar_search_until:0.000838767
                num_values_f_less_fmax:676
                ASU Exp:
                    total_ASUExp:0.000837773
                    time_top_o:0.000136791
                    time_check_in_c:0.000104857
                    time_add_parent:4.1864e-05
                    num_neighbors:1169
                    time_add_neighbors_to_o:0.000400373
        Stage2:
            total_Stage2:0.000969926
            num_len_path:41
            time_expanding_s:1.6483e-05
            timing_AStarSearchUntil:
                total_astar_search_until:0.000917119
                num_values_f_less_fmax:74
                ASU Exp:
                    total_ASUExp:0.000916278
                    time_top_o:1.6565e-05
                    time_check_in_c:1.334e-05
                    time_add_parent:3.3286e-05
                    num_neighbors:1877
                    time_add_neighbors_to_o:0.000769911
        Stage3:
            total_Stage3:0.00233414
            num_until_goal_expanded:407
            timing_S3Exp:
                total_S3Exp: 0.0018421
                time_top_o: 8.2168e-05
                time_check_in_c: 5.0509e-05
                time_add_parent: 0.000106425
                num_neighbors: 3116
                time_add_neighbors_to_o: 0.00121697
    timing_PIOW_overlapping:
        total_PIOW: 0.0341305
        num_windows: 66
        time_check_overlap: 2.322e-06
        num_overlapping_windows: 2
        time_merge_windows: 2.4e-06
        time_remove_window: 4.57e-07
        time_remove_window: 2.301e-06
        timing_PlanIn:
            total_PlanIn:0.0341184
            num_until_goal_expanded:549
            timing_expansions:
                total_S3Exp: 0.0341048
                time_top_o: 0.000139405
                time_check_in_c: 0.000103351
                time_add_parent: 0.000166952
                num_neighbors: 55372
                time_add_neighbors_to_o: 0.031287
    num_new_collisions: 3
    timing_PIOW_new_collisions:
        total_PIOW: 0.000393024
        num_windows: 6
        time_check_overlap: 3.24e-07
        num_overlapping_windows: 0
        time_merge_windows: 0
        time_remove_window: 0
        time_remove_window: 1.829e-06
        timing_PlanIn:
            total_PlanIn:0.00038756
            num_until_goal_expanded:48
            timing_expansions:
                total_S3Exp: 0.00038114
                time_top_o: 6.623e-06
                time_check_in_c: 8.661e-06
                time_add_parent: 1.2948e-05
                num_neighbors: 550
                time_add_neighbors_to_o: 0.000280263
    num_windows_should_quit: 0
    time_should_quit: 1.159e-06
    time_remove_window: 0
Complete!
