Total time: 1.91135
is_optimal: true
optimality_bound: 1
successive_bounds: [1.00271, 1.00194, 1.00194, 1.00194, 1.00194, 1.00194, 1.00194, 1.00194, 1.00116, 1.00116, 1.00078, 1.00078, 1, 1]
successive_runtimes: [1.87644, 1.88076, 1.88276, 1.88487, 1.88708, 1.88939, 1.8917, 1.89407, 1.89671, 1.90089, 1.90459, 1.9077, 1.91135]
num_agents: 40
time_individual_plan: 0.00489412
time_first_plan: 1.87088
num_max_agents_in_window_first_iteration: 3
num_recWAMPF: 13
timing_recWAMPF:
    total_RecWAMPF: 1.90579
    num_windows: 125
    num_max_agents_in_window: 3
    timing_gari:
        total_GARI: 0.0306171
        time_path_btw_starts: 0.000375003
        Stage1:
            total_Stage1:0.00962453
            time_add_x_to_o: 0.00591423
            time_clear_x: 0.00115774
            timing_AStarSearchUntil:
                total_astar_search_until:0.00254418
                num_values_f_less_fmax:599
                ASU Exp:
                    total_ASUExp:0.00254061
                    time_top_o:0.000186517
                    time_check_in_c:0.0001251
                    time_add_parent:8.8836e-05
                    num_neighbors:3920
                    time_add_neighbors_to_o:0.00178166
        Stage2:
            total_Stage2:0.00474389
            num_len_path:116
            time_expanding_s:0.000213558
            timing_AStarSearchUntil:
                total_astar_search_until:0.00448592
                num_values_f_less_fmax:242
                ASU Exp:
                    total_ASUExp:0.00448285
                    time_top_o:7.7598e-05
                    time_check_in_c:5.7856e-05
                    time_add_parent:9.1954e-05
                    num_neighbors:8059
                    time_add_neighbors_to_o:0.003894
        Stage3:
            total_Stage3:0.0152786
            num_until_goal_expanded:975
            timing_S3Exp:
                total_S3Exp: 0.00870148
                time_top_o: 0.000307806
                time_check_in_c: 0.000151058
                time_add_parent: 0.000276711
                num_neighbors: 13084
                time_add_neighbors_to_o: 0.00610985
    timing_PIOW_overlapping:
        total_PIOW: 2.7081e-05
        num_windows: 300
        time_check_overlap: 1.5784e-05
        num_overlapping_windows: 0
        time_merge_windows: 0
        time_remove_window: 0
        time_remove_window: 0
        timing_PlanIn:
            total_PlanIn:0
            num_until_goal_expanded:0
            timing_expansions:
                total_S3Exp: 0
                time_top_o: 0
                time_check_in_c: 0
                time_add_parent: 0
                num_neighbors: 0
                time_add_neighbors_to_o: 0
    num_new_collisions: 6
    timing_PIOW_new_collisions:
        total_PIOW: 1.86968
        num_windows: 28
        time_check_overlap: 2.296e-06
        num_overlapping_windows: 1
        time_merge_windows: 2.612e-06
        time_remove_window: 2.58e-07
        time_remove_window: 3.24e-06
        timing_PlanIn:
            total_PlanIn:1.86965
            num_until_goal_expanded:90150
            timing_expansions:
                total_S3Exp: 0.276875
                time_top_o: 0.0331605
                time_check_in_c: 0.0203843
                time_add_parent: 0.0278982
                num_neighbors: 2620532
                time_add_neighbors_to_o: 1.3781
    num_windows_should_quit: 0
    time_should_quit: 7.853e-06
    time_remove_window: 0
Complete!
