Total time: 0.075824
is_optimal: true
optimality_bound: 1
successive_bounds: [1.00512, 1.00512, 1.00512, 1.00512, 1.00512, 1.00512, 1.00256, 1.00256, 1.00256, 1.00256, 1.00256, 1.00256, 1.00256, 1.00256, 1.00256, 1.00256, 1.00256, 1.00256, 1, 1]
successive_runtimes: [0.00535621, 0.00640728, 0.00760723, 0.0090154, 0.0107476, 0.0125916, 0.0146276, 0.0187968, 0.0243355, 0.029675, 0.0341826, 0.0392434, 0.0442888, 0.0494034, 0.0546626, 0.0601573, 0.0650419, 0.0700054, 0.075824]
num_agents: 10
time_individual_plan: 0.00414908
time_first_plan: 0.000489534
num_max_agents_in_window_first_iteration: 2
num_recWAMPF: 19
timing_recWAMPF:
    total_RecWAMPF: 0.0709523
    num_windows: 74
    num_max_agents_in_window: 2
    timing_gari:
        total_GARI: 0.0700049
        time_path_btw_starts: 0.00020513
        Stage1:
            total_Stage1:0.0400875
            time_add_x_to_o: 0.0132374
            time_clear_x: 0.00234865
            timing_AStarSearchUntil:
                total_astar_search_until:0.0244956
                num_values_f_less_fmax:9714
                ASU Exp:
                    total_ASUExp:0.0244933
                    time_top_o:0.0032927
                    time_check_in_c:0.00174737
                    time_add_parent:0.00100974
                    num_neighbors:32492
                    time_add_neighbors_to_o:0.0142621
        Stage2:
            total_Stage2:0.00316032
            num_len_path:74
            time_expanding_s:3.2109e-05
            timing_AStarSearchUntil:
                total_astar_search_until:0.00310179
                num_values_f_less_fmax:208
                ASU Exp:
                    total_ASUExp:0.00309982
                    time_top_o:7.0183e-05
                    time_check_in_c:6.6073e-05
                    time_add_parent:7.6972e-05
                    num_neighbors:5310
                    time_add_neighbors_to_o:0.00260986
        Stage3:
            total_Stage3:0.0265352
            num_until_goal_expanded:3945
            timing_S3Exp:
                total_S3Exp: 0.0185031
                time_top_o: 0.00127138
                time_check_in_c: 0.000746293
                time_add_parent: 0.0013824
                num_neighbors: 22419
                time_add_neighbors_to_o: 0.0103652
    timing_PIOW_overlapping:
        total_PIOW: 7.048e-06
        num_windows: 72
        time_check_overlap: 2.949e-06
        num_overlapping_windows: 0
        time_merge_windows: 0
        time_remove_window: 0
        time_remove_window: 0
        timing_PlanIn:
            total_PlanIn:0
            num_until_goal_expanded:0
            timing_expansions:
                total_S3Exp: 0
                time_top_o: 0
                time_check_in_c: 0
                time_add_parent: 0
                num_neighbors: 0
                time_add_neighbors_to_o: 0
    num_new_collisions: 2
    timing_PIOW_new_collisions:
        total_PIOW: 0.00043931
        num_windows: 2
        time_check_overlap: 1.74e-07
        num_overlapping_windows: 0
        time_merge_windows: 0
        time_remove_window: 0
        time_remove_window: 6.76e-07
        timing_PlanIn:
            total_PlanIn:0.000435421
            num_until_goal_expanded:59
            timing_expansions:
                total_S3Exp: 0.000427571
                time_top_o: 1.0008e-05
                time_check_in_c: 1.3411e-05
                time_add_parent: 2.069e-05
                num_neighbors: 477
                time_add_neighbors_to_o: 0.000275011
    num_windows_should_quit: 0
    time_should_quit: 2.6e-06
    time_remove_window: 0
Complete!
