Total time: 0.224243
is_optimal: false
optimality_bound: 1.00059
successive_bounds: [1.00446, 1.00357, 1.00238, 1.00149, 1.00119, 1.00119, 1.00059, 1.00059, 1.00059, 1.00059, 1.00059]
successive_runtimes: [0.0320027, 0.0382127, 0.0613132, 0.08695, 0.112832, 0.123357, 0.140643, 0.187696, 0.204448, 0.215063, 0.224243]
num_agents: 50
time_individual_plan: 0.0222226
time_first_plan: 0.00830459
num_max_agents_in_window_first_iteration: 2
num_recWAMPF: 11
timing_recWAMPF:
    total_RecWAMPF: 0.200536
    num_windows: 122
    num_max_agents_in_window: 4
    timing_gari:
        total_GARI: 0.0904837
        time_path_btw_starts: 0.000870432
        Stage1:
            total_Stage1:0.0232586
            time_add_x_to_o: 0.0201324
            time_clear_x: 0.00244943
            timing_AStarSearchUntil:
                total_astar_search_until:0.000660908
                num_values_f_less_fmax:96
                ASU Exp:
                    total_ASUExp:0.000653757
                    time_top_o:5.3257e-05
                    time_check_in_c:3.7581e-05
                    time_add_parent:2.9528e-05
                    num_neighbors:261
                    time_add_neighbors_to_o:0.000419451
        Stage2:
            total_Stage2:0.0121677
            num_len_path:105
            time_expanding_s:0.000515072
            timing_AStarSearchUntil:
                total_astar_search_until:0.0115631
                num_values_f_less_fmax:194
                ASU Exp:
                    total_ASUExp:0.0115566
                    time_top_o:0.000149419
                    time_check_in_c:0.000149471
                    time_add_parent:0.000284258
                    num_neighbors:6967
                    time_add_neighbors_to_o:0.0100053
        Stage3:
            total_Stage3:0.050961
            num_until_goal_expanded:410
            timing_S3Exp:
                total_S3Exp: 0.0323907
                time_top_o: 0.000247757
                time_check_in_c: 0.000195703
                time_add_parent: 0.000418294
                num_neighbors: 17238
                time_add_neighbors_to_o: 0.0277433
    timing_PIOW_overlapping:
        total_PIOW: 0.0866832
        num_windows: 461
        time_check_overlap: 4.0191e-05
        num_overlapping_windows: 7
        time_merge_windows: 3.3546e-05
        time_remove_window: 3.936e-06
        time_remove_window: 3.259e-05
        timing_PlanIn:
            total_PlanIn:0.086541
            num_until_goal_expanded:299
            timing_expansions:
                total_S3Exp: 0.0864935
                time_top_o: 0.000204657
                time_check_in_c: 0.000194419
                time_add_parent: 0.000412845
                num_neighbors: 43964
                time_add_neighbors_to_o: 0.0805491
    num_new_collisions: 10
    timing_PIOW_new_collisions:
        total_PIOW: 0.0031578
        num_windows: 90
        time_check_overlap: 6.734e-06
        num_overlapping_windows: 0
        time_merge_windows: 0
        time_remove_window: 0
        time_remove_window: 1.3624e-05
        timing_PlanIn:
            total_PlanIn:0.00310812
            num_until_goal_expanded:95
            timing_expansions:
                total_S3Exp: 0.00306335
                time_top_o: 3.6465e-05
                time_check_in_c: 5.7336e-05
                time_add_parent: 0.000121201
                num_neighbors: 1306
                time_add_neighbors_to_o: 0.00226752
    num_windows_should_quit: 0
    time_should_quit: 1.313e-05
    time_remove_window: 0
Complete!
