Total time: 0.085117
is_optimal: true
optimality_bound: 1
successive_bounds: [1.00189, 1.00189, 1.00189, 1.00189, 1.00189, 1.00189, 1.00189, 1.00189, 1.00189, 1.00189, 1.00189, 1.00094, 1.00094, 1.00094, 1.00094, 1.00094, 1.00094, 1.00094, 1.00094, 1.00094, 1.00094, 1, 1]
successive_runtimes: [0.0177028, 0.0205946, 0.0239195, 0.0274886, 0.0310599, 0.0345183, 0.0380419, 0.0415769, 0.0450761, 0.0486371, 0.0520444, 0.0597101, 0.0646406, 0.0672086, 0.069753, 0.072249, 0.0747583, 0.0774009, 0.0799171, 0.0816706, 0.0829329, 0.0851169]
num_agents: 30
time_individual_plan: 0.0131095
time_first_plan: 0.00338477
num_max_agents_in_window_first_iteration: 2
num_recWAMPF: 22
timing_recWAMPF:
    total_RecWAMPF: 0.0707894
    num_windows: 129
    num_max_agents_in_window: 2
    timing_gari:
        total_GARI: 0.0598794
        time_path_btw_starts: 0.000633282
        Stage1:
            total_Stage1:0.014856
            time_add_x_to_o: 0.00994396
            time_clear_x: 0.00215565
            timing_AStarSearchUntil:
                total_astar_search_until:0.00274321
                num_values_f_less_fmax:667
                ASU Exp:
                    total_ASUExp:0.00273764
                    time_top_o:0.000336498
                    time_check_in_c:0.00022514
                    time_add_parent:0.000131975
                    num_neighbors:1525
                    time_add_neighbors_to_o:0.00160136
        Stage2:
            total_Stage2:0.00965762
            num_len_path:107
            time_expanding_s:0.000240994
            timing_AStarSearchUntil:
                total_astar_search_until:0.00934375
                num_values_f_less_fmax:280
                ASU Exp:
                    total_ASUExp:0.00933914
                    time_top_o:0.000157456
                    time_check_in_c:0.000147521
                    time_add_parent:0.000284836
                    num_neighbors:7365
                    time_add_neighbors_to_o:0.00789021
        Stage3:
            total_Stage3:0.0346775
            num_until_goal_expanded:3507
            timing_S3Exp:
                total_S3Exp: 0.0255166
                time_top_o: 0.0017095
                time_check_in_c: 0.000984135
                time_add_parent: 0.00148378
                num_neighbors: 14267
                time_add_neighbors_to_o: 0.0145162
    timing_PIOW_overlapping:
        total_PIOW: 2.8587e-05
        num_windows: 189
        time_check_overlap: 1.5673e-05
        num_overlapping_windows: 0
        time_merge_windows: 0
        time_remove_window: 0
        time_remove_window: 0
        timing_PlanIn:
            total_PlanIn:0
            num_until_goal_expanded:0
            timing_expansions:
                total_S3Exp: 0
                time_top_o: 0
                time_check_in_c: 0
                time_add_parent: 0
                num_neighbors: 0
                time_add_neighbors_to_o: 0
    num_new_collisions: 3
    timing_PIOW_new_collisions:
        total_PIOW: 0.00242567
        num_windows: 6
        time_check_overlap: 6.88e-07
        num_overlapping_windows: 0
        time_merge_windows: 0
        time_remove_window: 0
        time_remove_window: 2.643e-06
        timing_PlanIn:
            total_PlanIn:0.00241225
            num_until_goal_expanded:136
            timing_expansions:
                total_S3Exp: 0.00239795
                time_top_o: 4.3479e-05
                time_check_in_c: 7.7083e-05
                time_add_parent: 0.000147673
                num_neighbors: 1045
                time_add_neighbors_to_o: 0.00157209
    num_windows_should_quit: 0
    time_should_quit: 7.964e-06
    time_remove_window: 0
Complete!
