Total time: 0.021803
is_optimal: true
optimality_bound: 1
successive_bounds: [1.00082, 1.00082, 1.00082, 1.00082, 1.00082, 1.00082, 1.00082, 1.00082, 1.00082, 1.00082, 1.00082, 1.00082, 1.00082, 1.00082, 1.00082, 1.00082, 1.00082, 1.00082, 1.00082, 1.00082, 1.00082, 1.00082, 1, 1]
successive_runtimes: [0.00716326, 0.00762268, 0.00806196, 0.00850374, 0.00894135, 0.00936908, 0.00981244, 0.0102687, 0.0107643, 0.0112065, 0.0116531, 0.0122442, 0.0135199, 0.0140459, 0.014556, 0.0156065, 0.0161496, 0.0167016, 0.0172311, 0.0178004, 0.0184806, 0.0201407, 0.021803]
num_agents: 30
time_individual_plan: 0.00600748
time_first_plan: 0.000635718
num_max_agents_in_window_first_iteration: 2
num_recWAMPF: 23
timing_recWAMPF:
    total_RecWAMPF: 0.015272
    num_windows: 45
    num_max_agents_in_window: 2
    timing_gari:
        total_GARI: 0.00860371
        time_path_btw_starts: 9.4366e-05
        Stage1:
            total_Stage1:0.00458843
            time_add_x_to_o: 0.00150569
            time_clear_x: 0.000190254
            timing_AStarSearchUntil:
                total_astar_search_until:0.00288991
                num_values_f_less_fmax:665
                ASU Exp:
                    total_ASUExp:0.00288875
                    time_top_o:0.000155563
                    time_check_in_c:0.000107494
                    time_add_parent:8.9267e-05
                    num_neighbors:5195
                    time_add_neighbors_to_o:0.00217616
        Stage2:
            total_Stage2:0.000875434
            num_len_path:44
            time_expanding_s:1.6872e-05
            timing_AStarSearchUntil:
                total_astar_search_until:0.000846127
                num_values_f_less_fmax:66
                ASU Exp:
                    total_ASUExp:0.000845191
                    time_top_o:1.5053e-05
                    time_check_in_c:1.4756e-05
                    time_add_parent:3.2789e-05
                    num_neighbors:1703
                    time_add_neighbors_to_o:0.000714565
        Stage3:
            total_Stage3:0.00303817
            num_until_goal_expanded:368
            timing_S3Exp:
                total_S3Exp: 0.00176597
                time_top_o: 7.5585e-05
                time_check_in_c: 4.8869e-05
                time_add_parent: 0.000102517
                num_neighbors: 2685
                time_add_neighbors_to_o: 0.000934104
    timing_PIOW_overlapping:
        total_PIOW: 5.65e-07
        num_windows: 22
        time_check_overlap: 0
        num_overlapping_windows: 0
        time_merge_windows: 0
        time_remove_window: 0
        time_remove_window: 0
        timing_PlanIn:
            total_PlanIn:0
            num_until_goal_expanded:0
            timing_expansions:
                total_S3Exp: 0
                time_top_o: 0
                time_check_in_c: 0
                time_add_parent: 0
                num_neighbors: 0
                time_add_neighbors_to_o: 0
    num_new_collisions: 1
    timing_PIOW_new_collisions:
        total_PIOW: 0.000153308
        num_windows: 0
        time_check_overlap: 0
        num_overlapping_windows: 0
        time_merge_windows: 0
        time_remove_window: 0
        time_remove_window: 3.75e-07
        timing_PlanIn:
            total_PlanIn:0.000151774
            num_until_goal_expanded:21
            timing_expansions:
                total_S3Exp: 0.000148291
                time_top_o: 2.923e-06
                time_check_in_c: 4.232e-06
                time_add_parent: 5.896e-06
                num_neighbors: 181
                time_add_neighbors_to_o: 8.3343e-05
    num_windows_should_quit: 0
    time_should_quit: 1.351e-06
    time_remove_window: 0
Complete!
