Total time: 0.0128107
is_optimal: true
optimality_bound: 1
successive_bounds: [1.001, 1.001, 1.001, 1.001, 1.001, 1.001, 1.001, 1.001, 1.001, 1.001, 1, 1]
successive_runtimes: [0.00705893, 0.00754815, 0.0080432, 0.0085428, 0.00903907, 0.00954698, 0.0100426, 0.010628, 0.0111896, 0.011838, 0.0128106]
num_agents: 30
time_individual_plan: 0.00539699
time_first_plan: 0.000829131
num_max_agents_in_window_first_iteration: 2
num_recWAMPF: 11
timing_recWAMPF:
    total_RecWAMPF: 0.00657758
    num_windows: 21
    num_max_agents_in_window: 2
    timing_gari:
        total_GARI: 0.00296369
        time_path_btw_starts: 8.0799e-05
        Stage1:
            total_Stage1:0.000441933
            time_add_x_to_o: 0.000298727
            time_clear_x: 2.9645e-05
            timing_AStarSearchUntil:
                total_astar_search_until:0.000111737
                num_values_f_less_fmax:5
                ASU Exp:
                    total_ASUExp:0.000111126
                    time_top_o:2.385e-06
                    time_check_in_c:4.525e-06
                    time_add_parent:4.645e-06
                    num_neighbors:120
                    time_add_neighbors_to_o:8.5757e-05
        Stage2:
            total_Stage2:0.00106959
            num_len_path:21
            time_expanding_s:1.4571e-05
            timing_AStarSearchUntil:
                total_astar_search_until:0.00104504
                num_values_f_less_fmax:45
                ASU Exp:
                    total_ASUExp:0.00104452
                    time_top_o:1.7359e-05
                    time_check_in_c:1.8011e-05
                    time_add_parent:3.6796e-05
                    num_neighbors:1073
                    time_add_neighbors_to_o:0.000861295
        Stage3:
            total_Stage3:0.0013633
            num_until_goal_expanded:50
            timing_S3Exp:
                total_S3Exp: 0.000830507
                time_top_o: 1.4481e-05
                time_check_in_c: 1.3872e-05
                time_add_parent: 3.1672e-05
                num_neighbors: 597
                time_add_neighbors_to_o: 0.00057141
    timing_PIOW_overlapping:
        total_PIOW: 9.85e-07
        num_windows: 10
        time_check_overlap: 0
        num_overlapping_windows: 0
        time_merge_windows: 0
        time_remove_window: 0
        time_remove_window: 0
        timing_PlanIn:
            total_PlanIn:0
            num_until_goal_expanded:0
            timing_expansions:
                total_S3Exp: 0
                time_top_o: 0
                time_check_in_c: 0
                time_add_parent: 0
                num_neighbors: 0
                time_add_neighbors_to_o: 0
    num_new_collisions: 1
    timing_PIOW_new_collisions:
        total_PIOW: 0.000480709
        num_windows: 0
        time_check_overlap: 0
        num_overlapping_windows: 0
        time_merge_windows: 0
        time_remove_window: 0
        time_remove_window: 5.51e-07
        timing_PlanIn:
            total_PlanIn:0.00047797
            num_until_goal_expanded:17
            timing_expansions:
                total_S3Exp: 0.000472873
                time_top_o: 5.936e-06
                time_check_in_c: 7.695e-06
                time_add_parent: 1.5042e-05
                num_neighbors: 385
                time_add_neighbors_to_o: 0.000384504
    num_windows_should_quit: 0
    time_should_quit: 8.08e-07
    time_remove_window: 0
Complete!
