Total time: 0.117447
is_optimal: true
optimality_bound: 1
successive_bounds: [1.00184, 1.00147, 1.00147, 1.00147, 1.00147, 1.00147, 1.00147, 1.00147, 1.00147, 1.00147, 1.00147, 1.00147, 1.00147, 1.00147, 1.00147, 1.00147, 1.00074, 1.00074, 1, 1]
successive_runtimes: [0.0141637, 0.0171792, 0.0203798, 0.0240895, 0.0300534, 0.0346275, 0.0389553, 0.0435629, 0.0490153, 0.0549223, 0.0608004, 0.066935, 0.0732667, 0.0799209, 0.0876419, 0.0952993, 0.102689, 0.10678, 0.117447]
num_agents: 40
time_individual_plan: 0.00937166
time_first_plan: 0.00393475
num_max_agents_in_window_first_iteration: 2
num_recWAMPF: 19
timing_recWAMPF:
    total_RecWAMPF: 0.107213
    num_windows: 222
    num_max_agents_in_window: 3
    timing_gari:
        total_GARI: 0.0873075
        time_path_btw_starts: 0.000589583
        Stage1:
            total_Stage1:0.0437202
            time_add_x_to_o: 0.0169606
            time_clear_x: 0.00242999
            timing_AStarSearchUntil:
                total_astar_search_until:0.0243163
                num_values_f_less_fmax:10815
                ASU Exp:
                    total_ASUExp:0.0243106
                    time_top_o:0.00298738
                    time_check_in_c:0.00174487
                    time_add_parent:0.0011973
                    num_neighbors:38437
                    time_add_neighbors_to_o:0.0145234
        Stage2:
            total_Stage2:0.00956847
            num_len_path:235
            time_expanding_s:0.00013703
            timing_AStarSearchUntil:
                total_astar_search_until:0.00935982
                num_values_f_less_fmax:644
                ASU Exp:
                    total_ASUExp:0.00935462
                    time_top_o:0.000184673
                    time_check_in_c:0.000139111
                    time_add_parent:0.000296184
                    num_neighbors:19180
                    time_add_neighbors_to_o:0.00794176
        Stage3:
            total_Stage3:0.0333852
            num_until_goal_expanded:4014
            timing_S3Exp:
                total_S3Exp: 0.0209991
                time_top_o: 0.00108379
                time_check_in_c: 0.00065365
                time_add_parent: 0.00124961
                num_neighbors: 28993
                time_add_neighbors_to_o: 0.0133648
    timing_PIOW_overlapping:
        total_PIOW: 4.4002e-05
        num_windows: 648
        time_check_overlap: 2.6062e-05
        num_overlapping_windows: 0
        time_merge_windows: 0
        time_remove_window: 0
        time_remove_window: 0
        timing_PlanIn:
            total_PlanIn:0
            num_until_goal_expanded:0
            timing_expansions:
                total_S3Exp: 0
                time_top_o: 0
                time_check_in_c: 0
                time_add_parent: 0
                num_neighbors: 0
                time_add_neighbors_to_o: 0
    num_new_collisions: 8
    timing_PIOW_new_collisions:
        total_PIOW: 0.00774428
        num_windows: 57
        time_check_overlap: 2.951e-06
        num_overlapping_windows: 2
        time_merge_windows: 0
        time_remove_window: 0.143022
        time_remove_window: 3.181e-06
        timing_PlanIn:
            total_PlanIn:0.00772339
            num_until_goal_expanded:304
            timing_expansions:
                total_S3Exp: 0.00770061
                time_top_o: 6.9557e-05
                time_check_in_c: 6.5971e-05
                time_add_parent: 0.000105514
                num_neighbors: 11554
                time_add_neighbors_to_o: 0.00661016
    num_windows_should_quit: 0
    time_should_quit: 9.061e-06
    time_remove_window: 0
Complete!
