Total time: 0.936173
is_optimal: false
optimality_bound: 1.00352
successive_bounds: [1.02819, 1.00705, 1.00512, 1.00416, 1.00416, 1.00416, 1.00352, 1.00352, 1.00352, 1.00352, 1.00352, 1.00352, 1.00352, 1.00352, 1.00352, 1.00352, 1.00352, 1.00352, 1.00352, 1.00352]
successive_runtimes: [0.0563675, 0.134343, 0.189693, 0.42369, 0.552175, 0.809053, 0.843703, 0.85852, 0.865095, 0.871635, 0.878334, 0.885051, 0.893032, 0.90054, 0.907013, 0.913083, 0.919159, 0.924265, 0.930122, 0.936173]
num_agents: 50
time_individual_plan: 0.0264508
time_first_plan: 0.0283389
num_max_agents_in_window_first_iteration: 2
num_recWAMPF: 20
timing_recWAMPF:
    total_RecWAMPF: 0.908135
    num_windows: 219
    num_max_agents_in_window: 4
    timing_gari:
        total_GARI: 0.599097
        time_path_btw_starts: 0.00100974
        Stage1:
            total_Stage1:0.370355
            time_add_x_to_o: 0.118638
            time_clear_x: 0.0217742
            timing_AStarSearchUntil:
                total_astar_search_until:0.229924
                num_values_f_less_fmax:5939
                ASU Exp:
                    total_ASUExp:0.229915
                    time_top_o:0.0041798
                    time_check_in_c:0.00231155
                    time_add_parent:0.00627965
                    num_neighbors:238091
                    time_add_neighbors_to_o:0.206479
        Stage2:
            total_Stage2:0.0314548
            num_len_path:187
            time_expanding_s:0.000652172
            timing_AStarSearchUntil:
                total_astar_search_until:0.0306709
                num_values_f_less_fmax:261
                ASU Exp:
                    total_ASUExp:0.0306642
                    time_top_o:0.000129813
                    time_check_in_c:0.000124236
                    time_add_parent:0.000228446
                    num_neighbors:37214
                    time_add_neighbors_to_o:0.0290419
        Stage3:
            total_Stage3:0.196193
            num_until_goal_expanded:1363
            timing_S3Exp:
                total_S3Exp: 0.0860422
                time_top_o: 0.000680486
                time_check_in_c: 0.000443257
                time_add_parent: 0.00086225
                num_neighbors: 85593
                time_add_neighbors_to_o: 0.0757737
    timing_PIOW_overlapping:
        total_PIOW: 0.265018
        num_windows: 873
        time_check_overlap: 4.2951e-05
        num_overlapping_windows: 11
        time_merge_windows: 3.283e-05
        time_remove_window: 4.547e-06
        time_remove_window: 3.2126e-05
        timing_PlanIn:
            total_PlanIn:0.264875
            num_until_goal_expanded:1148
            timing_expansions:
                total_S3Exp: 0.264832
                time_top_o: 0.000587412
                time_check_in_c: 0.000446963
                time_add_parent: 0.000911904
                num_neighbors: 268926
                time_add_neighbors_to_o: 0.24815
    num_new_collisions: 15
    timing_PIOW_new_collisions:
        total_PIOW: 0.0215136
        num_windows: 210
        time_check_overlap: 1.3783e-05
        num_overlapping_windows: 0
        time_merge_windows: 0
        time_remove_window: 0
        time_remove_window: 1.3017e-05
        timing_PlanIn:
            total_PlanIn:0.0214365
            num_until_goal_expanded:600
            timing_expansions:
                total_S3Exp: 0.0213714
                time_top_o: 0.000235105
                time_check_in_c: 0.000348118
                time_add_parent: 0.000702714
                num_neighbors: 11921
                time_add_neighbors_to_o: 0.0168877
    num_windows_should_quit: 0
    time_should_quit: 2.2206e-05
    time_remove_window: 0
Complete!
