Total time: 1.68014
is_optimal: false
optimality_bound: 1.00233
successive_bounds: [1.00512, 1.00512, 1.00512, 1.00419, 1.00419, 1.00419, 1.00419, 1.00419, 1.00419, 1.00326, 1.00326, 1.00233, 1.00233, 1.00233, 1.00233]
successive_runtimes: [0.00739628, 0.00871539, 0.00999537, 0.011495, 0.0135533, 0.0154677, 0.0174242, 0.0192403, 0.0280264, 0.0347541, 0.0405283, 0.348046, 0.741462, 1.23176, 1.68014]
num_agents: 30
time_individual_plan: 0.00561802
time_first_plan: 0.00126667
num_max_agents_in_window_first_iteration: 2
num_recWAMPF: 15
timing_recWAMPF:
    total_RecWAMPF: 1.674
    num_windows: 188
    num_max_agents_in_window: 3
    timing_gari:
        total_GARI: 1.36599
        time_path_btw_starts: 0.00120591
        Stage1:
            total_Stage1:0.985853
            time_add_x_to_o: 0.311433
            time_clear_x: 0.129032
            timing_AStarSearchUntil:
                total_astar_search_until:0.545376
                num_values_f_less_fmax:27940
                ASU Exp:
                    total_ASUExp:0.54537
                    time_top_o:0.0279201
                    time_check_in_c:0.00917754
                    time_add_parent:0.00765103
                    num_neighbors:995553
                    time_add_neighbors_to_o:0.466209
        Stage2:
            total_Stage2:0.00857198
            num_len_path:193
            time_expanding_s:0.00010983
            timing_AStarSearchUntil:
                total_astar_search_until:0.00839904
                num_values_f_less_fmax:598
                ASU Exp:
                    total_ASUExp:0.00839511
                    time_top_o:0.00015064
                    time_check_in_c:0.000133526
                    time_add_parent:0.000164129
                    num_neighbors:17036
                    time_add_neighbors_to_o:0.00727741
        Stage3:
            total_Stage3:0.370319
            num_until_goal_expanded:5713
            timing_S3Exp:
                total_S3Exp: 0.170369
                time_top_o: 0.0033919
                time_check_in_c: 0.000977045
                time_add_parent: 0.00197189
                num_neighbors: 258717
                time_add_neighbors_to_o: 0.138969
    timing_PIOW_overlapping:
        total_PIOW: 0.303236
        num_windows: 616
        time_check_overlap: 2.6583e-05
        num_overlapping_windows: 2
        time_merge_windows: 4.102e-06
        time_remove_window: 8.16e-07
        time_remove_window: 4.004e-06
        timing_PlanIn:
            total_PlanIn:0.303183
            num_until_goal_expanded:5607
            timing_expansions:
                total_S3Exp: 0.303178
                time_top_o: 0.00367382
                time_check_in_c: 0.00118436
                time_add_parent: 0.00209273
                num_neighbors: 597644
                time_add_neighbors_to_o: 0.27306
    num_new_collisions: 7
    timing_PIOW_new_collisions:
        total_PIOW: 0.00069279
        num_windows: 42
        time_check_overlap: 1.334e-06
        num_overlapping_windows: 0
        time_merge_windows: 0
        time_remove_window: 0
        time_remove_window: 2.804e-06
        timing_PlanIn:
            total_PlanIn:0.000681544
            num_until_goal_expanded:71
            timing_expansions:
                total_S3Exp: 0.000670174
                time_top_o: 9.528e-06
                time_check_in_c: 1.1825e-05
                time_add_parent: 1.8552e-05
                num_neighbors: 1033
                time_add_neighbors_to_o: 0.000521924
    num_windows_should_quit: 0
    time_should_quit: 7.609e-06
    time_remove_window: 0
Complete!
