Total time: 4.29639
is_optimal: false
optimality_bound: 1.00507
successive_bounds: [1.00558, 1.00533, 1.00533, 1.00507, 1.00507, 1.00507, 1.00507, 1.00507, 1.00507, 1.00507, 1.00507, 1.00507, 1.00507]
successive_runtimes: [0.0238242, 0.032033, 0.0429957, 0.271782, 0.474389, 0.50028, 0.639959, 1.06657, 1.75606, 2.55755, 3.18403, 3.79806, 4.29639]
num_agents: 60
time_individual_plan: 0.00902762
time_first_plan: 0.0142616
num_max_agents_in_window_first_iteration: 4
num_recWAMPF: 13
timing_recWAMPF:
    total_RecWAMPF: 4.28683
    num_windows: 151
    num_max_agents_in_window: 6
    timing_gari:
        total_GARI: 3.74036
        time_path_btw_starts: 0.000413
        Stage1:
            total_Stage1:2.97267
            time_add_x_to_o: 0.728061
            time_clear_x: 0.307846
            timing_AStarSearchUntil:
                total_astar_search_until:1.93675
                num_values_f_less_fmax:15849
                ASU Exp:
                    total_ASUExp:1.93675
                    time_top_o:0.0201983
                    time_check_in_c:0.0246606
                    time_add_parent:0.0261034
                    num_neighbors:3999455
                    time_add_neighbors_to_o:1.82792
        Stage2:
            total_Stage2:0.0245967
            num_len_path:143
            time_expanding_s:0.000160079
            timing_AStarSearchUntil:
                total_astar_search_until:0.0243814
                num_values_f_less_fmax:728
                ASU Exp:
                    total_ASUExp:0.0243782
                    time_top_o:0.000256118
                    time_check_in_c:0.00013466
                    time_add_parent:0.000216111
                    num_neighbors:54036
                    time_add_neighbors_to_o:0.0228269
        Stage3:
            total_Stage3:0.742397
            num_until_goal_expanded:1089
            timing_S3Exp:
                total_S3Exp: 0.048531
                time_top_o: 0.000385983
                time_check_in_c: 0.000188564
                time_add_parent: 0.000350463
                num_neighbors: 75728
                time_add_neighbors_to_o: 0.0458619
    timing_PIOW_overlapping:
        total_PIOW: 0.252658
        num_windows: 899
        time_check_overlap: 2.8602e-05
        num_overlapping_windows: 14
        time_merge_windows: 1.6847e-05
        time_remove_window: 3.163e-06
        time_remove_window: 1.6158e-05
        timing_PlanIn:
            total_PlanIn:0.252567
            num_until_goal_expanded:1262
            timing_expansions:
                total_S3Exp: 0.252534
                time_top_o: 0.000313648
                time_check_in_c: 0.00022731
                time_add_parent: 0.000350869
                num_neighbors: 452189
                time_add_neighbors_to_o: 0.238473
    num_new_collisions: 23
    timing_PIOW_new_collisions:
        total_PIOW: 0.271395
        num_windows: 389
        time_check_overlap: 1.2063e-05
        num_overlapping_windows: 6
        time_merge_windows: 0
        time_remove_window: 0.726964
        time_remove_window: 1.1474e-05
        timing_PlanIn:
            total_PlanIn:0.271331
            num_until_goal_expanded:854
            timing_expansions:
                total_S3Exp: 0.271283
                time_top_o: 0.000280007
                time_check_in_c: 0.000176734
                time_add_parent: 0.000259689
                num_neighbors: 496042
                time_add_neighbors_to_o: 0.256749
    num_windows_should_quit: 0
    time_should_quit: 1.0038e-05
    time_remove_window: 0
Complete!
