Total time: 1.0838
is_optimal: true
optimality_bound: 1
successive_bounds: [1.00344, 1.00344, 1.00344, 1.00344, 1.00268, 1.00268, 1.0023, 1.00191, 1.00115, 1.00115, 1.00115, 1.00115, 1.00115, 1.00115, 1, 1]
successive_runtimes: [0.0124227, 0.0135005, 0.015095, 0.0166831, 0.018124, 0.0202065, 0.0430891, 0.0914994, 0.165198, 0.24489, 0.327722, 0.490223, 0.651884, 0.83714, 1.0838]
num_agents: 40
time_individual_plan: 0.0102144
time_first_plan: 0.00147447
num_max_agents_in_window_first_iteration: 2
num_recWAMPF: 15
timing_recWAMPF:
    total_RecWAMPF: 1.07285
    num_windows: 144
    num_max_agents_in_window: 3
    timing_gari:
        total_GARI: 1.0187
        time_path_btw_starts: 0.00054044
        Stage1:
            total_Stage1:0.644592
            time_add_x_to_o: 0.205312
            time_clear_x: 0.0546401
            timing_AStarSearchUntil:
                total_astar_search_until:0.384626
                num_values_f_less_fmax:11572
                ASU Exp:
                    total_ASUExp:0.38462
                    time_top_o:0.0107304
                    time_check_in_c:0.00489492
                    time_add_parent:0.0118741
                    num_neighbors:665637
                    time_add_neighbors_to_o:0.34145
        Stage2:
            total_Stage2:0.0663945
            num_len_path:159
            time_expanding_s:0.000160328
            timing_AStarSearchUntil:
                total_astar_search_until:0.0661603
                num_values_f_less_fmax:3483
                ASU Exp:
                    total_ASUExp:0.0661568
                    time_top_o:0.00149445
                    time_check_in_c:0.000823955
                    time_add_parent:0.00121721
                    num_neighbors:114629
                    time_add_neighbors_to_o:0.0586097
        Stage3:
            total_Stage3:0.307131
            num_until_goal_expanded:2897
            timing_S3Exp:
                total_S3Exp: 0.0713251
                time_top_o: 0.00143546
                time_check_in_c: 0.000545802
                time_add_parent: 0.00114162
                num_neighbors: 119467
                time_add_neighbors_to_o: 0.0635376
    timing_PIOW_overlapping:
        total_PIOW: 0.0188141
        num_windows: 366
        time_check_overlap: 2.1735e-05
        num_overlapping_windows: 2
        time_merge_windows: 4.608e-06
        time_remove_window: 6.18e-07
        time_remove_window: 4.495e-06
        timing_PlanIn:
            total_PlanIn:0.018768
            num_until_goal_expanded:401
            timing_expansions:
                total_S3Exp: 0.0187629
                time_top_o: 0.000125731
                time_check_in_c: 8.0272e-05
                time_add_parent: 0.000119731
                num_neighbors: 33038
                time_add_neighbors_to_o: 0.0167992
    num_new_collisions: 8
    timing_PIOW_new_collisions:
        total_PIOW: 0.0297647
        num_windows: 49
        time_check_overlap: 2.722e-06
        num_overlapping_windows: 2
        time_merge_windows: 0
        time_remove_window: 1.0985
        time_remove_window: 2.61e-06
        timing_PlanIn:
            total_PlanIn:0.0297436
            num_until_goal_expanded:829
            timing_expansions:
                total_S3Exp: 0.0297258
                time_top_o: 0.000253481
                time_check_in_c: 0.000166349
                time_add_parent: 0.000290485
                num_neighbors: 49069
                time_add_neighbors_to_o: 0.0262674
    num_windows_should_quit: 0
    time_should_quit: 1.0179e-05
    time_remove_window: 0
Complete!
