Total time: 2.15935
is_optimal: false
optimality_bound: 1.00114
successive_bounds: [1.00455, 1.00455, 1.00455, 1.00228, 1.00171, 1.00171, 1.00171, 1.00171, 1.00171, 1.00171, 1.00171, 1.00114, 1.00114]
successive_runtimes: [0.00907419, 0.0105214, 0.0124427, 0.0146767, 0.016336, 0.0177361, 0.0191968, 0.0207919, 0.0234812, 0.0255906, 0.0390043, 0.582059, 2.15935]
num_agents: 30
time_individual_plan: 0.00749029
time_first_plan: 0.00105001
num_max_agents_in_window_first_iteration: 2
num_recWAMPF: 13
timing_recWAMPF:
    total_RecWAMPF: 2.15133
    num_windows: 146
    num_max_agents_in_window: 3
    timing_gari:
        total_GARI: 0.887739
        time_path_btw_starts: 0.00031201
        Stage1:
            total_Stage1:0.860769
            time_add_x_to_o: 0.133185
            time_clear_x: 0.0299067
            timing_AStarSearchUntil:
                total_astar_search_until:0.00351236
                num_values_f_less_fmax:21087
                ASU Exp:
                    total_ASUExp:0.00350905
                    time_top_o:0.0265171
                    time_check_in_c:0.0303796
                    time_add_parent:0.0069747
                    num_neighbors:1202460
                    time_add_neighbors_to_o:0.611018
        Stage2:
            total_Stage2:0.00583174
            num_len_path:151
            time_expanding_s:6.9616e-05
            timing_AStarSearchUntil:
                total_astar_search_until:0.00572552
                num_values_f_less_fmax:510
                ASU Exp:
                    total_ASUExp:0.00572259
                    time_top_o:0.000124911
                    time_check_in_c:0.000104226
                    time_add_parent:0.000153964
                    num_neighbors:12065
                    time_add_neighbors_to_o:0.00482207
        Stage3:
            total_Stage3:0.0208054
            num_until_goal_expanded:1951
            timing_S3Exp:
                total_S3Exp: 0.0172577
                time_top_o: 0.000545332
                time_check_in_c: 0.000323803
                time_add_parent: 0.000506953
                num_neighbors: 34512
                time_add_neighbors_to_o: 0.0138424
    timing_PIOW_overlapping:
        total_PIOW: 0.540022
        num_windows: 416
        time_check_overlap: 1.4502e-05
        num_overlapping_windows: 1
        time_merge_windows: 1.286e-06
        time_remove_window: 3.92e-07
        time_remove_window: 1.232e-06
        timing_PlanIn:
            total_PlanIn:0.539993
            num_until_goal_expanded:9256
            timing_expansions:
                total_S3Exp: 0.539991
                time_top_o: 0.00656647
                time_check_in_c: 0.00232926
                time_add_parent: 0.00393722
                num_neighbors: 1060690
                time_add_neighbors_to_o: 0.488031
    num_new_collisions: 6
    timing_PIOW_new_collisions:
        total_PIOW: 0.00056101
        num_windows: 30
        time_check_overlap: 1.126e-06
        num_overlapping_windows: 0
        time_merge_windows: 0
        time_remove_window: 0
        time_remove_window: 1.603e-06
        timing_PlanIn:
            total_PlanIn:0.000553156
            num_until_goal_expanded:77
            timing_expansions:
                total_S3Exp: 0.000542236
                time_top_o: 9.439e-06
                time_check_in_c: 1.3376e-05
                time_add_parent: 2.0325e-05
                num_neighbors: 864
                time_add_neighbors_to_o: 0.00038766
    num_windows_should_quit: 0
    time_should_quit: 5.356e-06
    time_remove_window: 0
Complete!
