Total time: 0.0542114
is_optimal: true
optimality_bound: 1
successive_bounds: [1.00196, 1.00196, 1.00098, 1.00098, 1.00098, 1.00098, 1.00098, 1.00098, 1.00098, 1.00098, 1.00098, 1.00098, 1.00098, 1.00098, 1.00098, 1.00098, 1.00098, 1.00098, 1.00098, 1.00098, 1.00098, 1.00098, 1.00098, 1.00098, 1.00098, 1, 1]
successive_runtimes: [0.0114593, 0.0129686, 0.0146217, 0.0160933, 0.0175982, 0.019095, 0.0210501, 0.0230288, 0.0253644, 0.0276801, 0.0303976, 0.0328865, 0.0390693, 0.0408996, 0.0430588, 0.0443952, 0.0456659, 0.0469724, 0.0477546, 0.048505, 0.0492966, 0.0500794, 0.0509222, 0.0517935, 0.0527007, 0.0542114]
num_agents: 30
time_individual_plan: 0.0054102
time_first_plan: 0.00539527
num_max_agents_in_window_first_iteration: 3
num_recWAMPF: 26
timing_recWAMPF:
    total_RecWAMPF: 0.0481412
    num_windows: 137
    num_max_agents_in_window: 3
    timing_gari:
        total_GARI: 0.038018
        time_path_btw_starts: 0.000375404
        Stage1:
            total_Stage1:0.0038148
            time_add_x_to_o: 0.00225093
            time_clear_x: 0.000254163
            timing_AStarSearchUntil:
                total_astar_search_until:0.00130049
                num_values_f_less_fmax:122
                ASU Exp:
                    total_ASUExp:0.00129649
                    time_top_o:5.6833e-05
                    time_check_in_c:3.5461e-05
                    time_add_parent:3.5434e-05
                    num_neighbors:2260
                    time_add_neighbors_to_o:0.00101276
        Stage2:
            total_Stage2:0.00358634
            num_len_path:122
            time_expanding_s:8.008e-05
            timing_AStarSearchUntil:
                total_astar_search_until:0.00345674
                num_values_f_less_fmax:208
                ASU Exp:
                    total_ASUExp:0.0034532
                    time_top_o:6.9468e-05
                    time_check_in_c:5.4904e-05
                    time_add_parent:9.6272e-05
                    num_neighbors:6456
                    time_add_neighbors_to_o:0.0029157
        Stage3:
            total_Stage3:0.0302111
            num_until_goal_expanded:763
            timing_S3Exp:
                total_S3Exp: 0.0161022
                time_top_o: 0.00025146
                time_check_in_c: 0.000136236
                time_add_parent: 0.000232775
                num_neighbors: 19613
                time_add_neighbors_to_o: 0.0137085
    timing_PIOW_overlapping:
        total_PIOW: 1.9433e-05
        num_windows: 185
        time_check_overlap: 9.995e-06
        num_overlapping_windows: 0
        time_merge_windows: 0
        time_remove_window: 0
        time_remove_window: 0
        timing_PlanIn:
            total_PlanIn:0
            num_until_goal_expanded:0
            timing_expansions:
                total_S3Exp: 0
                time_top_o: 0
                time_check_in_c: 0
                time_add_parent: 0
                num_neighbors: 0
                time_add_neighbors_to_o: 0
    num_new_collisions: 4
    timing_PIOW_new_collisions:
        total_PIOW: 0.00505113
        num_windows: 9
        time_check_overlap: 6.17e-07
        num_overlapping_windows: 1
        time_merge_windows: 0
        time_remove_window: 0.0071006
        time_remove_window: 1.134e-06
        timing_PlanIn:
            total_PlanIn:0.00504274
            num_until_goal_expanded:132
            timing_expansions:
                total_S3Exp: 0.00502492
                time_top_o: 3.5791e-05
                time_check_in_c: 2.7183e-05
                time_add_parent: 4.5172e-05
                num_neighbors: 5496
                time_add_neighbors_to_o: 0.00453588
    num_windows_should_quit: 1
    time_should_quit: 5.94e-06
    time_remove_window: 2.47e-07
Complete!
