Total time: 1.35298
is_optimal: true
optimality_bound: 1
successive_bounds: [1.00554, 1.00554, 1.00554, 1.00554, 1.00554, 1.00554, 1.00554, 1.00554, 1.0052, 1.0052, 1.0052, 1.0052, 1.00381, 1.00381, 1.00312, 1.00312, 1.00312, 1.00312, 1.00312, 1.00312, 1.00243, 1.00243, 1.00243, 1.00243, 1.00243, 0.99411, 1]
successive_runtimes: [0.0107204, 0.0142243, 0.0175151, 0.0210173, 0.0247318, 0.028603, 0.042726, 0.0674871, 0.116297, 0.163288, 0.200694, 0.243008, 0.308258, 0.359749, 0.434122, 0.523095, 0.589744, 0.659663, 0.734037, 0.809033, 0.888609, 0.970276, 1.05566, 1.14821, 1.23985, 1.35298]
num_agents: 40
time_individual_plan: 0.00628918
time_first_plan: 0.00371307
num_max_agents_in_window_first_iteration: 2
num_recWAMPF: 26
timing_recWAMPF:
    total_RecWAMPF: 1.34596
    num_windows: 419
    num_max_agents_in_window: 3
    timing_gari:
        total_GARI: 1.32079
        time_path_btw_starts: 0.0023122
        Stage1:
            total_Stage1:0.56597
            time_add_x_to_o: 0.231776
            time_clear_x: 0.0821709
            timing_AStarSearchUntil:
                total_astar_search_until:0.251981
                num_values_f_less_fmax:19661
                ASU Exp:
                    total_ASUExp:0.251968
                    time_top_o:0.0132567
                    time_check_in_c:0.00674664
                    time_add_parent:0.0101345
                    num_neighbors:366885
                    time_add_neighbors_to_o:0.198903
        Stage2:
            total_Stage2:0.0993786
            num_len_path:451
            time_expanding_s:0.000378447
            timing_AStarSearchUntil:
                total_astar_search_until:0.0987637
                num_values_f_less_fmax:5611
                ASU Exp:
                    total_ASUExp:0.0987535
                    time_top_o:0.00218771
                    time_check_in_c:0.00148196
                    time_add_parent:0.0020257
                    num_neighbors:162798
                    time_add_neighbors_to_o:0.0862706
        Stage3:
            total_Stage3:0.652997
            num_until_goal_expanded:10357
            timing_S3Exp:
                total_S3Exp: 0.185088
                time_top_o: 0.00590087
                time_check_in_c: 0.00235867
                time_add_parent: 0.00544648
                num_neighbors: 257881
                time_add_neighbors_to_o: 0.150706
    timing_PIOW_overlapping:
        total_PIOW: 0.011099
        num_windows: 1694
        time_check_overlap: 0.000100105
        num_overlapping_windows: 1
        time_merge_windows: 1.508e-06
        time_remove_window: 2.09e-07
        time_remove_window: 1.446e-06
        timing_PlanIn:
            total_PlanIn:0.0109337
            num_until_goal_expanded:214
            timing_expansions:
                total_S3Exp: 0.0109311
                time_top_o: 6.5699e-05
                time_check_in_c: 4.1469e-05
                time_add_parent: 6.983e-05
                num_neighbors: 18624
                time_add_neighbors_to_o: 0.00982607
    num_new_collisions: 9
    timing_PIOW_new_collisions:
        total_PIOW: 0.00175169
        num_windows: 72
        time_check_overlap: 3.096e-06
        num_overlapping_windows: 0
        time_merge_windows: 0
        time_remove_window: 0
        time_remove_window: 8.906e-06
        timing_PlanIn:
            total_PlanIn:0.00172799
            num_until_goal_expanded:202
            timing_expansions:
                total_S3Exp: 0.00170779
                time_top_o: 3.0626e-05
                time_check_in_c: 4.715e-05
                time_add_parent: 6.2702e-05
                num_neighbors: 1987
                time_add_neighbors_to_o: 0.00123051
    num_windows_should_quit: 0
    time_should_quit: 2.3677e-05
    time_remove_window: 0
Complete!
