Total time: 0.0266747
is_optimal: true
optimality_bound: 1
successive_bounds: [1.00215, 1.00107, 1.00107, 1.00107, 1.00107, 1.00107, 1.00107, 1.00107, 1.00107, 1.00107, 1.00107, 1.00107, 1.00107, 1.00107, 1.00107, 1.00107, 1.00107, 1.00107, 1, 1]
successive_runtimes: [0.00490347, 0.00555814, 0.00616443, 0.00853876, 0.0104914, 0.0117354, 0.0129101, 0.0140106, 0.0150602, 0.0159765, 0.0173046, 0.0184521, 0.019529, 0.0206306, 0.0217544, 0.0229083, 0.0240205, 0.0252035, 0.0266747]
num_agents: 30
time_individual_plan: 0.00364601
time_first_plan: 0.000719072
num_max_agents_in_window_first_iteration: 2
num_recWAMPF: 19
timing_recWAMPF:
    total_RecWAMPF: 0.0224873
    num_windows: 134
    num_max_agents_in_window: 3
    timing_gari:
        total_GARI: 0.0155286
        time_path_btw_starts: 0.000240165
        Stage1:
            total_Stage1:0.00396382
            time_add_x_to_o: 0.00287569
            time_clear_x: 0.000398095
            timing_AStarSearchUntil:
                total_astar_search_until:0.000683083
                num_values_f_less_fmax:63
                ASU Exp:
                    total_ASUExp:0.000680123
                    time_top_o:1.5666e-05
                    time_check_in_c:1.9329e-05
                    time_add_parent:1.6813e-05
                    num_neighbors:1530
                    time_add_neighbors_to_o:0.000535251
        Stage2:
            total_Stage2:0.00287612
            num_len_path:95
            time_expanding_s:8.6863e-05
            timing_AStarSearchUntil:
                total_astar_search_until:0.00275402
                num_values_f_less_fmax:175
                ASU Exp:
                    total_ASUExp:0.00275122
                    time_top_o:4.3581e-05
                    time_check_in_c:3.167e-05
                    time_add_parent:6.0103e-05
                    num_neighbors:6713
                    time_add_neighbors_to_o:0.00239682
        Stage3:
            total_Stage3:0.00843042
            num_until_goal_expanded:481
            timing_S3Exp:
                total_S3Exp: 0.00410322
                time_top_o: 0.000100466
                time_check_in_c: 6.4475e-05
                time_add_parent: 0.000114243
                num_neighbors: 6844
                time_add_neighbors_to_o: 0.0030689
    timing_PIOW_overlapping:
        total_PIOW: 0.00177807
        num_windows: 242
        time_check_overlap: 7.993e-06
        num_overlapping_windows: 1
        time_merge_windows: 9.91e-07
        time_remove_window: 1.37e-07
        time_remove_window: 9.41e-07
        timing_PlanIn:
            total_PlanIn:0.00176153
            num_until_goal_expanded:46
            timing_expansions:
                total_S3Exp: 0.00175964
                time_top_o: 9.578e-06
                time_check_in_c: 8.102e-06
                time_add_parent: 1.2668e-05
                num_neighbors: 2986
                time_add_neighbors_to_o: 0.0015491
    num_new_collisions: 5
    timing_PIOW_new_collisions:
        total_PIOW: 0.0006732
        num_windows: 18
        time_check_overlap: 7.36e-07
        num_overlapping_windows: 0
        time_merge_windows: 0
        time_remove_window: 0
        time_remove_window: 1.366e-06
        timing_PlanIn:
            total_PlanIn:0.000666247
            num_until_goal_expanded:65
            timing_expansions:
                total_S3Exp: 0.000657106
                time_top_o: 9.537e-06
                time_check_in_c: 1.1689e-05
                time_add_parent: 2.1025e-05
                num_neighbors: 965
                time_add_neighbors_to_o: 0.00051294
    num_windows_should_quit: 0
    time_should_quit: 3.564e-06
    time_remove_window: 0
Complete!
