Total time: 7.59077
is_optimal: false
optimality_bound: 1.00403
successive_bounds: [1.00604, 1.00604, 1.00604, 1.00604, 1.00504, 1.00453, 1.00403, 1.00403, 1.00403, 1.00403, 1.00403, 1.00403, 1.00403, 1.00403]
successive_runtimes: [0.00539383, 0.00720344, 0.00911566, 0.0112956, 0.266425, 0.965994, 2.29193, 3.23729, 4.12029, 4.9183, 5.66212, 6.35944, 7.05515, 7.59077]
num_agents: 30
time_individual_plan: 0.00330993
time_first_plan: 0.00155898
num_max_agents_in_window_first_iteration: 2
num_recWAMPF: 14
timing_recWAMPF:
    total_RecWAMPF: 7.58693
    num_windows: 112
    num_max_agents_in_window: 4
    timing_gari:
        total_GARI: 7.325
        time_path_btw_starts: 0.0161918
        Stage1:
            total_Stage1:3.89507
            time_add_x_to_o: 1.38761
            time_clear_x: 0.528578
            timing_AStarSearchUntil:
                total_astar_search_until:1.97887
                num_values_f_less_fmax:14434
                ASU Exp:
                    total_ASUExp:1.97886
                    time_top_o:0.0192486
                    time_check_in_c:0.030933
                    time_add_parent:0.0240327
                    num_neighbors:3489389
                    time_add_neighbors_to_o:1.88794
        Stage2:
            total_Stage2:0.0168323
            num_len_path:104
            time_expanding_s:6.4334e-05
            timing_AStarSearchUntil:
                total_astar_search_until:0.0167121
                num_values_f_less_fmax:542
                ASU Exp:
                    total_ASUExp:0.0167099
                    time_top_o:0.000193085
                    time_check_in_c:0.00014344
                    time_add_parent:0.000213491
                    num_neighbors:26640
                    time_add_neighbors_to_o:0.0154904
        Stage3:
            total_Stage3:3.39583
            num_until_goal_expanded:5243
            timing_S3Exp:
                total_S3Exp: 0.999202
                time_top_o: 0.00593807
                time_check_in_c: 0.00165126
                time_add_parent: 0.00246565
                num_neighbors: 1501251
                time_add_neighbors_to_o: 0.933926
    timing_PIOW_overlapping:
        total_PIOW: 0.257493
        num_windows: 278
        time_check_overlap: 1.2768e-05
        num_overlapping_windows: 4
        time_merge_windows: 6.416e-06
        time_remove_window: 1.419e-06
        time_remove_window: 6.223e-06
        timing_PlanIn:
            total_PlanIn:0.257456
            num_until_goal_expanded:1438
            timing_expansions:
                total_S3Exp: 0.257445
                time_top_o: 0.000758111
                time_check_in_c: 0.000327094
                time_add_parent: 0.000452697
                num_neighbors: 486645
                time_add_neighbors_to_o: 0.241257
    num_new_collisions: 7
    timing_PIOW_new_collisions:
        total_PIOW: 0.000896052
        num_windows: 42
        time_check_overlap: 1.136e-06
        num_overlapping_windows: 0
        time_merge_windows: 0
        time_remove_window: 0
        time_remove_window: 1.939e-06
        timing_PlanIn:
            total_PlanIn:0.000876036
            num_until_goal_expanded:117
            timing_expansions:
                total_S3Exp: 0.000865026
                time_top_o: 1.4412e-05
                time_check_in_c: 2.219e-05
                time_add_parent: 3.0176e-05
                num_neighbors: 1202
                time_add_neighbors_to_o: 0.000620827
    num_windows_should_quit: 0
    time_should_quit: 6.623e-06
    time_remove_window: 0
Complete!
