Total time: 0.370149
is_optimal: true
optimality_bound: 1
successive_bounds: [1.00258, 1.00258, 1.00258, 1.00258, 1.00258, 1.00258, 1.00258, 1.00258, 1.00258, 1.00258, 1.00258, 1.00258, 1.00258, 1.00258, 1.00258, 1.00258, 1.00258, 1.00258, 1.00258, 1.00147, 1.00147, 1.00147, 1.00074, 1.00074, 1, 1]
successive_runtimes: [0.0278791, 0.0325329, 0.0393834, 0.0453691, 0.0511924, 0.0573283, 0.0649094, 0.0712914, 0.0770876, 0.0829202, 0.0888485, 0.106556, 0.130173, 0.138774, 0.147357, 0.161467, 0.170866, 0.185298, 0.19471, 0.204053, 0.209861, 0.215151, 0.253852, 0.262021, 0.370149]
num_agents: 40
time_individual_plan: 0.021525
time_first_plan: 0.00471896
num_max_agents_in_window_first_iteration: 2
num_recWAMPF: 25
timing_recWAMPF:
    total_RecWAMPF: 0.346977
    num_windows: 196
    num_max_agents_in_window: 2
    timing_gari:
        total_GARI: 0.319127
        time_path_btw_starts: 0.00119092
        Stage1:
            total_Stage1:0.0366636
            time_add_x_to_o: 0.0179886
            time_clear_x: 0.00268242
            timing_AStarSearchUntil:
                total_astar_search_until:0.0159693
                num_values_f_less_fmax:2441
                ASU Exp:
                    total_ASUExp:0.0159581
                    time_top_o:0.00149325
                    time_check_in_c:0.000991633
                    time_add_parent:0.000712893
                    num_neighbors:9532
                    time_add_neighbors_to_o:0.0102803
        Stage2:
            total_Stage2:0.146529
            num_len_path:206
            time_expanding_s:0.000263329
            timing_AStarSearchUntil:
                total_astar_search_until:0.146136
                num_values_f_less_fmax:6814
                ASU Exp:
                    total_ASUExp:0.146127
                    time_top_o:0.00406498
                    time_check_in_c:0.0024005
                    time_add_parent:0.00534222
                    num_neighbors:156400
                    time_add_neighbors_to_o:0.119217
        Stage3:
            total_Stage3:0.134617
            num_until_goal_expanded:3699
            timing_S3Exp:
                total_S3Exp: 0.0801347
                time_top_o: 0.00237497
                time_check_in_c: 0.00166834
                time_add_parent: 0.00341355
                num_neighbors: 53016
                time_add_neighbors_to_o: 0.0604331
    timing_PIOW_overlapping:
        total_PIOW: 5.6154e-05
        num_windows: 384
        time_check_overlap: 3.3112e-05
        num_overlapping_windows: 0
        time_merge_windows: 0
        time_remove_window: 0
        time_remove_window: 0
        timing_PlanIn:
            total_PlanIn:0
            num_until_goal_expanded:0
            timing_expansions:
                total_S3Exp: 0
                time_top_o: 0
                time_check_in_c: 0
                time_add_parent: 0
                num_neighbors: 0
                time_add_neighbors_to_o: 0
    num_new_collisions: 4
    timing_PIOW_new_collisions:
        total_PIOW: 0.00186418
        num_windows: 12
        time_check_overlap: 1.616e-06
        num_overlapping_windows: 0
        time_merge_windows: 0
        time_remove_window: 0
        time_remove_window: 4.583e-06
        timing_PlanIn:
            total_PlanIn:0.00184578
            num_until_goal_expanded:55
            timing_expansions:
                total_S3Exp: 0.0018196
                time_top_o: 2.445e-05
                time_check_in_c: 4.0949e-05
                time_add_parent: 7.7936e-05
                num_neighbors: 692
                time_add_neighbors_to_o: 0.00132771
    num_windows_should_quit: 0
    time_should_quit: 1.7481e-05
    time_remove_window: 0
Complete!
