Total time: 0.00755058
is_optimal: true
optimality_bound: 1
successive_bounds: [1.00174, 1.00174, 1.00174, 1.00174, 1.00174, 1.00174, 1.00174, 1.00174, 1.00174, 1.00174, 1.00174, 1.00174, 1.00174, 1, 1]
successive_runtimes: [0.00381352, 0.00410343, 0.00431996, 0.00461831, 0.00481353, 0.0050195, 0.00521515, 0.00542048, 0.00563581, 0.00584251, 0.00621778, 0.00654761, 0.00723458, 0.00755056]
num_agents: 20
time_individual_plan: 0.00294631
time_first_plan: 0.000336597
num_max_agents_in_window_first_iteration: 2
num_recWAMPF: 14
timing_recWAMPF:
    total_RecWAMPF: 0.00407152
    num_windows: 54
    num_max_agents_in_window: 2
    timing_gari:
        total_GARI: 0.002662
        time_path_btw_starts: 7.9804e-05
        Stage1:
            total_Stage1:0.000387729
            time_add_x_to_o: 0.000308
            time_clear_x: 3.5249e-05
            timing_AStarSearchUntil:
                total_astar_search_until:4.1779e-05
                num_values_f_less_fmax:3
                ASU Exp:
                    total_ASUExp:4.0584e-05
                    time_top_o:7.53e-07
                    time_check_in_c:9.78e-07
                    time_add_parent:1.084e-06
                    num_neighbors:70
                    time_add_neighbors_to_o:3.1635e-05
        Stage2:
            total_Stage2:0.000639068
            num_len_path:47
            time_expanding_s:2.5842e-05
            timing_AStarSearchUntil:
                total_astar_search_until:0.000601156
                num_values_f_less_fmax:50
                ASU Exp:
                    total_ASUExp:0.000600101
                    time_top_o:1.1536e-05
                    time_check_in_c:8.195e-06
                    time_add_parent:1.555e-05
                    num_neighbors:1294
                    time_add_neighbors_to_o:0.000489495
        Stage3:
            total_Stage3:0.00154853
            num_until_goal_expanded:132
            timing_S3Exp:
                total_S3Exp: 0.00111389
                time_top_o: 2.4891e-05
                time_check_in_c: 1.7366e-05
                time_add_parent: 3.1239e-05
                num_neighbors: 1717
                time_add_neighbors_to_o: 0.000844183
    timing_PIOW_overlapping:
        total_PIOW: 2.968e-06
        num_windows: 52
        time_check_overlap: 1.313e-06
        num_overlapping_windows: 0
        time_merge_windows: 0
        time_remove_window: 0
        time_remove_window: 0
        timing_PlanIn:
            total_PlanIn:0
            num_until_goal_expanded:0
            timing_expansions:
                total_S3Exp: 0
                time_top_o: 0
                time_check_in_c: 0
                time_add_parent: 0
                num_neighbors: 0
                time_add_neighbors_to_o: 0
    num_new_collisions: 2
    timing_PIOW_new_collisions:
        total_PIOW: 0.00018734
        num_windows: 2
        time_check_overlap: 1.98e-07
        num_overlapping_windows: 0
        time_merge_windows: 0
        time_remove_window: 0
        time_remove_window: 6.74e-07
        timing_PlanIn:
            total_PlanIn:0.000184453
            num_until_goal_expanded:16
            timing_expansions:
                total_S3Exp: 0.000179962
                time_top_o: 2.761e-06
                time_check_in_c: 3.179e-06
                time_add_parent: 5.115e-06
                num_neighbors: 286
                time_add_neighbors_to_o: 0.000140916
    num_windows_should_quit: 0
    time_should_quit: 1.502e-06
    time_remove_window: 0
Complete!
