Total time: 6.84278
is_optimal: false
optimality_bound: 1.00283
successive_bounds: [1.0175, 1.00643, 1.00643, 1.00437, 1.00386, 1.0036, 1.00309, 1.00309, 1.00283, 1.00283, 1.00283]
successive_runtimes: [0.0226998, 0.0460162, 0.0601501, 0.0670019, 0.0723679, 0.161016, 0.408956, 0.932553, 2.21695, 4.22314, 6.84278]
num_agents: 50
time_individual_plan: 0.0124294
time_first_plan: 0.00973846
num_max_agents_in_window_first_iteration: 2
num_recWAMPF: 11
timing_recWAMPF:
    total_RecWAMPF: 6.82981
    num_windows: 231
    num_max_agents_in_window: 4
    timing_gari:
        total_GARI: 6.69239
        time_path_btw_starts: 0.00200564
        Stage1:
            total_Stage1:5.60229
            time_add_x_to_o: 1.06373
            time_clear_x: 0.383028
            timing_AStarSearchUntil:
                total_astar_search_until:4.15552
                num_values_f_less_fmax:26787
                ASU Exp:
                    total_ASUExp:4.15551
                    time_top_o:0.0397798
                    time_check_in_c:0.0432799
                    time_add_parent:0.0841469
                    num_neighbors:7234618
                    time_add_neighbors_to_o:3.94338
        Stage2:
            total_Stage2:0.0325374
            num_len_path:255
            time_expanding_s:0.000461157
            timing_AStarSearchUntil:
                total_astar_search_until:0.0319933
                num_values_f_less_fmax:647
                ASU Exp:
                    total_ASUExp:0.0319888
                    time_top_o:0.000196944
                    time_check_in_c:0.000131868
                    time_add_parent:0.000217856
                    num_neighbors:68733
                    time_add_neighbors_to_o:0.0304457
        Stage3:
            total_Stage3:1.0552
            num_until_goal_expanded:2758
            timing_S3Exp:
                total_S3Exp: 0.410136
                time_top_o: 0.00330482
                time_check_in_c: 0.000755823
                time_add_parent: 0.00105738
                num_neighbors: 815322
                time_add_neighbors_to_o: 0.400453
    timing_PIOW_overlapping:
        total_PIOW: 0.0214885
        num_windows: 1517
        time_check_overlap: 4.864e-05
        num_overlapping_windows: 9
        time_merge_windows: 9.808e-06
        time_remove_window: 1.517e-06
        time_remove_window: 9.387e-06
        timing_PlanIn:
            total_PlanIn:0.0213872
            num_until_goal_expanded:697
            timing_expansions:
                total_S3Exp: 0.0213699
                time_top_o: 0.000145585
                time_check_in_c: 0.000121006
                time_add_parent: 0.000175057
                num_neighbors: 41942
                time_add_neighbors_to_o: 0.0189891
    num_new_collisions: 20
    timing_PIOW_new_collisions:
        total_PIOW: 0.103451
        num_windows: 315
        time_check_overlap: 1.0586e-05
        num_overlapping_windows: 4
        time_merge_windows: 0
        time_remove_window: 4.12492
        time_remove_window: 6.669e-06
        timing_PlanIn:
            total_PlanIn:0.103396
            num_until_goal_expanded:989
            timing_expansions:
                total_S3Exp: 0.103359
                time_top_o: 0.000252785
                time_check_in_c: 0.000200546
                time_add_parent: 0.000272833
                num_neighbors: 194581
                time_add_neighbors_to_o: 0.0963236
    num_windows_should_quit: 0
    time_should_quit: 1.2737e-05
    time_remove_window: 0
Complete!
