Total time: 0.0760451
is_optimal: true
optimality_bound: 1
successive_bounds: [1.00196, 1.00196, 1.00098, 1.00098, 1.00098, 1.00098, 1.00098, 1.00098, 1.00098, 1.00098, 1.00098, 1.00098, 1.00098, 1.00098, 1.00098, 1.00098, 1.00098, 1.00098, 1.00098, 1.00098, 1.00098, 1.00098, 1.00098, 1.00098, 1.00098, 1, 1]
successive_runtimes: [0.0140794, 0.0164313, 0.0187936, 0.0210245, 0.0232962, 0.0255364, 0.0284349, 0.0313841, 0.0348707, 0.0382324, 0.0415986, 0.0451223, 0.0539372, 0.0566518, 0.0598148, 0.061889, 0.0640246, 0.0661561, 0.067161, 0.068189, 0.069292, 0.0703847, 0.0715743, 0.0727875, 0.0740824, 0.0760451]
num_agents: 30
time_individual_plan: 0.00614115
time_first_plan: 0.00712825
num_max_agents_in_window_first_iteration: 3
num_recWAMPF: 26
timing_recWAMPF:
    total_RecWAMPF: 0.069088
    num_windows: 137
    num_max_agents_in_window: 3
    timing_gari:
        total_GARI: 0.055555
        time_path_btw_starts: 0.000507578
        Stage1:
            total_Stage1:0.00499473
            time_add_x_to_o: 0.0028988
            time_clear_x: 0.000317009
            timing_AStarSearchUntil:
                total_astar_search_until:0.00176969
                num_values_f_less_fmax:122
                ASU Exp:
                    total_ASUExp:0.00176564
                    time_top_o:4.6414e-05
                    time_check_in_c:4.6938e-05
                    time_add_parent:7.1337e-05
                    num_neighbors:2260
                    time_add_neighbors_to_o:0.00140161
        Stage2:
            total_Stage2:0.00505784
            num_len_path:122
            time_expanding_s:8.966e-05
            timing_AStarSearchUntil:
                total_astar_search_until:0.00491106
                num_values_f_less_fmax:208
                ASU Exp:
                    total_ASUExp:0.00490735
                    time_top_o:7.2564e-05
                    time_check_in_c:7.7832e-05
                    time_add_parent:0.000139756
                    num_neighbors:6456
                    time_add_neighbors_to_o:0.00410729
        Stage3:
            total_Stage3:0.0449406
            num_until_goal_expanded:808
            timing_S3Exp:
                total_S3Exp: 0.0241937
                time_top_o: 0.000302528
                time_check_in_c: 0.000205804
                time_add_parent: 0.000479915
                num_neighbors: 22918
                time_add_neighbors_to_o: 0.0202453
    timing_PIOW_overlapping:
        total_PIOW: 2.0143e-05
        num_windows: 185
        time_check_overlap: 1.26e-05
        num_overlapping_windows: 0
        time_merge_windows: 0
        time_remove_window: 0
        time_remove_window: 0
        timing_PlanIn:
            total_PlanIn:0
            num_until_goal_expanded:0
            timing_expansions:
                total_S3Exp: 0
                time_top_o: 0
                time_check_in_c: 0
                time_add_parent: 0
                num_neighbors: 0
                time_add_neighbors_to_o: 0
    num_new_collisions: 4
    timing_PIOW_new_collisions:
        total_PIOW: 0.00665941
        num_windows: 9
        time_check_overlap: 9.29e-07
        num_overlapping_windows: 1
        time_merge_windows: 0
        time_remove_window: 0.00828919
        time_remove_window: 2.119e-06
        timing_PlanIn:
            total_PlanIn:0.00664572
            num_until_goal_expanded:132
            timing_expansions:
                total_S3Exp: 0.00662083
                time_top_o: 4.3798e-05
                time_check_in_c: 4.3886e-05
                time_add_parent: 8.6318e-05
                num_neighbors: 5496
                time_add_neighbors_to_o: 0.00588715
    num_windows_should_quit: 1
    time_should_quit: 6.982e-06
    time_remove_window: 2.46e-07
Complete!
