Total time: 1.93153
is_optimal: false
optimality_bound: 1.00548
successive_bounds: [1.00871, 1.00822, 1.00797, 1.00772, 1.00672, 1.00647, 1.00597, 1.00548, 1.00548, 1.00548, 1.00548, 1.00548, 1.00548, 1.00548, 1.00548]
successive_runtimes: [0.0208311, 0.0269027, 0.0326941, 0.0394106, 0.0488682, 0.0600534, 0.0805298, 0.339852, 0.532313, 0.74497, 0.966639, 1.2142, 1.45647, 1.69244, 1.93153]
num_agents: 60
time_individual_plan: 0.00677467
time_first_plan: 0.0135382
num_max_agents_in_window_first_iteration: 3
num_recWAMPF: 15
timing_recWAMPF:
    total_RecWAMPF: 1.92424
    num_windows: 336
    num_max_agents_in_window: 4
    timing_gari:
        total_GARI: 1.62212
        time_path_btw_starts: 0.00083379
        Stage1:
            total_Stage1:0.0549664
            time_add_x_to_o: 0.0402883
            time_clear_x: 0.00982428
            timing_AStarSearchUntil:
                total_astar_search_until:0.00483654
                num_values_f_less_fmax:3129
                ASU Exp:
                    total_ASUExp:0.00482829
                    time_top_o:0.000701107
                    time_check_in_c:0.00035482
                    time_add_parent:0.000192324
                    num_neighbors:6384
                    time_add_neighbors_to_o:0.00261198
        Stage2:
            total_Stage2:0.0118307
            num_len_path:295
            time_expanding_s:0.000138762
            timing_AStarSearchUntil:
                total_astar_search_until:0.0115824
                num_values_f_less_fmax:607
                ASU Exp:
                    total_ASUExp:0.0115754
                    time_top_o:0.000162518
                    time_check_in_c:0.000175348
                    time_add_parent:0.000189475
                    num_neighbors:21719
                    time_add_neighbors_to_o:0.00956582
        Stage3:
            total_Stage3:1.55415
            num_until_goal_expanded:7190
            timing_S3Exp:
                total_S3Exp: 0.858707
                time_top_o: 0.00479477
                time_check_in_c: 0.00148549
                time_add_parent: 0.00267469
                num_neighbors: 1290474
                time_add_neighbors_to_o: 0.838358
    timing_PIOW_overlapping:
        total_PIOW: 0.0209171
        num_windows: 2758
        time_check_overlap: 8.4267e-05
        num_overlapping_windows: 15
        time_merge_windows: 1.324e-05
        time_remove_window: 2.585e-06
        time_remove_window: 1.2544e-05
        timing_PlanIn:
            total_PlanIn:0.0207464
            num_until_goal_expanded:809
            timing_expansions:
                total_S3Exp: 0.0207201
                time_top_o: 0.000154412
                time_check_in_c: 0.000146743
                time_add_parent: 0.000204735
                num_neighbors: 33854
                time_add_neighbors_to_o: 0.0183635
    num_new_collisions: 23
    timing_PIOW_new_collisions:
        total_PIOW: 0.260479
        num_windows: 442
        time_check_overlap: 1.2198e-05
        num_overlapping_windows: 2
        time_merge_windows: 0
        time_remove_window: 0.0931641
        time_remove_window: 1.2524e-05
        timing_PlanIn:
            total_PlanIn:0.260422
            num_until_goal_expanded:1712
            timing_expansions:
                total_S3Exp: 0.260378
                time_top_o: 0.000812462
                time_check_in_c: 0.000378578
                time_add_parent: 0.000619013
                num_neighbors: 405280
                time_add_neighbors_to_o: 0.24537
    num_windows_should_quit: 0
    time_should_quit: 1.8927e-05
    time_remove_window: 0
Complete!
