Total time: 0.00620514
is_optimal: true
optimality_bound: 1
successive_bounds: [1.00161, 1.00161, 1.00161, 1.00161, 1.00161, 1.00161, 1.00161, 1.00161, 1, 1]
successive_runtimes: [0.00306256, 0.00340669, 0.00369712, 0.0040294, 0.00436829, 0.00471406, 0.00522993, 0.00577946, 0.00620512]
num_agents: 20
time_individual_plan: 0.00228094
time_first_plan: 0.00025115
num_max_agents_in_window_first_iteration: 2
num_recWAMPF: 9
timing_recWAMPF:
    total_RecWAMPF: 0.00339212
    num_windows: 17
    num_max_agents_in_window: 2
    timing_gari:
        total_GARI: 0.00248075
        time_path_btw_starts: 3.426e-05
        Stage1:
            total_Stage1:0.00112729
            time_add_x_to_o: 0.00057512
            time_clear_x: 8.495e-05
            timing_AStarSearchUntil:
                total_astar_search_until:0.000466147
                num_values_f_less_fmax:228
                ASU Exp:
                    total_ASUExp:0.000465744
                    time_top_o:4.8564e-05
                    time_check_in_c:2.9454e-05
                    time_add_parent:1.0083e-05
                    num_neighbors:839
                    time_add_neighbors_to_o:0.000275075
        Stage2:
            total_Stage2:0.000336166
            num_len_path:16
            time_expanding_s:5.701e-06
            timing_AStarSearchUntil:
                total_astar_search_until:0.000325962
                num_values_f_less_fmax:24
                ASU Exp:
                    total_ASUExp:0.000325589
                    time_top_o:5.404e-06
                    time_check_in_c:1.9896e-05
                    time_add_parent:5.731e-06
                    num_neighbors:705
                    time_add_neighbors_to_o:0.00027015
        Stage3:
            total_Stage3:0.000980369
            num_until_goal_expanded:157
            timing_S3Exp:
                total_S3Exp: 0.00079989
                time_top_o: 3.1577e-05
                time_check_in_c: 2.1424e-05
                time_add_parent: 4.1796e-05
                num_neighbors: 1483
                time_add_neighbors_to_o: 0.000548622
    timing_PIOW_overlapping:
        total_PIOW: 1.86e-07
        num_windows: 8
        time_check_overlap: 0
        num_overlapping_windows: 0
        time_merge_windows: 0
        time_remove_window: 0
        time_remove_window: 0
        timing_PlanIn:
            total_PlanIn:0
            num_until_goal_expanded:0
            timing_expansions:
                total_S3Exp: 0
                time_top_o: 0
                time_check_in_c: 0
                time_add_parent: 0
                num_neighbors: 0
                time_add_neighbors_to_o: 0
    num_new_collisions: 1
    timing_PIOW_new_collisions:
        total_PIOW: 0.000128422
        num_windows: 0
        time_check_overlap: 0
        num_overlapping_windows: 0
        time_merge_windows: 0
        time_remove_window: 0
        time_remove_window: 2.93e-07
        timing_PlanIn:
            total_PlanIn:0.000126967
            num_until_goal_expanded:19
            timing_expansions:
                total_S3Exp: 0.000123595
                time_top_o: 2.591e-06
                time_check_in_c: 4.002e-06
                time_add_parent: 5.675e-06
                num_neighbors: 162
                time_add_neighbors_to_o: 7.3424e-05
    num_windows_should_quit: 0
    time_should_quit: 4.82e-07
    time_remove_window: 0
Complete!
