Total time: 0.0353905
is_optimal: true
optimality_bound: 1
successive_bounds: [1.00391, 1.00391, 1.00391, 1.00391, 1.00391, 1.00391, 1.00391, 1.00196, 1.00196, 1.00196, 1.00196, 1.00196, 1.00196, 1.00196, 1.00196, 1.00196, 1.00196, 1.00196, 1, 1]
successive_runtimes: [0.00402578, 0.00499265, 0.00614195, 0.00763762, 0.00923766, 0.0110192, 0.0130576, 0.0150829, 0.0164485, 0.0179314, 0.0194169, 0.021528, 0.0233244, 0.0253822, 0.0270614, 0.0284851, 0.0299877, 0.0315665, 0.0353905]
num_agents: 20
time_individual_plan: 0.0029531
time_first_plan: 0.000545082
num_max_agents_in_window_first_iteration: 2
num_recWAMPF: 19
timing_recWAMPF:
    total_RecWAMPF: 0.0319069
    num_windows: 111
    num_max_agents_in_window: 2
    timing_gari:
        total_GARI: 0.0298272
        time_path_btw_starts: 0.000225728
        Stage1:
            total_Stage1:0.0172699
            time_add_x_to_o: 0.00588841
            time_clear_x: 0.000814703
            timing_AStarSearchUntil:
                total_astar_search_until:0.010561
                num_values_f_less_fmax:3296
                ASU Exp:
                    total_ASUExp:0.0105584
                    time_top_o:0.000815244
                    time_check_in_c:0.000627989
                    time_add_parent:0.000398716
                    num_neighbors:19708
                    time_add_neighbors_to_o:0.00727585
        Stage2:
            total_Stage2:0.00368668
            num_len_path:120
            time_expanding_s:5.4278e-05
            timing_AStarSearchUntil:
                total_astar_search_until:0.00359065
                num_values_f_less_fmax:303
                ASU Exp:
                    total_ASUExp:0.00358833
                    time_top_o:7.2327e-05
                    time_check_in_c:5.7972e-05
                    time_add_parent:0.000104561
                    num_neighbors:7688
                    time_add_neighbors_to_o:0.00302639
        Stage3:
            total_Stage3:0.00862905
            num_until_goal_expanded:1146
            timing_S3Exp:
                total_S3Exp: 0.00485539
                time_top_o: 0.000267584
                time_check_in_c: 0.000157096
                time_add_parent: 0.000366507
                num_neighbors: 8289
                time_add_neighbors_to_o: 0.00289849
    timing_PIOW_overlapping:
        total_PIOW: 9.956e-06
        num_windows: 162
        time_check_overlap: 5.488e-06
        num_overlapping_windows: 0
        time_merge_windows: 0
        time_remove_window: 0
        time_remove_window: 0
        timing_PlanIn:
            total_PlanIn:0
            num_until_goal_expanded:0
            timing_expansions:
                total_S3Exp: 0
                time_top_o: 0
                time_check_in_c: 0
                time_add_parent: 0
                num_neighbors: 0
                time_add_neighbors_to_o: 0
    num_new_collisions: 3
    timing_PIOW_new_collisions:
        total_PIOW: 0.000354827
        num_windows: 6
        time_check_overlap: 2.67e-07
        num_overlapping_windows: 0
        time_merge_windows: 0
        time_remove_window: 0
        time_remove_window: 8.35e-07
        timing_PlanIn:
            total_PlanIn:0.000350841
            num_until_goal_expanded:60
            timing_expansions:
                total_S3Exp: 0.000344759
                time_top_o: 6.91e-06
                time_check_in_c: 1.0327e-05
                time_add_parent: 1.5809e-05
                num_neighbors: 518
                time_add_neighbors_to_o: 0.00022235
    num_windows_should_quit: 0
    time_should_quit: 2.817e-06
    time_remove_window: 0
Complete!
