Total time: 0.255799
is_optimal: true
optimality_bound: 1
successive_bounds: [1.00197, 1.00197, 1.00197, 1.00197, 1.00197, 1.00098, 1.00098, 1.00098, 1.00098, 1.00098, 1.00098, 1.00098, 1.00098, 1.00098, 1.00098, 1.00098, 1.00098, 1, 1]
successive_runtimes: [0.0272022, 0.0433956, 0.0495404, 0.0557718, 0.0627154, 0.0698763, 0.0777706, 0.0876622, 0.0993945, 0.112487, 0.12373, 0.134046, 0.147454, 0.162045, 0.178332, 0.195434, 0.212382, 0.255799]
num_agents: 30
time_individual_plan: 0.00579429
time_first_plan: 0.0208953
num_max_agents_in_window_first_iteration: 4
num_recWAMPF: 18
timing_recWAMPF:
    total_RecWAMPF: 0.249487
    num_windows: 140
    num_max_agents_in_window: 4
    timing_gari:
        total_GARI: 0.224158
        time_path_btw_starts: 0.000386272
        Stage1:
            total_Stage1:0.0217607
            time_add_x_to_o: 0.0169448
            time_clear_x: 0.0022737
            timing_AStarSearchUntil:
                total_astar_search_until:0.00253339
                num_values_f_less_fmax:247
                ASU Exp:
                    total_ASUExp:0.00252977
                    time_top_o:6.9983e-05
                    time_check_in_c:5.5052e-05
                    time_add_parent:8.522e-05
                    num_neighbors:5760
                    time_add_neighbors_to_o:0.00206556
        Stage2:
            total_Stage2:0.0355744
            num_len_path:142
            time_expanding_s:0.000295894
            timing_AStarSearchUntil:
                total_astar_search_until:0.0352222
                num_values_f_less_fmax:2656
                ASU Exp:
                    total_ASUExp:0.0352192
                    time_top_o:0.000918233
                    time_check_in_c:0.000501241
                    time_add_parent:0.000755272
                    num_neighbors:75204
                    time_add_neighbors_to_o:0.0302817
        Stage3:
            total_Stage3:0.166402
            num_until_goal_expanded:6467
            timing_S3Exp:
                total_S3Exp: 0.0882938
                time_top_o: 0.00196758
                time_check_in_c: 0.00106701
                time_add_parent: 0.00164463
                num_neighbors: 134143
                time_add_neighbors_to_o: 0.0733204
    timing_PIOW_overlapping:
        total_PIOW: 2.1761e-05
        num_windows: 272
        time_check_overlap: 1.331e-05
        num_overlapping_windows: 0
        time_merge_windows: 0
        time_remove_window: 0
        time_remove_window: 0
        timing_PlanIn:
            total_PlanIn:0
            num_until_goal_expanded:0
            timing_expansions:
                total_S3Exp: 0
                time_top_o: 0
                time_check_in_c: 0
                time_add_parent: 0
                num_neighbors: 0
                time_add_neighbors_to_o: 0
    num_new_collisions: 6
    timing_PIOW_new_collisions:
        total_PIOW: 0.020081
        num_windows: 24
        time_check_overlap: 1.198e-06
        num_overlapping_windows: 2
        time_merge_windows: 0
        time_remove_window: 0.0185596
        time_remove_window: 1.791e-06
        timing_PlanIn:
            total_PlanIn:0.0200566
            num_until_goal_expanded:267
            timing_expansions:
                total_S3Exp: 0.0200329
                time_top_o: 6.2721e-05
                time_check_in_c: 4.9534e-05
                time_add_parent: 7.2685e-05
                num_neighbors: 30170
                time_add_neighbors_to_o: 0.0186441
    num_windows_should_quit: 0
    time_should_quit: 9.238e-06
    time_remove_window: 0
Complete!
