Total time: 0.295194
is_optimal: true
optimality_bound: 1
successive_bounds: [1.0046, 1.00402, 1.00345, 1.00287, 1.0023, 1.00172, 1.00172, 1.00172, 1.00144, 1.00144, 1.00144, 1.00144, 1.00144, 1.00086, 1, 1]
successive_runtimes: [0.0114685, 0.0150866, 0.018846, 0.0476097, 0.0962523, 0.126238, 0.137922, 0.151736, 0.168483, 0.185957, 0.204266, 0.222807, 0.242256, 0.260687, 0.295194]
num_agents: 50
time_individual_plan: 0.00600058
time_first_plan: 0.00495364
num_max_agents_in_window_first_iteration: 2
num_recWAMPF: 15
timing_recWAMPF:
    total_RecWAMPF: 0.288675
    num_windows: 233
    num_max_agents_in_window: 3
    timing_gari:
        total_GARI: 0.220081
        time_path_btw_starts: 0.000687984
        Stage1:
            total_Stage1:0.120309
            time_add_x_to_o: 0.0520125
            time_clear_x: 0.00831804
            timing_AStarSearchUntil:
                total_astar_search_until:0.0599639
                num_values_f_less_fmax:16344
                ASU Exp:
                    total_ASUExp:0.0599579
                    time_top_o:0.00507999
                    time_check_in_c:0.00276923
                    time_add_parent:0.0015683
                    num_neighbors:112868
                    time_add_neighbors_to_o:0.0432481
        Stage2:
            total_Stage2:0.00954994
            num_len_path:236
            time_expanding_s:0.000418197
            timing_AStarSearchUntil:
                total_astar_search_until:0.00903952
                num_values_f_less_fmax:510
                ASU Exp:
                    total_ASUExp:0.00903478
                    time_top_o:0.000158382
                    time_check_in_c:0.000139093
                    time_add_parent:0.000232263
                    num_neighbors:17632
                    time_add_neighbors_to_o:0.00758593
        Stage3:
            total_Stage3:0.08906
            num_until_goal_expanded:6173
            timing_S3Exp:
                total_S3Exp: 0.0279053
                time_top_o: 0.00160213
                time_check_in_c: 0.000933835
                time_add_parent: 0.00183187
                num_neighbors: 39821
                time_add_neighbors_to_o: 0.0166719
    timing_PIOW_overlapping:
        total_PIOW: 0.0543266
        num_windows: 957
        time_check_overlap: 3.4097e-05
        num_overlapping_windows: 4
        time_merge_windows: 4.742e-06
        time_remove_window: 1.081e-06
        time_remove_window: 4.563e-06
        timing_PlanIn:
            total_PlanIn:0.0542592
            num_until_goal_expanded:870
            timing_expansions:
                total_S3Exp: 0.0542508
                time_top_o: 0.000246077
                time_check_in_c: 0.000154959
                time_add_parent: 0.000236439
                num_neighbors: 103291
                time_add_neighbors_to_o: 0.0497599
    num_new_collisions: 9
    timing_PIOW_new_collisions:
        total_PIOW: 0.0013687
        num_windows: 72
        time_check_overlap: 1.955e-06
        num_overlapping_windows: 0
        time_merge_windows: 0
        time_remove_window: 0
        time_remove_window: 4.495e-06
        timing_PlanIn:
            total_PlanIn:0.00135385
            num_until_goal_expanded:197
            timing_expansions:
                total_S3Exp: 0.00133675
                time_top_o: 2.2692e-05
                time_check_in_c: 3.3523e-05
                time_add_parent: 5.1385e-05
                num_neighbors: 1837
                time_add_neighbors_to_o: 0.000939208
    num_windows_should_quit: 0
    time_should_quit: 1.6833e-05
    time_remove_window: 0
Complete!
