Total time: 118.11
is_optimal: false
optimality_bound: 1.00673
successive_bounds: [1.00969, 1.00861, 1.00834, 1.0078, 1.0078, 1.007, 1.007, 1.007, 1.00673, 1.00673, 1.00673, 1.00673, 1.00673, 1.00673, 1.00673, 1.00673, 1.00673, 1.00673, 1.00673, 1.00673, 1.00673, 1.00673, 1.00673]
successive_runtimes: [0.0580025, 0.094038, 0.117781, 0.133285, 0.140069, 0.145454, 0.149264, 0.151712, 0.192673, 0.228901, 0.246411, 0.285679, 0.355338, 0.609859, 1.17229, 1.7582, 30.8143, 48.1052, 60.9512, 68.9241, 81.8265, 109.13, 118.11]
num_agents: 50
time_individual_plan: 0.0344837
time_first_plan: 0.0220231
num_max_agents_in_window_first_iteration: 2
num_recWAMPF: 23
timing_recWAMPF:
    total_RecWAMPF: 118.074
    num_windows: 120
    num_max_agents_in_window: 4
    timing_gari:
        total_GARI: 117.945
        time_path_btw_starts: 0.0239214
        Stage1:
            total_Stage1:37.9345
            time_add_x_to_o: 8.99488
            time_clear_x: 2.7473
            timing_AStarSearchUntil:
                total_astar_search_until:26.1923
                num_values_f_less_fmax:115621
                ASU Exp:
                    total_ASUExp:26.1923
                    time_top_o:0.291023
                    time_check_in_c:0.0956606
                    time_add_parent:0.133015
                    num_neighbors:28904699
                    time_add_neighbors_to_o:25.033
        Stage2:
            total_Stage2:0.0100708
            num_len_path:86
            time_expanding_s:0.000132514
            timing_AStarSearchUntil:
                total_astar_search_until:0.00986119
                num_values_f_less_fmax:155
                ASU Exp:
                    total_ASUExp:0.00985645
                    time_top_o:9.0383e-05
                    time_check_in_c:8.3001e-05
                    time_add_parent:0.000152127
                    num_neighbors:8538
                    time_add_neighbors_to_o:0.00887502
        Stage3:
            total_Stage3:79.9769
            num_until_goal_expanded:117996
            timing_S3Exp:
                total_S3Exp: 51.1927
                time_top_o: 0.339958
                time_check_in_c: 0.0892379
                time_add_parent: 0.165516
                num_neighbors: 56188856
                time_add_neighbors_to_o: 49.1312
    timing_PIOW_overlapping:
        total_PIOW: 0.072707
        num_windows: 736
        time_check_overlap: 3.0869e-05
        num_overlapping_windows: 20
        time_merge_windows: 3.8697e-05
        time_remove_window: 5.62e-06
        time_remove_window: 3.7092e-05
        timing_PlanIn:
            total_PlanIn:0.0725587
            num_until_goal_expanded:752
            timing_expansions:
                total_S3Exp: 0.0724861
                time_top_o: 0.000267844
                time_check_in_c: 0.000337234
                time_add_parent: 0.000689509
                num_neighbors: 57088
                time_add_neighbors_to_o: 0.0656186
    num_new_collisions: 22
    timing_PIOW_new_collisions:
        total_PIOW: 0.0218135
        num_windows: 407
        time_check_overlap: 2.2595e-05
        num_overlapping_windows: 1
        time_merge_windows: 0
        time_remove_window: 0.081454
        time_remove_window: 2.1476e-05
        timing_PlanIn:
            total_PlanIn:0.0217001
            num_until_goal_expanded:584
            timing_expansions:
                total_S3Exp: 0.0216075
                time_top_o: 0.000207337
                time_check_in_c: 0.000330401
                time_add_parent: 0.000632102
                num_neighbors: 13670
                time_add_neighbors_to_o: 0.0171523
    num_windows_should_quit: 0
    time_should_quit: 1.1598e-05
    time_remove_window: 0
Complete!
