Total time: 0.16667
is_optimal: true
optimality_bound: 1
successive_bounds: [1.00421, 1.00365, 1.00365, 1.00308, 1.00308, 1.00308, 1.00252, 1.00252, 1.00252, 1.00196, 1.00196, 1.00196, 1.00196, 1.00196, 1.00196, 1.00196, 1.00196, 1.00196, 1.0014, 1.00028, 1.00028, 1, 1]
successive_runtimes: [0.011224, 0.0145361, 0.0179464, 0.0216431, 0.025245, 0.0290876, 0.0375443, 0.0449032, 0.0534834, 0.0622666, 0.0710481, 0.0808906, 0.0906632, 0.100123, 0.109743, 0.119598, 0.12962, 0.140296, 0.15231, 0.160812, 0.16373, 0.166669]
num_agents: 60
time_individual_plan: 0.00622287
time_first_plan: 0.00446892
num_max_agents_in_window_first_iteration: 2
num_recWAMPF: 22
timing_recWAMPF:
    total_RecWAMPF: 0.15991
    num_windows: 375
    num_max_agents_in_window: 3
    timing_gari:
        total_GARI: 0.129366
        time_path_btw_starts: 0.000814347
        Stage1:
            total_Stage1:0.0575784
            time_add_x_to_o: 0.0232037
            time_clear_x: 0.00359882
            timing_AStarSearchUntil:
                total_astar_search_until:0.0307562
                num_values_f_less_fmax:18554
                ASU Exp:
                    total_ASUExp:0.0307476
                    time_top_o:0.00509057
                    time_check_in_c:0.00294563
                    time_add_parent:0.00147358
                    num_neighbors:45595
                    time_add_neighbors_to_o:0.0163485
        Stage2:
            total_Stage2:0.0112202
            num_len_path:349
            time_expanding_s:0.00015586
            timing_AStarSearchUntil:
                total_astar_search_until:0.0109587
                num_values_f_less_fmax:861
                ASU Exp:
                    total_ASUExp:0.010951
                    time_top_o:0.000242301
                    time_check_in_c:0.00016197
                    time_add_parent:0.000237153
                    num_neighbors:23201
                    time_add_neighbors_to_o:0.00939279
        Stage3:
            total_Stage3:0.0596982
            num_until_goal_expanded:9124
            timing_S3Exp:
                total_S3Exp: 0.0383265
                time_top_o: 0.00241178
                time_check_in_c: 0.00145057
                time_add_parent: 0.00274051
                num_neighbors: 55187
                time_add_neighbors_to_o: 0.0222311
    timing_PIOW_overlapping:
        total_PIOW: 0.00604792
        num_windows: 1623
        time_check_overlap: 5.235e-05
        num_overlapping_windows: 2
        time_merge_windows: 3.219e-06
        time_remove_window: 4.22e-07
        time_remove_window: 3.107e-06
        timing_PlanIn:
            total_PlanIn:0.00595489
            num_until_goal_expanded:245
            timing_expansions:
                total_S3Exp: 0.00595077
                time_top_o: 5.4946e-05
                time_check_in_c: 4.2202e-05
                time_add_parent: 6.5156e-05
                num_neighbors: 7737
                time_add_neighbors_to_o: 0.00524295
    num_new_collisions: 9
    timing_PIOW_new_collisions:
        total_PIOW: 0.00134213
        num_windows: 72
        time_check_overlap: 1.884e-06
        num_overlapping_windows: 0
        time_merge_windows: 0
        time_remove_window: 0
        time_remove_window: 6.516e-06
        timing_PlanIn:
            total_PlanIn:0.0013237
            num_until_goal_expanded:174
            timing_expansions:
                total_S3Exp: 0.00130919
                time_top_o: 2.1043e-05
                time_check_in_c: 3.2629e-05
                time_add_parent: 4.5943e-05
                num_neighbors: 1854
                time_add_neighbors_to_o: 0.000945199
    num_windows_should_quit: 0
    time_should_quit: 1.6711e-05
    time_remove_window: 0
Complete!
