Total time: 8.40919
is_optimal: false
optimality_bound: 1.00157
successive_bounds: [1.00785, 1.00576, 1.00471, 1.00366, 1.00262, 1.00262, 1.00262, 1.00262, 1.00262, 1.00209, 1.00209, 1.00209, 1.00209, 1.00157, 1.00157, 1.00157]
successive_runtimes: [0.00797126, 0.0125372, 0.0165651, 0.0205816, 0.0242454, 0.02711, 0.0296685, 0.0322727, 0.0352149, 0.165373, 0.199454, 0.229369, 0.275982, 2.57277, 5.35496, 8.40919]
num_agents: 30
time_individual_plan: 0.00439058
time_first_plan: 0.00300792
num_max_agents_in_window_first_iteration: 2
num_recWAMPF: 16
timing_recWAMPF:
    total_RecWAMPF: 8.40422
    num_windows: 259
    num_max_agents_in_window: 4
    timing_gari:
        total_GARI: 6.02516
        time_path_btw_starts: 0.00643732
        Stage1:
            total_Stage1:5.2306
            time_add_x_to_o: 1.33017
            time_clear_x: 0.408546
            timing_AStarSearchUntil:
                total_astar_search_until:3.49187
                num_values_f_less_fmax:28653
                ASU Exp:
                    total_ASUExp:3.49186
                    time_top_o:0.0427206
                    time_check_in_c:0.148391
                    time_add_parent:0.00835017
                    num_neighbors:5672099
                    time_add_neighbors_to_o:3.26204
        Stage2:
            total_Stage2:0.0102236
            num_len_path:283
            time_expanding_s:0.000868147
            timing_AStarSearchUntil:
                total_astar_search_until:0.00926643
                num_values_f_less_fmax:592
                ASU Exp:
                    total_ASUExp:0.0092613
                    time_top_o:0.000157513
                    time_check_in_c:0.000242633
                    time_add_parent:0.000189451
                    num_neighbors:17805
                    time_add_neighbors_to_o:0.00800105
        Stage3:
            total_Stage3:0.775445
            num_until_goal_expanded:2899
            timing_S3Exp:
                total_S3Exp: 0.0666657
                time_top_o: 0.000773091
                time_check_in_c: 0.000446834
                time_add_parent: 0.000870167
                num_neighbors: 38808
                time_add_neighbors_to_o: 0.0220288
    timing_PIOW_overlapping:
        total_PIOW: 2.37243
        num_windows: 1068
        time_check_overlap: 3.4706e-05
        num_overlapping_windows: 2
        time_merge_windows: 3.374e-06
        time_remove_window: 8.21e-07
        time_remove_window: 3.26e-06
        timing_PlanIn:
            total_PlanIn:2.37236
            num_until_goal_expanded:11576
            timing_expansions:
                total_S3Exp: 2.37235
                time_top_o: 0.0109762
                time_check_in_c: 0.00313697
                time_add_parent: 0.00586308
                num_neighbors: 4015957
                time_add_neighbors_to_o: 2.23216
    num_new_collisions: 9
    timing_PIOW_new_collisions:
        total_PIOW: 0.00172649
        num_windows: 72
        time_check_overlap: 2.087e-06
        num_overlapping_windows: 0
        time_merge_windows: 0
        time_remove_window: 0
        time_remove_window: 4.268e-06
        timing_PlanIn:
            total_PlanIn:0.00171107
            num_until_goal_expanded:250
            timing_expansions:
                total_S3Exp: 0.00169626
                time_top_o: 2.9173e-05
                time_check_in_c: 4.2479e-05
                time_add_parent: 6.4863e-05
                num_neighbors: 2352
                time_add_neighbors_to_o: 0.00121012
    num_windows_should_quit: 0
    time_should_quit: 1.0971e-05
    time_remove_window: 0
Complete!
