Total time: 22.9819
is_optimal: false
optimality_bound: 1.0016
successive_bounds: [1.00641, 1.00641, 1.00641, 1.00641, 1.00641, 1.00641, 1.00641, 1.00481, 1.00481, 1.0016]
successive_runtimes: [0.217324, 0.874297, 2.02373, 3.34965, 4.84052, 6.48041, 8.29797, 10.3018, 11.9311, 22.9819]
num_agents: 20
time_individual_plan: 0.00205942
time_first_plan: 0.214695
num_max_agents_in_window_first_iteration: 3
num_recWAMPF: 10
timing_recWAMPF:
    total_RecWAMPF: 22.9793
    num_windows: 38
    num_max_agents_in_window: 3
    timing_gari:
        total_GARI: 6.9757
        time_path_btw_starts: 0.0141398
        Stage1:
            total_Stage1:6.9322
            time_add_x_to_o: 0.962878
            time_clear_x: 0.379898
            timing_AStarSearchUntil:
                total_astar_search_until:0.593169
                num_values_f_less_fmax:178667
                ASU Exp:
                    total_ASUExp:0.593168
                    time_top_o:0.17269
                    time_check_in_c:0.0789703
                    time_add_parent:0.0467267
                    num_neighbors:11158282
                    time_add_neighbors_to_o:5.09378
        Stage2:
            total_Stage2:0.00570313
            num_len_path:20
            time_expanding_s:4.8012e-05
            timing_AStarSearchUntil:
                total_astar_search_until:0.00564252
                num_values_f_less_fmax:32
                ASU Exp:
                    total_ASUExp:0.00564203
                    time_top_o:1.079e-05
                    time_check_in_c:0.00301013
                    time_add_parent:0.000574859
                    num_neighbors:1545
                    time_add_neighbors_to_o:0.00142996
        Stage3:
            total_Stage3:0.0236506
            num_until_goal_expanded:793
            timing_S3Exp:
                total_S3Exp: 0.0112753
                time_top_o: 0.000263436
                time_check_in_c: 0.000121866
                time_add_parent: 0.000305133
                num_neighbors: 13502
                time_add_neighbors_to_o: 0.00657946
    timing_PIOW_overlapping:
        total_PIOW: 3.444e-06
        num_windows: 36
        time_check_overlap: 1.696e-06
        num_overlapping_windows: 0
        time_merge_windows: 0
        time_remove_window: 0
        time_remove_window: 0
        timing_PlanIn:
            total_PlanIn:0
            num_until_goal_expanded:0
            timing_expansions:
                total_S3Exp: 0
                time_top_o: 0
                time_check_in_c: 0
                time_add_parent: 0
                num_neighbors: 0
                time_add_neighbors_to_o: 0
    num_new_collisions: 3
    timing_PIOW_new_collisions:
        total_PIOW: 0.21444
        num_windows: 3
        time_check_overlap: 3.53e-07
        num_overlapping_windows: 1
        time_merge_windows: 0
        time_remove_window: 0.00282398
        time_remove_window: 2.16e-06
        timing_PlanIn:
            total_PlanIn:0.214432
            num_until_goal_expanded:4633
            timing_expansions:
                total_S3Exp: 0.214415
                time_top_o: 0.00234774
                time_check_in_c: 0.000968252
                time_add_parent: 0.00164118
                num_neighbors: 448957
                time_add_neighbors_to_o: 0.192432
    num_windows_should_quit: 0
    time_should_quit: 2.883e-06
    time_remove_window: 0
Complete!
