Total time: 0.0071744
is_optimal: true
optimality_bound: 1
successive_bounds: [1.00297, 1.00297, 1.00297, 1.00297, 1.00297, 1.00297, 1.00297, 1.00297, 1.00297, 1.00297, 1.00297, 1, 1]
successive_runtimes: [0.00208461, 0.00233957, 0.00280907, 0.00332297, 0.0038201, 0.00426508, 0.00481114, 0.00545357, 0.00618868, 0.00652834, 0.0067318, 0.00717438]
num_agents: 10
time_individual_plan: 0.00142721
time_first_plan: 0.000145809
num_max_agents_in_window_first_iteration: 2
num_recWAMPF: 12
timing_recWAMPF:
    total_RecWAMPF: 0.00523364
    num_windows: 23
    num_max_agents_in_window: 2
    timing_gari:
        total_GARI: 0.00483158
        time_path_btw_starts: 8.0211e-05
        Stage1:
            total_Stage1:0.00175966
            time_add_x_to_o: 0.000894231
            time_clear_x: 7.9951e-05
            timing_AStarSearchUntil:
                total_astar_search_until:0.000784165
                num_values_f_less_fmax:95
                ASU Exp:
                    total_ASUExp:0.000783619
                    time_top_o:2.2856e-05
                    time_check_in_c:2.3365e-05
                    time_add_parent:1.9186e-05
                    num_neighbors:1810
                    time_add_neighbors_to_o:0.000633789
        Stage2:
            total_Stage2:0.00171183
            num_len_path:21
            time_expanding_s:2.2375e-05
            timing_AStarSearchUntil:
                total_astar_search_until:0.00168325
                num_values_f_less_fmax:165
                ASU Exp:
                    total_ASUExp:0.00168277
                    time_top_o:3.676e-05
                    time_check_in_c:4.2389e-05
                    time_add_parent:4.4292e-05
                    num_neighbors:3750
                    time_add_neighbors_to_o:0.00139442
        Stage3:
            total_Stage3:0.00127607
            num_until_goal_expanded:54
            timing_S3Exp:
                total_S3Exp: 0.000535331
                time_top_o: 1.1318e-05
                time_check_in_c: 7.05e-06
                time_add_parent: 1.1329e-05
                num_neighbors: 719
                time_add_neighbors_to_o: 0.000411209
    timing_PIOW_overlapping:
        total_PIOW: 3e-07
        num_windows: 11
        time_check_overlap: 0
        num_overlapping_windows: 0
        time_merge_windows: 0
        time_remove_window: 0
        time_remove_window: 0
        timing_PlanIn:
            total_PlanIn:0
            num_until_goal_expanded:0
            timing_expansions:
                total_S3Exp: 0
                time_top_o: 0
                time_check_in_c: 0
                time_add_parent: 0
                num_neighbors: 0
                time_add_neighbors_to_o: 0
    num_new_collisions: 1
    timing_PIOW_new_collisions:
        total_PIOW: 0.000104975
        num_windows: 0
        time_check_overlap: 0
        num_overlapping_windows: 0
        time_merge_windows: 0
        time_remove_window: 0
        time_remove_window: 2.54e-07
        timing_PlanIn:
            total_PlanIn:0.000103364
            num_until_goal_expanded:11
            timing_expansions:
                total_S3Exp: 9.9006e-05
                time_top_o: 1.926e-06
                time_check_in_c: 2.081e-06
                time_add_parent: 3.69e-06
                num_neighbors: 171
                time_add_neighbors_to_o: 7.2524e-05
    num_windows_should_quit: 0
    time_should_quit: 5.96e-07
    time_remove_window: 0
Complete!
