Total time: 0.0280762
is_optimal: false
optimality_bound: 1.00091
successive_bounds: [1.00273, 1.00227, 1.00227, 1.00227, 1.00182, 1.00182, 1.00182, 1.00182, 1.00182, 1.00091]
successive_runtimes: [0.00695626, 0.00772024, 0.00850353, 0.00926063, 0.0102225, 0.0109791, 0.0117457, 0.0132212, 0.0140838, 0.0280762]
num_agents: 40
time_individual_plan: 0.00530006
time_first_plan: 0.00112733
num_max_agents_in_window_first_iteration: 2
num_recWAMPF: 10
timing_recWAMPF:
    total_RecWAMPF: 0.0222453
    num_windows: 93
    num_max_agents_in_window: 3
    timing_gari:
        total_GARI: 0.0153179
        time_path_btw_starts: 0.000172914
        Stage1:
            total_Stage1:0.000559926
            time_add_x_to_o: 0.000500643
            time_clear_x: 5.1438e-05
            timing_AStarSearchUntil:
                total_astar_search_until:3.398e-06
                num_values_f_less_fmax:0
                ASU Exp:
                    total_ASUExp:1.499e-06
                    time_top_o:0
                    time_check_in_c:0
                    time_add_parent:0
                    num_neighbors:0
                    time_add_neighbors_to_o:0
        Stage2:
            total_Stage2:0.0120521
            num_len_path:97
            time_expanding_s:3.9e-05
            timing_AStarSearchUntil:
                total_astar_search_until:0.0119919
                num_values_f_less_fmax:1062
                ASU Exp:
                    total_ASUExp:0.01199
                    time_top_o:0.000301048
                    time_check_in_c:0.000204288
                    time_add_parent:0.000287585
                    num_neighbors:25291
                    time_add_neighbors_to_o:0.0101576
        Stage3:
            total_Stage3:0.00252213
            num_until_goal_expanded:164
            timing_S3Exp:
                total_S3Exp: 0.00157454
                time_top_o: 2.8966e-05
                time_check_in_c: 2.0311e-05
                time_add_parent: 3.6173e-05
                num_neighbors: 2322
                time_add_neighbors_to_o: 0.00121974
    timing_PIOW_overlapping:
        total_PIOW: 0.00229345
        num_windows: 222
        time_check_overlap: 6.342e-06
        num_overlapping_windows: 1
        time_merge_windows: 1.01e-06
        time_remove_window: 1.18e-07
        time_remove_window: 9.61e-07
        timing_PlanIn:
            total_PlanIn:0.00227934
            num_until_goal_expanded:51
            timing_expansions:
                total_S3Exp: 0.00227746
                time_top_o: 1.1538e-05
                time_check_in_c: 9.123e-06
                time_add_parent: 1.3283e-05
                num_neighbors: 3196
                time_add_neighbors_to_o: 0.00205535
    num_new_collisions: 5
    timing_PIOW_new_collisions:
        total_PIOW: 0.000404878
        num_windows: 20
        time_check_overlap: 7.04e-07
        num_overlapping_windows: 0
        time_merge_windows: 0
        time_remove_window: 0
        time_remove_window: 1.566e-06
        timing_PlanIn:
            total_PlanIn:0.000398097
            num_until_goal_expanded:29
            timing_expansions:
                total_S3Exp: 0.000389697
                time_top_o: 4.375e-06
                time_check_in_c: 4.961e-06
                time_add_parent: 8.376e-06
                num_neighbors: 574
                time_add_neighbors_to_o: 0.000321102
    num_windows_should_quit: 0
    time_should_quit: 2.556e-06
    time_remove_window: 0
Complete!
