Total time: 87.9865
is_optimal: false
optimality_bound: 1.001
successive_bounds: [1.02371, 1.00668, 1.00401, 1.00401, 1.00401, 1.00234, 1.00234, 1.00234, 1.002, 1.002, 1.002, 1.00167, 1.001, 1.001, 1.001]
successive_runtimes: [0.0307534, 0.0412788, 0.0467041, 0.0511084, 0.0561845, 0.0655553, 0.0714843, 0.0808808, 0.481628, 0.692256, 1.63199, 3.89915, 4.68784, 54.0804, 87.9865]
num_agents: 40
time_individual_plan: 0.0184977
time_first_plan: 0.0111838
num_max_agents_in_window_first_iteration: 2
num_recWAMPF: 15
timing_recWAMPF:
    total_RecWAMPF: 87.9669
    num_windows: 256
    num_max_agents_in_window: 5
    timing_gari:
        total_GARI: 86.5209
        time_path_btw_starts: 0.00127946
        Stage1:
            total_Stage1:37.979
            time_add_x_to_o: 0.0449689
            time_clear_x: 0.0213462
            timing_AStarSearchUntil:
                total_astar_search_until:37.7095
                num_values_f_less_fmax:3857
                ASU Exp:
                    total_ASUExp:37.7095
                    time_top_o:0.0177773
                    time_check_in_c:0.00196292
                    time_add_parent:0
                    num_neighbors:0
                    time_add_neighbors_to_o:0
        Stage2:
            total_Stage2:46.1315
            num_len_path:264
            time_expanding_s:0.00295077
            timing_AStarSearchUntil:
                total_astar_search_until:45.9631
                num_values_f_less_fmax:5236
                ASU Exp:
                    total_ASUExp:45.9631
                    time_top_o:0.0133865
                    time_check_in_c:0.00338185
                    time_add_parent:0.00787911
                    num_neighbors:1097326
                    time_add_neighbors_to_o:1.08214
        Stage3:
            total_Stage3:2.33646
            num_until_goal_expanded:11075
            timing_S3Exp:
                total_S3Exp: 1.35446
                time_top_o: 0.0146295
                time_check_in_c: 0.00297587
                time_add_parent: 0.00762049
                num_neighbors: 1859704
                time_add_neighbors_to_o: 1.29429
    timing_PIOW_overlapping:
        total_PIOW: 0.0607057
        num_windows: 1183
        time_check_overlap: 7.0674e-05
        num_overlapping_windows: 5
        time_merge_windows: 9.979e-06
        time_remove_window: 8.14e-07
        time_remove_window: 9.618e-06
        timing_PlanIn:
            total_PlanIn:0.0600793
            num_until_goal_expanded:3081
            timing_expansions:
                total_S3Exp: 0.0600604
                time_top_o: 0.00130326
                time_check_in_c: 0.000852576
                time_add_parent: 0.00211783
                num_neighbors: 68556
                time_add_neighbors_to_o: 0.0458071
    num_new_collisions: 13
    timing_PIOW_new_collisions:
        total_PIOW: 1.3702
        num_windows: 72
        time_check_overlap: 7.958e-06
        num_overlapping_windows: 2
        time_merge_windows: 2.532e-06
        time_remove_window: 1.362e-06
        time_remove_window: 3.37e-06
        timing_PlanIn:
            total_PlanIn:1.34689
            num_until_goal_expanded:5374
            timing_expansions:
                total_S3Exp: 1.34683
                time_top_o: 0.00458582
                time_check_in_c: 0.00172283
                time_add_parent: 0.00508796
                num_neighbors: 1654112
                time_add_neighbors_to_o: 1.25617
    num_windows_should_quit: 0
    time_should_quit: 7.821e-06
    time_remove_window: 0
Complete!
