Total time: 0.0721549
is_optimal: false
optimality_bound: 1.00469
successive_bounds: [1.00469, 1.00469, 1.00469, 1.00469, 1.00625, 1.00469, 1.00469, 1.00469]
successive_runtimes: [0.0115092, 0.0166923, 0.0250248, 0.0345543, 0.0426303, 0.0515498, 0.0611403, 0.0721549]
num_agents: 20
time_individual_plan: 0.00805318
time_first_plan: 0.00244163
num_max_agents_in_window_first_iteration: 2
num_recWAMPF: 8
timing_recWAMPF:
    total_RecWAMPF: 0.0630837
    num_windows: 45
    num_max_agents_in_window: 2
    timing_gari:
        total_GARI: 0.0586723
        time_path_btw_starts: 0.00020755
        Stage1:
            total_Stage1:0.0300411
            time_add_x_to_o: 0.0105905
            time_clear_x: 0.00190726
            timing_AStarSearchUntil:
                total_astar_search_until:0.0175393
                num_values_f_less_fmax:5279
                ASU Exp:
                    total_ASUExp:0.0175374
                    time_top_o:0.00251929
                    time_check_in_c:0.0012233
                    time_add_parent:0.00109783
                    num_neighbors:12196
                    time_add_neighbors_to_o:0.00973631
        Stage2:
            total_Stage2:0.00664873
            num_len_path:46
            time_expanding_s:3.6601e-05
            timing_AStarSearchUntil:
                total_astar_search_until:0.00659129
                num_values_f_less_fmax:283
                ASU Exp:
                    total_ASUExp:0.00658951
                    time_top_o:0.000122313
                    time_check_in_c:0.000116297
                    time_add_parent:0.000203295
                    num_neighbors:6672
                    time_add_neighbors_to_o:0.00550979
        Stage3:
            total_Stage3:0.021757
            num_until_goal_expanded:2087
            timing_S3Exp:
                total_S3Exp: 0.0183761
                time_top_o: 0.0010502
                time_check_in_c: 0.000724052
                time_add_parent: 0.00124159
                num_neighbors: 13112
                time_add_neighbors_to_o: 0.0112757
    timing_PIOW_overlapping:
        total_PIOW: 6.897e-06
        num_windows: 63
        time_check_overlap: 3.724e-06
        num_overlapping_windows: 0
        time_merge_windows: 0
        time_remove_window: 0
        time_remove_window: 0
        timing_PlanIn:
            total_PlanIn:0
            num_until_goal_expanded:0
            timing_expansions:
                total_S3Exp: 0
                time_top_o: 0
                time_check_in_c: 0
                time_add_parent: 0
                num_neighbors: 0
                time_add_neighbors_to_o: 0
    num_new_collisions: 4
    timing_PIOW_new_collisions:
        total_PIOW: 0.00284306
        num_windows: 11
        time_check_overlap: 1.189e-06
        num_overlapping_windows: 1
        time_merge_windows: 0
        time_remove_window: 0.0242296
        time_remove_window: 2.681e-06
        timing_PlanIn:
            total_PlanIn:0.00282659
            num_until_goal_expanded:154
            timing_expansions:
                total_S3Exp: 0.00281162
                time_top_o: 4.7387e-05
                time_check_in_c: 6.7988e-05
                time_add_parent: 0.000129294
                num_neighbors: 1907
                time_add_neighbors_to_o: 0.00200094
    num_windows_should_quit: 0
    time_should_quit: 2.39e-06
    time_remove_window: 0
Complete!
