Total time: 0.0164481
is_optimal: true
optimality_bound: 1
successive_bounds: [1.0009, 1.0009, 1.0009, 1.0009, 1.0009, 1.0009, 1.0009, 1.0009, 1.0009, 1.0009, 1.0009, 1.0009, 1.0009, 1.0009, 1.0009, 1.0009, 1.0009, 1.0009, 1.0009, 1.0009, 1.0009, 1.0009, 1.0009, 1.0009, 1.0009, 1.0009, 1.0009, 1.0009, 1.0009, 1.0009, 1.0009, 1.0009, 1.0009, 1, 1]
successive_runtimes: [0.00532354, 0.005635, 0.00593743, 0.00624914, 0.00656962, 0.00688418, 0.00719979, 0.00758228, 0.00790841, 0.00825489, 0.00859399, 0.0089383, 0.00923407, 0.00952122, 0.00980943, 0.0100973, 0.0103872, 0.0106791, 0.0110354, 0.0113305, 0.0116253, 0.0119222, 0.0122215, 0.0125191, 0.0128204, 0.0131246, 0.013429, 0.013737, 0.0140443, 0.0144125, 0.0147229, 0.0150348, 0.0153487, 0.0164481]
num_agents: 30
time_individual_plan: 0.00428305
time_first_plan: 0.000357
num_max_agents_in_window_first_iteration: 2
num_recWAMPF: 34
timing_recWAMPF:
    total_RecWAMPF: 0.0114756
    num_windows: 67
    num_max_agents_in_window: 2
    timing_gari:
        total_GARI: 0.00495483
        time_path_btw_starts: 0.000121645
        Stage1:
            total_Stage1:0.000259648
            time_add_x_to_o: 0.000222837
            time_clear_x: 2.9648e-05
            timing_AStarSearchUntil:
                total_astar_search_until:3.128e-06
                num_values_f_less_fmax:0
                ASU Exp:
                    total_ASUExp:1.482e-06
                    time_top_o:0
                    time_check_in_c:0
                    time_add_parent:0
                    num_neighbors:0
                    time_add_neighbors_to_o:0
        Stage2:
            total_Stage2:0.000900696
            num_len_path:44
            time_expanding_s:2.0486e-05
            timing_AStarSearchUntil:
                total_astar_search_until:0.000860779
                num_values_f_less_fmax:66
                ASU Exp:
                    total_ASUExp:0.000859352
                    time_top_o:1.9276e-05
                    time_check_in_c:1.6283e-05
                    time_add_parent:2.8879e-05
                    num_neighbors:1630
                    time_add_neighbors_to_o:0.000706713
        Stage3:
            total_Stage3:0.00366058
            num_until_goal_expanded:165
            timing_S3Exp:
                total_S3Exp: 0.00184269
                time_top_o: 3.8591e-05
                time_check_in_c: 2.5334e-05
                time_add_parent: 4.0332e-05
                num_neighbors: 2147
                time_add_neighbors_to_o: 0.00133517
    timing_PIOW_overlapping:
        total_PIOW: 1.195e-06
        num_windows: 33
        time_check_overlap: 0
        num_overlapping_windows: 0
        time_merge_windows: 0
        time_remove_window: 0
        time_remove_window: 0
        timing_PlanIn:
            total_PlanIn:0
            num_until_goal_expanded:0
            timing_expansions:
                total_S3Exp: 0
                time_top_o: 0
                time_check_in_c: 0
                time_add_parent: 0
                num_neighbors: 0
                time_add_neighbors_to_o: 0
    num_new_collisions: 1
    timing_PIOW_new_collisions:
        total_PIOW: 0.000150198
        num_windows: 0
        time_check_overlap: 0
        num_overlapping_windows: 0
        time_merge_windows: 0
        time_remove_window: 0
        time_remove_window: 4.34e-07
        timing_PlanIn:
            total_PlanIn:0.000147261
            num_until_goal_expanded:9
            timing_expansions:
                total_S3Exp: 0.000143858
                time_top_o: 2.26e-06
                time_check_in_c: 2.058e-06
                time_add_parent: 4.503e-06
                num_neighbors: 185
                time_add_neighbors_to_o: 0.000114315
    num_windows_should_quit: 0
    time_should_quit: 2.222e-06
    time_remove_window: 0
Complete!
