Total time: 0.236468
is_optimal: true
optimality_bound: 1
successive_bounds: [1.00631, 1.00631, 1.00483, 1.00483, 1.00483, 1.00408, 1.00408, 1.00408, 1.00334, 1.00334, 1.0026, 1.00149, 1.00149, 1.00149, 1.00149, 1.00149, 1.00149, 1.00149, 1.00149, 1.00149, 1.00149, 1.00074, 1, 1]
successive_runtimes: [0.0104102, 0.0142799, 0.0193913, 0.0249308, 0.0304789, 0.0377792, 0.0439039, 0.0524252, 0.0636895, 0.0761838, 0.087752, 0.0977382, 0.107851, 0.118564, 0.129653, 0.140958, 0.15254, 0.165154, 0.178112, 0.191526, 0.205253, 0.220526, 0.236468]
num_agents: 40
time_individual_plan: 0.00544984
time_first_plan: 0.0044273
num_max_agents_in_window_first_iteration: 2
num_recWAMPF: 23
timing_recWAMPF:
    total_RecWAMPF: 0.230481
    num_windows: 495
    num_max_agents_in_window: 2
    timing_gari:
        total_GARI: 0.216292
        time_path_btw_starts: 0.00101953
        Stage1:
            total_Stage1:0.120084
            time_add_x_to_o: 0.0469762
            time_clear_x: 0.00851603
            timing_AStarSearchUntil:
                total_astar_search_until:0.0645656
                num_values_f_less_fmax:21791
                ASU Exp:
                    total_ASUExp:0.0645541
                    time_top_o:0.006663
                    time_check_in_c:0.00463812
                    time_add_parent:0.00276628
                    num_neighbors:115373
                    time_add_neighbors_to_o:0.0424118
        Stage2:
            total_Stage2:0.0173252
            num_len_path:478
            time_expanding_s:0.000254341
            timing_AStarSearchUntil:
                total_astar_search_until:0.016892
                num_values_f_less_fmax:1335
                ASU Exp:
                    total_ASUExp:0.0168823
                    time_top_o:0.000398113
                    time_check_in_c:0.000272604
                    time_add_parent:0.000539588
                    num_neighbors:35530
                    time_add_neighbors_to_o:0.0141976
        Stage3:
            total_Stage3:0.0777766
            num_until_goal_expanded:7252
            timing_S3Exp:
                total_S3Exp: 0.0346237
                time_top_o: 0.00189972
                time_check_in_c: 0.00114732
                time_add_parent: 0.00223663
                num_neighbors: 46910
                time_add_neighbors_to_o: 0.0202679
    timing_PIOW_overlapping:
        total_PIOW: 0.000144208
        num_windows: 2662
        time_check_overlap: 8.7788e-05
        num_overlapping_windows: 0
        time_merge_windows: 0
        time_remove_window: 0
        time_remove_window: 0
        timing_PlanIn:
            total_PlanIn:0
            num_until_goal_expanded:0
            timing_expansions:
                total_S3Exp: 0
                time_top_o: 0
                time_check_in_c: 0
                time_add_parent: 0
                num_neighbors: 0
                time_add_neighbors_to_o: 0
    num_new_collisions: 11
    timing_PIOW_new_collisions:
        total_PIOW: 0.0020533
        num_windows: 110
        time_check_overlap: 2.997e-06
        num_overlapping_windows: 0
        time_merge_windows: 0
        time_remove_window: 0
        time_remove_window: 4.818e-06
        timing_PlanIn:
            total_PlanIn:0.00203464
            num_until_goal_expanded:264
            timing_expansions:
                total_S3Exp: 0.00201725
                time_top_o: 4.5403e-05
                time_check_in_c: 6.3471e-05
                time_add_parent: 6.8953e-05
                num_neighbors: 2543
                time_add_neighbors_to_o: 0.00142178
    num_windows_should_quit: 0
    time_should_quit: 2.4238e-05
    time_remove_window: 0
Complete!
