Total time: 0.0299003
is_optimal: true
optimality_bound: 1
successive_bounds: [1.00215, 1.00107, 1.00107, 1.00107, 1.00107, 1.00107, 1.00107, 1.00107, 1.00107, 1.00107, 1.00107, 1.00107, 1.00107, 1.00107, 1.00107, 1.00107, 1.00107, 1.00107, 1, 1]
successive_runtimes: [0.00589012, 0.00656693, 0.00721563, 0.0099435, 0.0121794, 0.0135452, 0.0148677, 0.0161105, 0.0172347, 0.0182551, 0.019673, 0.0209039, 0.0221211, 0.0233687, 0.024645, 0.0258468, 0.0270463, 0.0283606, 0.0299002]
num_agents: 30
time_individual_plan: 0.00437444
time_first_plan: 0.000807444
num_max_agents_in_window_first_iteration: 2
num_recWAMPF: 19
timing_recWAMPF:
    total_RecWAMPF: 0.024813
    num_windows: 134
    num_max_agents_in_window: 3
    timing_gari:
        total_GARI: 0.0181368
        time_path_btw_starts: 0.000281937
        Stage1:
            total_Stage1:0.00460176
            time_add_x_to_o: 0.00332367
            time_clear_x: 0.00050079
            timing_AStarSearchUntil:
                total_astar_search_until:0.000768755
                num_values_f_less_fmax:63
                ASU Exp:
                    total_ASUExp:0.000765341
                    time_top_o:1.8932e-05
                    time_check_in_c:2.1552e-05
                    time_add_parent:2.0503e-05
                    num_neighbors:1530
                    time_add_neighbors_to_o:0.000620344
        Stage2:
            total_Stage2:0.00336405
            num_len_path:95
            time_expanding_s:0.000104215
            timing_AStarSearchUntil:
                total_astar_search_until:0.00321738
                num_values_f_less_fmax:175
                ASU Exp:
                    total_ASUExp:0.00321436
                    time_top_o:5.334e-05
                    time_check_in_c:3.7738e-05
                    time_add_parent:7.3833e-05
                    num_neighbors:6713
                    time_add_neighbors_to_o:0.00279308
        Stage3:
            total_Stage3:0.00986588
            num_until_goal_expanded:481
            timing_S3Exp:
                total_S3Exp: 0.00471706
                time_top_o: 0.000121636
                time_check_in_c: 7.8664e-05
                time_add_parent: 0.000139865
                num_neighbors: 6844
                time_add_neighbors_to_o: 0.0034954
    timing_PIOW_overlapping:
        total_PIOW: 0.00210113
        num_windows: 242
        time_check_overlap: 1.122e-05
        num_overlapping_windows: 1
        time_merge_windows: 1.209e-06
        time_remove_window: 1.62e-07
        time_remove_window: 1.141e-06
        timing_PlanIn:
            total_PlanIn:0.00207707
            num_until_goal_expanded:46
            timing_expansions:
                total_S3Exp: 0.0020747
                time_top_o: 1.1904e-05
                time_check_in_c: 9.914e-06
                time_add_parent: 1.596e-05
                num_neighbors: 2986
                time_add_neighbors_to_o: 0.00186494
    num_new_collisions: 5
    timing_PIOW_new_collisions:
        total_PIOW: 0.000806038
        num_windows: 18
        time_check_overlap: 1.284e-06
        num_overlapping_windows: 0
        time_merge_windows: 0
        time_remove_window: 0
        time_remove_window: 1.453e-06
        timing_PlanIn:
            total_PlanIn:0.000796522
            num_until_goal_expanded:65
            timing_expansions:
                total_S3Exp: 0.000785667
                time_top_o: 1.214e-05
                time_check_in_c: 1.46e-05
                time_add_parent: 5.12e-05
                num_neighbors: 965
                time_add_neighbors_to_o: 0.000571708
    num_windows_should_quit: 0
    time_should_quit: 4.661e-06
    time_remove_window: 0
Complete!
