Total time: 290.564
is_optimal: true
optimality_bound: 1
successive_bounds: [1.00432, 1.00432, 1.00432, 1.00432, 1.00432, 1.00432, 1.0036, 1.0036, 1.0036, 1.0036, 1.0036, 1.00288, 1.00288, 1.00288, 1.00288, 1.00288, 1.00288, 1.00288, 1.00216, 1.00144, 1.00144, 1.00144, 1.00144, 1.00144, 1.00072, 1.00072, 1.00072, 1.00072, 1.00072, 1.00072, 1.00072, 1.00072, 1.00072, 1.00072, 1.00072, 1, 1]
successive_runtimes: [0.00754827, 0.00943782, 0.011334, 0.0137271, 0.0163246, 0.0184847, 0.0205923, 0.0226785, 0.0755963, 0.162808, 0.262515, 0.688402, 2.2509, 5.48773, 10.7276, 16.6168, 22.0852, 28.8065, 37.4332, 44.7044, 52.6145, 62.0147, 71.2907, 83.3219, 94.2325, 106.665, 118.293, 131.406, 146.188, 160.217, 176.374, 194.071, 211.074, 228.707, 246.918, 290.564]
num_agents: 40
time_individual_plan: 0.00494403
time_first_plan: 0.00208747
num_max_agents_in_window_first_iteration: 2
num_recWAMPF: 36
timing_recWAMPF:
    total_RecWAMPF: 290.559
    num_windows: 269
    num_max_agents_in_window: 5
    timing_gari:
        total_GARI: 289.966
        time_path_btw_starts: 0.0361662
        Stage1:
            total_Stage1:143.91
            time_add_x_to_o: 38.6673
            time_clear_x: 22.8248
            timing_AStarSearchUntil:
                total_astar_search_until:82.4176
                num_values_f_less_fmax:435558
                ASU Exp:
                    total_ASUExp:82.4176
                    time_top_o:0.869375
                    time_check_in_c:1.55514
                    time_add_parent:0.218264
                    num_neighbors:126285296
                    time_add_neighbors_to_o:77.5856
        Stage2:
            total_Stage2:0.033835
            num_len_path:208
            time_expanding_s:0.000188922
            timing_AStarSearchUntil:
                total_astar_search_until:0.0334471
                num_values_f_less_fmax:519
                ASU Exp:
                    total_ASUExp:0.0334412
                    time_top_o:0.000207113
                    time_check_in_c:0.000121572
                    time_add_parent:0.0036881
                    num_neighbors:37980
                    time_add_neighbors_to_o:0.0287561
        Stage3:
            total_Stage3:145.986
            num_until_goal_expanded:82967
            timing_S3Exp:
                total_S3Exp: 30.7838
                time_top_o: 0.220727
                time_check_in_c: 0.0902844
                time_add_parent: 0.0509392
                num_neighbors: 47470438
                time_add_neighbors_to_o: 30.0631
    timing_PIOW_overlapping:
        total_PIOW: 0.387911
        num_windows: 572
        time_check_overlap: 3.5568e-05
        num_overlapping_windows: 3
        time_merge_windows: 5.85e-06
        time_remove_window: 1.281e-06
        time_remove_window: 5.707e-06
        timing_PlanIn:
            total_PlanIn:0.387843
            num_until_goal_expanded:2053
            timing_expansions:
                total_S3Exp: 0.387834
                time_top_o: 0.00115119
                time_check_in_c: 0.000487683
                time_add_parent: 0.000759563
                num_neighbors: 742248
                time_add_neighbors_to_o: 0.363549
    num_new_collisions: 7
    timing_PIOW_new_collisions:
        total_PIOW: 0.187362
        num_windows: 34
        time_check_overlap: 1.65e-06
        num_overlapping_windows: 1
        time_merge_windows: 0
        time_remove_window: 290.389
        time_remove_window: 4.468e-06
        timing_PlanIn:
            total_PlanIn:0.187342
            num_until_goal_expanded:270
            timing_expansions:
                total_S3Exp: 0.187326
                time_top_o: 0.000153884
                time_check_in_c: 7.1348e-05
                time_add_parent: 0.00010199
                num_neighbors: 203544
                time_add_neighbors_to_o: 0.181405
    num_windows_should_quit: 2
    time_should_quit: 1.8642e-05
    time_remove_window: 7.99e-07
Complete!
