Total time: 0.0581712
is_optimal: true
optimality_bound: 1
successive_bounds: [1.00306, 1.00306, 1.00306, 1.00306, 1.00306, 1.00306, 1.00306, 1.00306, 1.00306, 1.00306, 1.00306, 1.00306, 1.00306, 1.00306, 1.00306, 1.00306, 1.00306, 1.00306, 1.00306, 1.00306, 1.00306, 1.00306, 1.00306, 1.00306, 1.00306, 1.00306, 1, 1]
successive_runtimes: [0.00199289, 0.00239696, 0.00275675, 0.00311767, 0.00347203, 0.00382869, 0.00418417, 0.00459163, 0.00494798, 0.0053081, 0.00569504, 0.00617271, 0.00670945, 0.00725971, 0.00788033, 0.00863617, 0.00943688, 0.0103162, 0.0112019, 0.0122563, 0.0132897, 0.0144001, 0.0206317, 0.029559, 0.0387142, 0.0480459, 0.0581712]
num_agents: 10
time_individual_plan: 0.00118054
time_first_plan: 0.000301591
num_max_agents_in_window_first_iteration: 2
num_recWAMPF: 27
timing_recWAMPF:
    total_RecWAMPF: 0.0564768
    num_windows: 53
    num_max_agents_in_window: 2
    timing_gari:
        total_GARI: 0.055599
        time_path_btw_starts: 0.000106107
        Stage1:
            total_Stage1:0.0414977
            time_add_x_to_o: 0.012161
            time_clear_x: 0.00212049
            timing_AStarSearchUntil:
                total_astar_search_until:0.027213
                num_values_f_less_fmax:5761
                ASU Exp:
                    total_ASUExp:0.0272116
                    time_top_o:0.00180245
                    time_check_in_c:0.00121739
                    time_add_parent:0.00104242
                    num_neighbors:52030
                    time_add_neighbors_to_o:0.0198336
        Stage2:
            total_Stage2:0.00592328
            num_len_path:55
            time_expanding_s:2.1215e-05
            timing_AStarSearchUntil:
                total_astar_search_until:0.00588671
                num_values_f_less_fmax:402
                ASU Exp:
                    total_ASUExp:0.00588556
                    time_top_o:0.000108818
                    time_check_in_c:8.2405e-05
                    time_add_parent:0.000109458
                    num_neighbors:11958
                    time_add_neighbors_to_o:0.00520119
        Stage3:
            total_Stage3:0.00806315
            num_until_goal_expanded:981
            timing_S3Exp:
                total_S3Exp: 0.00443728
                time_top_o: 0.000226038
                time_check_in_c: 0.000144346
                time_add_parent: 0.000276591
                num_neighbors: 7423
                time_add_neighbors_to_o: 0.0027936
    timing_PIOW_overlapping:
        total_PIOW: 7.14e-07
        num_windows: 26
        time_check_overlap: 0
        num_overlapping_windows: 0
        time_merge_windows: 0
        time_remove_window: 0
        time_remove_window: 0
        timing_PlanIn:
            total_PlanIn:0
            num_until_goal_expanded:0
            timing_expansions:
                total_S3Exp: 0
                time_top_o: 0
                time_check_in_c: 0
                time_add_parent: 0
                num_neighbors: 0
                time_add_neighbors_to_o: 0
    num_new_collisions: 1
    timing_PIOW_new_collisions:
        total_PIOW: 0.00026518
        num_windows: 0
        time_check_overlap: 0
        num_overlapping_windows: 0
        time_merge_windows: 0
        time_remove_window: 0
        time_remove_window: 2.57e-07
        timing_PlanIn:
            total_PlanIn:0.000263774
            num_until_goal_expanded:40
            timing_expansions:
                total_S3Exp: 0.000260676
                time_top_o: 5.031e-06
                time_check_in_c: 8.221e-06
                time_add_parent: 1.0868e-05
                num_neighbors: 304
                time_add_neighbors_to_o: 0.000155755
    num_windows_should_quit: 0
    time_should_quit: 1.437e-06
    time_remove_window: 0
Complete!
