Total time: 331.576
is_optimal: false
optimality_bound: 1.00152
successive_bounds: [1.02057, 1.00498, 1.00282, 1.00238, 1.00195, 1.00195, 1.00195, 1.00152, 1.00152, 1.00152, 1.00152, 1.00152]
successive_runtimes: [0.0902233, 0.192464, 310.03, 310.106, 311.19, 319.585, 325.908, 326.335, 327.066, 328.493, 330.166, 331.576]
num_agents: 70
time_individual_plan: 0.0419951
time_first_plan: 0.0467412
num_max_agents_in_window_first_iteration: 3
num_recWAMPF: 12
timing_recWAMPF:
    total_RecWAMPF: 331.533
    num_windows: 312
    num_max_agents_in_window: 4
    timing_gari:
        total_GARI: 6.62003
        time_path_btw_starts: 0.0105805
        Stage1:
            total_Stage1:5.5505
            time_add_x_to_o: 1.12161
            time_clear_x: 0.336841
            timing_AStarSearchUntil:
                total_astar_search_until:3.1939
                num_values_f_less_fmax:45056
                ASU Exp:
                    total_ASUExp:3.19389
                    time_top_o:0.0583786
                    time_check_in_c:0.0230583
                    time_add_parent:0.0358596
                    num_neighbors:5583059
                    time_add_neighbors_to_o:3.86181
        Stage2:
            total_Stage2:0.249796
            num_len_path:316
            time_expanding_s:0.00980086
            timing_AStarSearchUntil:
                total_astar_search_until:0.239748
                num_values_f_less_fmax:1269
                ASU Exp:
                    total_ASUExp:0.239739
                    time_top_o:0.00073481
                    time_check_in_c:0.000474153
                    time_add_parent:0.00410838
                    num_neighbors:207146
                    time_add_neighbors_to_o:0.150371
        Stage3:
            total_Stage3:0.807615
            num_until_goal_expanded:3339
            timing_S3Exp:
                total_S3Exp: 0.0761298
                time_top_o: 0.0013969
                time_check_in_c: 0.00085467
                time_add_parent: 0.00219722
                num_neighbors: 80249
                time_add_neighbors_to_o: 0.0605091
    timing_PIOW_overlapping:
        total_PIOW: 317.447
        num_windows: 2357
        time_check_overlap: 0.000106317
        num_overlapping_windows: 10
        time_merge_windows: 3.0539e-05
        time_remove_window: 5.172e-06
        time_remove_window: 2.9715e-05
        timing_PlanIn:
            total_PlanIn:317.447
            num_until_goal_expanded:727173
            timing_expansions:
                total_S3Exp: 11.5839
                time_top_o: 1.42043
                time_check_in_c: 0.479665
                time_add_parent: 0.716063
                num_neighbors: 366653683
                time_add_neighbors_to_o: 283.603
    num_new_collisions: 22
    timing_PIOW_new_collisions:
        total_PIOW: 6.20752
        num_windows: 434
        time_check_overlap: 2.4887e-05
        num_overlapping_windows: 3
        time_merge_windows: 0
        time_remove_window: 623.505
        time_remove_window: 2.3315e-05
        timing_PlanIn:
            total_PlanIn:6.20739
            num_until_goal_expanded:13251
            timing_expansions:
                total_S3Exp: 6.20729
                time_top_o: 0.0197654
                time_check_in_c: 0.00819773
                time_add_parent: 0.0133701
                num_neighbors: 7806146
                time_add_neighbors_to_o: 5.82719
    num_windows_should_quit: 0
    time_should_quit: 3.2137e-05
    time_remove_window: 0
Complete!
