Total time: 1.46124
is_optimal: true
optimality_bound: 1
successive_bounds: [1.00271, 1.00194, 1.00194, 1.00194, 1.00194, 1.00194, 1.00194, 1.00194, 1.00116, 1.00116, 1.00078, 1.00078, 1, 1]
successive_runtimes: [1.43179, 1.43551, 1.43723, 1.43906, 1.44097, 1.44293, 1.44489, 1.44696, 1.44921, 1.45269, 1.45571, 1.45819, 1.46124]
num_agents: 40
time_individual_plan: 0.00419692
time_first_plan: 1.42701
num_max_agents_in_window_first_iteration: 3
num_recWAMPF: 13
timing_recWAMPF:
    total_RecWAMPF: 1.45646
    num_windows: 125
    num_max_agents_in_window: 3
    timing_gari:
        total_GARI: 0.0243953
        time_path_btw_starts: 0.000281965
        Stage1:
            total_Stage1:0.00781506
            time_add_x_to_o: 0.00485034
            time_clear_x: 0.000861974
            timing_AStarSearchUntil:
                total_astar_search_until:0.00209613
                num_values_f_less_fmax:599
                ASU Exp:
                    total_ASUExp:0.00209328
                    time_top_o:0.000145587
                    time_check_in_c:0.000101449
                    time_add_parent:7.361e-05
                    num_neighbors:3920
                    time_add_neighbors_to_o:0.00146821
        Stage2:
            total_Stage2:0.00377247
            num_len_path:116
            time_expanding_s:0.000166625
            timing_AStarSearchUntil:
                total_astar_search_until:0.00357182
                num_values_f_less_fmax:242
                ASU Exp:
                    total_ASUExp:0.00356921
                    time_top_o:5.9243e-05
                    time_check_in_c:4.5406e-05
                    time_add_parent:7.2351e-05
                    num_neighbors:8059
                    time_add_neighbors_to_o:0.00311149
        Stage3:
            total_Stage3:0.0120457
            num_until_goal_expanded:975
            timing_S3Exp:
                total_S3Exp: 0.00710307
                time_top_o: 0.000238948
                time_check_in_c: 0.000123478
                time_add_parent: 0.000227324
                num_neighbors: 13084
                time_add_neighbors_to_o: 0.00501863
    timing_PIOW_overlapping:
        total_PIOW: 1.817e-05
        num_windows: 300
        time_check_overlap: 1.098e-05
        num_overlapping_windows: 0
        time_merge_windows: 0
        time_remove_window: 0
        time_remove_window: 0
        timing_PlanIn:
            total_PlanIn:0
            num_until_goal_expanded:0
            timing_expansions:
                total_S3Exp: 0
                time_top_o: 0
                time_check_in_c: 0
                time_add_parent: 0
                num_neighbors: 0
                time_add_neighbors_to_o: 0
    num_new_collisions: 6
    timing_PIOW_new_collisions:
        total_PIOW: 1.42549
        num_windows: 28
        time_check_overlap: 1.399e-06
        num_overlapping_windows: 1
        time_merge_windows: 2.356e-06
        time_remove_window: 2.69e-07
        time_remove_window: 2.688e-06
        timing_PlanIn:
            total_PlanIn:1.42546
            num_until_goal_expanded:90150
            timing_expansions:
                total_S3Exp: 0.214712
                time_top_o: 0.0249108
                time_check_in_c: 0.0160846
                time_add_parent: 0.0219536
                num_neighbors: 2620532
                time_add_neighbors_to_o: 1.06689
    num_windows_should_quit: 0
    time_should_quit: 5.182e-06
    time_remove_window: 0
Complete!
