Total time: 47.9925
is_optimal: false
optimality_bound: 1.00964
successive_bounds: [1.01099, 1.01009, 1.01009, 1.01009, 1.01009, 1.01009, 1.00964, 1.00964]
successive_runtimes: [0.0392012, 0.0599847, 0.0631149, 0.0658641, 4.3632, 15.7489, 33.5729, 47.9925]
num_agents: 60
time_individual_plan: 0.015831
time_first_plan: 0.0227699
num_max_agents_in_window_first_iteration: 3
num_recWAMPF: 8
timing_recWAMPF:
    total_RecWAMPF: 47.9761
    num_windows: 137
    num_max_agents_in_window: 5
    timing_gari:
        total_GARI: 43.6348
        time_path_btw_starts: 0.000380144
        Stage1:
            total_Stage1:31.1727
            time_add_x_to_o: 7.39778
            time_clear_x: 2.833
            timing_AStarSearchUntil:
                total_astar_search_until:20.9419
                num_values_f_less_fmax:19452
                ASU Exp:
                    total_ASUExp:20.9419
                    time_top_o:0.0561015
                    time_check_in_c:0.104726
                    time_add_parent:0.0106908
                    num_neighbors:33316477
                    time_add_neighbors_to_o:20.721
        Stage2:
            total_Stage2:0.100291
            num_len_path:118
            time_expanding_s:0.0019049
            timing_AStarSearchUntil:
                total_astar_search_until:0.0983323
                num_values_f_less_fmax:297
                ASU Exp:
                    total_ASUExp:0.0983292
                    time_top_o:0.000149348
                    time_check_in_c:7.5652e-05
                    time_add_parent:0.000755865
                    num_neighbors:151885
                    time_add_neighbors_to_o:0.0925579
        Stage3:
            total_Stage3:12.3614
            num_until_goal_expanded:6869
            timing_S3Exp:
                total_S3Exp: 7.89527
                time_top_o: 0.016962
                time_check_in_c: 0.0036571
                time_add_parent: 0.00731798
                num_neighbors: 11362837
                time_add_neighbors_to_o: 7.8234
    timing_PIOW_overlapping:
        total_PIOW: 0.0648454
        num_windows: 748
        time_check_overlap: 3.3083e-05
        num_overlapping_windows: 12
        time_merge_windows: 1.1251e-05
        time_remove_window: 2.494e-06
        time_remove_window: 1.057e-05
        timing_PlanIn:
            total_PlanIn:0.0647609
            num_until_goal_expanded:921
            timing_expansions:
                total_S3Exp: 0.0647356
                time_top_o: 0.000257763
                time_check_in_c: 0.000199062
                time_add_parent: 0.000281753
                num_neighbors: 106878
                time_add_neighbors_to_o: 0.0593468
    num_new_collisions: 22
    timing_PIOW_new_collisions:
        total_PIOW: 4.26499
        num_windows: 430
        time_check_overlap: 1.6008e-05
        num_overlapping_windows: 2
        time_merge_windows: 0
        time_remove_window: 0.137927
        time_remove_window: 1.4381e-05
        timing_PlanIn:
            total_PlanIn:4.26492
            num_until_goal_expanded:3119
            timing_expansions:
                total_S3Exp: 4.26487
                time_top_o: 0.00426423
                time_check_in_c: 0.00101239
                time_add_parent: 0.00154301
                num_neighbors: 6798572
                time_add_neighbors_to_o: 4.05055
    num_windows_should_quit: 0
    time_should_quit: 9.839e-06
    time_remove_window: 0
Complete!
