Total time: 1.75572
is_optimal: false
optimality_bound: 1.00071
successive_bounds: [1.00332, 1.00261, 1.00213, 1.00166, 1.00119, 1.00119, 1.00119, 1.00119, 1.00071, 1.00071, 1.00071, 1.00071, 1.00071, 1.00071, 1.00071, 1.00071, 1.00071, 1.00071, 1.00071, 1.00071, 1.00071]
successive_runtimes: [0.0688765, 0.0924982, 0.111185, 0.120506, 0.126778, 0.132578, 0.172394, 0.253955, 0.399664, 0.571954, 0.788764, 1.33623, 1.40332, 1.44978, 1.49208, 1.53679, 1.58202, 1.62513, 1.66894, 1.71224, 1.75572]
num_agents: 40
time_individual_plan: 0.050093
time_first_plan: 0.0177333
num_max_agents_in_window_first_iteration: 3
num_recWAMPF: 21
timing_recWAMPF:
    total_RecWAMPF: 1.70456
    num_windows: 269
    num_max_agents_in_window: 3
    timing_gari:
        total_GARI: 1.12968
        time_path_btw_starts: 0.00124584
        Stage1:
            total_Stage1:0.498091
            time_add_x_to_o: 0.146999
            time_clear_x: 0.0465114
            timing_AStarSearchUntil:
                total_astar_search_until:0.304556
                num_values_f_less_fmax:10165
                ASU Exp:
                    total_ASUExp:0.304546
                    time_top_o:0.0110489
                    time_check_in_c:0.00377368
                    time_add_parent:0.00465235
                    num_neighbors:372607
                    time_add_neighbors_to_o:0.269318
        Stage2:
            total_Stage2:0.0489465
            num_len_path:289
            time_expanding_s:0.000716357
            timing_AStarSearchUntil:
                total_astar_search_until:0.0480518
                num_values_f_less_fmax:1939
                ASU Exp:
                    total_ASUExp:0.048044
                    time_top_o:0.000989867
                    time_check_in_c:0.000714807
                    time_add_parent:0.00152065
                    num_neighbors:55238
                    time_add_neighbors_to_o:0.0406112
        Stage3:
            total_Stage3:0.581297
            num_until_goal_expanded:6042
            timing_S3Exp:
                total_S3Exp: 0.142032
                time_top_o: 0.00361014
                time_check_in_c: 0.00203935
                time_add_parent: 0.00417526
                num_neighbors: 143573
                time_add_neighbors_to_o: 0.111616
    timing_PIOW_overlapping:
        total_PIOW: 0.542524
        num_windows: 931
        time_check_overlap: 5.453e-05
        num_overlapping_windows: 3
        time_merge_windows: 1.0956e-05
        time_remove_window: 1.745e-06
        time_remove_window: 1.0756e-05
        timing_PlanIn:
            total_PlanIn:0.542415
            num_until_goal_expanded:5978
            timing_expansions:
                total_S3Exp: 0.5424
                time_top_o: 0.00316779
                time_check_in_c: 0.00184004
                time_add_parent: 0.00438128
                num_neighbors: 590184
                time_add_neighbors_to_o: 0.495584
    num_new_collisions: 9
    timing_PIOW_new_collisions:
        total_PIOW: 0.0132179
        num_windows: 78
        time_check_overlap: 4.292e-06
        num_overlapping_windows: 1
        time_merge_windows: 0
        time_remove_window: 0.0643863
        time_remove_window: 5.562e-06
        timing_PlanIn:
            total_PlanIn:0.0131825
            num_until_goal_expanded:590
            timing_expansions:
                total_S3Exp: 0.0130106
                time_top_o: 0.000167066
                time_check_in_c: 0.00021956
                time_add_parent: 0.000429776
                num_neighbors: 11381
                time_add_neighbors_to_o: 0.0102037
    num_windows_should_quit: 0
    time_should_quit: 2.3025e-05
    time_remove_window: 0
Complete!
