Total time: 0.0255476
is_optimal: true
optimality_bound: 1
successive_bounds: [1.00198, 1.00198, 1.00198, 1.00198, 1.00198, 1.00198, 1.00198, 1.00198, 1.00198, 1.00198, 1.00198, 1.00198, 1.00198, 1.00198, 1.00198, 1.00099, 1.00099, 1.00099, 1.00099, 1.00099, 1.00099, 1.00099, 1.00099, 1.00099, 1.00099, 1.00099, 1.00099, 1.00099, 1.00099, 1.00099, 1, 1]
successive_runtimes: [0.00451221, 0.00498168, 0.00549308, 0.00594731, 0.00640157, 0.00685504, 0.0073112, 0.0077575, 0.00826825, 0.00873038, 0.00918672, 0.00964638, 0.0101252, 0.0105977, 0.0110703, 0.0119049, 0.012504, 0.0131184, 0.0137247, 0.0143284, 0.0149302, 0.0179557, 0.0194705, 0.0206872, 0.0214118, 0.0220432, 0.0226788, 0.0233644, 0.0240035, 0.0246429, 0.0255476]
num_agents: 30
time_individual_plan: 0.00344586
time_first_plan: 0.00053714
num_max_agents_in_window_first_iteration: 2
num_recWAMPF: 31
timing_recWAMPF:
    total_RecWAMPF: 0.0215682
    num_windows: 122
    num_max_agents_in_window: 2
    timing_gari:
        total_GARI: 0.0138033
        time_path_btw_starts: 0.000195125
        Stage1:
            total_Stage1:0.00268743
            time_add_x_to_o: 0.00162944
            time_clear_x: 0.000213223
            timing_AStarSearchUntil:
                total_astar_search_until:0.000838645
                num_values_f_less_fmax:405
                ASU Exp:
                    total_ASUExp:0.000835845
                    time_top_o:0.000101111
                    time_check_in_c:5.6815e-05
                    time_add_parent:1.7923e-05
                    num_neighbors:1640
                    time_add_neighbors_to_o:0.00054555
        Stage2:
            total_Stage2:0.00358057
            num_len_path:84
            time_expanding_s:3.3341e-05
            timing_AStarSearchUntil:
                total_astar_search_until:0.00351615
                num_values_f_less_fmax:279
                ASU Exp:
                    total_ASUExp:0.00351355
                    time_top_o:7.1809e-05
                    time_check_in_c:5.7786e-05
                    time_add_parent:7.8034e-05
                    num_neighbors:7500
                    time_add_neighbors_to_o:0.00300986
        Stage3:
            total_Stage3:0.00732296
            num_until_goal_expanded:657
            timing_S3Exp:
                total_S3Exp: 0.00382208
                time_top_o: 0.000132506
                time_check_in_c: 9.3778e-05
                time_add_parent: 0.000177868
                num_neighbors: 5954
                time_add_neighbors_to_o: 0.00255509
    timing_PIOW_overlapping:
        total_PIOW: 7.1e-06
        num_windows: 120
        time_check_overlap: 3.275e-06
        num_overlapping_windows: 0
        time_merge_windows: 0
        time_remove_window: 0
        time_remove_window: 0
        timing_PlanIn:
            total_PlanIn:0
            num_until_goal_expanded:0
            timing_expansions:
                total_S3Exp: 0
                time_top_o: 0
                time_check_in_c: 0
                time_add_parent: 0
                num_neighbors: 0
                time_add_neighbors_to_o: 0
    num_new_collisions: 2
    timing_PIOW_new_collisions:
        total_PIOW: 0.000190377
        num_windows: 2
        time_check_overlap: 1.75e-07
        num_overlapping_windows: 0
        time_merge_windows: 0
        time_remove_window: 0
        time_remove_window: 6.57e-07
        timing_PlanIn:
            total_PlanIn:0.00018723
            num_until_goal_expanded:20
            timing_expansions:
                total_S3Exp: 0.000182708
                time_top_o: 2.98e-06
                time_check_in_c: 3.694e-06
                time_add_parent: 5.915e-06
                num_neighbors: 280
                time_add_neighbors_to_o: 0.000127086
    num_windows_should_quit: 0
    time_should_quit: 2.906e-06
    time_remove_window: 0
Complete!
