Total time: 0.0694897
is_optimal: true
optimality_bound: 1
successive_bounds: [1.03709, 1.00193, 1.00193, 1.00193, 1.00096, 1.00096, 1.00096, 1, 1]
successive_runtimes: [0.0118228, 0.0516665, 0.0545224, 0.0579218, 0.0613823, 0.0643379, 0.067314, 0.0694897]
num_agents: 30
time_individual_plan: 0.00449332
time_first_plan: 0.00679432
num_max_agents_in_window_first_iteration: 2
num_recWAMPF: 8
timing_recWAMPF:
    total_RecWAMPF: 0.0644592
    num_windows: 45
    num_max_agents_in_window: 2
    timing_gari:
        total_GARI: 0.0504978
        time_path_btw_starts: 0.000127384
        Stage1:
            total_Stage1:0.0426709
            time_add_x_to_o: 0.00608849
            time_clear_x: 0.000893589
            timing_AStarSearchUntil:
                total_astar_search_until:0.00496659
                num_values_f_less_fmax:8960
                ASU Exp:
                    total_ASUExp:0.00496562
                    time_top_o:0.00242908
                    time_check_in_c:0.00136307
                    time_add_parent:0.000881613
                    num_neighbors:66571
                    time_add_neighbors_to_o:0.0268835
        Stage2:
            total_Stage2:0.000765876
            num_len_path:43
            time_expanding_s:2.409e-05
            timing_AStarSearchUntil:
                total_astar_search_until:0.000730068
                num_values_f_less_fmax:61
                ASU Exp:
                    total_ASUExp:0.000729202
                    time_top_o:1.4844e-05
                    time_check_in_c:1.5765e-05
                    time_add_parent:1.8583e-05
                    num_neighbors:1585
                    time_add_neighbors_to_o:0.000606291
        Stage3:
            total_Stage3:0.00692656
            num_until_goal_expanded:1451
            timing_S3Exp:
                total_S3Exp: 0.00557845
                time_top_o: 0.000337993
                time_check_in_c: 0.000191902
                time_add_parent: 0.000393104
                num_neighbors: 8072
                time_add_neighbors_to_o: 0.00302766
    timing_PIOW_overlapping:
        total_PIOW: 3.931e-06
        num_windows: 63
        time_check_overlap: 1.972e-06
        num_overlapping_windows: 0
        time_merge_windows: 0
        time_remove_window: 0
        time_remove_window: 0
        timing_PlanIn:
            total_PlanIn:0
            num_until_goal_expanded:0
            timing_expansions:
                total_S3Exp: 0
                time_top_o: 0
                time_check_in_c: 0
                time_add_parent: 0
                num_neighbors: 0
                time_add_neighbors_to_o: 0
    num_new_collisions: 3
    timing_PIOW_new_collisions:
        total_PIOW: 0.00625878
        num_windows: 6
        time_check_overlap: 2.85e-07
        num_overlapping_windows: 0
        time_merge_windows: 0
        time_remove_window: 0
        time_remove_window: 1.162e-06
        timing_PlanIn:
            total_PlanIn:0.00625294
            num_until_goal_expanded:535
            timing_expansions:
                total_S3Exp: 0.00624653
                time_top_o: 7.365e-05
                time_check_in_c: 0.000103769
                time_add_parent: 0.000135941
                num_neighbors: 11416
                time_add_neighbors_to_o: 0.00513139
    num_windows_should_quit: 0
    time_should_quit: 1.558e-06
    time_remove_window: 0
Complete!
