Total time: 2.1654
is_optimal: false
optimality_bound: 1.00087
successive_bounds: [1.00611, 1.00552, 1.00262, 1.00262, 1.00233, 1.00233, 1.00204, 1.00204, 1.00204, 1.00087, 1.00087]
successive_runtimes: [0.0175454, 0.0283563, 1.53252, 1.58195, 1.65092, 1.72514, 1.81435, 1.89088, 1.97215, 2.06543, 2.1654]
num_agents: 50
time_individual_plan: 0.00780778
time_first_plan: 0.00920864
num_max_agents_in_window_first_iteration: 3
num_recWAMPF: 11
timing_recWAMPF:
    total_RecWAMPF: 2.15706
    num_windows: 204
    num_max_agents_in_window: 4
    timing_gari:
        total_GARI: 0.645316
        time_path_btw_starts: 0.00127064
        Stage1:
            total_Stage1:0.288637
            time_add_x_to_o: 0.129461
            time_clear_x: 0.0415927
            timing_AStarSearchUntil:
                total_astar_search_until:0.117568
                num_values_f_less_fmax:8384
                ASU Exp:
                    total_ASUExp:0.117563
                    time_top_o:0.00407418
                    time_check_in_c:0.0032528
                    time_add_parent:0.00517815
                    num_neighbors:217546
                    time_add_neighbors_to_o:0.0941091
        Stage2:
            total_Stage2:0.0228625
            num_len_path:209
            time_expanding_s:0.000130969
            timing_AStarSearchUntil:
                total_astar_search_until:0.0226493
                num_values_f_less_fmax:1407
                ASU Exp:
                    total_ASUExp:0.0226448
                    time_top_o:0.000439875
                    time_check_in_c:0.000280267
                    time_add_parent:0.000386719
                    num_neighbors:45666
                    time_add_neighbors_to_o:0.0200065
        Stage3:
            total_Stage3:0.330055
            num_until_goal_expanded:5900
            timing_S3Exp:
                total_S3Exp: 0.252289
                time_top_o: 0.00265683
                time_check_in_c: 0.00118259
                time_add_parent: 0.00242003
                num_neighbors: 546160
                time_add_neighbors_to_o: 0.237471
    timing_PIOW_overlapping:
        total_PIOW: 0.00425843
        num_windows: 971
        time_check_overlap: 3.4204e-05
        num_overlapping_windows: 1
        time_merge_windows: 1.996e-06
        time_remove_window: 2.7e-07
        time_remove_window: 1.943e-06
        timing_PlanIn:
            total_PlanIn:0.00419838
            num_until_goal_expanded:86
            timing_expansions:
                total_S3Exp: 0.00419582
                time_top_o: 2.2747e-05
                time_check_in_c: 1.6042e-05
                time_add_parent: 2.3321e-05
                num_neighbors: 7670
                time_add_neighbors_to_o: 0.00380666
    num_new_collisions: 15
    timing_PIOW_new_collisions:
        total_PIOW: 1.49391
        num_windows: 241
        time_check_overlap: 6.596e-06
        num_overlapping_windows: 5
        time_merge_windows: 3.119e-06
        time_remove_window: 0.0961817
        time_remove_window: 1.0225e-05
        timing_PlanIn:
            total_PlanIn:1.49385
            num_until_goal_expanded:99863
            timing_expansions:
                total_S3Exp: 0.0768213
                time_top_o: 0.0268834
                time_check_in_c: 0.0197704
                time_add_parent: 0.0244157
                num_neighbors: 2672270
                time_add_neighbors_to_o: 1.11253
    num_windows_should_quit: 0
    time_should_quit: 1.6062e-05
    time_remove_window: 0
Complete!
