Total time: 1175.08
is_optimal: false
optimality_bound: 1.0029
successive_bounds: [1.00543, 1.00362, 1.0029, 1.0029, 1.0029, 1.0029, 1.0029, 1.0029, 1.0029, 1.0029, 1.0029, 1.0029, 1.0029]
successive_runtimes: [0.039086, 0.0978831, 2.89443, 16.7105, 53.7795, 110.509, 184.897, 278.055, 392.349, 537.25, 710.617, 934.744, 1175.08]
num_agents: 40
time_individual_plan: 0.0200248
time_first_plan: 0.0174486
num_max_agents_in_window_first_iteration: 3
num_recWAMPF: 13
timing_recWAMPF:
    total_RecWAMPF: 1175.06
    num_windows: 158
    num_max_agents_in_window: 5
    timing_gari:
        total_GARI: 1172.58
        time_path_btw_starts: 0.000790551
        Stage1:
            total_Stage1:442.929
            time_add_x_to_o: 81.5005
            time_clear_x: 46.5508
            timing_AStarSearchUntil:
                total_astar_search_until:314.878
                num_values_f_less_fmax:1201424
                ASU Exp:
                    total_ASUExp:314.878
                    time_top_o:2.69571
                    time_check_in_c:1.00797
                    time_add_parent:0.870046
                    num_neighbors:385305326
                    time_add_neighbors_to_o:304.544
        Stage2:
            total_Stage2:0.321356
            num_len_path:159
            time_expanding_s:0.000196375
            timing_AStarSearchUntil:
                total_astar_search_until:0.32104
                num_values_f_less_fmax:319
                ASU Exp:
                    total_ASUExp:0.321035
                    time_top_o:0.000266095
                    time_check_in_c:0.000137883
                    time_add_parent:0.000281344
                    num_neighbors:391505
                    time_add_neighbors_to_o:0.318681
        Stage3:
            total_Stage3:729.326
            num_until_goal_expanded:1111050
            timing_S3Exp:
                total_S3Exp: 662.538
                time_top_o: 2.55548
                time_check_in_c: 0.631394
                time_add_parent: 1.30343
                num_neighbors: 779705411
                time_add_neighbors_to_o: 641.003
    timing_PIOW_overlapping:
        total_PIOW: 2.45795
        num_windows: 506
        time_check_overlap: 2.997e-05
        num_overlapping_windows: 3
        time_merge_windows: 1.3382e-05
        time_remove_window: 1.805e-06
        time_remove_window: 1.3065e-05
        timing_PlanIn:
            total_PlanIn:2.45787
            num_until_goal_expanded:3552
            timing_expansions:
                total_S3Exp: 2.45785
                time_top_o: 0.00530851
                time_check_in_c: 0.00145433
                time_add_parent: 0.00368693
                num_neighbors: 2968707
                time_add_neighbors_to_o: 2.31887
    num_new_collisions: 10
    timing_PIOW_new_collisions:
        total_PIOW: 0.0117876
        num_windows: 87
        time_check_overlap: 8.864e-06
        num_overlapping_windows: 1
        time_merge_windows: 0
        time_remove_window: 0.0256447
        time_remove_window: 9.609e-06
        timing_PlanIn:
            total_PlanIn:0.0117309
            num_until_goal_expanded:234
            timing_expansions:
                total_S3Exp: 0.0116771
                time_top_o: 9.5431e-05
                time_check_in_c: 0.000153745
                time_add_parent: 0.000324189
                num_neighbors: 5429
                time_add_neighbors_to_o: 0.00936671
    num_windows_should_quit: 0
    time_should_quit: 1.6469e-05
    time_remove_window: 0
Complete!
