Total time: 0.0175636
is_optimal: true
optimality_bound: 1
successive_bounds: [1.00284, 1.00284, 1.00284, 1.00284, 1.00284, 1.00284, 1.00284, 1.00284, 1.00284, 1.00284, 1.00284, 1.00284, 1.00284, 1.00284, 1.00284, 1.00284, 1.00284, 1.00284, 1.00284, 1, 1]
successive_runtimes: [0.002106, 0.00220885, 0.00230641, 0.00240486, 0.0025055, 0.00261152, 0.00272297, 0.00283594, 0.00295338, 0.00307338, 0.00318919, 0.00330893, 0.00342987, 0.00356621, 0.00370053, 0.00382995, 0.00396493, 0.00413514, 0.00428403, 0.0175636]
num_agents: 10
time_individual_plan: 0.00143673
time_first_plan: 0.000142262
num_max_agents_in_window_first_iteration: 2
num_recWAMPF: 20
timing_recWAMPF:
    total_RecWAMPF: 0.0155974
    num_windows: 39
    num_max_agents_in_window: 2
    timing_gari:
        total_GARI: 0.0150221
        time_path_btw_starts: 9.7621e-05
        Stage1:
            total_Stage1:0.00022068
            time_add_x_to_o: 0.000196838
            time_clear_x: 2.0152e-05
            timing_AStarSearchUntil:
                total_astar_search_until:1.602e-06
                num_values_f_less_fmax:0
                ASU Exp:
                    total_ASUExp:7.9e-07
                    time_top_o:0
                    time_check_in_c:0
                    time_add_parent:0
                    num_neighbors:0
                    time_add_neighbors_to_o:0
        Stage2:
            total_Stage2:0.0136582
            num_len_path:55
            time_expanding_s:2.0054e-05
            timing_AStarSearchUntil:
                total_astar_search_until:0.0136289
                num_values_f_less_fmax:1058
                ASU Exp:
                    total_ASUExp:0.0136281
                    time_top_o:0.000324931
                    time_check_in_c:0.000205384
                    time_add_parent:0.000276549
                    num_neighbors:26349
                    time_add_neighbors_to_o:0.0117511
        Stage3:
            total_Stage3:0.00104005
            num_until_goal_expanded:37
            timing_S3Exp:
                total_S3Exp: 0.00017285
                time_top_o: 4.685e-06
                time_check_in_c: 3.234e-06
                time_add_parent: 8.344e-06
                num_neighbors: 87
                time_add_neighbors_to_o: 5.7736e-05
    timing_PIOW_overlapping:
        total_PIOW: 4e-07
        num_windows: 19
        time_check_overlap: 0
        num_overlapping_windows: 0
        time_merge_windows: 0
        time_remove_window: 0
        time_remove_window: 0
        timing_PlanIn:
            total_PlanIn:0
            num_until_goal_expanded:0
            timing_expansions:
                total_S3Exp: 0
                time_top_o: 0
                time_check_in_c: 0
                time_add_parent: 0
                num_neighbors: 0
                time_add_neighbors_to_o: 0
    num_new_collisions: 1
    timing_PIOW_new_collisions:
        total_PIOW: 0.00010515
        num_windows: 0
        time_check_overlap: 0
        num_overlapping_windows: 0
        time_merge_windows: 0
        time_remove_window: 0
        time_remove_window: 2.71e-07
        timing_PlanIn:
            total_PlanIn:0.000103461
            num_until_goal_expanded:8
            timing_expansions:
                total_S3Exp: 0.000100605
                time_top_o: 1.641e-06
                time_check_in_c: 2.144e-06
                time_add_parent: 2.936e-06
                num_neighbors: 139
                time_add_neighbors_to_o: 7.8891e-05
    num_windows_should_quit: 0
    time_should_quit: 8.95e-07
    time_remove_window: 0
Complete!
