Total time: 3.79918
is_optimal: false
optimality_bound: 1.00481
successive_bounds: [1.00734, 1.00709, 1.00658, 1.00658, 1.00658, 1.00608, 1.00481]
successive_runtimes: [0.0174142, 0.0256647, 0.0401299, 0.0673405, 0.103006, 0.140357, 3.79918]
num_agents: 60
time_individual_plan: 0.00688845
time_first_plan: 0.0100149
num_max_agents_in_window_first_iteration: 3
num_recWAMPF: 7
timing_recWAMPF:
    total_RecWAMPF: 3.79178
    num_windows: 87
    num_max_agents_in_window: 6
    timing_gari:
        total_GARI: 0.144265
        time_path_btw_starts: 0.000209873
        Stage1:
            total_Stage1:0.0652009
            time_add_x_to_o: 0.0303066
            time_clear_x: 0.00687078
            timing_AStarSearchUntil:
                total_astar_search_until:0.0280186
                num_values_f_less_fmax:137
                ASU Exp:
                    total_ASUExp:0.0280166
                    time_top_o:0.00014853
                    time_check_in_c:0.00112715
                    time_add_parent:3.8117e-05
                    num_neighbors:45625
                    time_add_neighbors_to_o:0.025908
        Stage2:
            total_Stage2:0.0127648
            num_len_path:90
            time_expanding_s:4.1196e-05
            timing_AStarSearchUntil:
                total_astar_search_until:0.0126959
                num_values_f_less_fmax:216
                ASU Exp:
                    total_ASUExp:0.0126942
                    time_top_o:7.1889e-05
                    time_check_in_c:3.9736e-05
                    time_add_parent:6.4045e-05
                    num_neighbors:23405
                    time_add_neighbors_to_o:0.0122259
        Stage3:
            total_Stage3:0.0330078
            num_until_goal_expanded:325
            timing_S3Exp:
                total_S3Exp: 0.0165008
                time_top_o: 9.016e-05
                time_check_in_c: 5.139e-05
                time_add_parent: 9.0006e-05
                num_neighbors: 24857
                time_add_neighbors_to_o: 0.0156398
    timing_PIOW_overlapping:
        total_PIOW: 0.233955
        num_windows: 380
        time_check_overlap: 1.2366e-05
        num_overlapping_windows: 10
        time_merge_windows: 9.15e-06
        time_remove_window: 1.641e-06
        time_remove_window: 8.681e-06
        timing_PlanIn:
            total_PlanIn:0.233912
            num_until_goal_expanded:543
            timing_expansions:
                total_S3Exp: 0.233894
                time_top_o: 0.00012419
                time_check_in_c: 0.000108638
                time_add_parent: 0.000157902
                num_neighbors: 406008
                time_add_neighbors_to_o: 0.222544
    num_new_collisions: 18
    timing_PIOW_new_collisions:
        total_PIOW: 3.40061
        num_windows: 252
        time_check_overlap: 7.102e-06
        num_overlapping_windows: 3
        time_merge_windows: 0
        time_remove_window: 0.478163
        time_remove_window: 1.0482e-05
        timing_PlanIn:
            total_PlanIn:3.40056
            num_until_goal_expanded:726
            timing_expansions:
                total_S3Exp: 3.40053
                time_top_o: 0.000470924
                time_check_in_c: 0.000210492
                time_add_parent: 0.000282325
                num_neighbors: 5644147
                time_add_neighbors_to_o: 3.25773
    num_windows_should_quit: 0
    time_should_quit: 6.521e-06
    time_remove_window: 0
Complete!
