Total time: 0.0385971
is_optimal: true
optimality_bound: 1
successive_bounds: [1.00396, 1.00308, 1.00308, 1.00308, 1.00308, 1.00308, 1.00308, 1.00308, 1.0022, 1.00088, 1, 1]
successive_runtimes: [0.0064425, 0.00815725, 0.00968446, 0.0113268, 0.0128913, 0.0145326, 0.0162703, 0.0179326, 0.025386, 0.0355594, 0.0385971]
num_agents: 30
time_individual_plan: 0.00444242
time_first_plan: 0.00136752
num_max_agents_in_window_first_iteration: 2
num_recWAMPF: 11
timing_recWAMPF:
    total_RecWAMPF: 0.0335194
    num_windows: 105
    num_max_agents_in_window: 3
    timing_gari:
        total_GARI: 0.0257787
        time_path_btw_starts: 0.000411997
        Stage1:
            total_Stage1:0.00779196
            time_add_x_to_o: 0.00434852
            time_clear_x: 0.000662019
            timing_AStarSearchUntil:
                total_astar_search_until:0.00277512
                num_values_f_less_fmax:2119
                ASU Exp:
                    total_ASUExp:0.00277236
                    time_top_o:0.00051719
                    time_check_in_c:0.00026643
                    time_add_parent:0.000142761
                    num_neighbors:2945
                    time_add_neighbors_to_o:0.0012309
        Stage2:
            total_Stage2:0.0099081
            num_len_path:119
            time_expanding_s:6.4432e-05
            timing_AStarSearchUntil:
                total_astar_search_until:0.0098128
                num_values_f_less_fmax:680
                ASU Exp:
                    total_ASUExp:0.00981041
                    time_top_o:0.000200092
                    time_check_in_c:0.000151519
                    time_add_parent:0.000207731
                    num_neighbors:17182
                    time_add_neighbors_to_o:0.00845141
        Stage3:
            total_Stage3:0.00764952
            num_until_goal_expanded:1027
            timing_S3Exp:
                total_S3Exp: 0.00494357
                time_top_o: 0.000261762
                time_check_in_c: 0.000156555
                time_add_parent: 0.000313067
                num_neighbors: 7163
                time_add_neighbors_to_o: 0.0031346
    timing_PIOW_overlapping:
        total_PIOW: 1.9689e-05
        num_windows: 250
        time_check_overlap: 1.1203e-05
        num_overlapping_windows: 0
        time_merge_windows: 0
        time_remove_window: 0
        time_remove_window: 0
        timing_PlanIn:
            total_PlanIn:0
            num_until_goal_expanded:0
            timing_expansions:
                total_S3Exp: 0
                time_top_o: 0
                time_check_in_c: 0
                time_add_parent: 0
                num_neighbors: 0
                time_add_neighbors_to_o: 0
    num_new_collisions: 6
    timing_PIOW_new_collisions:
        total_PIOW: 0.00505606
        num_windows: 29
        time_check_overlap: 1.64e-06
        num_overlapping_windows: 1
        time_merge_windows: 0
        time_remove_window: 0.0316054
        time_remove_window: 3.884e-06
        timing_PlanIn:
            total_PlanIn:0.00503759
            num_until_goal_expanded:138
            timing_expansions:
                total_S3Exp: 0.00502458
                time_top_o: 2.9156e-05
                time_check_in_c: 2.9476e-05
                time_add_parent: 4.3658e-05
                num_neighbors: 6965
                time_add_neighbors_to_o: 0.00450165
    num_windows_should_quit: 0
    time_should_quit: 4.042e-06
    time_remove_window: 0
Complete!
