Total time: 4.24765
is_optimal: false
optimality_bound: 1.00196
successive_bounds: [1.00489, 1.00367, 1.00318, 1.00318, 1.00318, 1.00245, 1.00245, 1.00245, 1.00245, 1.00245, 1.00245, 1.00245, 1.00245, 1.00245, 1.00245, 1.00196, 1.00196, 1.00196, 1.00196, 1.00196, 1.00196, 1.00196]
successive_runtimes: [0.0180635, 0.0234733, 0.0288874, 0.0345805, 0.0400168, 0.0482326, 0.0522211, 0.0551759, 0.0590625, 0.062597, 0.0659482, 0.0693338, 0.0728547, 0.0764529, 0.0877711, 0.181124, 0.223537, 0.242708, 0.261924, 0.63112, 0.945584, 4.24765]
num_agents: 60
time_individual_plan: 0.0101099
time_first_plan: 0.00740557
num_max_agents_in_window_first_iteration: 2
num_recWAMPF: 22
timing_recWAMPF:
    total_RecWAMPF: 4.23699
    num_windows: 266
    num_max_agents_in_window: 4
    timing_gari:
        total_GARI: 0.609421
        time_path_btw_starts: 0.00340828
        Stage1:
            total_Stage1:0.221493
            time_add_x_to_o: 0.181361
            time_clear_x: 0.032962
            timing_AStarSearchUntil:
                total_astar_search_until:0.00715284
                num_values_f_less_fmax:2284
                ASU Exp:
                    total_ASUExp:0.00714642
                    time_top_o:0.000529027
                    time_check_in_c:0.000378432
                    time_add_parent:0.000220739
                    num_neighbors:14105
                    time_add_neighbors_to_o:0.00520146
        Stage2:
            total_Stage2:0.0662088
            num_len_path:234
            time_expanding_s:0.00077169
            timing_AStarSearchUntil:
                total_astar_search_until:0.0653407
                num_values_f_less_fmax:1269
                ASU Exp:
                    total_ASUExp:0.0653353
                    time_top_o:0.00047394
                    time_check_in_c:0.000239101
                    time_add_parent:0.00105396
                    num_neighbors:122921
                    time_add_neighbors_to_o:0.0608296
        Stage3:
            total_Stage3:0.31826
            num_until_goal_expanded:2566
            timing_S3Exp:
                total_S3Exp: 0.0707223
                time_top_o: 0.000615209
                time_check_in_c: 0.000366331
                time_add_parent: 0.000716715
                num_neighbors: 30095
                time_add_neighbors_to_o: 0.0214172
    timing_PIOW_overlapping:
        total_PIOW: 0.380935
        num_windows: 1062
        time_check_overlap: 3.806e-05
        num_overlapping_windows: 11
        time_merge_windows: 1.1732e-05
        time_remove_window: 2.33e-06
        time_remove_window: 1.1248e-05
        timing_PlanIn:
            total_PlanIn:0.380844
            num_until_goal_expanded:1841
            timing_expansions:
                total_S3Exp: 0.380823
                time_top_o: 0.000804563
                time_check_in_c: 0.000387458
                time_add_parent: 0.000687012
                num_neighbors: 604564
                time_add_neighbors_to_o: 0.360752
    num_new_collisions: 16
    timing_PIOW_new_collisions:
        total_PIOW: 3.21826
        num_windows: 182
        time_check_overlap: 5.652e-06
        num_overlapping_windows: 1
        time_merge_windows: 0
        time_remove_window: 1.03159
        time_remove_window: 7.086e-06
        timing_PlanIn:
            total_PlanIn:3.21823
            num_until_goal_expanded:10590
            timing_expansions:
                total_S3Exp: 3.2182
                time_top_o: 0.0118253
                time_check_in_c: 0.00343413
                time_add_parent: 0.00559407
                num_neighbors: 5208443
                time_add_neighbors_to_o: 3.04546
    num_windows_should_quit: 0
    time_should_quit: 1.2628e-05
    time_remove_window: 0
Complete!
