Total time: 0.0409739
is_optimal: true
optimality_bound: 1
successive_bounds: [1.00133, 1.00133, 1.00133, 1.00133, 1.00133, 1.00133, 1.00133, 1.00133, 1.00133, 1.00133, 1.00133, 1.00133, 1.00133, 1.00133, 1.00133, 1.00133, 1.00133, 1.00133, 1.00133, 1, 1]
successive_runtimes: [0.00339237, 0.00389651, 0.00444186, 0.00501799, 0.00552111, 0.00609174, 0.00662062, 0.0071381, 0.00771218, 0.00821697, 0.0126027, 0.0194902, 0.02485, 0.0276497, 0.0297434, 0.0317895, 0.0340057, 0.0361948, 0.0385365, 0.0409739]
num_agents: 20
time_individual_plan: 0.00257439
time_first_plan: 0.000296062
num_max_agents_in_window_first_iteration: 2
num_recWAMPF: 20
timing_recWAMPF:
    total_RecWAMPF: 0.0378745
    num_windows: 39
    num_max_agents_in_window: 2
    timing_gari:
        total_GARI: 0.0355278
        time_path_btw_starts: 8.4946e-05
        Stage1:
            total_Stage1:0.0205283
            time_add_x_to_o: 0.00804655
            time_clear_x: 0.00155136
            timing_AStarSearchUntil:
                total_astar_search_until:0.0109281
                num_values_f_less_fmax:3335
                ASU Exp:
                    total_ASUExp:0.010927
                    time_top_o:0.000982388
                    time_check_in_c:0.000665124
                    time_add_parent:0.000233833
                    num_neighbors:22140
                    time_add_neighbors_to_o:0.0078918
        Stage2:
            total_Stage2:0.00708254
            num_len_path:49
            time_expanding_s:1.7094e-05
            timing_AStarSearchUntil:
                total_astar_search_until:0.00705416
                num_values_f_less_fmax:517
                ASU Exp:
                    total_ASUExp:0.00705333
                    time_top_o:0.000131284
                    time_check_in_c:9.5681e-05
                    time_add_parent:0.000128344
                    num_neighbors:15348
                    time_add_neighbors_to_o:0.00619446
        Stage3:
            total_Stage3:0.00782535
            num_until_goal_expanded:720
            timing_S3Exp:
                total_S3Exp: 0.00320614
                time_top_o: 0.000167544
                time_check_in_c: 0.000103218
                time_add_parent: 0.000237881
                num_neighbors: 5413
                time_add_neighbors_to_o: 0.00198848
    timing_PIOW_overlapping:
        total_PIOW: 4.76e-07
        num_windows: 19
        time_check_overlap: 0
        num_overlapping_windows: 0
        time_merge_windows: 0
        time_remove_window: 0
        time_remove_window: 0
        timing_PlanIn:
            total_PlanIn:0
            num_until_goal_expanded:0
            timing_expansions:
                total_S3Exp: 0
                time_top_o: 0
                time_check_in_c: 0
                time_add_parent: 0
                num_neighbors: 0
                time_add_neighbors_to_o: 0
    num_new_collisions: 1
    timing_PIOW_new_collisions:
        total_PIOW: 0.000146043
        num_windows: 0
        time_check_overlap: 0
        num_overlapping_windows: 0
        time_merge_windows: 0
        time_remove_window: 0
        time_remove_window: 2.94e-07
        timing_PlanIn:
            total_PlanIn:0.000144603
            num_until_goal_expanded:24
            timing_expansions:
                total_S3Exp: 0.000141574
                time_top_o: 3.268e-06
                time_check_in_c: 4.657e-06
                time_add_parent: 6.941e-06
                num_neighbors: 198
                time_add_neighbors_to_o: 8.9686e-05
    num_windows_should_quit: 0
    time_should_quit: 9.78e-07
    time_remove_window: 0
Complete!
