Total time: 0.0144067
is_optimal: true
optimality_bound: 1
successive_bounds: [1.00163, 1.00163, 1.00163, 1.00163, 1.00054, 1.00054, 1.00054, 1.00054, 1.00054, 1.00054, 1, 1]
successive_runtimes: [0.00708112, 0.00741667, 0.00778987, 0.00813957, 0.00874022, 0.00932647, 0.00985426, 0.0104319, 0.0110693, 0.0116439, 0.0144066]
num_agents: 30
time_individual_plan: 0.0059247
time_first_plan: 0.000408251
num_max_agents_in_window_first_iteration: 2
num_recWAMPF: 11
timing_recWAMPF:
    total_RecWAMPF: 0.0077313
    num_windows: 42
    num_max_agents_in_window: 2
    timing_gari:
        total_GARI: 0.005711
        time_path_btw_starts: 0.000104545
        Stage1:
            total_Stage1:0.000496577
            time_add_x_to_o: 0.00041562
            time_clear_x: 4.7202e-05
            timing_AStarSearchUntil:
                total_astar_search_until:3.1176e-05
                num_values_f_less_fmax:6
                ASU Exp:
                    total_ASUExp:3.0087e-05
                    time_top_o:1.886e-06
                    time_check_in_c:9.56e-07
                    time_add_parent:6.26e-07
                    num_neighbors:45
                    time_add_neighbors_to_o:2.114e-05
        Stage2:
            total_Stage2:0.00352022
            num_len_path:50
            time_expanding_s:2.3612e-05
            timing_AStarSearchUntil:
                total_astar_search_until:0.00348474
                num_values_f_less_fmax:249
                ASU Exp:
                    total_ASUExp:0.00348377
                    time_top_o:6.5866e-05
                    time_check_in_c:5.8156e-05
                    time_add_parent:7.7702e-05
                    num_neighbors:5698
                    time_add_neighbors_to_o:0.00298687
        Stage3:
            total_Stage3:0.00158256
            num_until_goal_expanded:82
            timing_S3Exp:
                total_S3Exp: 0.000920402
                time_top_o: 1.6358e-05
                time_check_in_c: 1.2418e-05
                time_add_parent: 1.9263e-05
                num_neighbors: 1269
                time_add_neighbors_to_o: 0.000708113
    timing_PIOW_overlapping:
        total_PIOW: 3.14e-06
        num_windows: 40
        time_check_overlap: 1.386e-06
        num_overlapping_windows: 0
        time_merge_windows: 0
        time_remove_window: 0
        time_remove_window: 0
        timing_PlanIn:
            total_PlanIn:0
            num_until_goal_expanded:0
            timing_expansions:
                total_S3Exp: 0
                time_top_o: 0
                time_check_in_c: 0
                time_add_parent: 0
                num_neighbors: 0
                time_add_neighbors_to_o: 0
    num_new_collisions: 2
    timing_PIOW_new_collisions:
        total_PIOW: 0.000183378
        num_windows: 2
        time_check_overlap: 1.56e-07
        num_overlapping_windows: 0
        time_merge_windows: 0
        time_remove_window: 0
        time_remove_window: 6.45e-07
        timing_PlanIn:
            total_PlanIn:0.000179161
            num_until_goal_expanded:13
            timing_expansions:
                total_S3Exp: 0.000174134
                time_top_o: 2.841e-06
                time_check_in_c: 2.705e-06
                time_add_parent: 5.226e-06
                num_neighbors: 244
                time_add_neighbors_to_o: 0.000136715
    num_windows_should_quit: 0
    time_should_quit: 1.136e-06
    time_remove_window: 0
Complete!
