Total time: 9.881
is_optimal: false
optimality_bound: 1.00071
successive_bounds: [1.01242, 1.00532, 1.00461, 1.00461, 1.00461, 1.0039, 1.0039, 1.00355, 1.00355, 1.00355, 1.00355, 1.00284, 1.00284, 1.00284, 1.00213, 1.00142, 1.00142, 1.00142, 1.00071, 1.00071, 1.00071, 1.00071, 1.00071, 1.00071, 1.00071, 1.00071]
successive_runtimes: [0.0178664, 0.0303768, 0.0413054, 0.0469938, 0.052543, 0.0588313, 0.0651352, 0.0884937, 0.105024, 0.116458, 0.127822, 0.13951, 0.150987, 0.16301, 0.175025, 0.18541, 0.193966, 0.256962, 0.278085, 0.314867, 0.344251, 5.25778, 6.0698, 7.09525, 8.43538, 9.881]
num_agents: 40
time_individual_plan: 0.0066375
time_first_plan: 0.0106948
num_max_agents_in_window_first_iteration: 3
num_recWAMPF: 26
timing_recWAMPF:
    total_RecWAMPF: 9.87383
    num_windows: 370
    num_max_agents_in_window: 4
    timing_gari:
        total_GARI: 4.94968
        time_path_btw_starts: 0.00187528
        Stage1:
            total_Stage1:0.171808
            time_add_x_to_o: 0.0764679
            time_clear_x: 0.00988414
            timing_AStarSearchUntil:
                total_astar_search_until:0.0854299
                num_values_f_less_fmax:10339
                ASU Exp:
                    total_ASUExp:0.0854195
                    time_top_o:0.00345478
                    time_check_in_c:0.00229383
                    time_add_parent:0.00171518
                    num_neighbors:161017
                    time_add_neighbors_to_o:0.0725139
        Stage2:
            total_Stage2:0.0192516
            num_len_path:314
            time_expanding_s:0.000212285
            timing_AStarSearchUntil:
                total_astar_search_until:0.018873
                num_values_f_less_fmax:674
                ASU Exp:
                    total_ASUExp:0.0188651
                    time_top_o:0.000249885
                    time_check_in_c:0.000193897
                    time_add_parent:0.000291344
                    num_neighbors:38517
                    time_add_neighbors_to_o:0.0165852
        Stage3:
            total_Stage3:4.75463
            num_until_goal_expanded:17853
            timing_S3Exp:
                total_S3Exp: 0.772152
                time_top_o: 0.0142472
                time_check_in_c: 0.00381982
                time_add_parent: 0.00842699
                num_neighbors: 1409641
                time_add_neighbors_to_o: 0.714337
    timing_PIOW_overlapping:
        total_PIOW: 0.0155048
        num_windows: 1324
        time_check_overlap: 6.5075e-05
        num_overlapping_windows: 1
        time_merge_windows: 1.98e-06
        time_remove_window: 2.67e-07
        time_remove_window: 1.929e-06
        timing_PlanIn:
            total_PlanIn:0.0154046
            num_until_goal_expanded:443
            timing_expansions:
                total_S3Exp: 0.0154022
                time_top_o: 0.000114316
                time_check_in_c: 7.3974e-05
                time_add_parent: 0.000117056
                num_neighbors: 25301
                time_add_neighbors_to_o: 0.0137797
    num_new_collisions: 10
    timing_PIOW_new_collisions:
        total_PIOW: 4.89599
        num_windows: 83
        time_check_overlap: 3.85e-06
        num_overlapping_windows: 2
        time_merge_windows: 0
        time_remove_window: 0.380252
        time_remove_window: 2.688e-06
        timing_PlanIn:
            total_PlanIn:4.89596
            num_until_goal_expanded:12293
            timing_expansions:
                total_S3Exp: 4.89593
                time_top_o: 0.0116829
                time_check_in_c: 0.00300205
                time_add_parent: 0.00663523
                num_neighbors: 6534265
                time_add_neighbors_to_o: 4.68601
    num_windows_should_quit: 0
    time_should_quit: 2.0794e-05
    time_remove_window: 0
Complete!
