Total time: 0.00724517
is_optimal: true
optimality_bound: 1
successive_bounds: [1.00161, 1.00161, 1.00161, 1.00161, 1.00161, 1.00161, 1.00161, 1.00161, 1, 1]
successive_runtimes: [0.00371316, 0.0040074, 0.00437474, 0.00473357, 0.00515826, 0.0055409, 0.0061287, 0.00675178, 0.00724513]
num_agents: 20
time_individual_plan: 0.00276851
time_first_plan: 0.000308614
num_max_agents_in_window_first_iteration: 2
num_recWAMPF: 9
timing_recWAMPF:
    total_RecWAMPF: 0.00383838
    num_windows: 17
    num_max_agents_in_window: 2
    timing_gari:
        total_GARI: 0.00293066
        time_path_btw_starts: 4.0358e-05
        Stage1:
            total_Stage1:0.00127785
            time_add_x_to_o: 0.000653794
            time_clear_x: 0.000104728
            timing_AStarSearchUntil:
                total_astar_search_until:0.00051823
                num_values_f_less_fmax:228
                ASU Exp:
                    total_ASUExp:0.000517749
                    time_top_o:5.9249e-05
                    time_check_in_c:3.523e-05
                    time_add_parent:1.1995e-05
                    num_neighbors:839
                    time_add_neighbors_to_o:0.000330639
        Stage2:
            total_Stage2:0.000412569
            num_len_path:16
            time_expanding_s:6.281e-06
            timing_AStarSearchUntil:
                total_astar_search_until:0.000400812
                num_values_f_less_fmax:24
                ASU Exp:
                    total_ASUExp:0.000400422
                    time_top_o:6.489e-06
                    time_check_in_c:2.4956e-05
                    time_add_parent:6.653e-06
                    num_neighbors:705
                    time_add_neighbors_to_o:0.000333822
        Stage3:
            total_Stage3:0.00119663
            num_until_goal_expanded:157
            timing_S3Exp:
                total_S3Exp: 0.000957494
                time_top_o: 3.8484e-05
                time_check_in_c: 2.5257e-05
                time_add_parent: 4.8131e-05
                num_neighbors: 1483
                time_add_neighbors_to_o: 0.000661991
    timing_PIOW_overlapping:
        total_PIOW: 4.38e-07
        num_windows: 8
        time_check_overlap: 0
        num_overlapping_windows: 0
        time_merge_windows: 0
        time_remove_window: 0
        time_remove_window: 0
        timing_PlanIn:
            total_PlanIn:0
            num_until_goal_expanded:0
            timing_expansions:
                total_S3Exp: 0
                time_top_o: 0
                time_check_in_c: 0
                time_add_parent: 0
                num_neighbors: 0
                time_add_neighbors_to_o: 0
    num_new_collisions: 1
    timing_PIOW_new_collisions:
        total_PIOW: 0.000177359
        num_windows: 0
        time_check_overlap: 0
        num_overlapping_windows: 0
        time_merge_windows: 0
        time_remove_window: 0
        time_remove_window: 3.81e-07
        timing_PlanIn:
            total_PlanIn:0.00017554
            num_until_goal_expanded:19
            timing_expansions:
                total_S3Exp: 0.000172256
                time_top_o: 3.388e-06
                time_check_in_c: 4.584e-06
                time_add_parent: 6.946e-06
                num_neighbors: 162
                time_add_neighbors_to_o: 0.000113728
    num_windows_should_quit: 0
    time_should_quit: 6.11e-07
    time_remove_window: 0
Complete!
