Total time: 9.55108
is_optimal: false
optimality_bound: 1.003
successive_bounds: [1.02174, 1.01874, 1.00525, 1.00525, 1.00525, 1.00525, 1.003]
successive_runtimes: [0.020665, 0.398442, 1.30797, 1.35277, 1.46277, 2.12269, 9.55108]
num_agents: 20
time_individual_plan: 0.00318274
time_first_plan: 0.0169551
num_max_agents_in_window_first_iteration: 3
num_recWAMPF: 7
timing_recWAMPF:
    total_RecWAMPF: 9.54737
    num_windows: 40
    num_max_agents_in_window: 4
    timing_gari:
        total_GARI: 8.97797
        time_path_btw_starts: 0.000135056
        Stage1:
            total_Stage1:8.52888
            time_add_x_to_o: 0.20457
            time_clear_x: 0.0743821
            timing_AStarSearchUntil:
                total_astar_search_until:7.67773
                num_values_f_less_fmax:92782
                ASU Exp:
                    total_ASUExp:7.67773
                    time_top_o:0.108313
                    time_check_in_c:0.042111
                    time_add_parent:0.0395405
                    num_neighbors:16809169
                    time_add_neighbors_to_o:7.90786
        Stage2:
            total_Stage2:0.0273502
            num_len_path:41
            time_expanding_s:2.5758e-05
            timing_AStarSearchUntil:
                total_astar_search_until:0.0273049
                num_values_f_less_fmax:371
                ASU Exp:
                    total_ASUExp:0.0273042
                    time_top_o:0.000158095
                    time_check_in_c:7.4061e-05
                    time_add_parent:0.000141941
                    num_neighbors:66873
                    time_add_neighbors_to_o:0.0264217
        Stage3:
            total_Stage3:0.41913
            num_until_goal_expanded:8255
            timing_S3Exp:
                total_S3Exp: 0.22101
                time_top_o: 0.00413352
                time_check_in_c: 0.0017412
                time_add_parent: 0.00403387
                num_neighbors: 435501
                time_add_neighbors_to_o: 0.190647
    timing_PIOW_overlapping:
        total_PIOW: 0.346496
        num_windows: 68
        time_check_overlap: 3.684e-06
        num_overlapping_windows: 2
        time_merge_windows: 5.339e-06
        time_remove_window: 6.31e-07
        time_remove_window: 5.168e-06
        timing_PlanIn:
            total_PlanIn:0.346478
            num_until_goal_expanded:3852
            timing_expansions:
                total_S3Exp: 0.346471
                time_top_o: 0.00291427
                time_check_in_c: 0.00101964
                time_add_parent: 0.00152022
                num_neighbors: 713329
                time_add_neighbors_to_o: 0.31638
    num_new_collisions: 5
    timing_PIOW_new_collisions:
        total_PIOW: 0.0166714
        num_windows: 21
        time_check_overlap: 1.099e-06
        num_overlapping_windows: 1
        time_merge_windows: 0
        time_remove_window: 0.00432464
        time_remove_window: 1.366e-06
        timing_PlanIn:
            total_PlanIn:0.0166633
            num_until_goal_expanded:420
            timing_expansions:
                total_S3Exp: 0.0166522
                time_top_o: 7.5212e-05
                time_check_in_c: 7.8302e-05
                time_add_parent: 0.000116609
                num_neighbors: 35016
                time_add_neighbors_to_o: 0.0148739
    num_windows_should_quit: 0
    time_should_quit: 3.39e-06
    time_remove_window: 0
Complete!
