Total time: 10.94
is_optimal: true
optimality_bound: 1
successive_bounds: [1.00545, 1.00272, 1.00212, 1.00151, 1.00121, 1.00121, 1.00121, 1.00121, 1.00061, 1.00061, 1, 1]
successive_runtimes: [0.023798, 0.036323, 0.0456356, 0.052991, 0.0751732, 0.088828, 0.0980311, 0.108427, 0.119914, 7.27635, 10.94]
num_agents: 50
time_individual_plan: 0.0126917
time_first_plan: 0.0105075
num_max_agents_in_window_first_iteration: 3
num_recWAMPF: 11
timing_recWAMPF:
    total_RecWAMPF: 10.9267
    num_windows: 182
    num_max_agents_in_window: 6
    timing_gari:
        total_GARI: 3.74378
        time_path_btw_starts: 0.000680324
        Stage1:
            total_Stage1:2.85883
            time_add_x_to_o: 1.97328
            time_clear_x: 0.871062
            timing_AStarSearchUntil:
                total_astar_search_until:0.0144762
                num_values_f_less_fmax:4652
                ASU Exp:
                    total_ASUExp:0.0144709
                    time_top_o:0.00136305
                    time_check_in_c:0.000844983
                    time_add_parent:0.000575914
                    num_neighbors:21615
                    time_add_neighbors_to_o:0.00917943
        Stage2:
            total_Stage2:0.0457711
            num_len_path:180
            time_expanding_s:0.000795964
            timing_AStarSearchUntil:
                total_astar_search_until:0.0448986
                num_values_f_less_fmax:355
                ASU Exp:
                    total_ASUExp:0.044894
                    time_top_o:0.000119684
                    time_check_in_c:0.000608249
                    time_add_parent:0.000177448
                    num_neighbors:44038
                    time_add_neighbors_to_o:0.038844
        Stage3:
            total_Stage3:0.83819
            num_until_goal_expanded:4125
            timing_S3Exp:
                total_S3Exp: 0.0295298
                time_top_o: 0.00131956
                time_check_in_c: 0.000582482
                time_add_parent: 0.00121132
                num_neighbors: 41578
                time_add_neighbors_to_o: 0.0200399
    timing_PIOW_overlapping:
        total_PIOW: 7.15915
        num_windows: 808
        time_check_overlap: 3.6522e-05
        num_overlapping_windows: 4
        time_merge_windows: 9.434e-06
        time_remove_window: 1.693e-06
        time_remove_window: 9.105e-06
        timing_PlanIn:
            total_PlanIn:7.15906
            num_until_goal_expanded:21210
            timing_expansions:
                total_S3Exp: 7.15905
                time_top_o: 0.0163568
                time_check_in_c: 0.00625918
                time_add_parent: 0.0123948
                num_neighbors: 9186636
                time_add_neighbors_to_o: 6.78477
    num_new_collisions: 13
    timing_PIOW_new_collisions:
        total_PIOW: 0.0146054
        num_windows: 150
        time_check_overlap: 6.14e-06
        num_overlapping_windows: 3
        time_merge_windows: 0
        time_remove_window: 0.129428
        time_remove_window: 4.521e-06
        timing_PlanIn:
            total_PlanIn:0.0145704
            num_until_goal_expanded:882
            timing_expansions:
                total_S3Exp: 0.0145192
                time_top_o: 0.000164516
                time_check_in_c: 0.000178326
                time_add_parent: 0.000251027
                num_neighbors: 22290
                time_add_neighbors_to_o: 0.0120216
    num_windows_should_quit: 0
    time_should_quit: 1.4563e-05
    time_remove_window: 0
Complete!
