Total time: 3.8002
is_optimal: false
optimality_bound: 1.00063
successive_bounds: [1.00505, 1.00505, 1.00505, 1.00442, 1.00442, 1.00442, 1.00442, 1.00316, 1.00316, 1.00316, 1.00316, 1.00316, 1.00316, 1.00316, 1.00316, 1.00316, 1.00316, 1.00316, 1.00316, 1.00316, 1.00316, 1.00316, 1.00316, 1.00063]
successive_runtimes: [0.0067988, 0.00879412, 0.0109403, 0.0146707, 0.0200661, 0.0255727, 0.030093, 0.034976, 0.0806831, 0.17744, 0.345777, 0.620511, 0.983567, 1.43075, 1.88997, 2.24772, 2.57387, 2.85239, 3.06905, 3.23581, 3.37735, 3.51239, 3.64709, 3.8002]
num_agents: 30
time_individual_plan: 0.0048301
time_first_plan: 0.00128958
num_max_agents_in_window_first_iteration: 2
num_recWAMPF: 24
timing_recWAMPF:
    total_RecWAMPF: 3.79468
    num_windows: 173
    num_max_agents_in_window: 3
    timing_gari:
        total_GARI: 3.74394
        time_path_btw_starts: 0.00904467
        Stage1:
            total_Stage1:2.13942
            time_add_x_to_o: 0.618143
            time_clear_x: 0.321479
            timing_AStarSearchUntil:
                total_astar_search_until:1.19978
                num_values_f_less_fmax:49484
                ASU Exp:
                    total_ASUExp:1.19977
                    time_top_o:0.0543993
                    time_check_in_c:0.0195614
                    time_add_parent:0.0117042
                    num_neighbors:2037143
                    time_add_neighbors_to_o:1.06726
        Stage2:
            total_Stage2:0.0791975
            num_len_path:145
            time_expanding_s:9.6103e-05
            timing_AStarSearchUntil:
                total_astar_search_until:0.0789969
                num_values_f_less_fmax:1232
                ASU Exp:
                    total_ASUExp:0.0789923
                    time_top_o:0.000784046
                    time_check_in_c:0.000305791
                    time_add_parent:0.000559626
                    num_neighbors:130201
                    time_add_neighbors_to_o:0.07518
        Stage3:
            total_Stage3:1.51566
            num_until_goal_expanded:14713
            timing_S3Exp:
                total_S3Exp: 0.295718
                time_top_o: 0.00930254
                time_check_in_c: 0.00281883
                time_add_parent: 0.00880185
                num_neighbors: 428584
                time_add_neighbors_to_o: 0.211632
    timing_PIOW_overlapping:
        total_PIOW: 0.0449107
        num_windows: 355
        time_check_overlap: 1.9744e-05
        num_overlapping_windows: 3
        time_merge_windows: 5.975e-06
        time_remove_window: 1.341e-06
        time_remove_window: 5.75e-06
        timing_PlanIn:
            total_PlanIn:0.044861
            num_until_goal_expanded:956
            timing_expansions:
                total_S3Exp: 0.0448537
                time_top_o: 0.000350119
                time_check_in_c: 0.000189067
                time_add_parent: 0.000285123
                num_neighbors: 81729
                time_add_neighbors_to_o: 0.0401004
    num_new_collisions: 6
    timing_PIOW_new_collisions:
        total_PIOW: 0.000789206
        num_windows: 30
        time_check_overlap: 1.574e-06
        num_overlapping_windows: 0
        time_merge_windows: 0
        time_remove_window: 0
        time_remove_window: 1.913e-06
        timing_PlanIn:
            total_PlanIn:0.00077817
            num_until_goal_expanded:105
            timing_expansions:
                total_S3Exp: 0.00076746
                time_top_o: 1.5243e-05
                time_check_in_c: 2.0611e-05
                time_add_parent: 3.1379e-05
                num_neighbors: 986
                time_add_neighbors_to_o: 0.000514021
    num_windows_should_quit: 1
    time_should_quit: 1.0796e-05
    time_remove_window: 2.74e-07
Complete!
