Total time: 11.7139
is_optimal: true
optimality_bound: 1
successive_bounds: [1.00137, 1.00137, 1.00137, 1.00137, 1.00046, 1.00046, 1.00046, 1.00046, 1.00046, 1.00046, 1.00046, 1.00046, 1.00046, 1.00046, 1.00046, 1.00046, 1.00046, 1.00046, 1, 1]
successive_runtimes: [4.62615, 5.827, 7.95769, 10.1431, 11.6877, 11.7044, 11.7058, 11.7073, 11.7086, 11.7099, 11.7112, 11.7116, 11.7119, 11.7122, 11.7125, 11.7128, 11.7131, 11.7134, 11.7139]
num_agents: 30
time_individual_plan: 0.0043143
time_first_plan: 4.62115
num_max_agents_in_window_first_iteration: 3
num_recWAMPF: 19
timing_recWAMPF:
    total_RecWAMPF: 11.7089
    num_windows: 58
    num_max_agents_in_window: 3
    timing_gari:
        total_GARI: 4.31553
        time_path_btw_starts: 0.000271692
        Stage1:
            total_Stage1:4.17333
            time_add_x_to_o: 0.862594
            time_clear_x: 0.353435
            timing_AStarSearchUntil:
                total_astar_search_until:0.799799
                num_values_f_less_fmax:78729
                ASU Exp:
                    total_ASUExp:0.799797
                    time_top_o:0.100696
                    time_check_in_c:0.0359773
                    time_add_parent:0.0289611
                    num_neighbors:4491552
                    time_add_neighbors_to_o:2.54062
        Stage2:
            total_Stage2:0.00595259
            num_len_path:43
            time_expanding_s:0.00066493
            timing_AStarSearchUntil:
                total_astar_search_until:0.00524533
                num_values_f_less_fmax:43
                ASU Exp:
                    total_ASUExp:0.00524404
                    time_top_o:1.964e-05
                    time_check_in_c:1.5425e-05
                    time_add_parent:2.6753e-05
                    num_neighbors:2080
                    time_add_neighbors_to_o:0.00507816
        Stage3:
            total_Stage3:0.135952
            num_until_goal_expanded:2490
            timing_S3Exp:
                total_S3Exp: 0.0780328
                time_top_o: 0.00248275
                time_check_in_c: 0.000841302
                time_add_parent: 0.00149913
                num_neighbors: 124463
                time_add_neighbors_to_o: 0.0688928
    timing_PIOW_overlapping:
        total_PIOW: 5.527e-06
        num_windows: 48
        time_check_overlap: 2.64e-06
        num_overlapping_windows: 0
        time_merge_windows: 0
        time_remove_window: 0
        time_remove_window: 0
        timing_PlanIn:
            total_PlanIn:0
            num_until_goal_expanded:0
            timing_expansions:
                total_S3Exp: 0
                time_top_o: 0
                time_check_in_c: 0
                time_add_parent: 0
                num_neighbors: 0
                time_add_neighbors_to_o: 0
    num_new_collisions: 3
    timing_PIOW_new_collisions:
        total_PIOW: 4.62067
        num_windows: 7
        time_check_overlap: 8e-07
        num_overlapping_windows: 1
        time_merge_windows: 2.739e-06
        time_remove_window: 3.56e-07
        time_remove_window: 1.183e-06
        timing_PlanIn:
            total_PlanIn:4.62063
            num_until_goal_expanded:201934
            timing_expansions:
                total_S3Exp: 0.894435
                time_top_o: 0.0817737
                time_check_in_c: 0.0461318
                time_add_parent: 0.0631596
                num_neighbors: 6701218
                time_add_neighbors_to_o: 3.46176
    num_windows_should_quit: 1
    time_should_quit: 6.755e-06
    time_remove_window: 3.64e-07
Complete!
