Total time: 0.237166
is_optimal: true
optimality_bound: 1
successive_bounds: [1.00477, 1.00477, 1.00477, 1.00404, 1.0033, 1.0033, 1.00257, 1.0022, 1.00147, 1.00147, 1.00147, 1.00147, 1.00073, 1.00073, 1.00073, 1.00073, 1.00073, 1.00073, 1.00073, 1.00073, 1.00073, 1.00073, 1.00073, 1.00073, 1.00073, 1.00073, 1, 1]
successive_runtimes: [0.0109553, 0.0134865, 0.0162963, 0.0193972, 0.0356751, 0.051194, 0.0600707, 0.0702546, 0.0790355, 0.0882962, 0.0980249, 0.108342, 0.117208, 0.127317, 0.134818, 0.144727, 0.152277, 0.159386, 0.167132, 0.174651, 0.181954, 0.188996, 0.199252, 0.207763, 0.216515, 0.225, 0.237166]
num_agents: 40
time_individual_plan: 0.00798722
time_first_plan: 0.00245303
num_max_agents_in_window_first_iteration: 2
num_recWAMPF: 27
timing_recWAMPF:
    total_RecWAMPF: 0.228659
    num_windows: 325
    num_max_agents_in_window: 4
    timing_gari:
        total_GARI: 0.200772
        time_path_btw_starts: 0.000824016
        Stage1:
            total_Stage1:0.0486466
            time_add_x_to_o: 0.0278973
            time_clear_x: 0.00384159
            timing_AStarSearchUntil:
                total_astar_search_until:0.0168888
                num_values_f_less_fmax:10931
                ASU Exp:
                    total_ASUExp:0.0168811
                    time_top_o:0.00269676
                    time_check_in_c:0.00154501
                    time_add_parent:0.000991787
                    num_neighbors:21019
                    time_add_neighbors_to_o:0.00846152
        Stage2:
            total_Stage2:0.0123998
            num_len_path:281
            time_expanding_s:0.000156148
            timing_AStarSearchUntil:
                total_astar_search_until:0.0121172
                num_values_f_less_fmax:719
                ASU Exp:
                    total_ASUExp:0.0121109
                    time_top_o:0.000216287
                    time_check_in_c:0.000149215
                    time_add_parent:0.00024399
                    num_neighbors:25146
                    time_add_neighbors_to_o:0.0104094
        Stage3:
            total_Stage3:0.138841
            num_until_goal_expanded:5954
            timing_S3Exp:
                total_S3Exp: 0.0582288
                time_top_o: 0.00149381
                time_check_in_c: 0.000889415
                time_add_parent: 0.00173503
                num_neighbors: 85732
                time_add_neighbors_to_o: 0.0467229
    timing_PIOW_overlapping:
        total_PIOW: 0.00220331
        num_windows: 982
        time_check_overlap: 3.9351e-05
        num_overlapping_windows: 1
        time_merge_windows: 1.1e-06
        time_remove_window: 1.73e-07
        time_remove_window: 1.046e-06
        timing_PlanIn:
            total_PlanIn:0.00213647
            num_until_goal_expanded:52
            timing_expansions:
                total_S3Exp: 0.00213447
                time_top_o: 1.1487e-05
                time_check_in_c: 8.914e-06
                time_add_parent: 1.3559e-05
                num_neighbors: 3723
                time_add_neighbors_to_o: 0.0019297
    num_new_collisions: 8
    timing_PIOW_new_collisions:
        total_PIOW: 0.0119389
        num_windows: 53
        time_check_overlap: 1.455e-06
        num_overlapping_windows: 1
        time_merge_windows: 0
        time_remove_window: 0.0245294
        time_remove_window: 2.244e-06
        timing_PlanIn:
            total_PlanIn:0.0119246
            num_until_goal_expanded:209
            timing_expansions:
                total_S3Exp: 0.0119106
                time_top_o: 3.2929e-05
                time_check_in_c: 4.0197e-05
                time_add_parent: 5.6977e-05
                num_neighbors: 22767
                time_add_neighbors_to_o: 0.0109088
    num_windows_should_quit: 0
    time_should_quit: 1.9978e-05
    time_remove_window: 0
Complete!
