Total time: 0.0351721
is_optimal: false
optimality_bound: 1.00469
successive_bounds: [1.00469, 1.00469, 1.00469, 1.00469, 1.00625, 1.00469, 1.00469, 1.00469]
successive_runtimes: [0.0060177, 0.00839884, 0.0121411, 0.0165824, 0.0204205, 0.0247328, 0.0296434, 0.035172]
num_agents: 20
time_individual_plan: 0.00444627
time_first_plan: 0.00104231
num_max_agents_in_window_first_iteration: 2
num_recWAMPF: 8
timing_recWAMPF:
    total_RecWAMPF: 0.0301952
    num_windows: 45
    num_max_agents_in_window: 2
    timing_gari:
        total_GARI: 0.0280299
        time_path_btw_starts: 0.000103569
        Stage1:
            total_Stage1:0.0144961
            time_add_x_to_o: 0.00543398
            time_clear_x: 0.000817768
            timing_AStarSearchUntil:
                total_astar_search_until:0.00824184
                num_values_f_less_fmax:5279
                ASU Exp:
                    total_ASUExp:0.00824074
                    time_top_o:0.00132153
                    time_check_in_c:0.000652892
                    time_add_parent:0.000452558
                    num_neighbors:12196
                    time_add_neighbors_to_o:0.00429105
        Stage2:
            total_Stage2:0.00317565
            num_len_path:46
            time_expanding_s:1.8424e-05
            timing_AStarSearchUntil:
                total_astar_search_until:0.00314545
                num_values_f_less_fmax:283
                ASU Exp:
                    total_ASUExp:0.0031445
                    time_top_o:6.5396e-05
                    time_check_in_c:5.6806e-05
                    time_add_parent:0.00011945
                    num_neighbors:6672
                    time_add_neighbors_to_o:0.00261581
        Stage3:
            total_Stage3:0.0102475
            num_until_goal_expanded:2086
            timing_S3Exp:
                total_S3Exp: 0.00848668
                time_top_o: 0.000517642
                time_check_in_c: 0.000309113
                time_add_parent: 0.000623244
                num_neighbors: 13109
                time_add_neighbors_to_o: 0.00510484
    timing_PIOW_overlapping:
        total_PIOW: 3.563e-06
        num_windows: 63
        time_check_overlap: 1.737e-06
        num_overlapping_windows: 0
        time_merge_windows: 0
        time_remove_window: 0
        time_remove_window: 0
        timing_PlanIn:
            total_PlanIn:0
            num_until_goal_expanded:0
            timing_expansions:
                total_S3Exp: 0
                time_top_o: 0
                time_check_in_c: 0
                time_add_parent: 0
                num_neighbors: 0
                time_add_neighbors_to_o: 0
    num_new_collisions: 4
    timing_PIOW_new_collisions:
        total_PIOW: 0.00115506
        num_windows: 11
        time_check_overlap: 4.7e-07
        num_overlapping_windows: 1
        time_merge_windows: 0
        time_remove_window: 0.0117795
        time_remove_window: 1.189e-06
        timing_PlanIn:
            total_PlanIn:0.00114788
            num_until_goal_expanded:154
            timing_expansions:
                total_S3Exp: 0.00114027
                time_top_o: 2.1356e-05
                time_check_in_c: 2.6423e-05
                time_add_parent: 3.8836e-05
                num_neighbors: 1907
                time_add_neighbors_to_o: 0.00083687
    num_windows_should_quit: 0
    time_should_quit: 1.182e-06
    time_remove_window: 0
Complete!
