Total time: 1.14186
is_optimal: true
optimality_bound: 1
successive_bounds: [1.00345, 1.00345, 1.00296, 1.00296, 1.00296, 1.00296, 1.00296, 1.00197, 1.00148, 1.00148, 1.00148, 1.00099, 1.00099, 1.00099, 1.00099, 1.00099, 1.00099, 1.00099, 1.00099, 1.00099, 1.00099, 1.00099, 1, 1]
successive_runtimes: [0.0213089, 0.0248107, 0.0291987, 0.0325782, 0.0366706, 0.0407309, 0.0448767, 0.0676654, 0.089711, 0.105029, 0.119694, 0.133377, 0.145963, 0.15899, 0.17297, 0.211113, 0.22751, 0.243174, 0.259301, 0.277696, 0.528766, 0.823695, 1.14186]
num_agents: 30
time_individual_plan: 0.0161967
time_first_plan: 0.00356824
num_max_agents_in_window_first_iteration: 2
num_recWAMPF: 23
timing_recWAMPF:
    total_RecWAMPF: 1.12411
    num_windows: 219
    num_max_agents_in_window: 3
    timing_gari:
        total_GARI: 0.882642
        time_path_btw_starts: 0.00131259
        Stage1:
            total_Stage1:0.678774
            time_add_x_to_o: 0.187304
            time_clear_x: 0.0475548
            timing_AStarSearchUntil:
                total_astar_search_until:0.443889
                num_values_f_less_fmax:16288
                ASU Exp:
                    total_ASUExp:0.443878
                    time_top_o:0.0157225
                    time_check_in_c:0.00903911
                    time_add_parent:0.00926837
                    num_neighbors:484569
                    time_add_neighbors_to_o:0.385952
        Stage2:
            total_Stage2:0.0423853
            num_len_path:228
            time_expanding_s:0.000265225
            timing_AStarSearchUntil:
                total_astar_search_until:0.0419764
                num_values_f_less_fmax:1148
                ASU Exp:
                    total_ASUExp:0.0419665
                    time_top_o:0.000723044
                    time_check_in_c:0.000643694
                    time_add_parent:0.00124809
                    num_neighbors:29383
                    time_add_neighbors_to_o:0.0352515
        Stage3:
            total_Stage3:0.160054
            num_until_goal_expanded:2917
            timing_S3Exp:
                total_S3Exp: 0.0507524
                time_top_o: 0.00164586
                time_check_in_c: 0.00109065
                time_add_parent: 0.00214402
                num_neighbors: 40788
                time_add_neighbors_to_o: 0.0368051
    timing_PIOW_overlapping:
        total_PIOW: 0.228986
        num_windows: 528
        time_check_overlap: 4.2175e-05
        num_overlapping_windows: 1
        time_merge_windows: 4.175e-06
        time_remove_window: 5.37e-07
        time_remove_window: 4.102e-06
        timing_PlanIn:
            total_PlanIn:0.228907
            num_until_goal_expanded:2166
            timing_expansions:
                total_S3Exp: 0.228904
                time_top_o: 0.00197202
                time_check_in_c: 0.000800885
                time_add_parent: 0.00172366
                num_neighbors: 242988
                time_add_neighbors_to_o: 0.208024
    num_new_collisions: 5
    timing_PIOW_new_collisions:
        total_PIOW: 0.00183698
        num_windows: 20
        time_check_overlap: 2.071e-06
        num_overlapping_windows: 0
        time_merge_windows: 0
        time_remove_window: 0
        time_remove_window: 5.143e-06
        timing_PlanIn:
            total_PlanIn:0.00181512
            num_until_goal_expanded:59
            timing_expansions:
                total_S3Exp: 0.00178761
                time_top_o: 2.4938e-05
                time_check_in_c: 4.2008e-05
                time_add_parent: 8.3896e-05
                num_neighbors: 680
                time_add_neighbors_to_o: 0.00126334
    num_windows_should_quit: 0
    time_should_quit: 1.6616e-05
    time_remove_window: 0
Complete!
