Total time: 0.120037
is_optimal: true
optimality_bound: 1
successive_bounds: [1.00184, 1.00147, 1.00147, 1.00147, 1.00147, 1.00147, 1.00147, 1.00147, 1.00147, 1.00147, 1.00147, 1.00147, 1.00147, 1.00147, 1.00147, 1.00147, 1.00074, 1.00074, 1, 1]
successive_runtimes: [0.00935732, 0.0112246, 0.0132639, 0.0157498, 0.0203292, 0.0243183, 0.0284621, 0.0332185, 0.0391901, 0.0457837, 0.0524189, 0.0594513, 0.0667368, 0.0746399, 0.0839576, 0.0933066, 0.102365, 0.107499, 0.120037]
num_agents: 40
time_individual_plan: 0.00658704
time_first_plan: 0.0021461
num_max_agents_in_window_first_iteration: 2
num_recWAMPF: 19
timing_recWAMPF:
    total_RecWAMPF: 0.112821
    num_windows: 222
    num_max_agents_in_window: 3
    timing_gari:
        total_GARI: 0.0971607
        time_path_btw_starts: 0.000649622
        Stage1:
            total_Stage1:0.0485211
            time_add_x_to_o: 0.0191644
            time_clear_x: 0.00297512
            timing_AStarSearchUntil:
                total_astar_search_until:0.026367
                num_values_f_less_fmax:10815
                ASU Exp:
                    total_ASUExp:0.0263611
                    time_top_o:0.00342286
                    time_check_in_c:0.00191532
                    time_add_parent:0.00135395
                    num_neighbors:38437
                    time_add_neighbors_to_o:0.0156089
        Stage2:
            total_Stage2:0.0101212
            num_len_path:235
            time_expanding_s:0.000137547
            timing_AStarSearchUntil:
                total_astar_search_until:0.00990625
                num_values_f_less_fmax:644
                ASU Exp:
                    total_ASUExp:0.00990106
                    time_top_o:0.000206747
                    time_check_in_c:0.000145188
                    time_add_parent:0.000309761
                    num_neighbors:19180
                    time_add_neighbors_to_o:0.00844047
        Stage3:
            total_Stage3:0.0378251
            num_until_goal_expanded:4014
            timing_S3Exp:
                total_S3Exp: 0.0222887
                time_top_o: 0.00122538
                time_check_in_c: 0.000696697
                time_add_parent: 0.00135067
                num_neighbors: 28993
                time_add_neighbors_to_o: 0.0138801
    timing_PIOW_overlapping:
        total_PIOW: 5.4295e-05
        num_windows: 648
        time_check_overlap: 3.212e-05
        num_overlapping_windows: 0
        time_merge_windows: 0
        time_remove_window: 0
        time_remove_window: 0
        timing_PlanIn:
            total_PlanIn:0
            num_until_goal_expanded:0
            timing_expansions:
                total_S3Exp: 0
                time_top_o: 0
                time_check_in_c: 0
                time_add_parent: 0
                num_neighbors: 0
                time_add_neighbors_to_o: 0
    num_new_collisions: 8
    timing_PIOW_new_collisions:
        total_PIOW: 0.00780268
        num_windows: 57
        time_check_overlap: 3.007e-06
        num_overlapping_windows: 2
        time_merge_windows: 0
        time_remove_window: 0.134236
        time_remove_window: 2.215e-06
        timing_PlanIn:
            total_PlanIn:0.00778484
            num_until_goal_expanded:304
            timing_expansions:
                total_S3Exp: 0.00776788
                time_top_o: 8.313e-05
                time_check_in_c: 6.4506e-05
                time_add_parent: 9.6083e-05
                num_neighbors: 11554
                time_add_neighbors_to_o: 0.00669441
    num_windows_should_quit: 0
    time_should_quit: 1.0121e-05
    time_remove_window: 0
Complete!
