Total time: 1084.5
is_optimal: false
optimality_bound: 1.00765
successive_bounds: [1.01318, 1.01213, 1.00817, 1.00817, 1.00817, 1.00817, 1.00817, 1.00817, 1.00791, 1.00765, 1.00765, 1.00765, 1.00765]
successive_runtimes: [232.934, 759.156, 1027.58, 1084.13, 1084.2, 1084.26, 1084.34, 1084.38, 1084.4, 1084.43, 1084.45, 1084.47, 1084.5]
num_agents: 60
time_individual_plan: 0.0180093
time_first_plan: 232.914
num_max_agents_in_window_first_iteration: 5
num_recWAMPF: 13
timing_recWAMPF:
    total_RecWAMPF: 1084.48
    num_windows: 176
    num_max_agents_in_window: 5
    timing_gari:
        total_GARI: 791.439
        time_path_btw_starts: 0.000628905
        Stage1:
            total_Stage1:666.947
            time_add_x_to_o: 58.1871
            time_clear_x: 33.6064
            timing_AStarSearchUntil:
                total_astar_search_until:575.153
                num_values_f_less_fmax:344797
                ASU Exp:
                    total_ASUExp:575.153
                    time_top_o:1.38972
                    time_check_in_c:0.297238
                    time_add_parent:0.496242
                    num_neighbors:591467907
                    time_add_neighbors_to_o:568.503
        Stage2:
            total_Stage2:0.0489526
            num_len_path:128
            time_expanding_s:0.000212473
            timing_AStarSearchUntil:
                total_astar_search_until:0.0486253
                num_values_f_less_fmax:550
                ASU Exp:
                    total_ASUExp:0.0486211
                    time_top_o:0.000327518
                    time_check_in_c:0.000171523
                    time_add_parent:0.000372695
                    num_neighbors:68611
                    time_add_neighbors_to_o:0.0463439
        Stage3:
            total_Stage3:124.442
            num_until_goal_expanded:152214
            timing_S3Exp:
                total_S3Exp: 70.804
                time_top_o: 0.389845
                time_check_in_c: 0.0546711
                time_add_parent: 0.186468
                num_neighbors: 82374148
                time_add_neighbors_to_o: 68.8853
    timing_PIOW_overlapping:
        total_PIOW: 59.8353
        num_windows: 968
        time_check_overlap: 4.4062e-05
        num_overlapping_windows: 17
        time_merge_windows: 4.438e-05
        time_remove_window: 7.452e-06
        time_remove_window: 4.3318e-05
        timing_PlanIn:
            total_PlanIn:59.8351
            num_until_goal_expanded:137050
            timing_expansions:
                total_S3Exp: 56.7629
                time_top_o: 0.301477
                time_check_in_c: 0.0632729
                time_add_parent: 0.153669
                num_neighbors: 62860190
                time_add_neighbors_to_o: 56.0839
    num_new_collisions: 28
    timing_PIOW_new_collisions:
        total_PIOW: 233.175
        num_windows: 617
        time_check_overlap: 2.6396e-05
        num_overlapping_windows: 6
        time_merge_windows: 0
        time_remove_window: 1267.28
        time_remove_window: 2.259e-05
        timing_PlanIn:
            total_PlanIn:233.175
            num_until_goal_expanded:470741
            timing_expansions:
                total_S3Exp: 233.175
                time_top_o: 1.30243
                time_check_in_c: 0.255179
                time_add_parent: 0.616197
                num_neighbors: 249376274
                time_add_neighbors_to_o: 219.437
    num_windows_should_quit: 0
    time_should_quit: 2.4433e-05
    time_remove_window: 0
Complete!
