Total time: 10.1014
is_optimal: true
optimality_bound: 1
successive_bounds: [1.00137, 1.00137, 1.00137, 1.00137, 1.00046, 1.00046, 1.00046, 1.00046, 1.00046, 1.00046, 1.00046, 1.00046, 1.00046, 1.00046, 1.00046, 1.00046, 1.00046, 1.00046, 1, 1]
successive_runtimes: [3.81213, 4.86915, 6.7817, 8.72643, 10.0803, 10.0935, 10.0946, 10.0957, 10.0966, 10.0976, 10.0985, 10.0989, 10.0992, 10.0995, 10.0999, 10.1002, 10.1005, 10.1009, 10.1014]
num_agents: 30
time_individual_plan: 0.00361234
time_first_plan: 3.80795
num_max_agents_in_window_first_iteration: 3
num_recWAMPF: 19
timing_recWAMPF:
    total_RecWAMPF: 10.0972
    num_windows: 58
    num_max_agents_in_window: 3
    timing_gari:
        total_GARI: 3.81653
        time_path_btw_starts: 0.000228044
        Stage1:
            total_Stage1:3.69069
            time_add_x_to_o: 0.791193
            time_clear_x: 0.322321
            timing_AStarSearchUntil:
                total_astar_search_until:0.702762
                num_values_f_less_fmax:78729
                ASU Exp:
                    total_ASUExp:0.702761
                    time_top_o:0.0862229
                    time_check_in_c:0.0317435
                    time_add_parent:0.0253602
                    num_neighbors:4491552
                    time_add_neighbors_to_o:2.20863
        Stage2:
            total_Stage2:0.00466166
            num_len_path:43
            time_expanding_s:0.000492111
            timing_AStarSearchUntil:
                total_astar_search_until:0.00414903
                num_values_f_less_fmax:43
                ASU Exp:
                    total_ASUExp:0.00414796
                    time_top_o:1.52e-05
                    time_check_in_c:1.1138e-05
                    time_add_parent:1.9092e-05
                    num_neighbors:2080
                    time_add_neighbors_to_o:0.00402017
        Stage3:
            total_Stage3:0.120947
            num_until_goal_expanded:2490
            timing_S3Exp:
                total_S3Exp: 0.0692173
                time_top_o: 0.00203638
                time_check_in_c: 0.000710388
                time_add_parent: 0.00132514
                num_neighbors: 124463
                time_add_neighbors_to_o: 0.0614188
    timing_PIOW_overlapping:
        total_PIOW: 3.999e-06
        num_windows: 48
        time_check_overlap: 2.179e-06
        num_overlapping_windows: 0
        time_merge_windows: 0
        time_remove_window: 0
        time_remove_window: 0
        timing_PlanIn:
            total_PlanIn:0
            num_until_goal_expanded:0
            timing_expansions:
                total_S3Exp: 0
                time_top_o: 0
                time_check_in_c: 0
                time_add_parent: 0
                num_neighbors: 0
                time_add_neighbors_to_o: 0
    num_new_collisions: 3
    timing_PIOW_new_collisions:
        total_PIOW: 3.80734
        num_windows: 7
        time_check_overlap: 7.24e-07
        num_overlapping_windows: 1
        time_merge_windows: 2.482e-06
        time_remove_window: 4.02e-07
        time_remove_window: 1.157e-06
        timing_PlanIn:
            total_PlanIn:3.80731
            num_until_goal_expanded:201934
            timing_expansions:
                total_S3Exp: 0.777224
                time_top_o: 0.0668086
                time_check_in_c: 0.0382172
                time_add_parent: 0.0532801
                num_neighbors: 6701218
                time_add_neighbors_to_o: 2.92222
    num_windows_should_quit: 1
    time_should_quit: 2.273e-06
    time_remove_window: 3.16e-07
Complete!
