Total time: 222.555
is_optimal: false
optimality_bound: 1.00457
successive_bounds: [1.00558, 1.00533, 1.00533, 1.00507, 1.00507, 1.00507, 1.00507, 1.00507, 1.00507, 1.00507, 1.00507, 1.00507, 1.00507, 1.00457, 1.00457, 1.00457]
successive_runtimes: [0.0387436, 0.0474721, 0.0583985, 0.285966, 0.489269, 0.514707, 0.653448, 1.07331, 1.75872, 2.54915, 3.16843, 3.77478, 4.26892, 30.4031, 107.088, 222.555]
num_agents: 60
time_individual_plan: 0.0170902
time_first_plan: 0.0206477
num_max_agents_in_window_first_iteration: 4
num_recWAMPF: 16
timing_recWAMPF:
    total_RecWAMPF: 222.536
    num_windows: 163
    num_max_agents_in_window: 6
    timing_gari:
        total_GARI: 195.85
        time_path_btw_starts: 0.000985663
        Stage1:
            total_Stage1:183.519
            time_add_x_to_o: 13.1773
            time_clear_x: 7.92711
            timing_AStarSearchUntil:
                total_astar_search_until:162.414
                num_values_f_less_fmax:157681
                ASU Exp:
                    total_ASUExp:162.414
                    time_top_o:0.423916
                    time_check_in_c:0.12997
                    time_add_parent:0.107258
                    num_neighbors:259824161
                    time_add_neighbors_to_o:161.419
        Stage2:
            total_Stage2:0.029316
            num_len_path:150
            time_expanding_s:0.00017591
            timing_AStarSearchUntil:
                total_astar_search_until:0.0290739
                num_values_f_less_fmax:736
                ASU Exp:
                    total_ASUExp:0.0290701
                    time_top_o:0.000269027
                    time_check_in_c:0.000137159
                    time_add_parent:0.000224725
                    num_neighbors:61376
                    time_add_neighbors_to_o:0.0274651
        Stage3:
            total_Stage3:12.3008
            num_until_goal_expanded:1146
            timing_S3Exp:
                total_S3Exp: 0.055236
                time_top_o: 0.000433765
                time_check_in_c: 0.000199698
                time_add_parent: 0.000390086
                num_neighbors: 79405
                time_add_neighbors_to_o: 0.0522434
    timing_PIOW_overlapping:
        total_PIOW: 26.3833
        num_windows: 915
        time_check_overlap: 3.0866e-05
        num_overlapping_windows: 15
        time_merge_windows: 2.0083e-05
        time_remove_window: 4.085e-06
        time_remove_window: 1.9313e-05
        timing_PlanIn:
            total_PlanIn:26.3832
            num_until_goal_expanded:14503
            timing_expansions:
                total_S3Exp: 26.3831
                time_top_o: 0.0328841
                time_check_in_c: 0.00589755
                time_add_parent: 0.0085419
                num_neighbors: 39509039
                time_add_neighbors_to_o: 25.3182
    num_new_collisions: 23
    timing_PIOW_new_collisions:
        total_PIOW: 0.273872
        num_windows: 389
        time_check_overlap: 1.6418e-05
        num_overlapping_windows: 6
        time_merge_windows: 0
        time_remove_window: 0.806083
        time_remove_window: 1.5736e-05
        timing_PlanIn:
            total_PlanIn:0.273786
            num_until_goal_expanded:854
            timing_expansions:
                total_S3Exp: 0.273713
                time_top_o: 0.000284665
                time_check_in_c: 0.000215882
                time_add_parent: 0.000300029
                num_neighbors: 496042
                time_add_neighbors_to_o: 0.258839
    num_windows_should_quit: 0
    time_should_quit: 1.1114e-05
    time_remove_window: 0
Complete!
