Total time: 5.68412
is_optimal: false
optimality_bound: 1.00594
successive_bounds: [1.00775, 1.00723, 1.00671, 1.0062, 1.0062, 1.00594]
successive_runtimes: [0.0229995, 0.0370091, 0.160545, 0.469474, 1.18775, 5.68412]
num_agents: 60
time_individual_plan: 0.0086202
time_first_plan: 0.0138584
num_max_agents_in_window_first_iteration: 3
num_recWAMPF: 6
timing_recWAMPF:
    total_RecWAMPF: 5.67498
    num_windows: 155
    num_max_agents_in_window: 6
    timing_gari:
        total_GARI: 1.05986
        time_path_btw_starts: 0.000486545
        Stage1:
            total_Stage1:0.863405
            time_add_x_to_o: 0.149107
            time_clear_x: 0.0301608
            timing_AStarSearchUntil:
                total_astar_search_until:0.684128
                num_values_f_less_fmax:6263
                ASU Exp:
                    total_ASUExp:0.684124
                    time_top_o:0.00724558
                    time_check_in_c:0.019818
                    time_add_parent:0.00233035
                    num_neighbors:1327427
                    time_add_neighbors_to_o:0.640049
        Stage2:
            total_Stage2:0.0118632
            num_len_path:142
            time_expanding_s:8.7655e-05
            timing_AStarSearchUntil:
                total_astar_search_until:0.0117219
                num_values_f_less_fmax:342
                ASU Exp:
                    total_ASUExp:0.011719
                    time_top_o:9.3212e-05
                    time_check_in_c:6.8114e-05
                    time_add_parent:0.000103535
                    num_neighbors:24835
                    time_add_neighbors_to_o:0.0110313
        Stage3:
            total_Stage3:0.184074
            num_until_goal_expanded:1864
            timing_S3Exp:
                total_S3Exp: 0.13424
                time_top_o: 0.000742754
                time_check_in_c: 0.00032195
                time_add_parent: 0.000593888
                num_neighbors: 232355
                time_add_neighbors_to_o: 0.130078
    timing_PIOW_overlapping:
        total_PIOW: 0.531009
        num_windows: 1194
        time_check_overlap: 3.8625e-05
        num_overlapping_windows: 9
        time_merge_windows: 1.3897e-05
        time_remove_window: 2.583e-06
        time_remove_window: 1.3384e-05
        timing_PlanIn:
            total_PlanIn:0.530915
            num_until_goal_expanded:1191
            timing_expansions:
                total_S3Exp: 0.530892
                time_top_o: 0.000539804
                time_check_in_c: 0.000272573
                time_add_parent: 0.000412404
                num_neighbors: 1002966
                time_add_neighbors_to_o: 0.502209
    num_new_collisions: 26
    timing_PIOW_new_collisions:
        total_PIOW: 4.0699
        num_windows: 538
        time_check_overlap: 1.6659e-05
        num_overlapping_windows: 6
        time_merge_windows: 0
        time_remove_window: 12.4731
        time_remove_window: 1.4534e-05
        timing_PlanIn:
            total_PlanIn:4.06982
            num_until_goal_expanded:1247
            timing_expansions:
                total_S3Exp: 4.06977
                time_top_o: 0.00098052
                time_check_in_c: 0.000363746
                time_add_parent: 0.000499298
                num_neighbors: 6625401
                time_add_neighbors_to_o: 3.89971
    num_windows_should_quit: 0
    time_should_quit: 1.1373e-05
    time_remove_window: 0
Complete!
