Total time: 7.72874
is_optimal: false
optimality_bound: 1.004
successive_bounds: [1.00801, 1.00585, 1.00524, 1.00524, 1.00524, 1.00524, 1.00493, 1.004, 1.004, 1.004]
successive_runtimes: [0.0232959, 0.0303421, 0.0600711, 0.0855722, 0.126807, 0.193575, 0.269673, 3.58707, 5.49972, 7.72874]
num_agents: 50
time_individual_plan: 0.0172572
time_first_plan: 0.00541162
num_max_agents_in_window_first_iteration: 2
num_recWAMPF: 10
timing_recWAMPF:
    total_RecWAMPF: 7.71085
    num_windows: 113
    num_max_agents_in_window: 4
    timing_gari:
        total_GARI: 4.45336
        time_path_btw_starts: 0.000360716
        Stage1:
            total_Stage1:2.43658
            time_add_x_to_o: 0.572863
            time_clear_x: 0.223253
            timing_AStarSearchUntil:
                total_astar_search_until:1.64046
                num_values_f_less_fmax:12856
                ASU Exp:
                    total_ASUExp:1.64045
                    time_top_o:0.0204162
                    time_check_in_c:0.0669978
                    time_add_parent:0.00537698
                    num_neighbors:2582872
                    time_add_neighbors_to_o:1.52297
        Stage2:
            total_Stage2:0.01304
            num_len_path:105
            time_expanding_s:6.4435e-05
            timing_AStarSearchUntil:
                total_astar_search_until:0.0129247
                num_values_f_less_fmax:415
                ASU Exp:
                    total_ASUExp:0.0129219
                    time_top_o:0.000168483
                    time_check_in_c:0.000115896
                    time_add_parent:0.000189183
                    num_neighbors:21669
                    time_add_neighbors_to_o:0.0118789
        Stage3:
            total_Stage3:2.00335
            num_until_goal_expanded:8535
            timing_S3Exp:
                total_S3Exp: 1.33808
                time_top_o: 0.0117351
                time_check_in_c: 0.0052382
                time_add_parent: 0.0045254
                num_neighbors: 1928776
                time_add_neighbors_to_o: 1.29988
    timing_PIOW_overlapping:
        total_PIOW: 3.2471
        num_windows: 443
        time_check_overlap: 2.1504e-05
        num_overlapping_windows: 9
        time_merge_windows: 1.2617e-05
        time_remove_window: 2.823e-06
        time_remove_window: 1.203e-05
        timing_PlanIn:
            total_PlanIn:3.24703
            num_until_goal_expanded:12918
            timing_expansions:
                total_S3Exp: 3.24701
                time_top_o: 0.0191518
                time_check_in_c: 0.00425612
                time_add_parent: 0.00717322
                num_neighbors: 4724106
                time_add_neighbors_to_o: 3.03701
    num_new_collisions: 13
    timing_PIOW_new_collisions:
        total_PIOW: 0.00282849
        num_windows: 142
        time_check_overlap: 6.125e-06
        num_overlapping_windows: 0
        time_merge_windows: 0
        time_remove_window: 0
        time_remove_window: 5.271e-06
        timing_PlanIn:
            total_PlanIn:0.00279821
            num_until_goal_expanded:277
            timing_expansions:
                total_S3Exp: 0.00277173
                time_top_o: 4.6081e-05
                time_check_in_c: 5.642e-05
                time_add_parent: 8.2759e-05
                num_neighbors: 4184
                time_add_neighbors_to_o: 0.00210907
    num_windows_should_quit: 0
    time_should_quit: 8.04e-06
    time_remove_window: 0
Complete!
