Total time: 0.129799
is_optimal: false
optimality_bound: 1.00158
successive_bounds: [1.0057, 1.0057, 1.00539, 1.00539, 1.00475, 1.00412, 1.00349, 1.00349, 1.00349, 1.00349, 1.00349, 1.00349, 1.00349, 1.00222, 1.00222, 1.00158, 1.00158, 1.00158, 1.00158, 1.00158, 1.00158]
successive_runtimes: [0.00964487, 0.0122836, 0.0151634, 0.0183351, 0.0217739, 0.0248813, 0.0274862, 0.029588, 0.0317704, 0.0339172, 0.0360404, 0.0381346, 0.0403315, 0.0726493, 0.0901218, 0.0985193, 0.105174, 0.111529, 0.117506, 0.123636, 0.129799]
num_agents: 50
time_individual_plan: 0.00510678
time_first_plan: 0.00400663
num_max_agents_in_window_first_iteration: 2
num_recWAMPF: 21
timing_recWAMPF:
    total_RecWAMPF: 0.124156
    num_windows: 379
    num_max_agents_in_window: 3
    timing_gari:
        total_GARI: 0.0772823
        time_path_btw_starts: 0.000845508
        Stage1:
            total_Stage1:0.0288498
            time_add_x_to_o: 0.0176334
            time_clear_x: 0.00223169
            timing_AStarSearchUntil:
                total_astar_search_until:0.00896501
                num_values_f_less_fmax:3291
                ASU Exp:
                    total_ASUExp:0.00894331
                    time_top_o:0.000834906
                    time_check_in_c:0.00061564
                    time_add_parent:0.000343411
                    num_neighbors:16041
                    time_add_neighbors_to_o:0.00588568
        Stage2:
            total_Stage2:0.0111492
            num_len_path:384
            time_expanding_s:0.000183484
            timing_AStarSearchUntil:
                total_astar_search_until:0.0108541
                num_values_f_less_fmax:813
                ASU Exp:
                    total_ASUExp:0.0108465
                    time_top_o:0.000215969
                    time_check_in_c:0.000167213
                    time_add_parent:0.000280638
                    num_neighbors:21852
                    time_add_neighbors_to_o:0.00911865
        Stage3:
            total_Stage3:0.0363812
            num_until_goal_expanded:1987
            timing_S3Exp:
                total_S3Exp: 0.0145049
                time_top_o: 0.000428327
                time_check_in_c: 0.000266179
                time_add_parent: 0.000552618
                num_neighbors: 20094
                time_add_neighbors_to_o: 0.00933563
    timing_PIOW_overlapping:
        total_PIOW: 0.0299752
        num_windows: 1755
        time_check_overlap: 5.8059e-05
        num_overlapping_windows: 2
        time_merge_windows: 2.936e-06
        time_remove_window: 4.21e-07
        time_remove_window: 2.793e-06
        timing_PlanIn:
            total_PlanIn:0.0298704
            num_until_goal_expanded:518
            timing_expansions:
                total_S3Exp: 0.0298658
                time_top_o: 0.000129311
                time_check_in_c: 8.5288e-05
                time_add_parent: 0.000145508
                num_neighbors: 54024
                time_add_neighbors_to_o: 0.0273526
    num_new_collisions: 10
    timing_PIOW_new_collisions:
        total_PIOW: 0.00116693
        num_windows: 90
        time_check_overlap: 2.684e-06
        num_overlapping_windows: 0
        time_merge_windows: 0
        time_remove_window: 0
        time_remove_window: 3.611e-06
        timing_PlanIn:
            total_PlanIn:0.0011512
            num_until_goal_expanded:143
            timing_expansions:
                total_S3Exp: 0.00113333
                time_top_o: 1.7844e-05
                time_check_in_c: 2.4819e-05
                time_add_parent: 5.6667e-05
                num_neighbors: 1600
                time_add_neighbors_to_o: 0.000817161
    num_windows_should_quit: 0
    time_should_quit: 1.7e-05
    time_remove_window: 0
Complete!
