Total time: 0.682005
is_optimal: true
optimality_bound: 1
successive_bounds: [1.00282, 1.00282, 1.00282, 1.00282, 1.00282, 1.00282, 1.00282, 1.00282, 1.00188, 1.00188, 1.00188, 1.00188, 1.00188, 1.00188, 1.00188, 1.00094, 1.00094, 1.00094, 1.00094, 1.00094, 1.00094, 1, 1]
successive_runtimes: [0.018374, 0.0204589, 0.0234798, 0.0265724, 0.0293855, 0.0322988, 0.0352711, 0.0385704, 0.0505004, 0.0549392, 0.0591831, 0.0641108, 0.0690286, 0.0738128, 0.0823018, 0.0943677, 0.143343, 0.229893, 0.335107, 0.454524, 0.568145, 0.682005]
num_agents: 30
time_individual_plan: 0.0149015
time_first_plan: 0.00236935
num_max_agents_in_window_first_iteration: 2
num_recWAMPF: 22
timing_recWAMPF:
    total_RecWAMPF: 0.665988
    num_windows: 130
    num_max_agents_in_window: 3
    timing_gari:
        total_GARI: 0.611835
        time_path_btw_starts: 0.000593329
        Stage1:
            total_Stage1:0.27533
            time_add_x_to_o: 0.0870487
            time_clear_x: 0.0237321
            timing_AStarSearchUntil:
                total_astar_search_until:0.164533
                num_values_f_less_fmax:8542
                ASU Exp:
                    total_ASUExp:0.164528
                    time_top_o:0.00658893
                    time_check_in_c:0.00384857
                    time_add_parent:0.00357795
                    num_neighbors:192422
                    time_add_neighbors_to_o:0.139883
        Stage2:
            total_Stage2:0.0244335
            num_len_path:130
            time_expanding_s:0.000125746
            timing_AStarSearchUntil:
                total_astar_search_until:0.0242207
                num_values_f_less_fmax:802
                ASU Exp:
                    total_ASUExp:0.0242168
                    time_top_o:0.000419647
                    time_check_in_c:0.000354896
                    time_add_parent:0.000679828
                    num_neighbors:23453
                    time_add_neighbors_to_o:0.02067
        Stage3:
            total_Stage3:0.311403
            num_until_goal_expanded:11679
            timing_S3Exp:
                total_S3Exp: 0.235005
                time_top_o: 0.00768781
                time_check_in_c: 0.00329682
                time_add_parent: 0.00778341
                num_neighbors: 290449
                time_add_neighbors_to_o: 0.18987
    timing_PIOW_overlapping:
        total_PIOW: 0.0433612
        num_windows: 195
        time_check_overlap: 1.7809e-05
        num_overlapping_windows: 1
        time_merge_windows: 2.209e-06
        time_remove_window: 3.72e-07
        time_remove_window: 2.138e-06
        timing_PlanIn:
            total_PlanIn:0.0433257
            num_until_goal_expanded:1395
            timing_expansions:
                total_S3Exp: 0.0433217
                time_top_o: 0.000784647
                time_check_in_c: 0.000450195
                time_add_parent: 0.00107183
                num_neighbors: 42144
                time_add_neighbors_to_o: 0.0350335
    num_new_collisions: 4
    timing_PIOW_new_collisions:
        total_PIOW: 0.0020811
        num_windows: 12
        time_check_overlap: 2.83e-06
        num_overlapping_windows: 0
        time_merge_windows: 0
        time_remove_window: 0
        time_remove_window: 2.729e-06
        timing_PlanIn:
            total_PlanIn:0.0020662
            num_until_goal_expanded:89
            timing_expansions:
                total_S3Exp: 0.00204903
                time_top_o: 2.9416e-05
                time_check_in_c: 4.19e-05
                time_add_parent: 9.1879e-05
                num_neighbors: 1197
                time_add_neighbors_to_o: 0.00151255
    num_windows_should_quit: 0
    time_should_quit: 1.0578e-05
    time_remove_window: 0
Complete!
