Total time: 0.356296
is_optimal: false
optimality_bound: 1.00676
successive_bounds: [1.00892, 1.00892, 1.00892, 1.00892, 1.00892, 1.00892, 1.00892, 1.00811, 1.00757, 1.0073, 1.0073, 1.0073, 1.0073, 1.0073, 1.00676, 1.00676, 1.00676, 1.00676]
successive_runtimes: [0.0218685, 0.0333943, 0.0377081, 0.0420352, 0.0463013, 0.0511812, 0.0569915, 0.063192, 0.0703611, 0.107893, 0.151719, 0.186531, 0.217259, 0.243386, 0.271473, 0.2975, 0.327816, 0.356296]
num_agents: 50
time_individual_plan: 0.00808868
time_first_plan: 0.0131907
num_max_agents_in_window_first_iteration: 3
num_recWAMPF: 18
timing_recWAMPF:
    total_RecWAMPF: 0.347614
    num_windows: 136
    num_max_agents_in_window: 4
    timing_gari:
        total_GARI: 0.278965
        time_path_btw_starts: 0.00058578
        Stage1:
            total_Stage1:0.0604026
            time_add_x_to_o: 0.0407782
            time_clear_x: 0.00762436
            timing_AStarSearchUntil:
                total_astar_search_until:0.0119907
                num_values_f_less_fmax:511
                ASU Exp:
                    total_ASUExp:0.0119873
                    time_top_o:0.000191316
                    time_check_in_c:0.000116149
                    time_add_parent:0.000406036
                    num_neighbors:28379
                    time_add_neighbors_to_o:0.0106786
        Stage2:
            total_Stage2:0.00871006
            num_len_path:111
            time_expanding_s:0.000527257
            timing_AStarSearchUntil:
                total_astar_search_until:0.00813297
                num_values_f_less_fmax:231
                ASU Exp:
                    total_ASUExp:0.00813033
                    time_top_o:7.2071e-05
                    time_check_in_c:5.3206e-05
                    time_add_parent:0.000276649
                    num_neighbors:18357
                    time_add_neighbors_to_o:0.00732443
        Stage3:
            total_Stage3:0.208773
            num_until_goal_expanded:2290
            timing_S3Exp:
                total_S3Exp: 0.117202
                time_top_o: 0.000818062
                time_check_in_c: 0.000396548
                time_add_parent: 0.000609222
                num_neighbors: 200885
                time_add_neighbors_to_o: 0.111681
    timing_PIOW_overlapping:
        total_PIOW: 0.0134742
        num_windows: 412
        time_check_overlap: 1.3517e-05
        num_overlapping_windows: 14
        time_merge_windows: 9.778e-06
        time_remove_window: 2.109e-06
        time_remove_window: 9.17e-06
        timing_PlanIn:
            total_PlanIn:0.0134273
            num_until_goal_expanded:735
            timing_expansions:
                total_S3Exp: 0.0134045
                time_top_o: 0.000128302
                time_check_in_c: 0.00012707
                time_add_parent: 0.000184309
                num_neighbors: 23673
                time_add_neighbors_to_o: 0.0113785
    num_new_collisions: 19
    timing_PIOW_new_collisions:
        total_PIOW: 0.0364496
        num_windows: 307
        time_check_overlap: 7.869e-06
        num_overlapping_windows: 2
        time_merge_windows: 0
        time_remove_window: 0.090461
        time_remove_window: 1.0771e-05
        timing_PlanIn:
            total_PlanIn:0.0363734
            num_until_goal_expanded:891
            timing_expansions:
                total_S3Exp: 0.036342
                time_top_o: 0.000180424
                time_check_in_c: 0.000162123
                time_add_parent: 0.000232657
                num_neighbors: 63785
                time_add_neighbors_to_o: 0.0328041
    num_windows_should_quit: 0
    time_should_quit: 7.684e-06
    time_remove_window: 0
Complete!
