Total time: 0.171547
is_optimal: true
optimality_bound: 1
successive_bounds: [1.00402, 1.00201, 1.00201, 1.00201, 1.00101, 1.00101, 1.00101, 1.00101, 1.00101, 1.00101, 1.00101, 1.00101, 1.00101, 1.00101, 1.00101, 1.00101, 1.00101, 1.00101, 1.00101, 1.00101, 1.00101, 1.00101, 1.00101, 1.00101, 1, 1]
successive_runtimes: [0.00560818, 0.00822042, 0.010473, 0.0129851, 0.0167459, 0.0213947, 0.026685, 0.0329953, 0.0391031, 0.0458753, 0.0525027, 0.0592683, 0.066737, 0.0738331, 0.0811348, 0.0887686, 0.0966377, 0.104872, 0.113334, 0.12269, 0.13182, 0.141274, 0.151224, 0.16148, 0.171547]
num_agents: 30
time_individual_plan: 0.00320215
time_first_plan: 0.00189307
num_max_agents_in_window_first_iteration: 2
num_recWAMPF: 25
timing_recWAMPF:
    total_RecWAMPF: 0.167828
    num_windows: 196
    num_max_agents_in_window: 2
    timing_gari:
        total_GARI: 0.160072
        time_path_btw_starts: 0.000383923
        Stage1:
            total_Stage1:0.0745454
            time_add_x_to_o: 0.0300329
            time_clear_x: 0.00523646
            timing_AStarSearchUntil:
                total_astar_search_until:0.039265
                num_values_f_less_fmax:36411
                ASU Exp:
                    total_ASUExp:0.0392605
                    time_top_o:0.00997936
                    time_check_in_c:0.00526563
                    time_add_parent:0.00163323
                    num_neighbors:37783
                    time_add_neighbors_to_o:0.0138974
        Stage2:
            total_Stage2:0.00380751
            num_len_path:172
            time_expanding_s:7.3391e-05
            timing_AStarSearchUntil:
                total_astar_search_until:0.00368161
                num_values_f_less_fmax:290
                ASU Exp:
                    total_ASUExp:0.00367766
                    time_top_o:7.6691e-05
                    time_check_in_c:8.3379e-05
                    time_add_parent:9.2126e-05
                    num_neighbors:8211
                    time_add_neighbors_to_o:0.00309224
        Stage3:
            total_Stage3:0.0813002
            num_until_goal_expanded:16429
            timing_S3Exp:
                total_S3Exp: 0.0636206
                time_top_o: 0.00443744
                time_check_in_c: 0.00260287
                time_add_parent: 0.00483421
                num_neighbors: 89415
                time_add_neighbors_to_o: 0.0355604
    timing_PIOW_overlapping:
        total_PIOW: 2.3011e-05
        num_windows: 384
        time_check_overlap: 1.305e-05
        num_overlapping_windows: 0
        time_merge_windows: 0
        time_remove_window: 0
        time_remove_window: 0
        timing_PlanIn:
            total_PlanIn:0
            num_until_goal_expanded:0
            timing_expansions:
                total_S3Exp: 0
                time_top_o: 0
                time_check_in_c: 0
                time_add_parent: 0
                num_neighbors: 0
                time_add_neighbors_to_o: 0
    num_new_collisions: 4
    timing_PIOW_new_collisions:
        total_PIOW: 0.00120947
        num_windows: 12
        time_check_overlap: 3.97e-07
        num_overlapping_windows: 0
        time_merge_windows: 0
        time_remove_window: 0
        time_remove_window: 1.326e-06
        timing_PlanIn:
            total_PlanIn:0.00120373
            num_until_goal_expanded:214
            timing_expansions:
                total_S3Exp: 0.00119615
                time_top_o: 2.4734e-05
                time_check_in_c: 3.7811e-05
                time_add_parent: 5.0635e-05
                num_neighbors: 1509
                time_add_neighbors_to_o: 0.000778793
    num_windows_should_quit: 0
    time_should_quit: 6.63e-06
    time_remove_window: 0
Complete!
