Total time: 2.67607
is_optimal: false
optimality_bound: 1.00343
successive_bounds: [1.02084, 1.00539, 1.0049, 1.0049, 1.0049, 1.0049, 1.00441, 1.00441, 1.00441, 1.00441, 1.00392, 1.00392, 1.00392, 1.00392, 1.00392, 1.00392, 1.00392, 1.00392, 1.00392, 1.00343, 1.00343, 1.00343, 1.00343, 1.00343, 1.00343, 1.00343, 1.00343, 1.00343, 1.00343, 1.00343, 1.00343, 1.00343, 1.00343, 1.00343, 1.00343, 1.00343, 1.00343]
successive_runtimes: [0.110854, 1.29039, 1.30714, 1.31171, 1.3162, 1.32034, 1.32424, 1.32808, 1.3313, 1.33499, 1.33934, 1.3436, 1.34739, 1.35288, 1.36257, 1.37283, 1.38094, 1.38963, 1.40398, 1.44232, 1.46065, 1.51857, 1.54523, 1.5705, 1.59677, 1.62701, 1.69159, 1.71434, 2.44782, 2.46874, 2.51241, 2.53247, 2.55538, 2.579, 2.59924, 2.62428, 2.67607]
num_agents: 60
time_individual_plan: 0.0226727
time_first_plan: 0.0874711
num_max_agents_in_window_first_iteration: 4
num_recWAMPF: 37
timing_recWAMPF:
    total_RecWAMPF: 2.65267
    num_windows: 559
    num_max_agents_in_window: 4
    timing_gari:
        total_GARI: 1.73904
        time_path_btw_starts: 0.0803674
        Stage1:
            total_Stage1:1.10931
            time_add_x_to_o: 0.0704294
            time_clear_x: 0.0110193
            timing_AStarSearchUntil:
                total_astar_search_until:0.073847
                num_values_f_less_fmax:28730
                ASU Exp:
                    total_ASUExp:0.0738292
                    time_top_o:0.03183
                    time_check_in_c:0.0141715
                    time_add_parent:0.0122259
                    num_neighbors:1587240
                    time_add_neighbors_to_o:0.922557
        Stage2:
            total_Stage2:0.0815908
            num_len_path:420
            time_expanding_s:0.000436994
            timing_AStarSearchUntil:
                total_astar_search_until:0.0807954
                num_values_f_less_fmax:5096
                ASU Exp:
                    total_ASUExp:0.080781
                    time_top_o:0.00334681
                    time_check_in_c:0.00132099
                    time_add_parent:0.00254601
                    num_neighbors:121014
                    time_add_neighbors_to_o:0.0666365
        Stage3:
            total_Stage3:0.467571
            num_until_goal_expanded:14471
            timing_S3Exp:
                total_S3Exp: 0.178683
                time_top_o: 0.0100283
                time_check_in_c: 0.00365992
                time_add_parent: 0.00607768
                num_neighbors: 239758
                time_add_neighbors_to_o: 0.13616
    timing_PIOW_overlapping:
        total_PIOW: 0.728046
        num_windows: 2350
        time_check_overlap: 0.000162129
        num_overlapping_windows: 9
        time_merge_windows: 1.3613e-05
        time_remove_window: 2.726e-06
        time_remove_window: 1.3036e-05
        timing_PlanIn:
            total_PlanIn:0.727761
            num_until_goal_expanded:2530
            timing_expansions:
                total_S3Exp: 0.727734
                time_top_o: 0.00248415
                time_check_in_c: 0.000796163
                time_add_parent: 0.00152045
                num_neighbors: 847933
                time_add_neighbors_to_o: 0.688266
    num_new_collisions: 20
    timing_PIOW_new_collisions:
        total_PIOW: 0.0842307
        num_windows: 363
        time_check_overlap: 1.6354e-05
        num_overlapping_windows: 4
        time_merge_windows: 0
        time_remove_window: 1.37673
        time_remove_window: 8.86e-06
        timing_PlanIn:
            total_PlanIn:0.0841531
            num_until_goal_expanded:1827
            timing_expansions:
                total_S3Exp: 0.0840975
                time_top_o: 0.000557183
                time_check_in_c: 0.000504106
                time_add_parent: 0.000776363
                num_neighbors: 131106
                time_add_neighbors_to_o: 0.0747073
    num_windows_should_quit: 2
    time_should_quit: 6.6027e-05
    time_remove_window: 5.6e-07
Complete!
