Total time: 0.0213725
is_optimal: true
optimality_bound: 1
successive_bounds: [1.00241, 1.00241, 1.00241, 1.00241, 1.00241, 1.00241, 1.00241, 1.00241, 1.00241, 1.00241, 1.00241, 1.00241, 1.00241, 1.00241, 1.00241, 1.00241, 1.00241, 1.00241, 1.00241, 1.00241, 1.00241, 1.00241, 1.00241, 1.00241, 1.00241, 1.00241, 1.00241, 1.00241, 1.00241, 1, 1]
successive_runtimes: [0.00303965, 0.0035488, 0.00402125, 0.00449084, 0.00495358, 0.00542102, 0.00591779, 0.0063796, 0.006852, 0.00731478, 0.00777793, 0.00823925, 0.00869144, 0.00913886, 0.00961164, 0.0100658, 0.0105286, 0.0109788, 0.0114375, 0.011887, 0.0123364, 0.0128369, 0.013408, 0.0140332, 0.0147206, 0.0154957, 0.0164542, 0.0175487, 0.0187842, 0.0213725]
num_agents: 10
time_individual_plan: 0.00198677
time_first_plan: 0.000362364
num_max_agents_in_window_first_iteration: 2
num_recWAMPF: 30
timing_recWAMPF:
    total_RecWAMPF: 0.0186897
    num_windows: 59
    num_max_agents_in_window: 2
    timing_gari:
        total_GARI: 0.0173262
        time_path_btw_starts: 0.000208392
        Stage1:
            total_Stage1:0.00795554
            time_add_x_to_o: 0.00314909
            time_clear_x: 0.000476428
            timing_AStarSearchUntil:
                total_astar_search_until:0.00432522
                num_values_f_less_fmax:856
                ASU Exp:
                    total_ASUExp:0.00432307
                    time_top_o:0.000273103
                    time_check_in_c:0.000217762
                    time_add_parent:0.000157728
                    num_neighbors:4634
                    time_add_neighbors_to_o:0.00311412
        Stage2:
            total_Stage2:0.00207734
            num_len_path:58
            time_expanding_s:3.2901e-05
            timing_AStarSearchUntil:
                total_astar_search_until:0.00202243
                num_values_f_less_fmax:87
                ASU Exp:
                    total_ASUExp:0.00202064
                    time_top_o:2.5101e-05
                    time_check_in_c:3.0972e-05
                    time_add_parent:5.191e-05
                    num_neighbors:2559
                    time_add_neighbors_to_o:0.00175472
        Stage3:
            total_Stage3:0.0070616
            num_until_goal_expanded:641
            timing_S3Exp:
                total_S3Exp: 0.00449547
                time_top_o: 0.00018539
                time_check_in_c: 0.000149116
                time_add_parent: 0.000271073
                num_neighbors: 4719
                time_add_neighbors_to_o: 0.00262405
    timing_PIOW_overlapping:
        total_PIOW: 1.137e-06
        num_windows: 29
        time_check_overlap: 0
        num_overlapping_windows: 0
        time_merge_windows: 0
        time_remove_window: 0
        time_remove_window: 0
        timing_PlanIn:
            total_PlanIn:0
            num_until_goal_expanded:0
            timing_expansions:
                total_S3Exp: 0
                time_top_o: 0
                time_check_in_c: 0
                time_add_parent: 0
                num_neighbors: 0
                time_add_neighbors_to_o: 0
    num_new_collisions: 1
    timing_PIOW_new_collisions:
        total_PIOW: 0.000292361
        num_windows: 0
        time_check_overlap: 0
        num_overlapping_windows: 0
        time_merge_windows: 0
        time_remove_window: 0
        time_remove_window: 5.02e-07
        timing_PlanIn:
            total_PlanIn:0.000289399
            num_until_goal_expanded:26
            timing_expansions:
                total_S3Exp: 0.000283627
                time_top_o: 5.003e-06
                time_check_in_c: 9.399e-06
                time_add_parent: 1.7304e-05
                num_neighbors: 224
                time_add_neighbors_to_o: 0.000180031
    num_windows_should_quit: 0
    time_should_quit: 2.762e-06
    time_remove_window: 0
Complete!
