Total time: 57.4559
is_optimal: false
optimality_bound: 1.00405
successive_bounds: [1.00698, 1.00698, 1.00698, 1.00563, 1.00518, 1.0045, 1.0045, 1.0045, 1.00405, 1.00405]
successive_runtimes: [0.0396771, 0.0676892, 0.175873, 0.360732, 0.497291, 10.4693, 27.0118, 32.9346, 47.7349, 57.4559]
num_agents: 60
time_individual_plan: 0.0126533
time_first_plan: 0.0263197
num_max_agents_in_window_first_iteration: 3
num_recWAMPF: 10
timing_recWAMPF:
    total_RecWAMPF: 57.4425
    num_windows: 202
    num_max_agents_in_window: 4
    timing_gari:
        total_GARI: 47.4648
        time_path_btw_starts: 0.00626195
        Stage1:
            total_Stage1:19.1338
            time_add_x_to_o: 3.80143
            time_clear_x: 1.1205
            timing_AStarSearchUntil:
                total_astar_search_until:14.2119
                num_values_f_less_fmax:56978
                ASU Exp:
                    total_ASUExp:14.2119
                    time_top_o:0.105268
                    time_check_in_c:0.0431985
                    time_add_parent:0.0551531
                    num_neighbors:17274560
                    time_add_neighbors_to_o:13.887
        Stage2:
            total_Stage2:12.4608
            num_len_path:186
            time_expanding_s:0.00018686
            timing_AStarSearchUntil:
                total_astar_search_until:12.4605
                num_values_f_less_fmax:28160
                ASU Exp:
                    total_ASUExp:12.4605
                    time_top_o:0.0373396
                    time_check_in_c:0.0112656
                    time_add_parent:0.0201827
                    num_neighbors:14588369
                    time_add_neighbors_to_o:12.3226
        Stage3:
            total_Stage3:15.8463
            num_until_goal_expanded:8687
            timing_S3Exp:
                total_S3Exp: 1.87918
                time_top_o: 0.0140619
                time_check_in_c: 0.0028784
                time_add_parent: 0.0047489
                num_neighbors: 2259510
                time_add_neighbors_to_o: 1.83922
    timing_PIOW_overlapping:
        total_PIOW: 9.94257
        num_windows: 1566
        time_check_overlap: 6.5655e-05
        num_overlapping_windows: 15
        time_merge_windows: 2.265e-05
        time_remove_window: 4.713e-06
        time_remove_window: 2.1531e-05
        timing_PlanIn:
            total_PlanIn:9.9424
            num_until_goal_expanded:26275
            timing_expansions:
                total_S3Exp: 9.94233
                time_top_o: 0.0482515
                time_check_in_c: 0.00861442
                time_add_parent: 0.017141
                num_neighbors: 13030551
                time_add_neighbors_to_o: 9.39071
    num_new_collisions: 21
    timing_PIOW_new_collisions:
        total_PIOW: 0.0201356
        num_windows: 432
        time_check_overlap: 1.6744e-05
        num_overlapping_windows: 2
        time_merge_windows: 0
        time_remove_window: 0.196525
        time_remove_window: 1.0173e-05
        timing_PlanIn:
            total_PlanIn:0.0200661
            num_until_goal_expanded:938
            timing_expansions:
                total_S3Exp: 0.0200166
                time_top_o: 0.00024013
                time_check_in_c: 0.000205678
                time_add_parent: 0.000306151
                num_neighbors: 30241
                time_add_neighbors_to_o: 0.0166984
    num_windows_should_quit: 0
    time_should_quit: 2.1035e-05
    time_remove_window: 0
Complete!
