Total time: 0.00851465
is_optimal: true
optimality_bound: 1
successive_bounds: [1.00297, 1.00297, 1.00297, 1.00297, 1.00297, 1.00297, 1.00297, 1.00297, 1.00297, 1.00297, 1.00297, 1, 1]
successive_runtimes: [0.00270793, 0.00296448, 0.00347801, 0.0040724, 0.00465825, 0.00517669, 0.00582663, 0.00659741, 0.00746815, 0.00779546, 0.00800867, 0.00851461]
num_agents: 10
time_individual_plan: 0.00184846
time_first_plan: 0.000156459
num_max_agents_in_window_first_iteration: 2
num_recWAMPF: 12
timing_recWAMPF:
    total_RecWAMPF: 0.00596051
    num_windows: 23
    num_max_agents_in_window: 2
    timing_gari:
        total_GARI: 0.0055919
        time_path_btw_starts: 6.2409e-05
        Stage1:
            total_Stage1:0.0018629
            time_add_x_to_o: 0.000806946
            time_clear_x: 8.488e-05
            timing_AStarSearchUntil:
                total_astar_search_until:0.00096946
                num_values_f_less_fmax:95
                ASU Exp:
                    total_ASUExp:0.000968766
                    time_top_o:3.0472e-05
                    time_check_in_c:3.0152e-05
                    time_add_parent:2.4185e-05
                    num_neighbors:1810
                    time_add_neighbors_to_o:0.000778936
        Stage2:
            total_Stage2:0.00209736
            num_len_path:21
            time_expanding_s:1.2568e-05
            timing_AStarSearchUntil:
                total_astar_search_until:0.00207659
                num_values_f_less_fmax:165
                ASU Exp:
                    total_ASUExp:0.00207598
                    time_top_o:4.8707e-05
                    time_check_in_c:3.8185e-05
                    time_add_parent:5.6003e-05
                    num_neighbors:3750
                    time_add_neighbors_to_o:0.00172946
        Stage3:
            total_Stage3:0.00156457
            num_until_goal_expanded:54
            timing_S3Exp:
                total_S3Exp: 0.000661519
                time_top_o: 1.4324e-05
                time_check_in_c: 9.315e-06
                time_add_parent: 1.4761e-05
                num_neighbors: 719
                time_add_neighbors_to_o: 0.000502205
    timing_PIOW_overlapping:
        total_PIOW: 6.16e-07
        num_windows: 11
        time_check_overlap: 0
        num_overlapping_windows: 0
        time_merge_windows: 0
        time_remove_window: 0
        time_remove_window: 0
        timing_PlanIn:
            total_PlanIn:0
            num_until_goal_expanded:0
            timing_expansions:
                total_S3Exp: 0
                time_top_o: 0
                time_check_in_c: 0
                time_add_parent: 0
                num_neighbors: 0
                time_add_neighbors_to_o: 0
    num_new_collisions: 1
    timing_PIOW_new_collisions:
        total_PIOW: 0.00013072
        num_windows: 0
        time_check_overlap: 0
        num_overlapping_windows: 0
        time_merge_windows: 0
        time_remove_window: 0
        time_remove_window: 3.15e-07
        timing_PlanIn:
            total_PlanIn:0.000128236
            num_until_goal_expanded:11
            timing_expansions:
                total_S3Exp: 0.000124982
                time_top_o: 2.765e-06
                time_check_in_c: 2.768e-06
                time_add_parent: 4.717e-06
                num_neighbors: 171
                time_add_neighbors_to_o: 9.0841e-05
    num_windows_should_quit: 0
    time_should_quit: 9.92e-07
    time_remove_window: 0
Complete!
