Total time: 0.0142577
is_optimal: true
optimality_bound: 1
successive_bounds: [1.00182, 1.00182, 1.00182, 1.00182, 1.00091, 1.00091, 1.00091, 1.00091, 1.00091, 1.00091, 1.00091, 1.00091, 1.00091, 1.00091, 1, 1]
successive_runtimes: [0.00734341, 0.00777564, 0.00820234, 0.00867851, 0.00921844, 0.00962891, 0.0100647, 0.0105568, 0.0110307, 0.0115205, 0.0120693, 0.0125812, 0.0130489, 0.0134944, 0.0142576]
num_agents: 30
time_individual_plan: 0.00617388
time_first_plan: 0.000495395
num_max_agents_in_window_first_iteration: 2
num_recWAMPF: 15
timing_recWAMPF:
    total_RecWAMPF: 0.00740642
    num_windows: 58
    num_max_agents_in_window: 2
    timing_gari:
        total_GARI: 0.00413338
        time_path_btw_starts: 0.000158207
        Stage1:
            total_Stage1:0.000512107
            time_add_x_to_o: 0.000425235
            time_clear_x: 8.0476e-05
            timing_AStarSearchUntil:
                total_astar_search_until:3.126e-06
                num_values_f_less_fmax:0
                ASU Exp:
                    total_ASUExp:1.612e-06
                    time_top_o:0
                    time_check_in_c:0
                    time_add_parent:0
                    num_neighbors:0
                    time_add_neighbors_to_o:0
        Stage2:
            total_Stage2:0.00120887
            num_len_path:55
            time_expanding_s:3.1309e-05
            timing_AStarSearchUntil:
                total_astar_search_until:0.00116077
                num_values_f_less_fmax:86
                ASU Exp:
                    total_ASUExp:0.00115937
                    time_top_o:3.5756e-05
                    time_check_in_c:2.0103e-05
                    time_add_parent:3.0924e-05
                    num_neighbors:2089
                    time_add_neighbors_to_o:0.000955743
        Stage3:
            total_Stage3:0.00224441
            num_until_goal_expanded:139
            timing_S3Exp:
                total_S3Exp: 0.00132971
                time_top_o: 2.8834e-05
                time_check_in_c: 2.4053e-05
                time_add_parent: 3.2555e-05
                num_neighbors: 1627
                time_add_neighbors_to_o: 0.000983238
    timing_PIOW_overlapping:
        total_PIOW: 4.522e-06
        num_windows: 56
        time_check_overlap: 2.033e-06
        num_overlapping_windows: 0
        time_merge_windows: 0
        time_remove_window: 0
        time_remove_window: 0
        timing_PlanIn:
            total_PlanIn:0
            num_until_goal_expanded:0
            timing_expansions:
                total_S3Exp: 0
                time_top_o: 0
                time_check_in_c: 0
                time_add_parent: 0
                num_neighbors: 0
                time_add_neighbors_to_o: 0
    num_new_collisions: 2
    timing_PIOW_new_collisions:
        total_PIOW: 0.000257965
        num_windows: 2
        time_check_overlap: 1.97e-07
        num_overlapping_windows: 0
        time_merge_windows: 0
        time_remove_window: 0
        time_remove_window: 6.68e-07
        timing_PlanIn:
            total_PlanIn:0.000254162
            num_until_goal_expanded:17
            timing_expansions:
                total_S3Exp: 0.000249087
                time_top_o: 3.554e-06
                time_check_in_c: 3.985e-06
                time_add_parent: 6.569e-06
                num_neighbors: 330
                time_add_neighbors_to_o: 0.000200117
    num_windows_should_quit: 0
    time_should_quit: 2.049e-06
    time_remove_window: 0
Complete!
