Total time: 0.0233444
is_optimal: true
optimality_bound: 1
successive_bounds: [1.00252, 1.00252, 1.00252, 1.00252, 1.00252, 1.00252, 1.00168, 1.00168, 1.00168, 1.00168, 1.00168, 1.00168, 1.00168, 1.00168, 1.00168, 1.00168, 1.00168, 1.00168, 1, 1]
successive_runtimes: [0.00391547, 0.00449045, 0.00493949, 0.00539099, 0.00584243, 0.00630422, 0.00816889, 0.00959748, 0.010651, 0.0114347, 0.0121653, 0.0129998, 0.0139707, 0.0151821, 0.0164382, 0.017788, 0.0194044, 0.0211426, 0.0233444]
num_agents: 20
time_individual_plan: 0.00290214
time_first_plan: 0.000424255
num_max_agents_in_window_first_iteration: 2
num_recWAMPF: 19
timing_recWAMPF:
    total_RecWAMPF: 0.0198503
    num_windows: 74
    num_max_agents_in_window: 2
    timing_gari:
        total_GARI: 0.0179498
        time_path_btw_starts: 0.000166141
        Stage1:
            total_Stage1:0.00845783
            time_add_x_to_o: 0.00330139
            time_clear_x: 0.000497769
            timing_AStarSearchUntil:
                total_astar_search_until:0.00465464
                num_values_f_less_fmax:1374
                ASU Exp:
                    total_ASUExp:0.00465276
                    time_top_o:0.00035409
                    time_check_in_c:0.000223961
                    time_add_parent:0.000164079
                    num_neighbors:8392
                    time_add_neighbors_to_o:0.00313647
        Stage2:
            total_Stage2:0.00288261
            num_len_path:71
            time_expanding_s:2.9703e-05
            timing_AStarSearchUntil:
                total_astar_search_until:0.00283358
                num_values_f_less_fmax:217
                ASU Exp:
                    total_ASUExp:0.00283213
                    time_top_o:8.9912e-05
                    time_check_in_c:5.2969e-05
                    time_add_parent:7.0727e-05
                    num_neighbors:5678
                    time_add_neighbors_to_o:0.00238332
        Stage3:
            total_Stage3:0.00643189
            num_until_goal_expanded:821
            timing_S3Exp:
                total_S3Exp: 0.00378131
                time_top_o: 0.000181958
                time_check_in_c: 0.000117421
                time_add_parent: 0.000225387
                num_neighbors: 6490
                time_add_neighbors_to_o: 0.00242403
    timing_PIOW_overlapping:
        total_PIOW: 4.285e-06
        num_windows: 72
        time_check_overlap: 2.026e-06
        num_overlapping_windows: 0
        time_merge_windows: 0
        time_remove_window: 0
        time_remove_window: 0
        timing_PlanIn:
            total_PlanIn:0
            num_until_goal_expanded:0
            timing_expansions:
                total_S3Exp: 0
                time_top_o: 0
                time_check_in_c: 0
                time_add_parent: 0
                num_neighbors: 0
                time_add_neighbors_to_o: 0
    num_new_collisions: 2
    timing_PIOW_new_collisions:
        total_PIOW: 0.000286771
        num_windows: 2
        time_check_overlap: 1.31e-07
        num_overlapping_windows: 0
        time_merge_windows: 0
        time_remove_window: 0
        time_remove_window: 7.65e-07
        timing_PlanIn:
            total_PlanIn:0.000283795
            num_until_goal_expanded:34
            timing_expansions:
                total_S3Exp: 0.00027768
                time_top_o: 4.648e-06
                time_check_in_c: 6.273e-06
                time_add_parent: 9.321e-06
                num_neighbors: 393
                time_add_neighbors_to_o: 0.000206011
    num_windows_should_quit: 0
    time_should_quit: 2.266e-06
    time_remove_window: 0
Complete!
