Total time: 9.61609
is_optimal: false
optimality_bound: 1.003
successive_bounds: [1.02174, 1.01874, 1.00525, 1.00525, 1.00525, 1.00525, 1.003]
successive_runtimes: [0.0209561, 0.400669, 1.31442, 1.35937, 1.47056, 2.13373, 9.61609]
num_agents: 20
time_individual_plan: 0.00313748
time_first_plan: 0.0172311
num_max_agents_in_window_first_iteration: 3
num_recWAMPF: 7
timing_recWAMPF:
    total_RecWAMPF: 9.61236
    num_windows: 40
    num_max_agents_in_window: 4
    timing_gari:
        total_GARI: 9.03874
        time_path_btw_starts: 0.000135024
        Stage1:
            total_Stage1:8.58289
            time_add_x_to_o: 0.209302
            time_clear_x: 0.074541
            timing_AStarSearchUntil:
                total_astar_search_until:7.72627
                num_values_f_less_fmax:92782
                ASU Exp:
                    total_ASUExp:7.72627
                    time_top_o:0.109451
                    time_check_in_c:0.0425323
                    time_add_parent:0.0399751
                    num_neighbors:16809169
                    time_add_neighbors_to_o:7.95327
        Stage2:
            total_Stage2:0.0274981
            num_len_path:41
            time_expanding_s:2.7638e-05
            timing_AStarSearchUntil:
                total_astar_search_until:0.0274504
                num_values_f_less_fmax:371
                ASU Exp:
                    total_ASUExp:0.0274497
                    time_top_o:0.000158488
                    time_check_in_c:7.444e-05
                    time_add_parent:0.000144276
                    num_neighbors:66873
                    time_add_neighbors_to_o:0.0265534
        Stage3:
            total_Stage3:0.425745
            num_until_goal_expanded:8255
            timing_S3Exp:
                total_S3Exp: 0.22168
                time_top_o: 0.00411809
                time_check_in_c: 0.00174295
                time_add_parent: 0.00402718
                num_neighbors: 435501
                time_add_neighbors_to_o: 0.191312
    timing_PIOW_overlapping:
        total_PIOW: 0.348415
        num_windows: 68
        time_check_overlap: 3.494e-06
        num_overlapping_windows: 2
        time_merge_windows: 5.423e-06
        time_remove_window: 6.3e-07
        time_remove_window: 5.322e-06
        timing_PlanIn:
            total_PlanIn:0.348397
            num_until_goal_expanded:3852
            timing_expansions:
                total_S3Exp: 0.348388
                time_top_o: 0.00296784
                time_check_in_c: 0.00104264
                time_add_parent: 0.00151313
                num_neighbors: 713329
                time_add_neighbors_to_o: 0.316473
    num_new_collisions: 5
    timing_PIOW_new_collisions:
        total_PIOW: 0.0169453
        num_windows: 21
        time_check_overlap: 1.105e-06
        num_overlapping_windows: 1
        time_merge_windows: 0
        time_remove_window: 0.00434158
        time_remove_window: 1.542e-06
        timing_PlanIn:
            total_PlanIn:0.0169366
            num_until_goal_expanded:420
            timing_expansions:
                total_S3Exp: 0.0169275
                time_top_o: 7.9916e-05
                time_check_in_c: 8.612e-05
                time_add_parent: 0.000118735
                num_neighbors: 35016
                time_add_neighbors_to_o: 0.0151083
    num_windows_should_quit: 0
    time_should_quit: 2.7e-06
    time_remove_window: 0
Complete!
