Total time: 9.57975
is_optimal: false
optimality_bound: 1.00055
successive_bounds: [1.00496, 1.00496, 1.00441, 1.00358, 1.00303, 1.00248, 1.00248, 1.00193, 1.00193, 1.0011, 1.0011, 1.0011, 1.00055, 1.00055, 1.00055, 1.00055, 1.00055, 1.00055]
successive_runtimes: [0.0114269, 0.0155849, 0.0202094, 0.0282327, 0.0355574, 0.0413333, 0.275889, 0.940814, 1.80734, 2.68219, 3.68091, 4.90594, 6.41433, 7.52101, 8.03673, 8.55071, 9.0656, 9.57975]
num_agents: 50
time_individual_plan: 0.00622939
time_first_plan: 0.00466992
num_max_agents_in_window_first_iteration: 2
num_recWAMPF: 18
timing_recWAMPF:
    total_RecWAMPF: 9.57299
    num_windows: 260
    num_max_agents_in_window: 4
    timing_gari:
        total_GARI: 9.31628
        time_path_btw_starts: 0.00527342
        Stage1:
            total_Stage1:4.58565
            time_add_x_to_o: 1.74318
            time_clear_x: 0.689573
            timing_AStarSearchUntil:
                total_astar_search_until:2.15288
                num_values_f_less_fmax:17164
                ASU Exp:
                    total_ASUExp:2.15288
                    time_top_o:0.023824
                    time_check_in_c:0.048983
                    time_add_parent:0.00433839
                    num_neighbors:4185818
                    time_add_neighbors_to_o:2.05991
        Stage2:
            total_Stage2:0.0212055
            num_len_path:224
            time_expanding_s:0.00156433
            timing_AStarSearchUntil:
                total_astar_search_until:0.0195214
                num_values_f_less_fmax:312
                ASU Exp:
                    total_ASUExp:0.0195157
                    time_top_o:0.000112437
                    time_check_in_c:7.3357e-05
                    time_add_parent:0.000114616
                    num_neighbors:21523
                    time_add_neighbors_to_o:0.0141244
        Stage3:
            total_Stage3:4.70409
            num_until_goal_expanded:4351
            timing_S3Exp:
                total_S3Exp: 0.82327
                time_top_o: 0.00388615
                time_check_in_c: 0.00522198
                time_add_parent: 0.00262196
                num_neighbors: 1142615
                time_add_neighbors_to_o: 0.627661
    timing_PIOW_overlapping:
        total_PIOW: 0.240434
        num_windows: 1092
        time_check_overlap: 4.244e-05
        num_overlapping_windows: 6
        time_merge_windows: 6.983e-06
        time_remove_window: 1.473e-06
        time_remove_window: 6.691e-06
        timing_PlanIn:
            total_PlanIn:0.240349
            num_until_goal_expanded:892
            timing_expansions:
                total_S3Exp: 0.240337
                time_top_o: 0.000453435
                time_check_in_c: 0.000222605
                time_add_parent: 0.00031848
                num_neighbors: 450262
                time_add_neighbors_to_o: 0.226641
    num_new_collisions: 11
    timing_PIOW_new_collisions:
        total_PIOW: 0.00166667
        num_windows: 110
        time_check_overlap: 3.098e-06
        num_overlapping_windows: 0
        time_merge_windows: 0
        time_remove_window: 0
        time_remove_window: 6.709e-06
        timing_PlanIn:
            total_PlanIn:0.00164517
            num_until_goal_expanded:225
            timing_expansions:
                total_S3Exp: 0.00162764
                time_top_o: 2.6457e-05
                time_check_in_c: 4.2707e-05
                time_add_parent: 5.7931e-05
                num_neighbors: 2296
                time_add_neighbors_to_o: 0.00116999
    num_windows_should_quit: 0
    time_should_quit: 1.3536e-05
    time_remove_window: 0
Complete!
