Total time: 0.0694906
is_optimal: true
optimality_bound: 1
successive_bounds: [1.00301, 1.002, 1.001, 1.001, 1.001, 1.001, 1.001, 1.001, 1.001, 1.001, 1.001, 1.001, 1.001, 1.001, 1.001, 1.001, 1.001, 1.001, 1.001, 1.001, 1.001, 1.001, 1.001, 1.001, 1.001, 1.001, 1, 1]
successive_runtimes: [0.00654574, 0.007672, 0.00874077, 0.0097485, 0.0108543, 0.0120444, 0.0132921, 0.0146248, 0.0158233, 0.0170173, 0.0195028, 0.0206541, 0.0216622, 0.0226532, 0.0236504, 0.0246836, 0.0257117, 0.0266904, 0.0276722, 0.0327277, 0.0400754, 0.0482089, 0.0533114, 0.0599315, 0.0645714, 0.0673369, 0.0694906]
num_agents: 30
time_individual_plan: 0.00501716
time_first_plan: 0.000851523
num_max_agents_in_window_first_iteration: 2
num_recWAMPF: 27
timing_recWAMPF:
    total_RecWAMPF: 0.0637904
    num_windows: 159
    num_max_agents_in_window: 2
    timing_gari:
        total_GARI: 0.0578976
        time_path_btw_starts: 0.000410122
        Stage1:
            total_Stage1:0.025728
            time_add_x_to_o: 0.0103776
            time_clear_x: 0.00153414
            timing_AStarSearchUntil:
                total_astar_search_until:0.0138058
                num_values_f_less_fmax:3308
                ASU Exp:
                    total_ASUExp:0.0138015
                    time_top_o:0.00110076
                    time_check_in_c:0.00065118
                    time_add_parent:0.000393272
                    num_neighbors:25022
                    time_add_neighbors_to_o:0.0101211
        Stage2:
            total_Stage2:0.00742523
            num_len_path:149
            time_expanding_s:6.8112e-05
            timing_AStarSearchUntil:
                total_astar_search_until:0.00730766
                num_values_f_less_fmax:526
                ASU Exp:
                    total_ASUExp:0.00730386
                    time_top_o:0.000158668
                    time_check_in_c:0.000126493
                    time_add_parent:0.000155711
                    num_neighbors:14210
                    time_add_neighbors_to_o:0.00623395
        Stage3:
            total_Stage3:0.0243059
            num_until_goal_expanded:1724
            timing_S3Exp:
                total_S3Exp: 0.0133788
                time_top_o: 0.000527277
                time_check_in_c: 0.000336418
                time_add_parent: 0.000574716
                num_neighbors: 21576
                time_add_neighbors_to_o: 0.00906064
    timing_PIOW_overlapping:
        total_PIOW: 2.0703e-05
        num_windows: 234
        time_check_overlap: 1.0598e-05
        num_overlapping_windows: 0
        time_merge_windows: 0
        time_remove_window: 0
        time_remove_window: 0
        timing_PlanIn:
            total_PlanIn:0
            num_until_goal_expanded:0
            timing_expansions:
                total_S3Exp: 0
                time_top_o: 0
                time_check_in_c: 0
                time_add_parent: 0
                num_neighbors: 0
                time_add_neighbors_to_o: 0
    num_new_collisions: 3
    timing_PIOW_new_collisions:
        total_PIOW: 0.000444463
        num_windows: 6
        time_check_overlap: 4.34e-07
        num_overlapping_windows: 0
        time_merge_windows: 0
        time_remove_window: 0
        time_remove_window: 1.111e-06
        timing_PlanIn:
            total_PlanIn:0.000439075
            num_until_goal_expanded:60
            timing_expansions:
                total_S3Exp: 0.000432473
                time_top_o: 9.151e-06
                time_check_in_c: 1.2933e-05
                time_add_parent: 1.8853e-05
                num_neighbors: 582
                time_add_neighbors_to_o: 0.000285851
    num_windows_should_quit: 0
    time_should_quit: 5.863e-06
    time_remove_window: 0
Complete!
