Total time: 0.063358
is_optimal: true
optimality_bound: 1
successive_bounds: [1.00512, 1.00512, 1.00512, 1.00512, 1.00512, 1.00512, 1.00256, 1.00256, 1.00256, 1.00256, 1.00256, 1.00256, 1.00256, 1.00256, 1.00256, 1.00256, 1.00256, 1.00256, 1, 1]
successive_runtimes: [0.00427993, 0.00516398, 0.00610953, 0.00722887, 0.00862705, 0.0101005, 0.0117158, 0.0151116, 0.0197372, 0.0245883, 0.0285555, 0.0329859, 0.0372888, 0.0416138, 0.0460481, 0.0505933, 0.0546077, 0.0586555, 0.063358]
num_agents: 10
time_individual_plan: 0.00323232
time_first_plan: 0.000390897
num_max_agents_in_window_first_iteration: 2
num_recWAMPF: 19
timing_recWAMPF:
    total_RecWAMPF: 0.0594661
    num_windows: 74
    num_max_agents_in_window: 2
    timing_gari:
        total_GARI: 0.0585662
        time_path_btw_starts: 0.00015539
        Stage1:
            total_Stage1:0.0338087
            time_add_x_to_o: 0.0112534
            time_clear_x: 0.00187186
            timing_AStarSearchUntil:
                total_astar_search_until:0.0206789
                num_values_f_less_fmax:9714
                ASU Exp:
                    total_ASUExp:0.0206771
                    time_top_o:0.00268831
                    time_check_in_c:0.00146264
                    time_add_parent:0.000833327
                    num_neighbors:32492
                    time_add_neighbors_to_o:0.012143
        Stage2:
            total_Stage2:0.00254395
            num_len_path:74
            time_expanding_s:2.6638e-05
            timing_AStarSearchUntil:
                total_astar_search_until:0.00249674
                num_values_f_less_fmax:208
                ASU Exp:
                    total_ASUExp:0.00249519
                    time_top_o:5.2143e-05
                    time_check_in_c:5.2202e-05
                    time_add_parent:5.9701e-05
                    num_neighbors:5310
                    time_add_neighbors_to_o:0.00211122
        Stage3:
            total_Stage3:0.0220458
            num_until_goal_expanded:3945
            timing_S3Exp:
                total_S3Exp: 0.0155214
                time_top_o: 0.00102204
                time_check_in_c: 0.000624142
                time_add_parent: 0.00117355
                num_neighbors: 22419
                time_add_neighbors_to_o: 0.00877337
    timing_PIOW_overlapping:
        total_PIOW: 4.909e-06
        num_windows: 72
        time_check_overlap: 2.373e-06
        num_overlapping_windows: 0
        time_merge_windows: 0
        time_remove_window: 0
        time_remove_window: 0
        timing_PlanIn:
            total_PlanIn:0
            num_until_goal_expanded:0
            timing_expansions:
                total_S3Exp: 0
                time_top_o: 0
                time_check_in_c: 0
                time_add_parent: 0
                num_neighbors: 0
                time_add_neighbors_to_o: 0
    num_new_collisions: 2
    timing_PIOW_new_collisions:
        total_PIOW: 0.000340789
        num_windows: 2
        time_check_overlap: 1.03e-07
        num_overlapping_windows: 0
        time_merge_windows: 0
        time_remove_window: 0
        time_remove_window: 5.8e-07
        timing_PlanIn:
            total_PlanIn:0.000337991
            num_until_goal_expanded:59
            timing_expansions:
                total_S3Exp: 0.000333394
                time_top_o: 7.215e-06
                time_check_in_c: 1.0587e-05
                time_add_parent: 1.5733e-05
                num_neighbors: 477
                time_add_neighbors_to_o: 0.00021657
    num_windows_should_quit: 0
    time_should_quit: 2.015e-06
    time_remove_window: 0
Complete!
