Total time: 0.0180357
is_optimal: true
optimality_bound: 1
successive_bounds: [1.00336, 1.00336, 1.00336, 1.00336, 1.00336, 1.00336, 1.00336, 1.00336, 1.00336, 1.00336, 1.00336, 1.00336, 1.00336, 1.00336, 1, 1]
successive_runtimes: [0.00184289, 0.00209965, 0.00233349, 0.00254846, 0.00272426, 0.00290465, 0.00308193, 0.00329268, 0.00348101, 0.00367387, 0.00933397, 0.0129237, 0.0151206, 0.0164819, 0.0180356]
num_agents: 10
time_individual_plan: 0.00109074
time_first_plan: 0.000123377
num_max_agents_in_window_first_iteration: 2
num_recWAMPF: 15
timing_recWAMPF:
    total_RecWAMPF: 0.0163109
    num_windows: 29
    num_max_agents_in_window: 2
    timing_gari:
        total_GARI: 0.0159118
        time_path_btw_starts: 0.000125728
        Stage1:
            total_Stage1:0.00579235
            time_add_x_to_o: 0.00300116
            time_clear_x: 0.000388869
            timing_AStarSearchUntil:
                total_astar_search_until:0.00240021
                num_values_f_less_fmax:528
                ASU Exp:
                    total_ASUExp:0.00239932
                    time_top_o:0.000217189
                    time_check_in_c:0.000261209
                    time_add_parent:4.6039e-05
                    num_neighbors:3310
                    time_add_neighbors_to_o:0.00162464
        Stage2:
            total_Stage2:0.00743238
            num_len_path:39
            time_expanding_s:1.6794e-05
            timing_AStarSearchUntil:
                total_astar_search_until:0.00740417
                num_values_f_less_fmax:422
                ASU Exp:
                    total_ASUExp:0.0074034
                    time_top_o:0.000150997
                    time_check_in_c:0.000105327
                    time_add_parent:0.000145927
                    num_neighbors:11737
                    time_add_neighbors_to_o:0.00645436
        Stage3:
            total_Stage3:0.00255443
            num_until_goal_expanded:83
            timing_S3Exp:
                total_S3Exp: 0.000754697
                time_top_o: 2.2951e-05
                time_check_in_c: 1.7106e-05
                time_add_parent: 2.977e-05
                num_neighbors: 1020
                time_add_neighbors_to_o: 0.000498983
    timing_PIOW_overlapping:
        total_PIOW: 7.76e-07
        num_windows: 14
        time_check_overlap: 0
        num_overlapping_windows: 0
        time_merge_windows: 0
        time_remove_window: 0
        time_remove_window: 0
        timing_PlanIn:
            total_PlanIn:0
            num_until_goal_expanded:0
            timing_expansions:
                total_S3Exp: 0
                time_top_o: 0
                time_check_in_c: 0
                time_add_parent: 0
                num_neighbors: 0
                time_add_neighbors_to_o: 0
    num_new_collisions: 1
    timing_PIOW_new_collisions:
        total_PIOW: 9.7887e-05
        num_windows: 0
        time_check_overlap: 0
        num_overlapping_windows: 0
        time_merge_windows: 0
        time_remove_window: 0
        time_remove_window: 4.63e-07
        timing_PlanIn:
            total_PlanIn:9.5928e-05
            num_until_goal_expanded:6
            timing_expansions:
                total_S3Exp: 9.2896e-05
                time_top_o: 1.5e-06
                time_check_in_c: 1.626e-06
                time_add_parent: 3.067e-06
                num_neighbors: 135
                time_add_neighbors_to_o: 7.1859e-05
    num_windows_should_quit: 0
    time_should_quit: 1.248e-06
    time_remove_window: 0
Complete!
