Total time: 30.26
is_optimal: false
optimality_bound: 1.00132
successive_bounds: [1.00263, 1.00213, 1.00203, 1.00192, 1.00172, 1.00172, 1.00172, 1.00172, 1.00172, 1.00172, 1.00172, 1.00172, 1.00172, 1.00172, 1.00172, 1.00172, 1.00172, 1.00172, 1.00172, 1.00172, 1.00172, 1.00172, 1.00172, 1.00172, 1.00172, 1.00172, 1.00172, 1.00132, 1.00132, 1.00132, 1.00132, 1.00132, 1.00132, 1.00132, 1.00132, 1.00132, 1.00132]
successive_runtimes: [18.0263, 18.049, 18.087, 18.1226, 18.1652, 18.2235, 18.306, 18.4054, 18.507, 18.739, 18.9075, 19.0466, 19.4376, 19.5879, 19.7155, 21.2068, 21.6315, 22.0241, 22.4093, 22.7632, 23.1292, 23.4798, 23.8295, 24.2498, 24.6089, 25.348, 25.7526, 26.1961, 26.6179, 27.0278, 27.4371, 27.8417, 28.2462, 28.8255, 29.3714, 29.815, 30.26]
num_agents: 80
time_individual_plan: 0.114868
time_first_plan: 17.9105
num_max_agents_in_window_first_iteration: 3
num_recWAMPF: 37
timing_recWAMPF:
    total_RecWAMPF: 30.1442
    num_windows: 435
    num_max_agents_in_window: 4
    timing_gari:
        total_GARI: 10.609
        time_path_btw_starts: 0.00211684
        Stage1:
            total_Stage1:0.720166
            time_add_x_to_o: 0.298015
            time_clear_x: 0.0751503
            timing_AStarSearchUntil:
                total_astar_search_until:0.346964
                num_values_f_less_fmax:11159
                ASU Exp:
                    total_ASUExp:0.346946
                    time_top_o:0.010958
                    time_check_in_c:0.01021
                    time_add_parent:0.00668833
                    num_neighbors:458678
                    time_add_neighbors_to_o:0.305411
        Stage2:
            total_Stage2:0.0762443
            num_len_path:337
            time_expanding_s:0.00123154
            timing_AStarSearchUntil:
                total_astar_search_until:0.0746541
                num_values_f_less_fmax:1083
                ASU Exp:
                    total_ASUExp:0.0746422
                    time_top_o:0.000655211
                    time_check_in_c:0.000428284
                    time_add_parent:0.00126725
                    num_neighbors:87703
                    time_add_neighbors_to_o:0.0693203
        Stage3:
            total_Stage3:9.80979
            num_until_goal_expanded:15487
            timing_S3Exp:
                total_S3Exp: 1.09715
                time_top_o: 0.0192536
                time_check_in_c: 0.00606963
                time_add_parent: 0.0149431
                num_neighbors: 1227428
                time_add_neighbors_to_o: 0.987845
    timing_PIOW_overlapping:
        total_PIOW: 0.0278898
        num_windows: 1810
        time_check_overlap: 9.1369e-05
        num_overlapping_windows: 15
        time_merge_windows: 2.9648e-05
        time_remove_window: 4.336e-06
        time_remove_window: 2.8624e-05
        timing_PlanIn:
            total_PlanIn:0.027678
            num_until_goal_expanded:672
            timing_expansions:
                total_S3Exp: 0.0276325
                time_top_o: 0.000168829
                time_check_in_c: 0.000205358
                time_add_parent: 0.000433131
                num_neighbors: 29265
                time_add_neighbors_to_o: 0.0241436
    num_new_collisions: 24
    timing_PIOW_new_collisions:
        total_PIOW: 19.3241
        num_windows: 440
        time_check_overlap: 1.7163e-05
        num_overlapping_windows: 4
        time_merge_windows: 0
        time_remove_window: 74.9091
        time_remove_window: 3.3141e-05
        timing_PlanIn:
            total_PlanIn:19.3239
            num_until_goal_expanded:164389
            timing_expansions:
                total_S3Exp: 2.16954
                time_top_o: 0.224622
                time_check_in_c: 0.0449845
                time_add_parent: 0.132154
                num_neighbors: 16779026
                time_add_neighbors_to_o: 14.527
    num_windows_should_quit: 0
    time_should_quit: 4.9941e-05
    time_remove_window: 0
Complete!
