Total time: 0.0187999
is_optimal: true
optimality_bound: 1
successive_bounds: [1.00236, 1.00236, 1.00236, 1.00236, 1.00236, 1.00236, 1.00236, 1.00236, 1.00236, 1.00236, 1.00236, 1.00236, 1.00236, 1.00236, 1, 1]
successive_runtimes: [0.00813213, 0.00834386, 0.00852669, 0.00871376, 0.00890586, 0.00912192, 0.00940945, 0.00968902, 0.00999636, 0.0103474, 0.010729, 0.0110933, 0.0114838, 0.0169803, 0.0187999]
num_agents: 10
time_individual_plan: 0.00724339
time_first_plan: 0.000207797
num_max_agents_in_window_first_iteration: 2
num_recWAMPF: 15
timing_recWAMPF:
    total_RecWAMPF: 0.0108728
    num_windows: 58
    num_max_agents_in_window: 2
    timing_gari:
        total_GARI: 0.010333
        time_path_btw_starts: 0.000130776
        Stage1:
            total_Stage1:0.00149162
            time_add_x_to_o: 0.000575704
            time_clear_x: 6.8818e-05
            timing_AStarSearchUntil:
                total_astar_search_until:0.000843664
                num_values_f_less_fmax:74
                ASU Exp:
                    total_ASUExp:0.000842253
                    time_top_o:2.2375e-05
                    time_check_in_c:1.5758e-05
                    time_add_parent:2.1784e-05
                    num_neighbors:1673
                    time_add_neighbors_to_o:0.000687769
        Stage2:
            total_Stage2:0.00130517
            num_len_path:58
            time_expanding_s:2.4711e-05
            timing_AStarSearchUntil:
                total_astar_search_until:0.00126469
                num_values_f_less_fmax:107
                ASU Exp:
                    total_ASUExp:0.00126342
                    time_top_o:2.7061e-05
                    time_check_in_c:2.0892e-05
                    time_add_parent:3.4687e-05
                    num_neighbors:2476
                    time_add_neighbors_to_o:0.00104019
        Stage3:
            total_Stage3:0.00739603
            num_until_goal_expanded:546
            timing_S3Exp:
                total_S3Exp: 0.00634731
                time_top_o: 0.000164296
                time_check_in_c: 0.000102535
                time_add_parent: 0.000145198
                num_neighbors: 10877
                time_add_neighbors_to_o: 0.00525887
    timing_PIOW_overlapping:
        total_PIOW: 4.534e-06
        num_windows: 56
        time_check_overlap: 1.823e-06
        num_overlapping_windows: 0
        time_merge_windows: 0
        time_remove_window: 0
        time_remove_window: 0
        timing_PlanIn:
            total_PlanIn:0
            num_until_goal_expanded:0
            timing_expansions:
                total_S3Exp: 0
                time_top_o: 0
                time_check_in_c: 0
                time_add_parent: 0
                num_neighbors: 0
                time_add_neighbors_to_o: 0
    num_new_collisions: 2
    timing_PIOW_new_collisions:
        total_PIOW: 0.000165728
        num_windows: 2
        time_check_overlap: 1.54e-07
        num_overlapping_windows: 0
        time_merge_windows: 0
        time_remove_window: 0
        time_remove_window: 4.63e-07
        timing_PlanIn:
            total_PlanIn:0.000162366
            num_until_goal_expanded:14
            timing_expansions:
                total_S3Exp: 0.000157387
                time_top_o: 2.871e-06
                time_check_in_c: 2.703e-06
                time_add_parent: 5.486e-06
                num_neighbors: 242
                time_add_neighbors_to_o: 0.000119545
    num_windows_should_quit: 0
    time_should_quit: 1.778e-06
    time_remove_window: 0
Complete!
