Total time: 1.46612
is_optimal: true
optimality_bound: 1
successive_bounds: [1.00271, 1.00194, 1.00194, 1.00194, 1.00194, 1.00194, 1.00194, 1.00194, 1.00116, 1.00116, 1.00078, 1.00078, 1, 1]
successive_runtimes: [1.43636, 1.44033, 1.44205, 1.44389, 1.44578, 1.44779, 1.44975, 1.45181, 1.45404, 1.45754, 1.46057, 1.46306, 1.46612]
num_agents: 40
time_individual_plan: 0.00422262
time_first_plan: 1.43156
num_max_agents_in_window_first_iteration: 3
num_recWAMPF: 13
timing_recWAMPF:
    total_RecWAMPF: 1.46132
    num_windows: 125
    num_max_agents_in_window: 3
    timing_gari:
        total_GARI: 0.0247323
        time_path_btw_starts: 0.000298295
        Stage1:
            total_Stage1:0.00802556
            time_add_x_to_o: 0.00501296
            time_clear_x: 0.000925842
            timing_AStarSearchUntil:
                total_astar_search_until:0.00208046
                num_values_f_less_fmax:599
                ASU Exp:
                    total_ASUExp:0.00207779
                    time_top_o:0.000146694
                    time_check_in_c:0.000101269
                    time_add_parent:7.2331e-05
                    num_neighbors:3920
                    time_add_neighbors_to_o:0.00145733
        Stage2:
            total_Stage2:0.00387815
            num_len_path:116
            time_expanding_s:0.000183961
            timing_AStarSearchUntil:
                total_astar_search_until:0.00365941
                num_values_f_less_fmax:242
                ASU Exp:
                    total_ASUExp:0.00365701
                    time_top_o:6.0117e-05
                    time_check_in_c:4.556e-05
                    time_add_parent:7.1765e-05
                    num_neighbors:8059
                    time_add_neighbors_to_o:0.00318003
        Stage3:
            total_Stage3:0.0120507
            num_until_goal_expanded:975
            timing_S3Exp:
                total_S3Exp: 0.00703035
                time_top_o: 0.000240108
                time_check_in_c: 0.000122282
                time_add_parent: 0.000221897
                num_neighbors: 13084
                time_add_neighbors_to_o: 0.00498317
    timing_PIOW_overlapping:
        total_PIOW: 1.8491e-05
        num_windows: 300
        time_check_overlap: 1.1149e-05
        num_overlapping_windows: 0
        time_merge_windows: 0
        time_remove_window: 0
        time_remove_window: 0
        timing_PlanIn:
            total_PlanIn:0
            num_until_goal_expanded:0
            timing_expansions:
                total_S3Exp: 0
                time_top_o: 0
                time_check_in_c: 0
                time_add_parent: 0
                num_neighbors: 0
                time_add_neighbors_to_o: 0
    num_new_collisions: 6
    timing_PIOW_new_collisions:
        total_PIOW: 1.43004
        num_windows: 28
        time_check_overlap: 1.352e-06
        num_overlapping_windows: 1
        time_merge_windows: 2.825e-06
        time_remove_window: 2.87e-07
        time_remove_window: 2.762e-06
        timing_PlanIn:
            total_PlanIn:1.43001
            num_until_goal_expanded:90150
            timing_expansions:
                total_S3Exp: 0.214175
                time_top_o: 0.025373
                time_check_in_c: 0.0162992
                time_add_parent: 0.0217708
                num_neighbors: 2620532
                time_add_neighbors_to_o: 1.07137
    num_windows_should_quit: 0
    time_should_quit: 4.481e-06
    time_remove_window: 0
Complete!
