Total time: 9.67758
is_optimal: false
optimality_bound: 1.00216
successive_bounds: [1.00378, 1.00324, 1.0027, 1.0027, 1.0027, 1.00216, 1.00216, 1.00216, 1.00216, 1.00216, 1.00216, 1.00216, 1.00216]
successive_runtimes: [0.00886876, 0.00964158, 0.0132543, 0.0195576, 0.0252354, 0.127687, 0.311496, 0.598297, 0.936717, 1.30945, 1.85518, 2.94285, 9.67758]
num_agents: 30
time_individual_plan: 0.00718726
time_first_plan: 0.00100023
num_max_agents_in_window_first_iteration: 2
num_recWAMPF: 13
timing_recWAMPF:
    total_RecWAMPF: 9.66971
    num_windows: 92
    num_max_agents_in_window: 5
    timing_gari:
        total_GARI: 4.96695
        time_path_btw_starts: 0.00361872
        Stage1:
            total_Stage1:3.08892
            time_add_x_to_o: 0.794915
            time_clear_x: 0.359766
            timing_AStarSearchUntil:
                total_astar_search_until:1.93423
                num_values_f_less_fmax:17781
                ASU Exp:
                    total_ASUExp:1.93423
                    time_top_o:0.0275222
                    time_check_in_c:0.0072153
                    time_add_parent:0.00598415
                    num_neighbors:3678121
                    time_add_neighbors_to_o:1.86879
        Stage2:
            total_Stage2:0.434643
            num_len_path:99
            time_expanding_s:9.6807e-05
            timing_AStarSearchUntil:
                total_astar_search_until:0.434489
                num_values_f_less_fmax:1852
                ASU Exp:
                    total_ASUExp:0.434487
                    time_top_o:0.00195193
                    time_check_in_c:0.000556495
                    time_add_parent:0.00118069
                    num_neighbors:729115
                    time_add_neighbors_to_o:0.426886
        Stage3:
            total_Stage3:1.43974
            num_until_goal_expanded:14055
            timing_S3Exp:
                total_S3Exp: 0.775753
                time_top_o: 0.0163536
                time_check_in_c: 0.00435534
                time_add_parent: 0.00765937
                num_neighbors: 1366012
                time_add_neighbors_to_o: 0.725037
    timing_PIOW_overlapping:
        total_PIOW: 0.100928
        num_windows: 181
        time_check_overlap: 1.0546e-05
        num_overlapping_windows: 3
        time_merge_windows: 4.127e-06
        time_remove_window: 7.87e-07
        time_remove_window: 3.943e-06
        timing_PlanIn:
            total_PlanIn:0.100898
            num_until_goal_expanded:544
            timing_expansions:
                total_S3Exp: 0.10089
                time_top_o: 0.000312288
                time_check_in_c: 0.000137918
                time_add_parent: 0.000222955
                num_neighbors: 169422
                time_add_neighbors_to_o: 0.0939916
    num_new_collisions: 7
    timing_PIOW_new_collisions:
        total_PIOW: 4.59931
        num_windows: 35
        time_check_overlap: 1.833e-06
        num_overlapping_windows: 1
        time_merge_windows: 0
        time_remove_window: 5.07985
        time_remove_window: 2.33e-06
        timing_PlanIn:
            total_PlanIn:4.59929
            num_until_goal_expanded:7897
            timing_expansions:
                total_S3Exp: 4.59927
                time_top_o: 0.0131086
                time_check_in_c: 0.00245359
                time_add_parent: 0.00526199
                num_neighbors: 6729735
                time_add_neighbors_to_o: 4.35235
    num_windows_should_quit: 0
    time_should_quit: 4.57e-06
    time_remove_window: 0
Complete!
