Total time: 0.0126288
is_optimal: true
optimality_bound: 1
successive_bounds: [1.00166, 1.00166, 1.00166, 1.00166, 1.00166, 1.00166, 1.00166, 1, 1]
successive_runtimes: [0.00604618, 0.00639139, 0.0067703, 0.00717198, 0.00770089, 0.00852062, 0.00977556, 0.0126288]
num_agents: 20
time_individual_plan: 0.00509435
time_first_plan: 0.000253157
num_max_agents_in_window_first_iteration: 2
num_recWAMPF: 8
timing_recWAMPF:
    total_RecWAMPF: 0.00683385
    num_windows: 15
    num_max_agents_in_window: 2
    timing_gari:
        total_GARI: 0.00587278
        time_path_btw_starts: 3.821e-05
        Stage1:
            total_Stage1:0.00365519
            time_add_x_to_o: 0.00067838
            time_clear_x: 0.000114958
            timing_AStarSearchUntil:
                total_astar_search_until:0.00286072
                num_values_f_less_fmax:477
                ASU Exp:
                    total_ASUExp:0.00286023
                    time_top_o:0.000150269
                    time_check_in_c:8.9791e-05
                    time_add_parent:9.265e-05
                    num_neighbors:4097
                    time_add_neighbors_to_o:0.00209562
        Stage2:
            total_Stage2:0.000620627
            num_len_path:15
            time_expanding_s:6.325e-06
            timing_AStarSearchUntil:
                total_astar_search_until:0.0006086
                num_values_f_less_fmax:37
                ASU Exp:
                    total_ASUExp:0.00060822
                    time_top_o:1.0494e-05
                    time_check_in_c:7.845e-06
                    time_add_parent:1.0363e-05
                    num_neighbors:1043
                    time_add_neighbors_to_o:0.000535705
        Stage3:
            total_Stage3:0.00155567
            num_until_goal_expanded:209
            timing_S3Exp:
                total_S3Exp: 0.00113958
                time_top_o: 5.3748e-05
                time_check_in_c: 4.0018e-05
                time_add_parent: 7.3146e-05
                num_neighbors: 1698
                time_add_neighbors_to_o: 0.000741547
    timing_PIOW_overlapping:
        total_PIOW: 3.52e-07
        num_windows: 7
        time_check_overlap: 0
        num_overlapping_windows: 0
        time_merge_windows: 0
        time_remove_window: 0
        time_remove_window: 0
        timing_PlanIn:
            total_PlanIn:0
            num_until_goal_expanded:0
            timing_expansions:
                total_S3Exp: 0
                time_top_o: 0
                time_check_in_c: 0
                time_add_parent: 0
                num_neighbors: 0
                time_add_neighbors_to_o: 0
    num_new_collisions: 1
    timing_PIOW_new_collisions:
        total_PIOW: 0.000131261
        num_windows: 0
        time_check_overlap: 0
        num_overlapping_windows: 0
        time_merge_windows: 0
        time_remove_window: 0
        time_remove_window: 4.4e-07
        timing_PlanIn:
            total_PlanIn:0.000129189
            num_until_goal_expanded:15
            timing_expansions:
                total_S3Exp: 0.000125847
                time_top_o: 2.921e-06
                time_check_in_c: 4.122e-06
                time_add_parent: 6.633e-06
                num_neighbors: 133
                time_add_neighbors_to_o: 7.7479e-05
    num_windows_should_quit: 0
    time_should_quit: 6.31e-07
    time_remove_window: 0
Complete!
