Total time: 6.56731
is_optimal: false
optimality_bound: 1.0018
successive_bounds: [1.02157, 1.00503, 1.00216, 1.00216, 1.00216, 1.0018]
successive_runtimes: [0.0169708, 0.0371986, 0.0522793, 0.056774, 0.118623, 6.56731]
num_agents: 40
time_individual_plan: 0.00968937
time_first_plan: 0.00675312
num_max_agents_in_window_first_iteration: 2
num_recWAMPF: 6
timing_recWAMPF:
    total_RecWAMPF: 6.55709
    num_windows: 126
    num_max_agents_in_window: 5
    timing_gari:
        total_GARI: 0.653993
        time_path_btw_starts: 0.00127911
        Stage1:
            total_Stage1:0.625186
            time_add_x_to_o: 0.0355031
            time_clear_x: 0.00574334
            timing_AStarSearchUntil:
                total_astar_search_until:0.583932
                num_values_f_less_fmax:6036
                ASU Exp:
                    total_ASUExp:0.583928
                    time_top_o:0.00452956
                    time_check_in_c:0.00570344
                    time_add_parent:0.00177044
                    num_neighbors:1280730
                    time_add_neighbors_to_o:0.565455
        Stage2:
            total_Stage2:0.00627677
            num_len_path:138
            time_expanding_s:0.000109197
            timing_AStarSearchUntil:
                total_astar_search_until:0.00612639
                num_values_f_less_fmax:259
                ASU Exp:
                    total_ASUExp:0.00612389
                    time_top_o:6.5752e-05
                    time_check_in_c:5.2351e-05
                    time_add_parent:7.7609e-05
                    num_neighbors:13111
                    time_add_neighbors_to_o:0.00560868
        Stage3:
            total_Stage3:0.0212303
            num_until_goal_expanded:590
            timing_S3Exp:
                total_S3Exp: 0.0106074
                time_top_o: 0.000160653
                time_check_in_c: 8.5646e-05
                time_add_parent: 0.00018974
                num_neighbors: 18625
                time_add_neighbors_to_o: 0.00909465
    timing_PIOW_overlapping:
        total_PIOW: 5.89062
        num_windows: 709
        time_check_overlap: 2.0073e-05
        num_overlapping_windows: 3
        time_merge_windows: 7.308e-06
        time_remove_window: 1.473e-06
        time_remove_window: 7.077e-06
        timing_PlanIn:
            total_PlanIn:5.89056
            num_until_goal_expanded:1822
            timing_expansions:
                total_S3Exp: 5.89055
                time_top_o: 0.00122905
                time_check_in_c: 0.000570136
                time_add_parent: 0.00084691
                num_neighbors: 10494023
                time_add_neighbors_to_o: 5.62247
    num_new_collisions: 15
    timing_PIOW_new_collisions:
        total_PIOW: 0.00670612
        num_windows: 219
        time_check_overlap: 6.25e-06
        num_overlapping_windows: 3
        time_merge_windows: 0
        time_remove_window: 0.137352
        time_remove_window: 6.526e-06
        timing_PlanIn:
            total_PlanIn:0.00667185
            num_until_goal_expanded:567
            timing_expansions:
                total_S3Exp: 0.00664641
                time_top_o: 7.5626e-05
                time_check_in_c: 9.919e-05
                time_add_parent: 0.000141588
                num_neighbors: 11999
                time_add_neighbors_to_o: 0.00540107
    num_windows_should_quit: 0
    time_should_quit: 7.086e-06
    time_remove_window: 0
Complete!
