Total time: 1.60086
is_optimal: true
optimality_bound: 1
successive_bounds: [1.00386, 1.00386, 1.00386, 1.00386, 1.00386, 1.00386, 1.00386, 1.00386, 1.00386, 1.00386, 1.00154, 1.00154, 1.00154, 1.00154, 1.00154, 1.00154, 1.00077, 1.00077, 1.00077, 1.00077, 1.00077, 1.00077, 1]
successive_runtimes: [0.0257063, 0.0292229, 0.0333669, 0.0374147, 0.0413659, 0.0455725, 0.049841, 0.05482, 0.059338, 0.0646887, 0.444513, 0.714555, 0.841678, 1.01573, 1.17298, 1.32469, 1.45777, 1.48438, 1.51287, 1.54746, 1.5769, 1.60086]
num_agents: 40
time_individual_plan: 0.018512
time_first_plan: 0.00563808
num_max_agents_in_window_first_iteration: 2
num_recWAMPF: 22
timing_recWAMPF:
    total_RecWAMPF: 1.58078
    num_windows: 147
    num_max_agents_in_window: 3
    timing_gari:
        total_GARI: 1.18429
        time_path_btw_starts: 0.0009976
        Stage1:
            total_Stage1:0.67818
            time_add_x_to_o: 0.00511827
            time_clear_x: 0.00144628
            timing_AStarSearchUntil:
                total_astar_search_until:0.631361
                num_values_f_less_fmax:1207
                ASU Exp:
                    total_ASUExp:0.631352
                    time_top_o:0.00132602
                    time_check_in_c:0.0014286
                    time_add_parent:0
                    num_neighbors:0
                    time_add_neighbors_to_o:0
        Stage2:
            total_Stage2:0.0614316
            num_len_path:144
            time_expanding_s:0.000386944
            timing_AStarSearchUntil:
                total_astar_search_until:0.0364636
                num_values_f_less_fmax:514
                ASU Exp:
                    total_ASUExp:0.0364565
                    time_top_o:0.000324253
                    time_check_in_c:0.00023951
                    time_add_parent:0.000569822
                    num_neighbors:6753
                    time_add_neighbors_to_o:0.00697635
        Stage3:
            total_Stage3:0.431569
            num_until_goal_expanded:8724
            timing_S3Exp:
                total_S3Exp: 0.235156
                time_top_o: 0.00584901
                time_check_in_c: 0.00337133
                time_add_parent: 0.006408
                num_neighbors: 335842
                time_add_neighbors_to_o: 0.192669
    timing_PIOW_overlapping:
        total_PIOW: 0.37488
        num_windows: 376
        time_check_overlap: 3.6667e-05
        num_overlapping_windows: 3
        time_merge_windows: 7.657e-06
        time_remove_window: 9.09e-07
        time_remove_window: 7.417e-06
        timing_PlanIn:
            total_PlanIn:0.367758
            num_until_goal_expanded:6713
            timing_expansions:
                total_S3Exp: 0.367743
                time_top_o: 0.00596411
                time_check_in_c: 0.00216139
                time_add_parent: 0.0055036
                num_neighbors: 457107
                time_add_neighbors_to_o: 0.312111
    num_new_collisions: 6
    timing_PIOW_new_collisions:
        total_PIOW: 0.00183929
        num_windows: 15
        time_check_overlap: 2.958e-06
        num_overlapping_windows: 0
        time_merge_windows: 0
        time_remove_window: 0
        time_remove_window: 2.851e-06
        timing_PlanIn:
            total_PlanIn:0.00181524
            num_until_goal_expanded:123
            timing_expansions:
                total_S3Exp: 0.00177624
                time_top_o: 7.0373e-05
                time_check_in_c: 7.2539e-05
                time_add_parent: 0.000156021
                num_neighbors: 589
                time_add_neighbors_to_o: 0.000900211
    num_windows_should_quit: 3
    time_should_quit: 4.772e-06
    time_remove_window: 4.91e-07
Complete!
