Total time: 9.44768
is_optimal: false
optimality_bound: 1.00166
successive_bounds: [1.0058, 1.0058, 1.0058, 1.00469, 1.00442, 1.00442, 1.00442, 1.00442, 1.00387, 1.00387, 1.00387, 1.00276, 1.00221, 1.00166, 1.00166, 1.00166, 1.00166, 1.00166, 1.00166, 1.00166, 1.00166, 1.00166, 1.00166, 1.00166, 1.00166]
successive_runtimes: [0.0193707, 0.0345868, 0.0576536, 0.111859, 0.144322, 0.179666, 0.219309, 0.259515, 0.303212, 0.361712, 0.428298, 0.732277, 0.949896, 1.03165, 1.10897, 1.19037, 1.28542, 1.43509, 1.6001, 1.70154, 1.91984, 2.12091, 2.32556, 2.46058, 9.44768]
num_agents: 50
time_individual_plan: 0.00893361
time_first_plan: 0.00991033
num_max_agents_in_window_first_iteration: 3
num_recWAMPF: 25
timing_recWAMPF:
    total_RecWAMPF: 9.43822
    num_windows: 515
    num_max_agents_in_window: 4
    timing_gari:
        total_GARI: 3.31174
        time_path_btw_starts: 0.00732904
        Stage1:
            total_Stage1:0.915187
            time_add_x_to_o: 0.262904
            time_clear_x: 0.0525206
            timing_AStarSearchUntil:
                total_astar_search_until:0.599722
                num_values_f_less_fmax:19310
                ASU Exp:
                    total_ASUExp:0.599706
                    time_top_o:0.0123282
                    time_check_in_c:0.00530435
                    time_add_parent:0.00520755
                    num_neighbors:1174296
                    time_add_neighbors_to_o:0.556635
        Stage2:
            total_Stage2:0.990725
            num_len_path:495
            time_expanding_s:0.00113615
            timing_AStarSearchUntil:
                total_astar_search_until:0.989315
                num_values_f_less_fmax:17820
                ASU Exp:
                    total_ASUExp:0.989304
                    time_top_o:0.015357
                    time_check_in_c:0.00464141
                    time_add_parent:0.00975228
                    num_neighbors:1822983
                    time_add_neighbors_to_o:0.931596
        Stage3:
            total_Stage3:1.39835
            num_until_goal_expanded:7526
            timing_S3Exp:
                total_S3Exp: 0.181502
                time_top_o: 0.00331348
                time_check_in_c: 0.00133421
                time_add_parent: 0.00266832
                num_neighbors: 263846
                time_add_neighbors_to_o: 0.136453
    timing_PIOW_overlapping:
        total_PIOW: 0.0498254
        num_windows: 2734
        time_check_overlap: 0.000134865
        num_overlapping_windows: 5
        time_merge_windows: 8.428e-06
        time_remove_window: 1.57e-06
        time_remove_window: 8.174e-06
        timing_PlanIn:
            total_PlanIn:0.0496082
            num_until_goal_expanded:893
            timing_expansions:
                total_S3Exp: 0.0495927
                time_top_o: 0.000256556
                time_check_in_c: 0.000152861
                time_add_parent: 0.000241129
                num_neighbors: 91370
                time_add_neighbors_to_o: 0.0453286
    num_new_collisions: 18
    timing_PIOW_new_collisions:
        total_PIOW: 6.05429
        num_windows: 253
        time_check_overlap: 9.781e-06
        num_overlapping_windows: 3
        time_merge_windows: 0
        time_remove_window: 3.77386
        time_remove_window: 8.767e-06
        timing_PlanIn:
            total_PlanIn:6.05424
            num_until_goal_expanded:20842
            timing_expansions:
                total_S3Exp: 6.05421
                time_top_o: 0.035027
                time_check_in_c: 0.00590148
                time_add_parent: 0.0115197
                num_neighbors: 10765975
                time_add_neighbors_to_o: 5.69293
    num_windows_should_quit: 0
    time_should_quit: 3.8904e-05
    time_remove_window: 0
Complete!
