Total time: 59.3789
is_optimal: false
optimality_bound: 1.00523
successive_bounds: [1.01466, 1.0068, 1.0068, 1.00628, 1.00628, 1.00628, 1.00628, 1.00628, 1.00602, 1.00576, 1.00576, 1.00576, 1.00576, 1.00576, 1.00576, 1.00576, 1.00523, 1.00523, 1.00523, 1.00523, 1.00523, 1.00523, 1.00523, 1.00523, 1.00523, 1.00523, 1.00523, 1.00523, 1.00523, 1.00523, 1.00523, 1.00523, 1.00523, 1.00523]
successive_runtimes: [0.0330173, 0.082651, 0.140601, 0.196703, 0.221048, 0.225009, 0.22826, 0.231372, 0.23459, 0.239807, 3.35732, 3.8946, 4.40941, 4.88741, 5.39161, 5.86426, 6.33767, 6.80735, 7.348, 7.83534, 8.31991, 8.80212, 9.27413, 9.7901, 32.39, 36.661, 39.6769, 43.204, 46.7245, 49.2532, 51.7758, 54.3262, 56.8403, 59.3789]
num_agents: 60
time_individual_plan: 0.0145613
time_first_plan: 0.017858
num_max_agents_in_window_first_iteration: 3
num_recWAMPF: 34
timing_recWAMPF:
    total_RecWAMPF: 59.3637
    num_windows: 264
    num_max_agents_in_window: 4
    timing_gari:
        total_GARI: 33.9904
        time_path_btw_starts: 0.00546058
        Stage1:
            total_Stage1:0.350293
            time_add_x_to_o: 0.23371
            time_clear_x: 0.0517067
            timing_AStarSearchUntil:
                total_astar_search_until:0.0648556
                num_values_f_less_fmax:8181
                ASU Exp:
                    total_ASUExp:0.0648474
                    time_top_o:0.00334925
                    time_check_in_c:0.00255201
                    time_add_parent:0.00109623
                    num_neighbors:111533
                    time_add_neighbors_to_o:0.0512271
        Stage2:
            total_Stage2:0.0256461
            num_len_path:186
            time_expanding_s:0.00092993
            timing_AStarSearchUntil:
                total_astar_search_until:0.0245478
                num_values_f_less_fmax:292
                ASU Exp:
                    total_ASUExp:0.0245413
                    time_top_o:0.000180192
                    time_check_in_c:8.3333e-05
                    time_add_parent:0.000823513
                    num_neighbors:31964
                    time_add_neighbors_to_o:0.0192563
        Stage3:
            total_Stage3:33.6086
            num_until_goal_expanded:7389
            timing_S3Exp:
                total_S3Exp: 0.244571
                time_top_o: 0.00320434
                time_check_in_c: 0.00139873
                time_add_parent: 0.00284802
                num_neighbors: 200013
                time_add_neighbors_to_o: 0.158753
    timing_PIOW_overlapping:
        total_PIOW: 0.0258455
        num_windows: 958
        time_check_overlap: 4.8056e-05
        num_overlapping_windows: 12
        time_merge_windows: 1.5191e-05
        time_remove_window: 2.902e-06
        time_remove_window: 1.4502e-05
        timing_PlanIn:
            total_PlanIn:0.0257271
            num_until_goal_expanded:1050
            timing_expansions:
                total_S3Exp: 0.0256981
                time_top_o: 0.000265142
                time_check_in_c: 0.000216904
                time_add_parent: 0.000335534
                num_neighbors: 37587
                time_add_neighbors_to_o: 0.0219488
    num_new_collisions: 22
    timing_PIOW_new_collisions:
        total_PIOW: 25.3182
        num_windows: 342
        time_check_overlap: 1.3513e-05
        num_overlapping_windows: 7
        time_merge_windows: 0
        time_remove_window: 10.5622
        time_remove_window: 1.2512e-05
        timing_PlanIn:
            total_PlanIn:25.3181
            num_until_goal_expanded:63768
            timing_expansions:
                total_S3Exp: 25.3181
                time_top_o: 0.0794941
                time_check_in_c: 0.0294287
                time_add_parent: 0.0497448
                num_neighbors: 29777920
                time_add_neighbors_to_o: 24.1099
    num_windows_should_quit: 1
    time_should_quit: 2.2719e-05
    time_remove_window: 2.66e-07
Complete!
