Total time: 15.5774
is_optimal: false
optimality_bound: 1.00296
successive_bounds: [1.00618, 1.00321, 1.00321, 1.00321, 1.00296, 1.00321, 1.00321, 1.00321, 1.00321, 1.00321, 1.00296, 1.00296, 1.00296, 1.00296, 1.00296]
successive_runtimes: [0.0409494, 0.0625257, 0.724451, 3.84804, 12.2439, 13.2761, 13.2915, 13.3128, 13.3376, 13.3649, 13.8424, 14.3455, 14.6942, 15.124, 15.5774]
num_agents: 60
time_individual_plan: 0.0263554
time_first_plan: 0.0139909
num_max_agents_in_window_first_iteration: 3
num_recWAMPF: 15
timing_recWAMPF:
    total_RecWAMPF: 15.5504
    num_windows: 210
    num_max_agents_in_window: 5
    timing_gari:
        total_GARI: 13.5128
        time_path_btw_starts: 0.0387363
        Stage1:
            total_Stage1:11.1992
            time_add_x_to_o: 1.36855
            time_clear_x: 0.52937
            timing_AStarSearchUntil:
                total_astar_search_until:9.30122
                num_values_f_less_fmax:15815
                ASU Exp:
                    total_ASUExp:9.30121
                    time_top_o:0.0343957
                    time_check_in_c:0.109658
                    time_add_parent:0.0093937
                    num_neighbors:15249669
                    time_add_neighbors_to_o:9.11004
        Stage2:
            total_Stage2:0.0702328
            num_len_path:196
            time_expanding_s:0.000129957
            timing_AStarSearchUntil:
                total_astar_search_until:0.0699927
                num_values_f_less_fmax:387
                ASU Exp:
                    total_ASUExp:0.069988
                    time_top_o:0.000174164
                    time_check_in_c:0.000103466
                    time_add_parent:0.000186467
                    num_neighbors:117812
                    time_add_neighbors_to_o:0.0688365
        Stage3:
            total_Stage3:2.20343
            num_until_goal_expanded:5951
            timing_S3Exp:
                total_S3Exp: 1.46841
                time_top_o: 0.00686889
                time_check_in_c: 0.00221106
                time_add_parent: 0.00400694
                num_neighbors: 2497602
                time_add_neighbors_to_o: 1.44206
    timing_PIOW_overlapping:
        total_PIOW: 2.00648
        num_windows: 1060
        time_check_overlap: 4.6396e-05
        num_overlapping_windows: 13
        time_merge_windows: 2.165e-05
        time_remove_window: 4.182e-06
        time_remove_window: 2.0827e-05
        timing_PlanIn:
            total_PlanIn:2.00635
            num_until_goal_expanded:4133
            timing_expansions:
                total_S3Exp: 2.0063
                time_top_o: 0.00380791
                time_check_in_c: 0.0011041
                time_add_parent: 0.00198584
                num_neighbors: 3191414
                time_add_neighbors_to_o: 1.89212
    num_new_collisions: 21
    timing_PIOW_new_collisions:
        total_PIOW: 0.0155156
        num_windows: 321
        time_check_overlap: 1.1491e-05
        num_overlapping_windows: 4
        time_merge_windows: 0
        time_remove_window: 26.8342
        time_remove_window: 7.259e-06
        timing_PlanIn:
            total_PlanIn:0.015461
            num_until_goal_expanded:511
            timing_expansions:
                total_S3Exp: 0.0154163
                time_top_o: 0.000120373
                time_check_in_c: 9.8295e-05
                time_add_parent: 0.000155293
                num_neighbors: 27728
                time_add_neighbors_to_o: 0.0133583
    num_windows_should_quit: 0
    time_should_quit: 1.4702e-05
    time_remove_window: 0
Complete!
