Total time: 0.396007
is_optimal: true
optimality_bound: 1
successive_bounds: [1.00639, 1.00639, 1.00639, 1.00639, 1.00639, 1.00639, 1.00639, 1.00639, 1.00639, 1.00639, 1.00639, 1.00639, 1.00639, 1.00639, 1.00639, 1.00319, 1.00319, 1.00319, 1.00319, 1, 1]
successive_runtimes: [0.00396543, 0.0118227, 0.0208181, 0.0292732, 0.0390111, 0.0486812, 0.0586976, 0.0692391, 0.0800489, 0.0915258, 0.103122, 0.117179, 0.132653, 0.145502, 0.158986, 0.196227, 0.223512, 0.251927, 0.278756, 0.396007]
num_agents: 10
time_individual_plan: 0.00139521
time_first_plan: 0.00193344
num_max_agents_in_window_first_iteration: 3
num_recWAMPF: 20
timing_recWAMPF:
    total_RecWAMPF: 0.393968
    num_windows: 39
    num_max_agents_in_window: 3
    timing_gari:
        total_GARI: 0.391646
        time_path_btw_starts: 0.000138455
        Stage1:
            total_Stage1:0.19451
            time_add_x_to_o: 0.0415677
            time_clear_x: 0.00631799
            timing_AStarSearchUntil:
                total_astar_search_until:0.14662
                num_values_f_less_fmax:5607
                ASU Exp:
                    total_ASUExp:0.146618
                    time_top_o:0.00387435
                    time_check_in_c:0.00190217
                    time_add_parent:0.00276735
                    num_neighbors:237780
                    time_add_neighbors_to_o:0.13046
        Stage2:
            total_Stage2:0.0102627
            num_len_path:38
            time_expanding_s:2.7379e-05
            timing_AStarSearchUntil:
                total_astar_search_until:0.0102112
                num_values_f_less_fmax:117
                ASU Exp:
                    total_ASUExp:0.0102101
                    time_top_o:5.7784e-05
                    time_check_in_c:2.448e-05
                    time_add_parent:3.9758e-05
                    num_neighbors:20820
                    time_add_neighbors_to_o:0.00989827
        Stage3:
            total_Stage3:0.186722
            num_until_goal_expanded:4037
            timing_S3Exp:
                total_S3Exp: 0.093497
                time_top_o: 0.00218951
                time_check_in_c: 0.000743918
                time_add_parent: 0.0019072
                num_neighbors: 175411
                time_add_neighbors_to_o: 0.0826449
    timing_PIOW_overlapping:
        total_PIOW: 2.089e-06
        num_windows: 19
        time_check_overlap: 0
        num_overlapping_windows: 0
        time_merge_windows: 0
        time_remove_window: 0
        time_remove_window: 0
        timing_PlanIn:
            total_PlanIn:0
            num_until_goal_expanded:0
            timing_expansions:
                total_S3Exp: 0
                time_top_o: 0
                time_check_in_c: 0
                time_add_parent: 0
                num_neighbors: 0
                time_add_neighbors_to_o: 0
    num_new_collisions: 2
    timing_PIOW_new_collisions:
        total_PIOW: 0.00189697
        num_windows: 1
        time_check_overlap: 8.5e-08
        num_overlapping_windows: 1
        time_merge_windows: 0
        time_remove_window: 0.00216954
        time_remove_window: 4e-07
        timing_PlanIn:
            total_PlanIn:0.00189214
            num_until_goal_expanded:51
            timing_expansions:
                total_S3Exp: 0.0018868
                time_top_o: 1.0797e-05
                time_check_in_c: 1.1228e-05
                time_add_parent: 1.8354e-05
                num_neighbors: 3498
                time_add_neighbors_to_o: 0.00165252
    num_windows_should_quit: 0
    time_should_quit: 2.392e-06
    time_remove_window: 0
Complete!
