Total time: 2.73401
is_optimal: true
optimality_bound: 1
successive_bounds: [1.00303, 1.00303, 1.00303, 1.00228, 1.00228, 1.00228, 1.00152, 1.00114, 1.00114, 1.00076, 1.00076, 1.00076, 1.00076, 1.00076, 1.00076, 1.00076, 1.00076, 1.00076, 1.00076, 1.00076, 1.00076, 1.00076, 1.00076, 1.00076, 1.00076, 1.00076, 1.00076, 1.00076, 1.00076, 1, 1]
successive_runtimes: [0.0152266, 0.0323222, 0.0757935, 0.136136, 0.189999, 0.243674, 0.320066, 0.373813, 0.413596, 0.45525, 0.477783, 0.502749, 0.522742, 0.54131, 0.560813, 0.581332, 0.601946, 0.620991, 0.640056, 0.659551, 0.684071, 0.705192, 0.727547, 0.75318, 0.775451, 0.797474, 1.64185, 1.87081, 2.36754, 2.73401]
num_agents: 40
time_individual_plan: 0.00969827
time_first_plan: 0.00468701
num_max_agents_in_window_first_iteration: 3
num_recWAMPF: 30
timing_recWAMPF:
    total_RecWAMPF: 2.72346
    num_windows: 250
    num_max_agents_in_window: 3
    timing_gari:
        total_GARI: 2.68576
        time_path_btw_starts: 0.0124806
        Stage1:
            total_Stage1:0.751789
            time_add_x_to_o: 0.241429
            time_clear_x: 0.0592894
            timing_AStarSearchUntil:
                total_astar_search_until:0.451029
                num_values_f_less_fmax:13058
                ASU Exp:
                    total_ASUExp:0.451015
                    time_top_o:0.0210852
                    time_check_in_c:0.00938573
                    time_add_parent:0.00534919
                    num_neighbors:414308
                    time_add_neighbors_to_o:0.383435
        Stage2:
            total_Stage2:0.128723
            num_len_path:269
            time_expanding_s:0.00176546
            timing_AStarSearchUntil:
                total_astar_search_until:0.126721
                num_values_f_less_fmax:2381
                ASU Exp:
                    total_ASUExp:0.126712
                    time_top_o:0.00277541
                    time_check_in_c:0.00157431
                    time_add_parent:0.00235838
                    num_neighbors:124506
                    time_add_neighbors_to_o:0.113104
        Stage3:
            total_Stage3:1.79263
            num_until_goal_expanded:13103
            timing_S3Exp:
                total_S3Exp: 1.10196
                time_top_o: 0.0246086
                time_check_in_c: 0.00615381
                time_add_parent: 0.0125263
                num_neighbors: 1017497
                time_add_neighbors_to_o: 1.01391
    timing_PIOW_overlapping:
        total_PIOW: 0.019715
        num_windows: 530
        time_check_overlap: 5.0226e-05
        num_overlapping_windows: 2
        time_merge_windows: 6.323e-06
        time_remove_window: 1.197e-06
        time_remove_window: 6.157e-06
        timing_PlanIn:
            total_PlanIn:0.0196136
            num_until_goal_expanded:213
            timing_expansions:
                total_S3Exp: 0.0196054
                time_top_o: 0.000146867
                time_check_in_c: 9.2839e-05
                time_add_parent: 0.000139599
                num_neighbors: 21175
                time_add_neighbors_to_o: 0.017637
    num_new_collisions: 7
    timing_PIOW_new_collisions:
        total_PIOW: 0.0029178
        num_windows: 40
        time_check_overlap: 3.229e-06
        num_overlapping_windows: 1
        time_merge_windows: 0
        time_remove_window: 0.0116476
        time_remove_window: 3.336e-06
        timing_PlanIn:
            total_PlanIn:0.00289594
            num_until_goal_expanded:127
            timing_expansions:
                total_S3Exp: 0.00286286
                time_top_o: 3.0259e-05
                time_check_in_c: 3.7565e-05
                time_add_parent: 5.9809e-05
                num_neighbors: 2912
                time_add_neighbors_to_o: 0.00229858
    num_windows_should_quit: 0
    time_should_quit: 3.5025e-05
    time_remove_window: 0
Complete!
