Total time: 3.96662
is_optimal: false
optimality_bound: 1.00251
successive_bounds: [1.00602, 1.00552, 1.00477, 1.00477, 1.00477, 1.00427, 1.00427, 1.00377, 1.00326, 1.00326, 1.00326, 1.00326, 1.00326, 1.00326, 1.00326, 1.00326, 1.00326, 1.00251, 1.00251, 1.00251, 1.00251]
successive_runtimes: [0.0259084, 0.0643895, 0.116318, 0.176187, 0.260214, 0.363921, 0.517123, 0.712734, 0.958684, 1.0216, 1.03614, 1.04933, 1.06239, 1.07745, 1.09243, 1.10798, 1.1243, 1.13971, 2.43134, 3.62714, 3.96662]
num_agents: 60
time_individual_plan: 0.00661913
time_first_plan: 0.0187597
num_max_agents_in_window_first_iteration: 3
num_recWAMPF: 21
timing_recWAMPF:
    total_RecWAMPF: 3.95947
    num_windows: 256
    num_max_agents_in_window: 5
    timing_gari:
        total_GARI: 2.54246
        time_path_btw_starts: 0.00076761
        Stage1:
            total_Stage1:1.28842
            time_add_x_to_o: 0.750555
            time_clear_x: 0.160867
            timing_AStarSearchUntil:
                total_astar_search_until:0.37698
                num_values_f_less_fmax:9036
                ASU Exp:
                    total_ASUExp:0.376971
                    time_top_o:0.00566849
                    time_check_in_c:0.00643194
                    time_add_parent:0.00806684
                    num_neighbors:736044
                    time_add_neighbors_to_o:0.348187
        Stage2:
            total_Stage2:0.0342685
            num_len_path:239
            time_expanding_s:0.000713856
            timing_AStarSearchUntil:
                total_astar_search_until:0.0334371
                num_values_f_less_fmax:632
                ASU Exp:
                    total_ASUExp:0.0334316
                    time_top_o:0.00020572
                    time_check_in_c:0.00015087
                    time_add_parent:0.000229977
                    num_neighbors:63231
                    time_add_neighbors_to_o:0.0281418
        Stage3:
            total_Stage3:1.21895
            num_until_goal_expanded:5845
            timing_S3Exp:
                total_S3Exp: 0.551736
                time_top_o: 0.00257527
                time_check_in_c: 0.000990823
                time_add_parent: 0.00229068
                num_neighbors: 667979
                time_add_neighbors_to_o: 0.360202
    timing_PIOW_overlapping:
        total_PIOW: 0.099586
        num_windows: 907
        time_check_overlap: 3.4038e-05
        num_overlapping_windows: 7
        time_merge_windows: 1.2016e-05
        time_remove_window: 1.825e-06
        time_remove_window: 1.1697e-05
        timing_PlanIn:
            total_PlanIn:0.099503
            num_until_goal_expanded:1854
            timing_expansions:
                total_S3Exp: 0.0994853
                time_top_o: 0.00062762
                time_check_in_c: 0.000348275
                time_add_parent: 0.000518087
                num_neighbors: 202594
                time_add_neighbors_to_o: 0.0902009
    num_new_collisions: 16
    timing_PIOW_new_collisions:
        total_PIOW: 1.28773
        num_windows: 198
        time_check_overlap: 6.656e-06
        num_overlapping_windows: 4
        time_merge_windows: 0
        time_remove_window: 2.54194
        time_remove_window: 8.669e-06
        timing_PlanIn:
            total_PlanIn:1.28768
            num_until_goal_expanded:1664
            timing_expansions:
                total_S3Exp: 1.28765
                time_top_o: 0.00101056
                time_check_in_c: 0.000379732
                time_add_parent: 0.00067603
                num_neighbors: 1857109
                time_add_neighbors_to_o: 1.23592
    num_windows_should_quit: 0
    time_should_quit: 2.2172e-05
    time_remove_window: 0
Complete!
