Total time: 21.7317
is_optimal: false
optimality_bound: 1.00296
successive_bounds: [1.00618, 1.00321, 1.00321, 1.00321, 1.00296, 1.00321, 1.00321, 1.00321, 1.00321, 1.00321, 1.00296, 1.00296, 1.00296, 1.00296, 1.00296]
successive_runtimes: [0.087277, 0.132645, 1.05468, 5.35978, 17.2046, 18.6185, 18.6398, 18.6665, 18.6971, 18.7256, 19.3753, 20.046, 20.5487, 21.1419, 21.7317]
num_agents: 60
time_individual_plan: 0.0512494
time_first_plan: 0.0346591
num_max_agents_in_window_first_iteration: 3
num_recWAMPF: 15
timing_recWAMPF:
    total_RecWAMPF: 21.6791
    num_windows: 210
    num_max_agents_in_window: 5
    timing_gari:
        total_GARI: 18.8577
        time_path_btw_starts: 0.00321432
        Stage1:
            total_Stage1:15.6799
            time_add_x_to_o: 1.85991
            time_clear_x: 0.495683
            timing_AStarSearchUntil:
                total_astar_search_until:13.3243
                num_values_f_less_fmax:15815
                ASU Exp:
                    total_ASUExp:13.3243
                    time_top_o:0.0413752
                    time_check_in_c:0.287875
                    time_add_parent:0.0358708
                    num_neighbors:15249669
                    time_add_neighbors_to_o:12.8261
        Stage2:
            total_Stage2:0.0954329
            num_len_path:196
            time_expanding_s:0.000182541
            timing_AStarSearchUntil:
                total_astar_search_until:0.0951258
                num_values_f_less_fmax:387
                ASU Exp:
                    total_ASUExp:0.0951198
                    time_top_o:0.000193555
                    time_check_in_c:0.000155688
                    time_add_parent:0.000301469
                    num_neighbors:117812
                    time_add_neighbors_to_o:0.0933009
        Stage3:
            total_Stage3:3.07685
            num_until_goal_expanded:5941
            timing_S3Exp:
                total_S3Exp: 2.03456
                time_top_o: 0.00813379
                time_check_in_c: 0.0025131
                time_add_parent: 0.00526376
                num_neighbors: 2492019
                time_add_neighbors_to_o: 1.94177
    timing_PIOW_overlapping:
        total_PIOW: 2.76068
        num_windows: 1060
        time_check_overlap: 4.9131e-05
        num_overlapping_windows: 13
        time_merge_windows: 3.0743e-05
        time_remove_window: 4.879e-06
        time_remove_window: 2.9923e-05
        timing_PlanIn:
            total_PlanIn:2.76053
            num_until_goal_expanded:4133
            timing_expansions:
                total_S3Exp: 2.76048
                time_top_o: 0.00428307
                time_check_in_c: 0.00166548
                time_add_parent: 0.00366094
                num_neighbors: 3191414
                time_add_neighbors_to_o: 2.61813
    num_new_collisions: 21
    timing_PIOW_new_collisions:
        total_PIOW: 0.0325299
        num_windows: 321
        time_check_overlap: 1.5803e-05
        num_overlapping_windows: 4
        time_merge_windows: 0
        time_remove_window: 37.6843
        time_remove_window: 1.6254e-05
        timing_PlanIn:
            total_PlanIn:0.0324293
            num_until_goal_expanded:511
            timing_expansions:
                total_S3Exp: 0.0323453
                time_top_o: 0.000216747
                time_check_in_c: 0.000232047
                time_add_parent: 0.000499475
                num_neighbors: 27728
                time_add_neighbors_to_o: 0.0279169
    num_windows_should_quit: 0
    time_should_quit: 1.4743e-05
    time_remove_window: 0
Complete!
