Total time: 59.0506
is_optimal: false
optimality_bound: 1.00208
successive_bounds: [1.01205, 1.0054, 1.0054, 1.0054, 1.0054, 1.00374, 1.00291, 1.00208, 1.00208, 1.00208, 1.00208, 1.00208, 1.00208, 1.00208, 1.00208, 1.00208, 1.00208, 1.00208, 1.00208]
successive_runtimes: [0.0113155, 0.0222403, 0.0276052, 0.0315719, 0.0364497, 0.0442685, 0.048428, 0.0560728, 0.0726183, 0.0865132, 38.6651, 42.0895, 44.6103, 47.0187, 49.3983, 51.7347, 54.0602, 56.3683, 59.0506]
num_agents: 40
time_individual_plan: 0.00734741
time_first_plan: 0.00328936
num_max_agents_in_window_first_iteration: 2
num_recWAMPF: 19
timing_recWAMPF:
    total_RecWAMPF: 59.0426
    num_windows: 185
    num_max_agents_in_window: 4
    timing_gari:
        total_GARI: 20.4462
        time_path_btw_starts: 0.00637005
        Stage1:
            total_Stage1:0.6098
            time_add_x_to_o: 0.498072
            time_clear_x: 0.0987431
            timing_AStarSearchUntil:
                total_astar_search_until:0.0129704
                num_values_f_less_fmax:2958
                ASU Exp:
                    total_ASUExp:0.012965
                    time_top_o:0.000893634
                    time_check_in_c:0.000539209
                    time_add_parent:0.000389309
                    num_neighbors:21775
                    time_add_neighbors_to_o:0.00949255
        Stage2:
            total_Stage2:0.0163756
            num_len_path:179
            time_expanding_s:0.000304354
            timing_AStarSearchUntil:
                total_astar_search_until:0.0159756
                num_values_f_less_fmax:795
                ASU Exp:
                    total_ASUExp:0.0159711
                    time_top_o:0.000284586
                    time_check_in_c:0.000195438
                    time_add_parent:0.000279142
                    num_neighbors:24723
                    time_add_neighbors_to_o:0.0122917
        Stage3:
            total_Stage3:19.8124
            num_until_goal_expanded:6033
            timing_S3Exp:
                total_S3Exp: 0.808848
                time_top_o: 0.00561987
                time_check_in_c: 0.00163423
                time_add_parent: 0.00332386
                num_neighbors: 522200
                time_add_neighbors_to_o: 0.595391
    timing_PIOW_overlapping:
        total_PIOW: 38.5877
        num_windows: 629
        time_check_overlap: 2.7233e-05
        num_overlapping_windows: 6
        time_merge_windows: 1.1295e-05
        time_remove_window: 1.998e-06
        time_remove_window: 1.0912e-05
        timing_PlanIn:
            total_PlanIn:38.5876
            num_until_goal_expanded:103439
            timing_expansions:
                total_S3Exp: 38.5876
                time_top_o: 0.120859
                time_check_in_c: 0.0363472
                time_add_parent: 0.0679007
                num_neighbors: 45754984
                time_add_neighbors_to_o: 36.7433
    num_new_collisions: 9
    timing_PIOW_new_collisions:
        total_PIOW: 0.00323115
        num_windows: 73
        time_check_overlap: 3.31e-06
        num_overlapping_windows: 1
        time_merge_windows: 0
        time_remove_window: 0.0211418
        time_remove_window: 6.05e-06
        timing_PlanIn:
            total_PlanIn:0.00320901
            num_until_goal_expanded:222
            timing_expansions:
                total_S3Exp: 0.0031891
                time_top_o: 3.94e-05
                time_check_in_c: 4.296e-05
                time_add_parent: 6.4833e-05
                num_neighbors: 4942
                time_add_neighbors_to_o: 0.00258926
    num_windows_should_quit: 0
    time_should_quit: 1.2036e-05
    time_remove_window: 0
Complete!
