Total time: 0.00460328
is_optimal: true
optimality_bound: 1
successive_bounds: [1.00237, 1.00237, 1.00237, 1.00237, 1.00237, 1.00237, 1.00237, 1.00237, 1.00237, 1.00237, 1.00237, 1.00237, 1, 1]
successive_runtimes: [0.00229269, 0.00248996, 0.00261951, 0.00274843, 0.00288493, 0.003045, 0.00321723, 0.00341181, 0.00361416, 0.00383266, 0.00403308, 0.00424842, 0.00460326]
num_agents: 10
time_individual_plan: 0.00164072
time_first_plan: 0.000123591
num_max_agents_in_window_first_iteration: 2
num_recWAMPF: 13
timing_recWAMPF:
    total_RecWAMPF: 0.00243235
    num_windows: 25
    num_max_agents_in_window: 2
    timing_gari:
        total_GARI: 0.00199321
        time_path_btw_starts: 5.6426e-05
        Stage1:
            total_Stage1:0.000435199
            time_add_x_to_o: 0.000257511
            time_clear_x: 2.7431e-05
            timing_AStarSearchUntil:
                total_astar_search_until:0.000148959
                num_values_f_less_fmax:13
                ASU Exp:
                    total_ASUExp:0.000148333
                    time_top_o:3.647e-06
                    time_check_in_c:4.193e-06
                    time_add_parent:4.718e-06
                    num_neighbors:310
                    time_add_neighbors_to_o:0.000117195
        Stage2:
            total_Stage2:0.000714797
            num_len_path:25
            time_expanding_s:8.934e-06
            timing_AStarSearchUntil:
                total_astar_search_until:0.00069942
                num_values_f_less_fmax:57
                ASU Exp:
                    total_ASUExp:0.000698878
                    time_top_o:1.2412e-05
                    time_check_in_c:1.125e-05
                    time_add_parent:1.5681e-05
                    num_neighbors:1394
                    time_add_neighbors_to_o:0.000593503
        Stage3:
            total_Stage3:0.00078321
            num_until_goal_expanded:44
            timing_S3Exp:
                total_S3Exp: 0.000441771
                time_top_o: 8.195e-06
                time_check_in_c: 5.025e-06
                time_add_parent: 9.79e-06
                num_neighbors: 623
                time_add_neighbors_to_o: 0.000338626
    timing_PIOW_overlapping:
        total_PIOW: 3.14e-07
        num_windows: 12
        time_check_overlap: 0
        num_overlapping_windows: 0
        time_merge_windows: 0
        time_remove_window: 0
        time_remove_window: 0
        timing_PlanIn:
            total_PlanIn:0
            num_until_goal_expanded:0
            timing_expansions:
                total_S3Exp: 0
                time_top_o: 0
                time_check_in_c: 0
                time_add_parent: 0
                num_neighbors: 0
                time_add_neighbors_to_o: 0
    num_new_collisions: 1
    timing_PIOW_new_collisions:
        total_PIOW: 8.7744e-05
        num_windows: 0
        time_check_overlap: 0
        num_overlapping_windows: 0
        time_merge_windows: 0
        time_remove_window: 0
        time_remove_window: 2.9e-07
        timing_PlanIn:
            total_PlanIn:8.6054e-05
            num_until_goal_expanded:7
            timing_expansions:
                total_S3Exp: 8.2571e-05
                time_top_o: 1.256e-06
                time_check_in_c: 1.52e-06
                time_add_parent: 2.621e-06
                num_neighbors: 135
                time_add_neighbors_to_o: 6.3185e-05
    num_windows_should_quit: 0
    time_should_quit: 5.71e-07
    time_remove_window: 0
Complete!
