Total time: 0.468863
is_optimal: false
optimality_bound: 1.00153
successive_bounds: [1.00384, 1.00384, 1.00384, 1.00384, 1.0023, 1.00153]
successive_runtimes: [0.0128032, 0.0161549, 0.0297656, 0.0886233, 0.253102, 0.468863]
num_agents: 40
time_individual_plan: 0.00886927
time_first_plan: 0.00341959
num_max_agents_in_window_first_iteration: 2
num_recWAMPF: 6
timing_recWAMPF:
    total_RecWAMPF: 0.459477
    num_windows: 89
    num_max_agents_in_window: 4
    timing_gari:
        total_GARI: 0.432566
        time_path_btw_starts: 0.000194235
        Stage1:
            total_Stage1:0.373869
            time_add_x_to_o: 0.083555
            time_clear_x: 0.0207858
            timing_AStarSearchUntil:
                total_astar_search_until:0.269523
                num_values_f_less_fmax:3939
                ASU Exp:
                    total_ASUExp:0.26952
                    time_top_o:0.00279756
                    time_check_in_c:0.00145253
                    time_add_parent:0.0184713
                    num_neighbors:547253
                    time_add_neighbors_to_o:0.239914
        Stage2:
            total_Stage2:0.0260239
            num_len_path:78
            time_expanding_s:4.5826e-05
            timing_AStarSearchUntil:
                total_astar_search_until:0.0259488
                num_values_f_less_fmax:231
                ASU Exp:
                    total_ASUExp:0.025947
                    time_top_o:7.945e-05
                    time_check_in_c:4.6177e-05
                    time_add_parent:7.2853e-05
                    num_neighbors:58868
                    time_add_neighbors_to_o:0.0254072
        Stage3:
            total_Stage3:0.0324642
            num_until_goal_expanded:1157
            timing_S3Exp:
                total_S3Exp: 0.006953
                time_top_o: 0.000265074
                time_check_in_c: 0.000174337
                time_add_parent: 0.0003799
                num_neighbors: 10242
                time_add_neighbors_to_o: 0.00490971
    timing_PIOW_overlapping:
        total_PIOW: 0.0109835
        num_windows: 353
        time_check_overlap: 1.137e-05
        num_overlapping_windows: 2
        time_merge_windows: 2.066e-06
        time_remove_window: 3.26e-07
        time_remove_window: 1.958e-06
        timing_PlanIn:
            total_PlanIn:0.0109594
            num_until_goal_expanded:96
            timing_expansions:
                total_S3Exp: 0.0109553
                time_top_o: 2.0765e-05
                time_check_in_c: 1.8256e-05
                time_add_parent: 2.798e-05
                num_neighbors: 21162
                time_add_neighbors_to_o: 0.0101978
    num_new_collisions: 11
    timing_PIOW_new_collisions:
        total_PIOW: 0.0114901
        num_windows: 108
        time_check_overlap: 3.719e-06
        num_overlapping_windows: 2
        time_merge_windows: 1.357e-06
        time_remove_window: 0.242691
        time_remove_window: 3.202e-06
        timing_PlanIn:
            total_PlanIn:0.0114681
            num_until_goal_expanded:369
            timing_expansions:
                total_S3Exp: 0.0114409
                time_top_o: 7.1947e-05
                time_check_in_c: 6.5268e-05
                time_add_parent: 9.7401e-05
                num_neighbors: 18400
                time_add_neighbors_to_o: 0.0102501
    num_windows_should_quit: 0
    time_should_quit: 5.605e-06
    time_remove_window: 0
Complete!
