Total time: 0.123493
is_optimal: true
optimality_bound: 1
successive_bounds: [1.03259, 1.00296, 1.00296, 1.00296, 1.00296, 1.00296, 1.00296, 1.00296, 1.00296, 1.00296, 1.00296, 1.00296, 1.00296, 1.00296, 1, 1]
successive_runtimes: [0.00906764, 0.0276336, 0.0369963, 0.040027, 0.0444461, 0.0495702, 0.0549928, 0.0603565, 0.0663862, 0.0734703, 0.0817067, 0.0907441, 0.101335, 0.111943, 0.123493]
num_agents: 20
time_individual_plan: 0.00514864
time_first_plan: 0.00339084
num_max_agents_in_window_first_iteration: 2
num_recWAMPF: 15
timing_recWAMPF:
    total_RecWAMPF: 0.117814
    num_windows: 29
    num_max_agents_in_window: 2
    timing_gari:
        total_GARI: 0.113189
        time_path_btw_starts: 7.7525e-05
        Stage1:
            total_Stage1:0.0823986
            time_add_x_to_o: 0.0238924
            time_clear_x: 0.00356282
            timing_AStarSearchUntil:
                total_astar_search_until:0.0549406
                num_values_f_less_fmax:17922
                ASU Exp:
                    total_ASUExp:0.0549397
                    time_top_o:0.00545952
                    time_check_in_c:0.00348161
                    time_add_parent:0.00170628
                    num_neighbors:99514
                    time_add_neighbors_to_o:0.0373773
        Stage2:
            total_Stage2:0.00365118
            num_len_path:34
            time_expanding_s:1.4064e-05
            timing_AStarSearchUntil:
                total_astar_search_until:0.00362748
                num_values_f_less_fmax:314
                ASU Exp:
                    total_ASUExp:0.00362683
                    time_top_o:0.000100867
                    time_check_in_c:5.7122e-05
                    time_add_parent:8.7603e-05
                    num_neighbors:8059
                    time_add_neighbors_to_o:0.00309137
        Stage3:
            total_Stage3:0.0270553
            num_until_goal_expanded:2928
            timing_S3Exp:
                total_S3Exp: 0.0129633
                time_top_o: 0.00086792
                time_check_in_c: 0.000545504
                time_add_parent: 0.000954958
                num_neighbors: 17689
                time_add_neighbors_to_o: 0.00727755
    timing_PIOW_overlapping:
        total_PIOW: 4.67e-07
        num_windows: 14
        time_check_overlap: 0
        num_overlapping_windows: 0
        time_merge_windows: 0
        time_remove_window: 0
        time_remove_window: 0
        timing_PlanIn:
            total_PlanIn:0
            num_until_goal_expanded:0
            timing_expansions:
                total_S3Exp: 0
                time_top_o: 0
                time_check_in_c: 0
                time_add_parent: 0
                num_neighbors: 0
                time_add_neighbors_to_o: 0
    num_new_collisions: 1
    timing_PIOW_new_collisions:
        total_PIOW: 0.0032473
        num_windows: 0
        time_check_overlap: 0
        num_overlapping_windows: 0
        time_merge_windows: 0
        time_remove_window: 0
        time_remove_window: 3.2e-07
        timing_PlanIn:
            total_PlanIn:0.00324472
            num_until_goal_expanded:298
            timing_expansions:
                total_S3Exp: 0.0032405
                time_top_o: 3.9572e-05
                time_check_in_c: 5.1757e-05
                time_add_parent: 7.3772e-05
                num_neighbors: 6188
                time_add_neighbors_to_o: 0.00262476
    num_windows_should_quit: 0
    time_should_quit: 1.151e-06
    time_remove_window: 0
Complete!
