Total time: 1.13887
is_optimal: false
optimality_bound: 1.01298
successive_bounds: [1.01391, 1.01344, 1.01344, 1.01344, 1.01298, 1.01298]
successive_runtimes: [0.190548, 0.458164, 0.594603, 0.777591, 0.977884, 1.13887]
num_agents: 60
time_individual_plan: 0.00701129
time_first_plan: 0.182977
num_max_agents_in_window_first_iteration: 2
num_recWAMPF: 6
timing_recWAMPF:
    total_RecWAMPF: 1.13129
    num_windows: 59
    num_max_agents_in_window: 4
    timing_gari:
        total_GARI: 0.789292
        time_path_btw_starts: 0.00372985
        Stage1:
            total_Stage1:0.558842
            time_add_x_to_o: 0.178161
            time_clear_x: 0.0511944
            timing_AStarSearchUntil:
                total_astar_search_until:0.329481
                num_values_f_less_fmax:1691
                ASU Exp:
                    total_ASUExp:0.329478
                    time_top_o:0.00230611
                    time_check_in_c:0.0170308
                    time_add_parent:0.000837502
                    num_neighbors:644710
                    time_add_neighbors_to_o:0.299975
        Stage2:
            total_Stage2:0.0106063
            num_len_path:42
            time_expanding_s:3.2838e-05
            timing_AStarSearchUntil:
                total_astar_search_until:0.0105493
                num_values_f_less_fmax:69
                ASU Exp:
                    total_ASUExp:0.0105483
                    time_top_o:2.8357e-05
                    time_check_in_c:1.5489e-05
                    time_add_parent:2.5728e-05
                    num_neighbors:15434
                    time_add_neighbors_to_o:0.0103785
        Stage3:
            total_Stage3:0.216101
            num_until_goal_expanded:625
            timing_S3Exp:
                total_S3Exp: 0.0991212
                time_top_o: 0.000404372
                time_check_in_c: 0.000138054
                time_add_parent: 0.000269042
                num_neighbors: 156306
                time_add_neighbors_to_o: 0.0923563
    timing_PIOW_overlapping:
        total_PIOW: 0.15342
        num_windows: 286
        time_check_overlap: 8.93e-06
        num_overlapping_windows: 14
        time_merge_windows: 1.613e-05
        time_remove_window: 3.292e-06
        time_remove_window: 1.5435e-05
        timing_PlanIn:
            total_PlanIn:0.153364
            num_until_goal_expanded:4675
            timing_expansions:
                total_S3Exp: 0.153336
                time_top_o: 0.00109904
                time_check_in_c: 0.000950831
                time_add_parent: 0.0011909
                num_neighbors: 317025
                time_add_neighbors_to_o: 0.137715
    num_new_collisions: 18
    timing_PIOW_new_collisions:
        total_PIOW: 0.177623
        num_windows: 278
        time_check_overlap: 7.52e-06
        num_overlapping_windows: 0
        time_merge_windows: 0
        time_remove_window: 0
        time_remove_window: 1.1641e-05
        timing_PlanIn:
            total_PlanIn:0.177581
            num_until_goal_expanded:13594
            timing_expansions:
                total_S3Exp: 0.171914
                time_top_o: 0.00298354
                time_check_in_c: 0.0023737
                time_add_parent: 0.0031028
                num_neighbors: 367534
                time_add_neighbors_to_o: 0.142659
    num_windows_should_quit: 0
    time_should_quit: 5.2e-06
    time_remove_window: 0
Complete!
