Total time: 0.00832446
is_optimal: true
optimality_bound: 1
successive_bounds: [1.00149, 1.00149, 1.00149, 1.00149, 1.00149, 1.00149, 1.00149, 1.00149, 1.00149, 1.00149, 1.00149, 1.00149, 1.00149, 1.00149, 1.00149, 1.00149, 1.00149, 1.00149, 1, 1]
successive_runtimes: [0.00255869, 0.0026961, 0.0028208, 0.00294442, 0.00307867, 0.00322051, 0.00335738, 0.00351691, 0.00369304, 0.00388309, 0.00407387, 0.00430427, 0.00454032, 0.00482607, 0.00507181, 0.00532798, 0.0055477, 0.00581872, 0.00832443]
num_agents: 10
time_individual_plan: 0.0016767
time_first_plan: 0.000154176
num_max_agents_in_window_first_iteration: 2
num_recWAMPF: 19
timing_recWAMPF:
    total_RecWAMPF: 0.00591604
    num_windows: 37
    num_max_agents_in_window: 2
    timing_gari:
        total_GARI: 0.00540267
        time_path_btw_starts: 9.3972e-05
        Stage1:
            total_Stage1:0.000698184
            time_add_x_to_o: 0.000592463
            time_clear_x: 7.8235e-05
            timing_AStarSearchUntil:
                total_astar_search_until:2.5183e-05
                num_values_f_less_fmax:38
                ASU Exp:
                    total_ASUExp:2.4138e-05
                    time_top_o:1.2284e-05
                    time_check_in_c:4.514e-06
                    time_add_parent:0
                    num_neighbors:0
                    time_add_neighbors_to_o:0
        Stage2:
            total_Stage2:0.00109972
            num_len_path:38
            time_expanding_s:1.8654e-05
            timing_AStarSearchUntil:
                total_astar_search_until:0.00106883
                num_values_f_less_fmax:73
                ASU Exp:
                    total_ASUExp:0.00106795
                    time_top_o:2.008e-05
                    time_check_in_c:1.6786e-05
                    time_add_parent:3.3072e-05
                    num_neighbors:1978
                    time_add_neighbors_to_o:0.000891049
        Stage3:
            total_Stage3:0.00350309
            num_until_goal_expanded:191
            timing_S3Exp:
                total_S3Exp: 0.0027306
                time_top_o: 6.1459e-05
                time_check_in_c: 3.8533e-05
                time_add_parent: 5.248e-05
                num_neighbors: 3941
                time_add_neighbors_to_o: 0.00226075
    timing_PIOW_overlapping:
        total_PIOW: 8.69e-07
        num_windows: 18
        time_check_overlap: 0
        num_overlapping_windows: 0
        time_merge_windows: 0
        time_remove_window: 0
        time_remove_window: 0
        timing_PlanIn:
            total_PlanIn:0
            num_until_goal_expanded:0
            timing_expansions:
                total_S3Exp: 0
                time_top_o: 0
                time_check_in_c: 0
                time_add_parent: 0
                num_neighbors: 0
                time_add_neighbors_to_o: 0
    num_new_collisions: 1
    timing_PIOW_new_collisions:
        total_PIOW: 0.000125152
        num_windows: 0
        time_check_overlap: 0
        num_overlapping_windows: 0
        time_merge_windows: 0
        time_remove_window: 0
        time_remove_window: 2.74e-07
        timing_PlanIn:
            total_PlanIn:0.000122929
            num_until_goal_expanded:8
            timing_expansions:
                total_S3Exp: 0.000119638
                time_top_o: 1.833e-06
                time_check_in_c: 3.139e-06
                time_add_parent: 5.134e-06
                num_neighbors: 161
                time_add_neighbors_to_o: 9.0243e-05
    num_windows_should_quit: 0
    time_should_quit: 1.201e-06
    time_remove_window: 0
Complete!
