Total time: 0.0175817
is_optimal: true
optimality_bound: 1
successive_bounds: [1.00284, 1.00284, 1.00284, 1.00284, 1.00284, 1.00284, 1.00284, 1.00284, 1.00284, 1.00284, 1.00284, 1.00284, 1.00284, 1.00284, 1.00284, 1.00284, 1.00284, 1.00284, 1.00284, 1, 1]
successive_runtimes: [0.00205318, 0.00215598, 0.00225512, 0.0023544, 0.0024543, 0.00256062, 0.00267226, 0.00284769, 0.00296597, 0.00308694, 0.00320356, 0.00332372, 0.00344629, 0.00358955, 0.00372595, 0.00385737, 0.00399366, 0.0041371, 0.00428796, 0.0175817]
num_agents: 10
time_individual_plan: 0.00137668
time_first_plan: 0.000142478
num_max_agents_in_window_first_iteration: 2
num_recWAMPF: 20
timing_recWAMPF:
    total_RecWAMPF: 0.0156684
    num_windows: 39
    num_max_agents_in_window: 2
    timing_gari:
        total_GARI: 0.0150888
        time_path_btw_starts: 8.7837e-05
        Stage1:
            total_Stage1:0.000209179
            time_add_x_to_o: 0.000185239
            time_clear_x: 2.0219e-05
            timing_AStarSearchUntil:
                total_astar_search_until:1.704e-06
                num_values_f_less_fmax:0
                ASU Exp:
                    total_ASUExp:8.37e-07
                    time_top_o:0
                    time_check_in_c:0
                    time_add_parent:0
                    num_neighbors:0
                    time_add_neighbors_to_o:0
        Stage2:
            total_Stage2:0.0137245
            num_len_path:55
            time_expanding_s:2.0232e-05
            timing_AStarSearchUntil:
                total_astar_search_until:0.0136946
                num_values_f_less_fmax:1058
                ASU Exp:
                    total_ASUExp:0.0136939
                    time_top_o:0.000317181
                    time_check_in_c:0.000212652
                    time_add_parent:0.000276014
                    num_neighbors:26349
                    time_add_neighbors_to_o:0.0118057
        Stage3:
            total_Stage3:0.00106177
            num_until_goal_expanded:37
            timing_S3Exp:
                total_S3Exp: 0.00017569
                time_top_o: 4.713e-06
                time_check_in_c: 3.138e-06
                time_add_parent: 8.253e-06
                num_neighbors: 87
                time_add_neighbors_to_o: 5.8401e-05
    timing_PIOW_overlapping:
        total_PIOW: 4.38e-07
        num_windows: 19
        time_check_overlap: 0
        num_overlapping_windows: 0
        time_merge_windows: 0
        time_remove_window: 0
        time_remove_window: 0
        timing_PlanIn:
            total_PlanIn:0
            num_until_goal_expanded:0
            timing_expansions:
                total_S3Exp: 0
                time_top_o: 0
                time_check_in_c: 0
                time_add_parent: 0
                num_neighbors: 0
                time_add_neighbors_to_o: 0
    num_new_collisions: 1
    timing_PIOW_new_collisions:
        total_PIOW: 0.000105936
        num_windows: 0
        time_check_overlap: 0
        num_overlapping_windows: 0
        time_merge_windows: 0
        time_remove_window: 0
        time_remove_window: 3.07e-07
        timing_PlanIn:
            total_PlanIn:0.000104293
            num_until_goal_expanded:8
            timing_expansions:
                total_S3Exp: 0.000101097
                time_top_o: 1.964e-06
                time_check_in_c: 1.99e-06
                time_add_parent: 2.971e-06
                num_neighbors: 139
                time_add_neighbors_to_o: 7.8673e-05
    num_windows_should_quit: 0
    time_should_quit: 9.27e-07
    time_remove_window: 0
Complete!
