Total time: 0.0171141
is_optimal: true
optimality_bound: 1
successive_bounds: [1.00116, 1.00116, 1.00116, 1.00116, 1.00116, 1.00116, 1.00116, 1.00116, 1.00116, 1.00116, 1.00116, 1.00116, 1.00116, 1.00116, 1.00116, 1.00116, 1.00116, 1.00116, 1, 1]
successive_runtimes: [0.00490735, 0.00555076, 0.00609159, 0.00664919, 0.00726062, 0.00796394, 0.00855374, 0.00918321, 0.0097501, 0.0103096, 0.0109136, 0.0115559, 0.0122425, 0.013002, 0.0137798, 0.0145207, 0.0152533, 0.015997, 0.0171141]
num_agents: 30
time_individual_plan: 0.00362641
time_first_plan: 0.000611172
num_max_agents_in_window_first_iteration: 2
num_recWAMPF: 19
timing_recWAMPF:
    total_RecWAMPF: 0.0128135
    num_windows: 74
    num_max_agents_in_window: 2
    timing_gari:
        total_GARI: 0.00875206
        time_path_btw_starts: 0.000202769
        Stage1:
            total_Stage1:0.00329212
            time_add_x_to_o: 0.00154988
            time_clear_x: 0.00025646
            timing_AStarSearchUntil:
                total_astar_search_until:0.00148085
                num_values_f_less_fmax:599
                ASU Exp:
                    total_ASUExp:0.00147874
                    time_top_o:0.000163106
                    time_check_in_c:0.000111212
                    time_add_parent:4.6008e-05
                    num_neighbors:1935
                    time_add_neighbors_to_o:0.000913464
        Stage2:
            total_Stage2:0.00143135
            num_len_path:72
            time_expanding_s:3.7266e-05
            timing_AStarSearchUntil:
                total_astar_search_until:0.00137119
                num_values_f_less_fmax:90
                ASU Exp:
                    total_ASUExp:0.00136936
                    time_top_o:2.7548e-05
                    time_check_in_c:2.7814e-05
                    time_add_parent:4.1272e-05
                    num_neighbors:2490
                    time_add_neighbors_to_o:0.00115408
        Stage3:
            total_Stage3:0.00381255
            num_until_goal_expanded:411
            timing_S3Exp:
                total_S3Exp: 0.00239832
                time_top_o: 0.00010321
                time_check_in_c: 8.2925e-05
                time_add_parent: 0.000146486
                num_neighbors: 3248
                time_add_neighbors_to_o: 0.00149164
    timing_PIOW_overlapping:
        total_PIOW: 5.887e-06
        num_windows: 72
        time_check_overlap: 2.81e-06
        num_overlapping_windows: 0
        time_merge_windows: 0
        time_remove_window: 0
        time_remove_window: 0
        timing_PlanIn:
            total_PlanIn:0
            num_until_goal_expanded:0
            timing_expansions:
                total_S3Exp: 0
                time_top_o: 0
                time_check_in_c: 0
                time_add_parent: 0
                num_neighbors: 0
                time_add_neighbors_to_o: 0
    num_new_collisions: 2
    timing_PIOW_new_collisions:
        total_PIOW: 0.000284613
        num_windows: 2
        time_check_overlap: 1.49e-07
        num_overlapping_windows: 0
        time_merge_windows: 0
        time_remove_window: 0
        time_remove_window: 1.326e-06
        timing_PlanIn:
            total_PlanIn:0.000274622
            num_until_goal_expanded:30
            timing_expansions:
                total_S3Exp: 0.00026912
                time_top_o: 5.267e-06
                time_check_in_c: 6.789e-06
                time_add_parent: 1.1024e-05
                num_neighbors: 318
                time_add_neighbors_to_o: 0.000185741
    num_windows_should_quit: 0
    time_should_quit: 2.495e-06
    time_remove_window: 0
Complete!
