Total time: 5.54793
is_optimal: true
optimality_bound: 1
successive_bounds: [1.00082, 1.00082, 1.00082, 1.00082, 1.00082, 1.00082, 1.00082, 1.00082, 1.00082, 1.00082, 1.00082, 1.00082, 1.00082, 1.00082, 1.00082, 1.00082, 1.00082, 1.00082, 1.00082, 1.00082, 1.00082, 1.00082, 1.00082, 1.00082, 1.00082, 1.00082, 1.00082, 1.00082, 1.00082, 1.00082, 1.00082, 1.00082, 1.00082, 1.00082, 1.00082, 1.00082, 1.00082, 1, 1]
successive_runtimes: [0.00525051, 0.00571644, 0.00650796, 0.0072904, 0.00823581, 0.00904255, 0.0101606, 0.0118254, 0.0133085, 0.0202605, 0.0295279, 0.0599848, 0.10443, 0.167912, 0.207963, 0.355867, 0.439878, 0.601892, 0.711709, 0.841284, 1.12302, 1.28849, 1.44253, 1.60385, 1.7631, 1.91374, 2.05495, 2.41902, 2.8149, 3.03104, 3.23952, 3.4729, 3.95372, 4.21637, 4.47743, 4.73941, 4.99984, 5.54793]
num_agents: 20
time_individual_plan: 0.00426207
time_first_plan: 0.000455647
num_max_agents_in_window_first_iteration: 3
num_recWAMPF: 38
timing_recWAMPF:
    total_RecWAMPF: 5.54313
    num_windows: 75
    num_max_agents_in_window: 4
    timing_gari:
        total_GARI: 5.28789
        time_path_btw_starts: 0.000254391
        Stage1:
            total_Stage1:0.541621
            time_add_x_to_o: 0.171414
            time_clear_x: 0.029674
            timing_AStarSearchUntil:
                total_astar_search_until:0.340524
                num_values_f_less_fmax:9161
                ASU Exp:
                    total_ASUExp:0.340519
                    time_top_o:0.00732662
                    time_check_in_c:0.00250247
                    time_add_parent:0.00331407
                    num_neighbors:665695
                    time_add_neighbors_to_o:0.31509
        Stage2:
            total_Stage2:0.179022
            num_len_path:72
            time_expanding_s:4.5152e-05
            timing_AStarSearchUntil:
                total_astar_search_until:0.178935
                num_values_f_less_fmax:3004
                ASU Exp:
                    total_ASUExp:0.178933
                    time_top_o:0.00151275
                    time_check_in_c:0.000566511
                    time_add_parent:0.00143788
                    num_neighbors:309501
                    time_add_neighbors_to_o:0.170925
        Stage3:
            total_Stage3:4.56696
            num_until_goal_expanded:14451
            timing_S3Exp:
                total_S3Exp: 0.870005
                time_top_o: 0.017019
                time_check_in_c: 0.00348649
                time_add_parent: 0.00748436
                num_neighbors: 1367424
                time_add_neighbors_to_o: 0.817275
    timing_PIOW_overlapping:
        total_PIOW: 1.382e-06
        num_windows: 37
        time_check_overlap: 0
        num_overlapping_windows: 0
        time_merge_windows: 0
        time_remove_window: 0
        time_remove_window: 0
        timing_PlanIn:
            total_PlanIn:0
            num_until_goal_expanded:0
            timing_expansions:
                total_S3Exp: 0
                time_top_o: 0
                time_check_in_c: 0
                time_add_parent: 0
                num_neighbors: 0
                time_add_neighbors_to_o: 0
    num_new_collisions: 3
    timing_PIOW_new_collisions:
        total_PIOW: 0.250747
        num_windows: 2
        time_check_overlap: 4.69e-07
        num_overlapping_windows: 2
        time_merge_windows: 0
        time_remove_window: 5.30501
        time_remove_window: 8.93e-07
        timing_PlanIn:
            total_PlanIn:0.250737
            num_until_goal_expanded:3008
            timing_expansions:
                total_S3Exp: 0.250728
                time_top_o: 0.00147967
                time_check_in_c: 0.00072914
                time_add_parent: 0.00114957
                num_neighbors: 389010
                time_add_neighbors_to_o: 0.231661
    num_windows_should_quit: 0
    time_should_quit: 5.142e-06
    time_remove_window: 0
Complete!
