Total time: 0.261949
is_optimal: true
optimality_bound: 1
successive_bounds: [1.00287, 1.00287, 1.00287, 1.00287, 1.00287, 1.00287, 1.00287, 1.00287, 1.00287, 1.00287, 1.00287, 1.00287, 1.00143, 1.00143, 1.00143, 1.00143, 1.00143, 1.00143, 1.00143, 1.00143, 1.00143, 1.00143, 1.00143, 1.00143, 1.00143, 1.00143, 1.00143, 1.00143, 1.00143, 1.00143, 1.00143, 1.00143, 1.00143, 1.00143, 1.00143, 1, 1]
successive_runtimes: [0.0147816, 0.0182241, 0.021798, 0.0252639, 0.029572, 0.0339477, 0.0389915, 0.0443943, 0.0498306, 0.0550839, 0.0605954, 0.0654353, 0.0833677, 0.101091, 0.12027, 0.137134, 0.152306, 0.165099, 0.175097, 0.183999, 0.191413, 0.196755, 0.209591, 0.215414, 0.219628, 0.223574, 0.227495, 0.231428, 0.235369, 0.239269, 0.243102, 0.246868, 0.250635, 0.254423, 0.258182, 0.261949]
num_agents: 20
time_individual_plan: 0.011465
time_first_plan: 0.00169032
num_max_agents_in_window_first_iteration: 2
num_recWAMPF: 36
timing_recWAMPF:
    total_RecWAMPF: 0.248847
    num_windows: 142
    num_max_agents_in_window: 2
    timing_gari:
        total_GARI: 0.239712
        time_path_btw_starts: 0.000762735
        Stage1:
            total_Stage1:0.107298
            time_add_x_to_o: 0.0322
            time_clear_x: 0.00524111
            timing_AStarSearchUntil:
                total_astar_search_until:0.06984
                num_values_f_less_fmax:4977
                ASU Exp:
                    total_ASUExp:0.0698322
                    time_top_o:0.00360911
                    time_check_in_c:0.00280194
                    time_add_parent:0.002796
                    num_neighbors:55999
                    time_add_neighbors_to_o:0.0534472
        Stage2:
            total_Stage2:0.0310814
            num_len_path:136
            time_expanding_s:0.00014597
            timing_AStarSearchUntil:
                total_astar_search_until:0.0308512
                num_values_f_less_fmax:818
                ASU Exp:
                    total_ASUExp:0.0308448
                    time_top_o:0.000593678
                    time_check_in_c:0.00045785
                    time_add_parent:0.000998461
                    num_neighbors:21147
                    time_add_neighbors_to_o:0.0258909
        Stage3:
            total_Stage3:0.100493
            num_until_goal_expanded:2580
            timing_S3Exp:
                total_S3Exp: 0.0329514
                time_top_o: 0.00148278
                time_check_in_c: 0.000940686
                time_add_parent: 0.00175384
                num_neighbors: 27586
                time_add_neighbors_to_o: 0.0210851
    timing_PIOW_overlapping:
        total_PIOW: 1.951e-05
        num_windows: 140
        time_check_overlap: 1.0346e-05
        num_overlapping_windows: 0
        time_merge_windows: 0
        time_remove_window: 0
        time_remove_window: 0
        timing_PlanIn:
            total_PlanIn:0
            num_until_goal_expanded:0
            timing_expansions:
                total_S3Exp: 0
                time_top_o: 0
                time_check_in_c: 0
                time_add_parent: 0
                num_neighbors: 0
                time_add_neighbors_to_o: 0
    num_new_collisions: 2
    timing_PIOW_new_collisions:
        total_PIOW: 0.00110029
        num_windows: 2
        time_check_overlap: 4.59e-07
        num_overlapping_windows: 0
        time_merge_windows: 0
        time_remove_window: 0
        time_remove_window: 2.706e-06
        timing_PlanIn:
            total_PlanIn:0.00109056
            num_until_goal_expanded:34
            timing_expansions:
                total_S3Exp: 0.00107611
                time_top_o: 1.6018e-05
                time_check_in_c: 2.8538e-05
                time_add_parent: 5.4035e-05
                num_neighbors: 368
                time_add_neighbors_to_o: 0.000726102
    num_windows_should_quit: 0
    time_should_quit: 7.745e-06
    time_remove_window: 0
Complete!
