Total time: 5.99309
is_optimal: false
optimality_bound: 1.00142
successive_bounds: [1.00355, 1.00213, 1.00213, 1.00177, 1.00177, 1.00142, 1.00142, 1.00142, 1.00142, 1.00142, 1.00142, 1.00142, 1.00142, 1.00142, 1.00142]
successive_runtimes: [0.0209968, 0.0391871, 0.0573794, 0.0854564, 0.109022, 0.14583, 0.173978, 0.573862, 2.50789, 3.55884, 4.19555, 4.67367, 5.13343, 5.57665, 5.99309]
num_agents: 40
time_individual_plan: 0.016859
time_first_plan: 0.00332021
num_max_agents_in_window_first_iteration: 2
num_recWAMPF: 15
timing_recWAMPF:
    total_RecWAMPF: 5.9754
    num_windows: 147
    num_max_agents_in_window: 5
    timing_gari:
        total_GARI: 3.97762
        time_path_btw_starts: 0.00844481
        Stage1:
            total_Stage1:0.691227
            time_add_x_to_o: 0.524172
            time_clear_x: 0.117617
            timing_AStarSearchUntil:
                total_astar_search_until:0.0494234
                num_values_f_less_fmax:2928
                ASU Exp:
                    total_ASUExp:0.049416
                    time_top_o:0.0015999
                    time_check_in_c:0.00160472
                    time_add_parent:0.00241084
                    num_neighbors:44233
                    time_add_neighbors_to_o:0.0317297
        Stage2:
            total_Stage2:0.0345212
            num_len_path:108
            time_expanding_s:0.00305716
            timing_AStarSearchUntil:
                total_astar_search_until:0.0313567
                num_values_f_less_fmax:339
                ASU Exp:
                    total_ASUExp:0.0313523
                    time_top_o:0.00015768
                    time_check_in_c:0.000124364
                    time_add_parent:0.00107562
                    num_neighbors:26287
                    time_add_neighbors_to_o:0.0214899
        Stage3:
            total_Stage3:3.24299
            num_until_goal_expanded:2808
            timing_S3Exp:
                total_S3Exp: 0.693556
                time_top_o: 0.00220755
                time_check_in_c: 0.000854495
                time_add_parent: 0.00211084
                num_neighbors: 501096
                time_add_neighbors_to_o: 0.522582
    timing_PIOW_overlapping:
        total_PIOW: 0.0155425
        num_windows: 363
        time_check_overlap: 2.7722e-05
        num_overlapping_windows: 2
        time_merge_windows: 4.821e-06
        time_remove_window: 5.27e-07
        time_remove_window: 4.686e-06
        timing_PlanIn:
            total_PlanIn:0.0154906
            num_until_goal_expanded:133
            timing_expansions:
                total_S3Exp: 0.0154839
                time_top_o: 5.2608e-05
                time_check_in_c: 4.6797e-05
                time_add_parent: 9.8247e-05
                num_neighbors: 16915
                time_add_neighbors_to_o: 0.0141746
    num_new_collisions: 10
    timing_PIOW_new_collisions:
        total_PIOW: 1.97338
        num_windows: 74
        time_check_overlap: 6.087e-06
        num_overlapping_windows: 3
        time_merge_windows: 0
        time_remove_window: 1.19605
        time_remove_window: 5.432e-06
        timing_PlanIn:
            total_PlanIn:1.97333
            num_until_goal_expanded:1856
            timing_expansions:
                total_S3Exp: 1.97328
                time_top_o: 0.00190364
                time_check_in_c: 0.000776638
                time_add_parent: 0.00178315
                num_neighbors: 2034431
                time_add_neighbors_to_o: 1.88776
    num_windows_should_quit: 0
    time_should_quit: 1.8599e-05
    time_remove_window: 0
Complete!
