Total time: 51.5169
is_optimal: false
optimality_bound: 1.00117
successive_bounds: [1.00408, 1.00292, 1.00292, 1.00292, 1.00175, 1.00175, 1.00175, 1.00175, 1.00117, 1.00117, 1.00117]
successive_runtimes: [0.0116812, 0.0143859, 0.0169053, 0.0195012, 0.0229152, 0.0259567, 0.0292498, 0.032169, 29.9711, 38.5441, 51.5169]
num_agents: 30
time_individual_plan: 0.00452391
time_first_plan: 0.00646839
num_max_agents_in_window_first_iteration: 3
num_recWAMPF: 11
timing_recWAMPF:
    total_RecWAMPF: 51.5116
    num_windows: 120
    num_max_agents_in_window: 4
    timing_gari:
        total_GARI: 21.5678
        time_path_btw_starts: 0.000371232
        Stage1:
            total_Stage1:11.8918
            time_add_x_to_o: 2.29464
            time_clear_x: 0.650555
            timing_AStarSearchUntil:
                total_astar_search_until:8.94661
                num_values_f_less_fmax:26623
                ASU Exp:
                    total_ASUExp:8.94661
                    time_top_o:0.0668757
                    time_check_in_c:0.0299869
                    time_add_parent:0.0133306
                    num_neighbors:13408093
                    time_add_neighbors_to_o:8.73048
        Stage2:
            total_Stage2:0.0338028
            num_len_path:120
            time_expanding_s:0.000110797
            timing_AStarSearchUntil:
                total_astar_search_until:0.0336447
                num_values_f_less_fmax:375
                ASU Exp:
                    total_ASUExp:0.0336418
                    time_top_o:0.000205544
                    time_check_in_c:0.000100434
                    time_add_parent:0.000140716
                    num_neighbors:50084
                    time_add_neighbors_to_o:0.0326336
        Stage3:
            total_Stage3:9.64182
            num_until_goal_expanded:1304
            timing_S3Exp:
                total_S3Exp: 0.0106011
                time_top_o: 0.000393882
                time_check_in_c: 0.000182406
                time_add_parent: 0.000342249
                num_neighbors: 12907
                time_add_neighbors_to_o: 0.0081708
    timing_PIOW_overlapping:
        total_PIOW: 29.9356
        num_windows: 336
        time_check_overlap: 1.5067e-05
        num_overlapping_windows: 1
        time_merge_windows: 2.42e-06
        time_remove_window: 3.68e-07
        time_remove_window: 2.359e-06
        timing_PlanIn:
            total_PlanIn:29.9356
            num_until_goal_expanded:56969
            timing_expansions:
                total_S3Exp: 29.9356
                time_top_o: 0.0776179
                time_check_in_c: 0.0297003
                time_add_parent: 0.0468915
                num_neighbors: 31254852
                time_add_neighbors_to_o: 28.6699
    num_new_collisions: 7
    timing_PIOW_new_collisions:
        total_PIOW: 0.00579319
        num_windows: 40
        time_check_overlap: 1.944e-06
        num_overlapping_windows: 1
        time_merge_windows: 0
        time_remove_window: 0.00583811
        time_remove_window: 3.119e-06
        timing_PlanIn:
            total_PlanIn:0.00577765
            num_until_goal_expanded:191
            timing_expansions:
                total_S3Exp: 0.00576032
                time_top_o: 4.3041e-05
                time_check_in_c: 3.7771e-05
                time_add_parent: 5.8268e-05
                num_neighbors: 8707
                time_add_neighbors_to_o: 0.00507821
    num_windows_should_quit: 0
    time_should_quit: 6.792e-06
    time_remove_window: 0
Complete!
