Total time: 17.0457
is_optimal: false
optimality_bound: 1.00296
successive_bounds: [1.00618, 1.00321, 1.00321, 1.00321, 1.00296, 1.00321, 1.00321, 1.00321, 1.00321, 1.00321, 1.00296, 1.00296, 1.00296, 1.00296, 1.00296]
successive_runtimes: [0.0471577, 0.0715179, 0.767246, 4.18079, 13.3134, 14.437, 14.4543, 14.478, 14.5051, 14.5351, 15.0641, 15.6039, 16.0377, 16.5289, 17.0457]
num_agents: 60
time_individual_plan: 0.0325708
time_first_plan: 0.0139577
num_max_agents_in_window_first_iteration: 3
num_recWAMPF: 15
timing_recWAMPF:
    total_RecWAMPF: 17.0125
    num_windows: 210
    num_max_agents_in_window: 5
    timing_gari:
        total_GARI: 14.8039
        time_path_btw_starts: 0.0430081
        Stage1:
            total_Stage1:12.2329
            time_add_x_to_o: 1.48991
            time_clear_x: 0.574711
            timing_AStarSearchUntil:
                total_astar_search_until:10.1683
                num_values_f_less_fmax:15815
                ASU Exp:
                    total_ASUExp:10.1683
                    time_top_o:0.0377973
                    time_check_in_c:0.115036
                    time_add_parent:0.0112379
                    num_neighbors:15249669
                    time_add_neighbors_to_o:9.96078
        Stage2:
            total_Stage2:0.0768979
            num_len_path:196
            time_expanding_s:0.000148266
            timing_AStarSearchUntil:
                total_astar_search_until:0.0766405
                num_values_f_less_fmax:387
                ASU Exp:
                    total_ASUExp:0.0766356
                    time_top_o:0.000201373
                    time_check_in_c:0.000113312
                    time_add_parent:0.00019471
                    num_neighbors:117812
                    time_add_neighbors_to_o:0.0753961
        Stage3:
            total_Stage3:2.44928
            num_until_goal_expanded:5951
            timing_S3Exp:
                total_S3Exp: 1.6277
                time_top_o: 0.00766698
                time_check_in_c: 0.00250031
                time_add_parent: 0.00434854
                num_neighbors: 2497602
                time_add_neighbors_to_o: 1.59836
    timing_PIOW_overlapping:
        total_PIOW: 2.17655
        num_windows: 1060
        time_check_overlap: 6.1973e-05
        num_overlapping_windows: 13
        time_merge_windows: 2.3562e-05
        time_remove_window: 4.723e-06
        time_remove_window: 2.2429e-05
        timing_PlanIn:
            total_PlanIn:2.17639
            num_until_goal_expanded:4133
            timing_expansions:
                total_S3Exp: 2.17635
                time_top_o: 0.00426322
                time_check_in_c: 0.00126906
                time_add_parent: 0.00219435
                num_neighbors: 3191414
                time_add_neighbors_to_o: 2.05475
    num_new_collisions: 21
    timing_PIOW_new_collisions:
        total_PIOW: 0.0160251
        num_windows: 321
        time_check_overlap: 1.1822e-05
        num_overlapping_windows: 4
        time_merge_windows: 0
        time_remove_window: 29.1739
        time_remove_window: 7.458e-06
        timing_PlanIn:
            total_PlanIn:0.0159692
            num_until_goal_expanded:511
            timing_expansions:
                total_S3Exp: 0.015923
                time_top_o: 0.000125456
                time_check_in_c: 9.9239e-05
                time_add_parent: 0.000155961
                num_neighbors: 27728
                time_add_neighbors_to_o: 0.0139355
    num_windows_should_quit: 0
    time_should_quit: 1.7065e-05
    time_remove_window: 0
Complete!
