Total time: 3.70552
is_optimal: true
optimality_bound: 1
successive_bounds: [1.00921, 1.00283, 1.00283, 1.00283, 1.00283, 1.00283, 1.00283, 1.00142, 1.00142, 1.00142, 1.00142, 1.00142, 1.00142, 1.00142, 1.00142, 1.00142, 1.00142, 1.00142, 1, 1]
successive_runtimes: [0.0126539, 0.180911, 0.247424, 0.359118, 0.489589, 0.65213, 0.833839, 1.0463, 1.18037, 1.2693, 1.37411, 1.4971, 1.65432, 1.84417, 2.0728, 2.3524, 2.70005, 3.14189, 3.70552]
num_agents: 20
time_individual_plan: 0.00271851
time_first_plan: 0.00932057
num_max_agents_in_window_first_iteration: 3
num_recWAMPF: 19
timing_recWAMPF:
    total_RecWAMPF: 3.70218
    num_windows: 39
    num_max_agents_in_window: 4
    timing_gari:
        total_GARI: 3.62162
        time_path_btw_starts: 0.000195362
        Stage1:
            total_Stage1:2.49225
            time_add_x_to_o: 0.540698
            time_clear_x: 0.330607
            timing_AStarSearchUntil:
                total_astar_search_until:1.62094
                num_values_f_less_fmax:49939
                ASU Exp:
                    total_ASUExp:1.62093
                    time_top_o:0.0575094
                    time_check_in_c:0.0239893
                    time_add_parent:0.0162054
                    num_neighbors:2653733
                    time_add_neighbors_to_o:1.46543
        Stage2:
            total_Stage2:0.0310173
            num_len_path:36
            time_expanding_s:4.9561e-05
            timing_AStarSearchUntil:
                total_astar_search_until:0.0309259
                num_values_f_less_fmax:254
                ASU Exp:
                    total_ASUExp:0.0309249
                    time_top_o:0.000178045
                    time_check_in_c:8.9987e-05
                    time_add_parent:0.000149838
                    num_neighbors:44982
                    time_add_neighbors_to_o:0.0300149
        Stage3:
            total_Stage3:1.098
            num_until_goal_expanded:11948
            timing_S3Exp:
                total_S3Exp: 0.246875
                time_top_o: 0.00834003
                time_check_in_c: 0.00275853
                time_add_parent: 0.00802627
                num_neighbors: 389559
                time_add_neighbors_to_o: 0.207795
    timing_PIOW_overlapping:
        total_PIOW: 0.0104179
        num_windows: 22
        time_check_overlap: 2.96e-07
        num_overlapping_windows: 1
        time_merge_windows: 2.281e-06
        time_remove_window: 3.02e-07
        time_remove_window: 2.218e-06
        timing_PlanIn:
            total_PlanIn:0.010409
            num_until_goal_expanded:179
            timing_expansions:
                total_S3Exp: 0.0104057
                time_top_o: 5.3063e-05
                time_check_in_c: 3.7584e-05
                time_add_parent: 5.8144e-05
                num_neighbors: 19111
                time_add_neighbors_to_o: 0.00938334
    num_new_collisions: 4
    timing_PIOW_new_collisions:
        total_PIOW: 0.0683283
        num_windows: 6
        time_check_overlap: 4.65e-07
        num_overlapping_windows: 2
        time_merge_windows: 0
        time_remove_window: 3.65328
        time_remove_window: 1.492e-06
        timing_PlanIn:
            total_PlanIn:0.0683149
            num_until_goal_expanded:642
            timing_expansions:
                total_S3Exp: 0.0683016
                time_top_o: 0.000394464
                time_check_in_c: 0.0002052
                time_add_parent: 0.000354058
                num_neighbors: 75794
                time_add_neighbors_to_o: 0.0633119
    num_windows_should_quit: 0
    time_should_quit: 3.788e-06
    time_remove_window: 0
Complete!
