Total time: 0.00751722
is_optimal: true
optimality_bound: 1
successive_bounds: [1.00174, 1.00174, 1.00174, 1.00174, 1.00174, 1.00174, 1.00174, 1.00174, 1.00174, 1.00174, 1.00174, 1.00174, 1.00174, 1, 1]
successive_runtimes: [0.00381372, 0.00410331, 0.00432005, 0.00461965, 0.00481512, 0.00503572, 0.00522865, 0.00542851, 0.00564337, 0.00584937, 0.00622399, 0.00654615, 0.00723196, 0.00751719]
num_agents: 20
time_individual_plan: 0.00300848
time_first_plan: 0.000292127
num_max_agents_in_window_first_iteration: 2
num_recWAMPF: 14
timing_recWAMPF:
    total_RecWAMPF: 0.00399341
    num_windows: 54
    num_max_agents_in_window: 2
    timing_gari:
        total_GARI: 0.00262801
        time_path_btw_starts: 7.9507e-05
        Stage1:
            total_Stage1:0.000382255
            time_add_x_to_o: 0.000302991
            time_clear_x: 3.5303e-05
            timing_AStarSearchUntil:
                total_astar_search_until:4.1335e-05
                num_values_f_less_fmax:3
                ASU Exp:
                    total_ASUExp:4.0174e-05
                    time_top_o:8.11e-07
                    time_check_in_c:9.1e-07
                    time_add_parent:1.021e-06
                    num_neighbors:70
                    time_add_neighbors_to_o:3.1497e-05
        Stage2:
            total_Stage2:0.000622987
            num_len_path:47
            time_expanding_s:2.1109e-05
            timing_AStarSearchUntil:
                total_astar_search_until:0.000589977
                num_values_f_less_fmax:50
                ASU Exp:
                    total_ASUExp:0.000588893
                    time_top_o:1.1928e-05
                    time_check_in_c:8.508e-06
                    time_add_parent:1.5367e-05
                    num_neighbors:1294
                    time_add_neighbors_to_o:0.000490249
        Stage3:
            total_Stage3:0.00153624
            num_until_goal_expanded:132
            timing_S3Exp:
                total_S3Exp: 0.00111005
                time_top_o: 2.4741e-05
                time_check_in_c: 1.7344e-05
                time_add_parent: 3.0599e-05
                num_neighbors: 1717
                time_add_neighbors_to_o: 0.000844394
    timing_PIOW_overlapping:
        total_PIOW: 2.762e-06
        num_windows: 52
        time_check_overlap: 1.203e-06
        num_overlapping_windows: 0
        time_merge_windows: 0
        time_remove_window: 0
        time_remove_window: 0
        timing_PlanIn:
            total_PlanIn:0
            num_until_goal_expanded:0
            timing_expansions:
                total_S3Exp: 0
                time_top_o: 0
                time_check_in_c: 0
                time_add_parent: 0
                num_neighbors: 0
                time_add_neighbors_to_o: 0
    num_new_collisions: 2
    timing_PIOW_new_collisions:
        total_PIOW: 0.00018822
        num_windows: 2
        time_check_overlap: 1.7e-07
        num_overlapping_windows: 0
        time_merge_windows: 0
        time_remove_window: 0
        time_remove_window: 6.97e-07
        timing_PlanIn:
            total_PlanIn:0.000185192
            num_until_goal_expanded:16
            timing_expansions:
                total_S3Exp: 0.000179174
                time_top_o: 2.702e-06
                time_check_in_c: 3.058e-06
                time_add_parent: 5.007e-06
                num_neighbors: 286
                time_add_neighbors_to_o: 0.00014134
    num_windows_should_quit: 0
    time_should_quit: 1.34e-06
    time_remove_window: 0
Complete!
