Total time: 2.16658
is_optimal: false
optimality_bound: 1.00343
successive_bounds: [1.02084, 1.00539, 1.0049, 1.0049, 1.0049, 1.0049, 1.00441, 1.00441, 1.00441, 1.00441, 1.00392, 1.00392, 1.00392, 1.00392, 1.00392, 1.00392, 1.00392, 1.00392, 1.00392, 1.00343, 1.00343, 1.00343, 1.00343, 1.00343, 1.00343, 1.00343, 1.00343, 1.00343, 1.00343, 1.00343, 1.00343, 1.00343, 1.00343, 1.00343, 1.00343, 1.00343, 1.00343]
successive_runtimes: [0.0960999, 1.04443, 1.05818, 1.06179, 1.06543, 1.06878, 1.07192, 1.07452, 1.0771, 1.08055, 1.084, 1.08682, 1.08968, 1.09416, 1.10157, 1.10969, 1.11605, 1.12352, 1.13509, 1.16598, 1.18076, 1.2257, 1.2469, 1.26758, 1.28863, 1.31263, 1.36152, 1.38021, 1.9743, 1.99284, 2.02721, 2.04494, 2.06473, 2.08514, 2.10306, 2.12436, 2.16658]
num_agents: 60
time_individual_plan: 0.021947
time_first_plan: 0.0734636
num_max_agents_in_window_first_iteration: 4
num_recWAMPF: 37
timing_recWAMPF:
    total_RecWAMPF: 2.14393
    num_windows: 559
    num_max_agents_in_window: 4
    timing_gari:
        total_GARI: 1.39448
        time_path_btw_starts: 0.0705821
        Stage1:
            total_Stage1:0.881024
            time_add_x_to_o: 0.0594782
            time_clear_x: 0.00950935
            timing_AStarSearchUntil:
                total_astar_search_until:0.0615668
                num_values_f_less_fmax:28730
                ASU Exp:
                    total_ASUExp:0.0615516
                    time_top_o:0.0230821
                    time_check_in_c:0.0106002
                    time_add_parent:0.00980388
                    num_neighbors:1587240
                    time_add_neighbors_to_o:0.731464
        Stage2:
            total_Stage2:0.0649962
            num_len_path:420
            time_expanding_s:0.000378623
            timing_AStarSearchUntil:
                total_astar_search_until:0.0643478
                num_values_f_less_fmax:5096
                ASU Exp:
                    total_ASUExp:0.0643347
                    time_top_o:0.00223784
                    time_check_in_c:0.00105292
                    time_add_parent:0.00179256
                    num_neighbors:121014
                    time_add_neighbors_to_o:0.0536282
        Stage3:
            total_Stage3:0.377735
            num_until_goal_expanded:14471
            timing_S3Exp:
                total_S3Exp: 0.141165
                time_top_o: 0.00639677
                time_check_in_c: 0.00281993
                time_add_parent: 0.00442694
                num_neighbors: 239758
                time_add_neighbors_to_o: 0.108996
    timing_PIOW_overlapping:
        total_PIOW: 0.588727
        num_windows: 2350
        time_check_overlap: 0.000124015
        num_overlapping_windows: 9
        time_merge_windows: 1.0512e-05
        time_remove_window: 2.294e-06
        time_remove_window: 9.937e-06
        timing_PlanIn:
            total_PlanIn:0.588499
            num_until_goal_expanded:2530
            timing_expansions:
                total_S3Exp: 0.588477
                time_top_o: 0.00179472
                time_check_in_c: 0.000600254
                time_add_parent: 0.00118548
                num_neighbors: 847933
                time_add_neighbors_to_o: 0.554924
    num_new_collisions: 20
    timing_PIOW_new_collisions:
        total_PIOW: 0.0707436
        num_windows: 363
        time_check_overlap: 1.4731e-05
        num_overlapping_windows: 4
        time_merge_windows: 0
        time_remove_window: 1.1257
        time_remove_window: 7.616e-06
        timing_PlanIn:
            total_PlanIn:0.0706808
            num_until_goal_expanded:1827
            timing_expansions:
                total_S3Exp: 0.0706331
                time_top_o: 0.000438615
                time_check_in_c: 0.000387748
                time_add_parent: 0.00056812
                num_neighbors: 131106
                time_add_neighbors_to_o: 0.0625237
    num_windows_should_quit: 2
    time_should_quit: 4.0889e-05
    time_remove_window: 8e-07
Complete!
