Total time: 4.01463
is_optimal: false
optimality_bound: 1.00251
successive_bounds: [1.00602, 1.00552, 1.00477, 1.00477, 1.00477, 1.00427, 1.00427, 1.00377, 1.00326, 1.00326, 1.00326, 1.00326, 1.00326, 1.00326, 1.00326, 1.00326, 1.00326, 1.00251, 1.00251, 1.00251, 1.00251]
successive_runtimes: [0.02604, 0.0648952, 0.116864, 0.177062, 0.26201, 0.367066, 0.523048, 0.721545, 0.971657, 1.03486, 1.04957, 1.06296, 1.07617, 1.09147, 1.10657, 1.12236, 1.13887, 1.15457, 2.45657, 3.66968, 4.01463]
num_agents: 60
time_individual_plan: 0.00661982
time_first_plan: 0.0188876
num_max_agents_in_window_first_iteration: 3
num_recWAMPF: 21
timing_recWAMPF:
    total_RecWAMPF: 4.00747
    num_windows: 256
    num_max_agents_in_window: 5
    timing_gari:
        total_GARI: 2.57991
        time_path_btw_starts: 0.000827075
        Stage1:
            total_Stage1:1.30545
            time_add_x_to_o: 0.759519
            time_clear_x: 0.164088
            timing_AStarSearchUntil:
                total_astar_search_until:0.38182
                num_values_f_less_fmax:9036
                ASU Exp:
                    total_ASUExp:0.381812
                    time_top_o:0.00576934
                    time_check_in_c:0.00651093
                    time_add_parent:0.00806143
                    num_neighbors:736044
                    time_add_neighbors_to_o:0.352558
        Stage2:
            total_Stage2:0.0348262
            num_len_path:239
            time_expanding_s:0.00072421
            timing_AStarSearchUntil:
                total_astar_search_until:0.0339829
                num_values_f_less_fmax:632
                ASU Exp:
                    total_ASUExp:0.0339769
                    time_top_o:0.000210123
                    time_check_in_c:0.000151696
                    time_add_parent:0.000236262
                    num_neighbors:63231
                    time_add_neighbors_to_o:0.0285654
        Stage3:
            total_Stage3:1.23875
            num_until_goal_expanded:5845
            timing_S3Exp:
                total_S3Exp: 0.558592
                time_top_o: 0.00262239
                time_check_in_c: 0.00099373
                time_add_parent: 0.00236417
                num_neighbors: 667979
                time_add_neighbors_to_o: 0.363733
    timing_PIOW_overlapping:
        total_PIOW: 0.0998
        num_windows: 907
        time_check_overlap: 3.5307e-05
        num_overlapping_windows: 7
        time_merge_windows: 1.1862e-05
        time_remove_window: 2.126e-06
        time_remove_window: 1.1548e-05
        timing_PlanIn:
            total_PlanIn:0.099717
            num_until_goal_expanded:1854
            timing_expansions:
                total_S3Exp: 0.0996984
                time_top_o: 0.00064068
                time_check_in_c: 0.000326844
                time_add_parent: 0.000530092
                num_neighbors: 202594
                time_add_neighbors_to_o: 0.0903794
    num_new_collisions: 16
    timing_PIOW_new_collisions:
        total_PIOW: 1.298
        num_windows: 198
        time_check_overlap: 6.819e-06
        num_overlapping_windows: 4
        time_merge_windows: 0
        time_remove_window: 2.57341
        time_remove_window: 8.598e-06
        timing_PlanIn:
            total_PlanIn:1.29796
            num_until_goal_expanded:1664
            timing_expansions:
                total_S3Exp: 1.29792
                time_top_o: 0.00102423
                time_check_in_c: 0.000374853
                time_add_parent: 0.000685023
                num_neighbors: 1857109
                time_add_neighbors_to_o: 1.24619
    num_windows_should_quit: 0
    time_should_quit: 2.2752e-05
    time_remove_window: 0
Complete!
