Total time: 0.778052
is_optimal: true
optimality_bound: 1
successive_bounds: [1.00351, 1.00351, 1.00351, 1.00351, 1.00351, 1.00251, 1.00251, 1.00251, 1.00251, 1.00251, 1.00251, 1.00251, 1.00201, 1.001, 1.001, 1.001, 1.001, 1.001, 1.001, 1.001, 1.001, 1.001, 1.001, 1, 1]
successive_runtimes: [0.00588165, 0.00682727, 0.00770373, 0.00859556, 0.0095939, 0.0126619, 0.0285466, 0.0731803, 0.121936, 0.162164, 0.193303, 0.225136, 0.261429, 0.296741, 0.333187, 0.376149, 0.427909, 0.474434, 0.519218, 0.565562, 0.614973, 0.665002, 0.719674, 0.778052]
num_agents: 30
time_individual_plan: 0.0041333
time_first_plan: 0.00102414
num_max_agents_in_window_first_iteration: 2
num_recWAMPF: 24
timing_recWAMPF:
    total_RecWAMPF: 0.773186
    num_windows: 134
    num_max_agents_in_window: 3
    timing_gari:
        total_GARI: 0.753116
        time_path_btw_starts: 0.000729563
        Stage1:
            total_Stage1:0.408093
            time_add_x_to_o: 0.156516
            time_clear_x: 0.0503656
            timing_AStarSearchUntil:
                total_astar_search_until:0.201197
                num_values_f_less_fmax:8691
                ASU Exp:
                    total_ASUExp:0.201192
                    time_top_o:0.00801216
                    time_check_in_c:0.00262
                    time_add_parent:0.00451048
                    num_neighbors:363706
                    time_add_neighbors_to_o:0.179096
        Stage2:
            total_Stage2:0.0398454
            num_len_path:131
            time_expanding_s:9.0665e-05
            timing_AStarSearchUntil:
                total_astar_search_until:0.0396699
                num_values_f_less_fmax:530
                ASU Exp:
                    total_ASUExp:0.0396666
                    time_top_o:0.0002551
                    time_check_in_c:0.000120286
                    time_add_parent:0.000208421
                    num_neighbors:75599
                    time_add_neighbors_to_o:0.0381476
        Stage3:
            total_Stage3:0.304407
            num_until_goal_expanded:2579
            timing_S3Exp:
                total_S3Exp: 0.0571922
                time_top_o: 0.00139199
                time_check_in_c: 0.000533853
                time_add_parent: 0.00154794
                num_neighbors: 76248
                time_add_neighbors_to_o: 0.0476375
    timing_PIOW_overlapping:
        total_PIOW: 0.0143574
        num_windows: 204
        time_check_overlap: 9.567e-06
        num_overlapping_windows: 2
        time_merge_windows: 3.344e-06
        time_remove_window: 8.95e-07
        time_remove_window: 3.228e-06
        timing_PlanIn:
            total_PlanIn:0.0143281
            num_until_goal_expanded:231
            timing_expansions:
                total_S3Exp: 0.0143229
                time_top_o: 6.8611e-05
                time_check_in_c: 5.093e-05
                time_add_parent: 7.3773e-05
                num_neighbors: 19621
                time_add_neighbors_to_o: 0.0130958
    num_new_collisions: 4
    timing_PIOW_new_collisions:
        total_PIOW: 0.00051476
        num_windows: 12
        time_check_overlap: 5.83e-07
        num_overlapping_windows: 0
        time_merge_windows: 0
        time_remove_window: 0
        time_remove_window: 1.25e-06
        timing_PlanIn:
            total_PlanIn:0.00050749
            num_until_goal_expanded:51
            timing_expansions:
                total_S3Exp: 0.000498331
                time_top_o: 8.689e-06
                time_check_in_c: 1.0438e-05
                time_add_parent: 1.689e-05
                num_neighbors: 578
                time_add_neighbors_to_o: 0.00034899
    num_windows_should_quit: 0
    time_should_quit: 1.2371e-05
    time_remove_window: 0
Complete!
