Total time: 0.087795
is_optimal: true
optimality_bound: 1
successive_bounds: [1.00444, 1.00444, 1.00444, 1.00444, 1.00444, 1.00444, 1.00444, 1.00345, 1.00345, 1.00345, 1.00345, 1.00345, 1.00345, 1.00345, 1.00345, 1.00345, 1.00345, 1.00345, 1.00148, 1]
successive_runtimes: [0.0158671, 0.0182754, 0.0207068, 0.0231761, 0.0257815, 0.0286635, 0.0316743, 0.0347193, 0.0377196, 0.0408856, 0.0445578, 0.0522458, 0.0555854, 0.0594681, 0.0629679, 0.0661257, 0.0694347, 0.0723419, 0.0877949]
num_agents: 30
time_individual_plan: 0.0106476
time_first_plan: 0.00400358
num_max_agents_in_window_first_iteration: 3
num_recWAMPF: 19
timing_recWAMPF:
    total_RecWAMPF: 0.0759228
    num_windows: 139
    num_max_agents_in_window: 3
    timing_gari:
        total_GARI: 0.0490993
        time_path_btw_starts: 0.000823218
        Stage1:
            total_Stage1:0.00381984
            time_add_x_to_o: 0.00111859
            time_clear_x: 0.000173095
            timing_AStarSearchUntil:
                total_astar_search_until:0.00156409
                num_values_f_less_fmax:566
                ASU Exp:
                    total_ASUExp:0.00155707
                    time_top_o:0.000276914
                    time_check_in_c:9.6118e-05
                    time_add_parent:0
                    num_neighbors:0
                    time_add_neighbors_to_o:0
        Stage2:
            total_Stage2:0.0113374
            num_len_path:137
            time_expanding_s:0.000140825
            timing_AStarSearchUntil:
                total_astar_search_until:0.0106127
                num_values_f_less_fmax:742
                ASU Exp:
                    total_ASUExp:0.0106069
                    time_top_o:0.000366121
                    time_check_in_c:0.000279281
                    time_add_parent:0.000691179
                    num_neighbors:6361
                    time_add_neighbors_to_o:0.0057527
        Stage3:
            total_Stage3:0.0310941
            num_until_goal_expanded:3298
            timing_S3Exp:
                total_S3Exp: 0.0249808
                time_top_o: 0.00144511
                time_check_in_c: 0.00106595
                time_add_parent: 0.00254718
                num_neighbors: 12492
                time_add_neighbors_to_o: 0.0125203
    timing_PIOW_overlapping:
        total_PIOW: 0.0133697
        num_windows: 267
        time_check_overlap: 1.9249e-05
        num_overlapping_windows: 2
        time_merge_windows: 3.571e-06
        time_remove_window: 2.78e-07
        time_remove_window: 3.409e-06
        timing_PlanIn:
            total_PlanIn:0.0131884
            num_until_goal_expanded:306
            timing_expansions:
                total_S3Exp: 0.0131797
                time_top_o: 0.000144216
                time_check_in_c: 9.2595e-05
                time_add_parent: 0.000257497
                num_neighbors: 8458
                time_add_neighbors_to_o: 0.0112167
    num_new_collisions: 5
    timing_PIOW_new_collisions:
        total_PIOW: 0.00243743
        num_windows: 12
        time_check_overlap: 1.719e-06
        num_overlapping_windows: 1
        time_merge_windows: 2.166e-06
        time_remove_window: 1.36e-07
        time_remove_window: 1.741e-06
        timing_PlanIn:
            total_PlanIn:0.00241465
            num_until_goal_expanded:298
            timing_expansions:
                total_S3Exp: 0.00238656
                time_top_o: 0.000116128
                time_check_in_c: 0.000134099
                time_add_parent: 0.000306448
                num_neighbors: 737
                time_add_neighbors_to_o: 0.00094857
    num_windows_should_quit: 2
    time_should_quit: 3.511e-06
    time_remove_window: 3.052e-06
Complete!
