Total time: 0.0227562
is_optimal: true
optimality_bound: 1
successive_bounds: [1.0026, 1.0026, 1.0026, 1.0026, 1.0026, 1.0026, 1.0026, 1.0026, 1.0026, 1.0026, 1.00156, 1.00156, 1.00104, 1.00104, 1.00104, 1.00104, 1, 1]
successive_runtimes: [0.00525388, 0.00592573, 0.00663758, 0.00728968, 0.00795979, 0.00863884, 0.00930857, 0.0100267, 0.0108301, 0.0116138, 0.0127349, 0.0134393, 0.0181233, 0.0194881, 0.0203512, 0.0212244, 0.0227562]
num_agents: 30
time_individual_plan: 0.00386055
time_first_plan: 0.000660823
num_max_agents_in_window_first_iteration: 2
num_recWAMPF: 17
timing_recWAMPF:
    total_RecWAMPF: 0.0181593
    num_windows: 99
    num_max_agents_in_window: 2
    timing_gari:
        total_GARI: 0.0139614
        time_path_btw_starts: 0.000292296
        Stage1:
            total_Stage1:0.00253424
            time_add_x_to_o: 0.00162705
            time_clear_x: 0.000209413
            timing_AStarSearchUntil:
                total_astar_search_until:0.000691554
                num_values_f_less_fmax:211
                ASU Exp:
                    total_ASUExp:0.000688711
                    time_top_o:5.468e-05
                    time_check_in_c:3.0855e-05
                    time_add_parent:2.3241e-05
                    num_neighbors:984
                    time_add_neighbors_to_o:0.000473393
        Stage2:
            total_Stage2:0.00595202
            num_len_path:100
            time_expanding_s:5.4798e-05
            timing_AStarSearchUntil:
                total_astar_search_until:0.00586835
                num_values_f_less_fmax:354
                ASU Exp:
                    total_ASUExp:0.00586586
                    time_top_o:0.000101645
                    time_check_in_c:7.6744e-05
                    time_add_parent:0.000116549
                    num_neighbors:9241
                    time_add_neighbors_to_o:0.00511643
        Stage3:
            total_Stage3:0.00516523
            num_until_goal_expanded:239
            timing_S3Exp:
                total_S3Exp: 0.00233541
                time_top_o: 5.1805e-05
                time_check_in_c: 3.6979e-05
                time_add_parent: 7.1792e-05
                num_neighbors: 2836
                time_add_neighbors_to_o: 0.00169605
    timing_PIOW_overlapping:
        total_PIOW: 1.274e-05
        num_windows: 144
        time_check_overlap: 6.724e-06
        num_overlapping_windows: 0
        time_merge_windows: 0
        time_remove_window: 0
        time_remove_window: 0
        timing_PlanIn:
            total_PlanIn:0
            num_until_goal_expanded:0
            timing_expansions:
                total_S3Exp: 0
                time_top_o: 0
                time_check_in_c: 0
                time_add_parent: 0
                num_neighbors: 0
                time_add_neighbors_to_o: 0
    num_new_collisions: 3
    timing_PIOW_new_collisions:
        total_PIOW: 0.000319031
        num_windows: 6
        time_check_overlap: 4.09e-07
        num_overlapping_windows: 0
        time_merge_windows: 0
        time_remove_window: 0
        time_remove_window: 2.166e-06
        timing_PlanIn:
            total_PlanIn:0.000311956
            num_until_goal_expanded:27
            timing_expansions:
                total_S3Exp: 0.000304863
                time_top_o: 5.049e-06
                time_check_in_c: 5.61e-06
                time_add_parent: 9.94e-06
                num_neighbors: 379
                time_add_neighbors_to_o: 0.000229724
    num_windows_should_quit: 0
    time_should_quit: 3.398e-06
    time_remove_window: 0
Complete!
