Total time: 0.295782
is_optimal: false
optimality_bound: 1.00433
successive_bounds: [1.00765, 1.00663, 1.00612, 1.00561, 1.00561, 1.00484, 1.00484, 1.00484, 1.00484, 1.00484, 1.00484, 1.00484, 1.00484, 1.00484, 1.00484, 1.00484, 1.00484, 1.00484, 1.00433, 1.00433]
successive_runtimes: [0.0154691, 0.0214549, 0.0268721, 0.0334816, 0.0413449, 0.0519048, 0.0638526, 0.0686334, 0.07163, 0.0745379, 0.0774653, 0.080282, 0.0833512, 0.08642, 0.0895846, 0.0927012, 0.0959247, 0.102654, 0.106676, 0.295782]
num_agents: 60
time_individual_plan: 0.00677382
time_first_plan: 0.00816866
num_max_agents_in_window_first_iteration: 2
num_recWAMPF: 20
timing_recWAMPF:
    total_RecWAMPF: 0.288477
    num_windows: 250
    num_max_agents_in_window: 5
    timing_gari:
        total_GARI: 0.061675
        time_path_btw_starts: 0.000725998
        Stage1:
            total_Stage1:0.0203714
            time_add_x_to_o: 0.0108864
            time_clear_x: 0.0014205
            timing_AStarSearchUntil:
                total_astar_search_until:0.00805267
                num_values_f_less_fmax:588
                ASU Exp:
                    total_ASUExp:0.0080473
                    time_top_o:0.000179956
                    time_check_in_c:8.0499e-05
                    time_add_parent:0.000190474
                    num_neighbors:17922
                    time_add_neighbors_to_o:0.00695524
        Stage2:
            total_Stage2:0.00594266
            num_len_path:175
            time_expanding_s:0.00020034
            timing_AStarSearchUntil:
                total_astar_search_until:0.00567442
                num_values_f_less_fmax:239
                ASU Exp:
                    total_ASUExp:0.0056695
                    time_top_o:6.4408e-05
                    time_check_in_c:4.6996e-05
                    time_add_parent:8.2229e-05
                    num_neighbors:13677
                    time_add_neighbors_to_o:0.0051418
        Stage3:
            total_Stage3:0.0343383
            num_until_goal_expanded:1416
            timing_S3Exp:
                total_S3Exp: 0.0223615
                time_top_o: 0.000352627
                time_check_in_c: 0.000209038
                time_add_parent: 0.000382411
                num_neighbors: 39705
                time_add_neighbors_to_o: 0.0193705
    timing_PIOW_overlapping:
        total_PIOW: 0.0813761
        num_windows: 1028
        time_check_overlap: 3.3338e-05
        num_overlapping_windows: 14
        time_merge_windows: 1.2068e-05
        time_remove_window: 2.555e-06
        time_remove_window: 1.1429e-05
        timing_PlanIn:
            total_PlanIn:0.0812909
            num_until_goal_expanded:1241
            timing_expansions:
                total_S3Exp: 0.0812659
                time_top_o: 0.000408507
                time_check_in_c: 0.000266694
                time_add_parent: 0.00040349
                num_neighbors: 130161
                time_add_neighbors_to_o: 0.074833
    num_new_collisions: 19
    timing_PIOW_new_collisions:
        total_PIOW: 0.12051
        num_windows: 298
        time_check_overlap: 8.164e-06
        num_overlapping_windows: 1
        time_merge_windows: 0
        time_remove_window: 0.177418
        time_remove_window: 1.055e-05
        timing_PlanIn:
            total_PlanIn:0.120466
            num_until_goal_expanded:1051
            timing_expansions:
                total_S3Exp: 0.120434
                time_top_o: 0.000474434
                time_check_in_c: 0.000202322
                time_add_parent: 0.000399203
                num_neighbors: 169219
                time_add_neighbors_to_o: 0.113157
    num_windows_should_quit: 0
    time_should_quit: 8.899e-06
    time_remove_window: 0
Complete!
