Total time: 0.630951
is_optimal: false
optimality_bound: 1.00247
successive_bounds: [1.0155, 1.01479, 1.00352, 1.00352, 1.00352, 1.00282, 1.00282, 1.00282, 1.00282, 1.00282, 1.00247]
successive_runtimes: [0.0154155, 0.0270114, 0.0563981, 0.0601513, 0.0640599, 0.0709145, 0.0748454, 0.0783805, 0.0821967, 0.114417, 0.630951]
num_agents: 40
time_individual_plan: 0.0103503
time_first_plan: 0.00454356
num_max_agents_in_window_first_iteration: 2
num_recWAMPF: 11
timing_recWAMPF:
    total_RecWAMPF: 0.620077
    num_windows: 171
    num_max_agents_in_window: 5
    timing_gari:
        total_GARI: 0.0898082
        time_path_btw_starts: 0.000444373
        Stage1:
            total_Stage1:0.0661552
            time_add_x_to_o: 0.0160289
            time_clear_x: 0.00186886
            timing_AStarSearchUntil:
                total_astar_search_until:0.0288874
                num_values_f_less_fmax:8778
                ASU Exp:
                    total_ASUExp:0.0288835
                    time_top_o:0.00257481
                    time_check_in_c:0.00138476
                    time_add_parent:0.00107667
                    num_neighbors:96368
                    time_add_neighbors_to_o:0.0382162
        Stage2:
            total_Stage2:0.0054868
            num_len_path:174
            time_expanding_s:7.5373e-05
            timing_AStarSearchUntil:
                total_astar_search_until:0.00536829
                num_values_f_less_fmax:337
                ASU Exp:
                    total_ASUExp:0.00536505
                    time_top_o:8.107e-05
                    time_check_in_c:6.6341e-05
                    time_add_parent:9.3307e-05
                    num_neighbors:12186
                    time_add_neighbors_to_o:0.00475153
        Stage3:
            total_Stage3:0.0139105
            num_until_goal_expanded:1422
            timing_S3Exp:
                total_S3Exp: 0.00782374
                time_top_o: 0.00029878
                time_check_in_c: 0.000189265
                time_add_parent: 0.000348166
                num_neighbors: 12860
                time_add_neighbors_to_o: 0.00539895
    timing_PIOW_overlapping:
        total_PIOW: 0.0519486
        num_windows: 739
        time_check_overlap: 2.3989e-05
        num_overlapping_windows: 5
        time_merge_windows: 5.99e-06
        time_remove_window: 1.261e-06
        time_remove_window: 5.722e-06
        timing_PlanIn:
            total_PlanIn:0.0518928
            num_until_goal_expanded:1488
            timing_expansions:
                total_S3Exp: 0.0518826
                time_top_o: 0.000400398
                time_check_in_c: 0.00025249
                time_add_parent: 0.000407645
                num_neighbors: 100637
                time_add_neighbors_to_o: 0.0461664
    num_new_collisions: 14
    timing_PIOW_new_collisions:
        total_PIOW: 0.468304
        num_windows: 148
        time_check_overlap: 5.702e-06
        num_overlapping_windows: 4
        time_merge_windows: 0
        time_remove_window: 0.640562
        time_remove_window: 4.163e-06
        timing_PlanIn:
            total_PlanIn:0.468268
            num_until_goal_expanded:1669
            timing_expansions:
                total_S3Exp: 0.468238
                time_top_o: 0.000605031
                time_check_in_c: 0.00031737
                time_add_parent: 0.00049446
                num_neighbors: 847288
                time_add_neighbors_to_o: 0.443003
    num_windows_should_quit: 0
    time_should_quit: 6.565e-06
    time_remove_window: 0
Complete!
