Total time: 2.60205
is_optimal: false
optimality_bound: 1.0027
successive_bounds: [1.0036, 1.0036, 1.0036, 1.0036, 1.0036, 1.0027, 1.0027, 1.0027, 1.0027, 1.0027, 1.0027, 1.0027, 1.0027, 1.0027, 1.0027, 1.0027, 1.0027, 1.0027, 1.0027, 1.0027]
successive_runtimes: [0.00353853, 0.0039395, 0.00441546, 0.00485101, 0.00529975, 0.117339, 0.205882, 0.326006, 0.44221, 0.561328, 0.688808, 0.845929, 1.00931, 1.20072, 1.39573, 1.60675, 1.82487, 2.06295, 2.35347, 2.60205]
num_agents: 20
time_individual_plan: 0.00230142
time_first_plan: 0.000537829
num_max_agents_in_window_first_iteration: 2
num_recWAMPF: 20
timing_recWAMPF:
    total_RecWAMPF: 2.59905
    num_windows: 88
    num_max_agents_in_window: 3
    timing_gari:
        total_GARI: 2.47235
        time_path_btw_starts: 0.00343744
        Stage1:
            total_Stage1:1.15416
            time_add_x_to_o: 0.429947
            time_clear_x: 0.160853
            timing_AStarSearchUntil:
                total_astar_search_until:0.563343
                num_values_f_less_fmax:14525
                ASU Exp:
                    total_ASUExp:0.563337
                    time_top_o:0.016803
                    time_check_in_c:0.00873323
                    time_add_parent:0.0169007
                    num_neighbors:769892
                    time_add_neighbors_to_o:0.490024
        Stage2:
            total_Stage2:0.0334531
            num_len_path:78
            time_expanding_s:6.3613e-05
            timing_AStarSearchUntil:
                total_astar_search_until:0.0333294
                num_values_f_less_fmax:325
                ASU Exp:
                    total_ASUExp:0.033327
                    time_top_o:0.00022583
                    time_check_in_c:0.00308895
                    time_add_parent:0.000497162
                    num_neighbors:41340
                    time_add_neighbors_to_o:0.028808
        Stage3:
            total_Stage3:1.28127
            num_until_goal_expanded:4031
            timing_S3Exp:
                total_S3Exp: 0.314873
                time_top_o: 0.00513529
                time_check_in_c: 0.00128469
                time_add_parent: 0.00252884
                num_neighbors: 442033
                time_add_neighbors_to_o: 0.297882
    timing_PIOW_overlapping:
        total_PIOW: 0.111599
        num_windows: 103
        time_check_overlap: 5.678e-06
        num_overlapping_windows: 1
        time_merge_windows: 1.191e-06
        time_remove_window: 2.69e-07
        time_remove_window: 1.129e-06
        timing_PlanIn:
            total_PlanIn:0.111582
            num_until_goal_expanded:1220
            timing_expansions:
                total_S3Exp: 0.11158
                time_top_o: 0.00107205
                time_check_in_c: 0.000287896
                time_add_parent: 0.000605514
                num_neighbors: 160521
                time_add_neighbors_to_o: 0.102316
    num_new_collisions: 4
    timing_PIOW_new_collisions:
        total_PIOW: 0.0136732
        num_windows: 9
        time_check_overlap: 9.14e-07
        num_overlapping_windows: 1
        time_merge_windows: 0
        time_remove_window: 0.192868
        time_remove_window: 1.243e-06
        timing_PlanIn:
            total_PlanIn:0.0136615
            num_until_goal_expanded:134
            timing_expansions:
                total_S3Exp: 0.0136497
                time_top_o: 6.3113e-05
                time_check_in_c: 3.4133e-05
                time_add_parent: 7.2836e-05
                num_neighbors: 15505
                time_add_neighbors_to_o: 0.012608
    num_windows_should_quit: 0
    time_should_quit: 5.966e-06
    time_remove_window: 0
Complete!
