Total time: 0.280519
is_optimal: true
optimality_bound: 1
successive_bounds: [1.00472, 1.00394, 1.00315, 1.00236, 1.00197, 1.00197, 1.00157, 1.00157, 1.00157, 1.00157, 1.00157, 1.00157, 1.00157, 1.00157, 1.00157, 1.00079, 1.00079, 1.00079, 1.00079, 1.00079, 1.00079, 1.00079, 1.00079, 1.00079, 1.00079, 1.00079, 1, 1]
successive_runtimes: [0.0121526, 0.0145721, 0.0166954, 0.0184766, 0.020403, 0.0220186, 0.0262739, 0.0302821, 0.0354544, 0.0396939, 0.0441305, 0.0471971, 0.050457, 0.054265, 0.0624348, 0.0790837, 0.083594, 0.0892348, 0.0937002, 0.097937, 0.101258, 0.108857, 0.112658, 0.117216, 0.123577, 0.127634, 0.280519]
num_agents: 40
time_individual_plan: 0.0086519
time_first_plan: 0.00238552
num_max_agents_in_window_first_iteration: 2
num_recWAMPF: 27
timing_recWAMPF:
    total_RecWAMPF: 0.270738
    num_windows: 371
    num_max_agents_in_window: 2
    timing_gari:
        total_GARI: 0.216479
        time_path_btw_starts: 0.00157896
        Stage1:
            total_Stage1:0.0336934
            time_add_x_to_o: 0.0150266
            time_clear_x: 0.0018379
            timing_AStarSearchUntil:
                total_astar_search_until:0.0167929
                num_values_f_less_fmax:2310
                ASU Exp:
                    total_ASUExp:0.0167801
                    time_top_o:0.00118593
                    time_check_in_c:0.000621273
                    time_add_parent:0.000495903
                    num_neighbors:20173
                    time_add_neighbors_to_o:0.012404
        Stage2:
            total_Stage2:0.123876
            num_len_path:374
            time_expanding_s:0.00033946
            timing_AStarSearchUntil:
                total_astar_search_until:0.0161046
                num_values_f_less_fmax:5842
                ASU Exp:
                    total_ASUExp:0.0160911
                    time_top_o:0.00497432
                    time_check_in_c:0.00198958
                    time_add_parent:0.0037193
                    num_neighbors:138758
                    time_add_neighbors_to_o:0.102883
        Stage3:
            total_Stage3:0.0572155
            num_until_goal_expanded:922
            timing_S3Exp:
                total_S3Exp: 0.0135253
                time_top_o: 0.0003565
                time_check_in_c: 0.000199512
                time_add_parent: 0.00039438
                num_neighbors: 12083
                time_add_neighbors_to_o: 0.00846205
    timing_PIOW_overlapping:
        total_PIOW: 0.000147046
        num_windows: 1274
        time_check_overlap: 8.9976e-05
        num_overlapping_windows: 0
        time_merge_windows: 0
        time_remove_window: 0
        time_remove_window: 0
        timing_PlanIn:
            total_PlanIn:0
            num_until_goal_expanded:0
            timing_expansions:
                total_S3Exp: 0
                time_top_o: 0
                time_check_in_c: 0
                time_add_parent: 0
                num_neighbors: 0
                time_add_neighbors_to_o: 0
    num_new_collisions: 7
    timing_PIOW_new_collisions:
        total_PIOW: 0.0011083
        num_windows: 42
        time_check_overlap: 1.969e-06
        num_overlapping_windows: 0
        time_merge_windows: 0
        time_remove_window: 0
        time_remove_window: 3.648e-06
        timing_PlanIn:
            total_PlanIn:0.00109286
            num_until_goal_expanded:101
            timing_expansions:
                total_S3Exp: 0.0010693
                time_top_o: 1.7109e-05
                time_check_in_c: 2.5756e-05
                time_add_parent: 3.742e-05
                num_neighbors: 1115
                time_add_neighbors_to_o: 0.000775508
    num_windows_should_quit: 0
    time_should_quit: 4.308e-05
    time_remove_window: 0
Complete!
