Total time: 9.51427
is_optimal: false
optimality_bound: 1.00095
successive_bounds: [1.00316, 1.00284, 1.00284, 1.00284, 1.00284, 1.00284, 1.00253, 1.00253, 1.00221, 1.00221, 1.0019, 1.0019, 1.0019, 1.0019, 1.0019, 1.0019, 1.0019, 1.0019, 1.0019, 1.0019, 1.0019, 1.00126, 1.00095, 1.00095]
successive_runtimes: [0.0296026, 0.0332813, 0.0393737, 0.0444785, 0.0494176, 0.0552254, 0.0614384, 0.0689438, 0.0786668, 0.087157, 0.0939776, 0.104171, 0.112179, 0.119298, 0.129763, 0.760581, 1.24816, 1.77952, 2.33057, 2.87822, 3.46387, 6.80048, 7.13467, 9.51427]
num_agents: 50
time_individual_plan: 0.0194659
time_first_plan: 0.00895013
num_max_agents_in_window_first_iteration: 2
num_recWAMPF: 24
timing_recWAMPF:
    total_RecWAMPF: 9.49361
    num_windows: 389
    num_max_agents_in_window: 3
    timing_gari:
        total_GARI: 5.9699
        time_path_btw_starts: 0.00637699
        Stage1:
            total_Stage1:4.98921
            time_add_x_to_o: 0.772003
            time_clear_x: 0.302498
            timing_AStarSearchUntil:
                total_astar_search_until:1.32245
                num_values_f_less_fmax:80381
                ASU Exp:
                    total_ASUExp:1.32244
                    time_top_o:0.0815977
                    time_check_in_c:0.0277344
                    time_add_parent:0.0362529
                    num_neighbors:6698777
                    time_add_neighbors_to_o:3.66484
        Stage2:
            total_Stage2:0.0196178
            num_len_path:329
            time_expanding_s:0.000366504
            timing_AStarSearchUntil:
                total_astar_search_until:0.0190919
                num_values_f_less_fmax:1400
                ASU Exp:
                    total_ASUExp:0.0190834
                    time_top_o:0.000432801
                    time_check_in_c:0.00028707
                    time_add_parent:0.000486887
                    num_neighbors:37049
                    time_add_neighbors_to_o:0.0162621
        Stage3:
            total_Stage3:0.953689
            num_until_goal_expanded:3016
            timing_S3Exp:
                total_S3Exp: 0.0501702
                time_top_o: 0.0010571
                time_check_in_c: 0.000475158
                time_add_parent: 0.000819124
                num_neighbors: 70266
                time_add_neighbors_to_o: 0.0356357
    timing_PIOW_overlapping:
        total_PIOW: 0.625199
        num_windows: 1613
        time_check_overlap: 6.48e-05
        num_overlapping_windows: 2
        time_merge_windows: 3.911e-06
        time_remove_window: 4.29e-07
        time_remove_window: 3.794e-06
        timing_PlanIn:
            total_PlanIn:0.625085
            num_until_goal_expanded:9252
            timing_expansions:
                total_S3Exp: 0.62508
                time_top_o: 0.00944879
                time_check_in_c: 0.00200934
                time_add_parent: 0.00441888
                num_neighbors: 1102060
                time_add_neighbors_to_o: 0.568324
    num_new_collisions: 11
    timing_PIOW_new_collisions:
        total_PIOW: 0.00436677
        num_windows: 102
        time_check_overlap: 5.106e-06
        num_overlapping_windows: 0
        time_merge_windows: 0
        time_remove_window: 0
        time_remove_window: 8.768e-06
        timing_PlanIn:
            total_PlanIn:0.00433383
            num_until_goal_expanded:236
            timing_expansions:
                total_S3Exp: 0.00429857
                time_top_o: 6.7942e-05
                time_check_in_c: 7.22e-05
                time_add_parent: 0.000106301
                num_neighbors: 3796
                time_add_neighbors_to_o: 0.00340805
    num_windows_should_quit: 2
    time_should_quit: 2.2264e-05
    time_remove_window: 7.16e-07
Complete!
