Total time: 0.271739
is_optimal: false
optimality_bound: 1.00159
successive_bounds: [1.00238, 1.00238, 1.00238, 1.00238, 1.00238, 1.00238, 1.00238, 1.00238, 1.00238, 1.00238, 1.00159, 1.00159, 1.00159, 1.00159, 1.00159, 1.00159, 1.00159, 1.00159, 1.00159, 1.00159, 1.00159, 1.00159]
successive_runtimes: [0.02396, 0.0561866, 0.0755744, 0.0914148, 0.107634, 0.123157, 0.139107, 0.153843, 0.164683, 0.173072, 0.202225, 0.220256, 0.22602, 0.231502, 0.236595, 0.241083, 0.245545, 0.249953, 0.254391, 0.258956, 0.263879, 0.271739]
num_agents: 40
time_individual_plan: 0.0170877
time_first_plan: 0.00533963
num_max_agents_in_window_first_iteration: 2
num_recWAMPF: 22
timing_recWAMPF:
    total_RecWAMPF: 0.253111
    num_windows: 49
    num_max_agents_in_window: 4
    timing_gari:
        total_GARI: 0.182769
        time_path_btw_starts: 0.000241936
        Stage1:
            total_Stage1:0.0607998
            time_add_x_to_o: 0.0385947
            time_clear_x: 0.00635316
            timing_AStarSearchUntil:
                total_astar_search_until:0.0158461
                num_values_f_less_fmax:491
                ASU Exp:
                    total_ASUExp:0.0158433
                    time_top_o:0.000455413
                    time_check_in_c:0.000805772
                    time_add_parent:0.000107663
                    num_neighbors:12953
                    time_add_neighbors_to_o:0.0139184
        Stage2:
            total_Stage2:0.0159652
            num_len_path:29
            time_expanding_s:0.000353345
            timing_AStarSearchUntil:
                total_astar_search_until:0.0155776
                num_values_f_less_fmax:76
                ASU Exp:
                    total_ASUExp:0.0155758
                    time_top_o:5.5816e-05
                    time_check_in_c:0.000148758
                    time_add_parent:0.000394918
                    num_neighbors:15078
                    time_add_neighbors_to_o:0.0144469
        Stage3:
            total_Stage3:0.105732
            num_until_goal_expanded:579
            timing_S3Exp:
                total_S3Exp: 0.0504915
                time_top_o: 0.00039975
                time_check_in_c: 0.000227026
                time_add_parent: 0.000822279
                num_neighbors: 41054
                time_add_neighbors_to_o: 0.0453198
    timing_PIOW_overlapping:
        total_PIOW: 0.0306479
        num_windows: 47
        time_check_overlap: 1.498e-06
        num_overlapping_windows: 5
        time_merge_windows: 1.4632e-05
        time_remove_window: 2.046e-06
        time_remove_window: 1.4088e-05
        timing_PlanIn:
            total_PlanIn:0.030612
            num_until_goal_expanded:193
            timing_expansions:
                total_S3Exp: 0.0305865
                time_top_o: 0.000125858
                time_check_in_c: 0.000119148
                time_add_parent: 0.000250749
                num_neighbors: 17485
                time_add_neighbors_to_o: 0.0275733
    num_new_collisions: 7
    timing_PIOW_new_collisions:
        total_PIOW: 0.0240511
        num_windows: 31
        time_check_overlap: 3.513e-06
        num_overlapping_windows: 1
        time_merge_windows: 0
        time_remove_window: 0.18119
        time_remove_window: 6.615e-06
        timing_PlanIn:
            total_PlanIn:0.0240164
            num_until_goal_expanded:121
            timing_expansions:
                total_S3Exp: 0.02398
                time_top_o: 5.6618e-05
                time_check_in_c: 7.5253e-05
                time_add_parent: 0.000170563
                num_neighbors: 17600
                time_add_neighbors_to_o: 0.0222322
    num_windows_should_quit: 0
    time_should_quit: 4.204e-06
    time_remove_window: 0
Complete!
