Total time: 0.0434115
is_optimal: false
optimality_bound: 1.00469
successive_bounds: [1.00469, 1.00469, 1.00469, 1.00469, 1.00625, 1.00469, 1.00469, 1.00469]
successive_runtimes: [0.00744348, 0.0101481, 0.0147464, 0.0200691, 0.0249167, 0.0299666, 0.0362412, 0.0434115]
num_agents: 20
time_individual_plan: 0.00521761
time_first_plan: 0.0013418
num_max_agents_in_window_first_iteration: 2
num_recWAMPF: 8
timing_recWAMPF:
    total_RecWAMPF: 0.0373072
    num_windows: 45
    num_max_agents_in_window: 2
    timing_gari:
        total_GARI: 0.0347092
        time_path_btw_starts: 0.000140978
        Stage1:
            total_Stage1:0.0184472
            time_add_x_to_o: 0.00707575
            time_clear_x: 0.00118528
            timing_AStarSearchUntil:
                total_astar_search_until:0.0101828
                num_values_f_less_fmax:5279
                ASU Exp:
                    total_ASUExp:0.0101813
                    time_top_o:0.00176125
                    time_check_in_c:0.000793673
                    time_add_parent:0.000583337
                    num_neighbors:12196
                    time_add_neighbors_to_o:0.00527147
        Stage2:
            total_Stage2:0.00372222
            num_len_path:46
            time_expanding_s:2.3991e-05
            timing_AStarSearchUntil:
                total_astar_search_until:0.00368161
                num_values_f_less_fmax:283
                ASU Exp:
                    total_ASUExp:0.00368045
                    time_top_o:8.4591e-05
                    time_check_in_c:7.9615e-05
                    time_add_parent:0.000147579
                    num_neighbors:6672
                    time_add_neighbors_to_o:0.00304084
        Stage3:
            total_Stage3:0.012389
            num_until_goal_expanded:2086
            timing_S3Exp:
                total_S3Exp: 0.010232
                time_top_o: 0.000646545
                time_check_in_c: 0.000387087
                time_add_parent: 0.000763161
                num_neighbors: 13109
                time_add_neighbors_to_o: 0.00607262
    timing_PIOW_overlapping:
        total_PIOW: 5.682e-06
        num_windows: 63
        time_check_overlap: 2.591e-06
        num_overlapping_windows: 0
        time_merge_windows: 0
        time_remove_window: 0
        time_remove_window: 0
        timing_PlanIn:
            total_PlanIn:0
            num_until_goal_expanded:0
            timing_expansions:
                total_S3Exp: 0
                time_top_o: 0
                time_check_in_c: 0
                time_add_parent: 0
                num_neighbors: 0
                time_add_neighbors_to_o: 0
    num_new_collisions: 4
    timing_PIOW_new_collisions:
        total_PIOW: 0.00171888
        num_windows: 11
        time_check_overlap: 6.31e-07
        num_overlapping_windows: 1
        time_merge_windows: 0
        time_remove_window: 0.0142061
        time_remove_window: 1.302e-06
        timing_PlanIn:
            total_PlanIn:0.00170965
            num_until_goal_expanded:154
            timing_expansions:
                total_S3Exp: 0.00168684
                time_top_o: 2.9386e-05
                time_check_in_c: 4.5187e-05
                time_add_parent: 4.9368e-05
                num_neighbors: 1907
                time_add_neighbors_to_o: 0.00127287
    num_windows_should_quit: 0
    time_should_quit: 2.351e-06
    time_remove_window: 0
Complete!
