Total time: 0.00740685
is_optimal: true
optimality_bound: 1
successive_bounds: [1.00152, 1.00152, 1.00152, 1.00152, 1.00152, 1.00152, 1.00152, 1.00152, 1.00152, 1.00152, 1.00152, 1.00152, 1.00152, 1.00152, 1.00152, 1.00152, 1.00152, 1.00152, 1, 1]
successive_runtimes: [0.00356018, 0.00376733, 0.0039707, 0.00416907, 0.00441334, 0.00462092, 0.00483538, 0.00505399, 0.00527639, 0.00546533, 0.00563245, 0.00579794, 0.00596049, 0.00612749, 0.00629723, 0.00646827, 0.00664276, 0.00685863, 0.00740683]
num_agents: 20
time_individual_plan: 0.00259891
time_first_plan: 0.000257687
num_max_agents_in_window_first_iteration: 2
num_recWAMPF: 19
timing_recWAMPF:
    total_RecWAMPF: 0.00410044
    num_windows: 37
    num_max_agents_in_window: 2
    timing_gari:
        total_GARI: 0.00250022
        time_path_btw_starts: 6.9645e-05
        Stage1:
            total_Stage1:0.000209194
            time_add_x_to_o: 0.000183996
            time_clear_x: 2.0819e-05
            timing_AStarSearchUntil:
                total_astar_search_until:1.997e-06
                num_values_f_less_fmax:0
                ASU Exp:
                    total_ASUExp:1.024e-06
                    time_top_o:0
                    time_check_in_c:0
                    time_add_parent:0
                    num_neighbors:0
                    time_add_neighbors_to_o:0
        Stage2:
            total_Stage2:0.00061184
            num_len_path:26
            time_expanding_s:1.3233e-05
            timing_AStarSearchUntil:
                total_astar_search_until:0.000587518
                num_values_f_less_fmax:42
                ASU Exp:
                    total_ASUExp:0.000586663
                    time_top_o:1.3174e-05
                    time_check_in_c:1.0321e-05
                    time_add_parent:1.8898e-05
                    num_neighbors:1050
                    time_add_neighbors_to_o:0.000482711
        Stage3:
            total_Stage3:0.00160273
            num_until_goal_expanded:87
            timing_S3Exp:
                total_S3Exp: 0.000914906
                time_top_o: 1.9802e-05
                time_check_in_c: 1.4629e-05
                time_add_parent: 2.2469e-05
                num_neighbors: 1106
                time_add_neighbors_to_o: 0.000673023
    timing_PIOW_overlapping:
        total_PIOW: 6.59e-07
        num_windows: 18
        time_check_overlap: 0
        num_overlapping_windows: 0
        time_merge_windows: 0
        time_remove_window: 0
        time_remove_window: 0
        timing_PlanIn:
            total_PlanIn:0
            num_until_goal_expanded:0
            timing_expansions:
                total_S3Exp: 0
                time_top_o: 0
                time_check_in_c: 0
                time_add_parent: 0
                num_neighbors: 0
                time_add_neighbors_to_o: 0
    num_new_collisions: 1
    timing_PIOW_new_collisions:
        total_PIOW: 0.000176548
        num_windows: 0
        time_check_overlap: 0
        num_overlapping_windows: 0
        time_merge_windows: 0
        time_remove_window: 0
        time_remove_window: 4.98e-07
        timing_PlanIn:
            total_PlanIn:0.000174133
            num_until_goal_expanded:10
            timing_expansions:
                total_S3Exp: 0.000170956
                time_top_o: 2.716e-06
                time_check_in_c: 2.608e-06
                time_add_parent: 4.539e-06
                num_neighbors: 210
                time_add_neighbors_to_o: 0.00013769
    num_windows_should_quit: 0
    time_should_quit: 1.329e-06
    time_remove_window: 0
Complete!
