Total time: 52.487
is_optimal: false
optimality_bound: 1.00594
successive_bounds: [1.00775, 1.00723, 1.00671, 1.0062, 1.0062, 1.00594, 1.00594]
successive_runtimes: [0.0231159, 0.0390845, 0.188597, 0.563228, 1.39547, 6.78946, 52.487]
num_agents: 60
time_individual_plan: 0.00997558
time_first_plan: 0.0124859
num_max_agents_in_window_first_iteration: 3
num_recWAMPF: 7
timing_recWAMPF:
    total_RecWAMPF: 52.4763
    num_windows: 177
    num_max_agents_in_window: 6
    timing_gari:
        total_GARI: 46.9415
        time_path_btw_starts: 0.000711794
        Stage1:
            total_Stage1:44.9519
            time_add_x_to_o: 1.74206
            time_clear_x: 0.300513
            timing_AStarSearchUntil:
                total_astar_search_until:42.9093
                num_values_f_less_fmax:12021
                ASU Exp:
                    total_ASUExp:42.9093
                    time_top_o:0.0299641
                    time_check_in_c:0.325882
                    time_add_parent:0.00816531
                    num_neighbors:57201575
                    time_add_neighbors_to_o:42.3975
        Stage2:
            total_Stage2:0.0517082
            num_len_path:161
            time_expanding_s:0.00010893
            timing_AStarSearchUntil:
                total_astar_search_until:0.0515186
                num_values_f_less_fmax:374
                ASU Exp:
                    total_ASUExp:0.0515144
                    time_top_o:0.000137356
                    time_check_in_c:8.9615e-05
                    time_add_parent:0.000143484
                    num_neighbors:77613
                    time_add_neighbors_to_o:0.0505616
        Stage3:
            total_Stage3:1.93712
            num_until_goal_expanded:2637
            timing_S3Exp:
                total_S3Exp: 1.41375
                time_top_o: 0.00199872
                time_check_in_c: 0.000637237
                time_add_parent: 0.00114227
                num_neighbors: 1779443
                time_add_neighbors_to_o: 1.40486
    timing_PIOW_overlapping:
        total_PIOW: 0.645722
        num_windows: 1315
        time_check_overlap: 6.2163e-05
        num_overlapping_windows: 9
        time_merge_windows: 1.5545e-05
        time_remove_window: 3.359e-06
        time_remove_window: 1.4631e-05
        timing_PlanIn:
            total_PlanIn:0.645583
            num_until_goal_expanded:1191
            timing_expansions:
                total_S3Exp: 0.645554
                time_top_o: 0.000693259
                time_check_in_c: 0.000334891
                time_add_parent: 0.000509616
                num_neighbors: 1002966
                time_add_neighbors_to_o: 0.609106
    num_new_collisions: 26
    timing_PIOW_new_collisions:
        total_PIOW: 4.87738
        num_windows: 538
        time_check_overlap: 2.1984e-05
        num_overlapping_windows: 6
        time_merge_windows: 0
        time_remove_window: 14.8714
        time_remove_window: 1.6116e-05
        timing_PlanIn:
            total_PlanIn:4.87728
            num_until_goal_expanded:1247
            timing_expansions:
                total_S3Exp: 4.87722
                time_top_o: 0.00119724
                time_check_in_c: 0.000445797
                time_add_parent: 0.000669927
                num_neighbors: 6625401
                time_add_neighbors_to_o: 4.66062
    num_windows_should_quit: 0
    time_should_quit: 1.4231e-05
    time_remove_window: 0
Complete!
