Total time: 0.0200071
is_optimal: true
optimality_bound: 1
successive_bounds: [1.00132, 1.00132, 1.00132, 1.00132, 1.00132, 1.00132, 1.00132, 1.00132, 1.00132, 1.00132, 1.00132, 1.00132, 1.00132, 1.00132, 1, 1]
successive_runtimes: [0.00599945, 0.0063765, 0.0068164, 0.00733782, 0.00784502, 0.00836112, 0.0088777, 0.00940059, 0.00994623, 0.0108006, 0.0115299, 0.012107, 0.0138904, 0.014609, 0.0200071]
num_agents: 20
time_individual_plan: 0.00480207
time_first_plan: 0.000508573
num_max_agents_in_window_first_iteration: 2
num_recWAMPF: 15
timing_recWAMPF:
    total_RecWAMPF: 0.0145127
    num_windows: 58
    num_max_agents_in_window: 2
    timing_gari:
        total_GARI: 0.0126501
        time_path_btw_starts: 0.000169695
        Stage1:
            total_Stage1:0.00175027
            time_add_x_to_o: 0.00107622
            time_clear_x: 0.000175221
            timing_AStarSearchUntil:
                total_astar_search_until:0.000495109
                num_values_f_less_fmax:31
                ASU Exp:
                    total_ASUExp:0.000493469
                    time_top_o:1.2139e-05
                    time_check_in_c:1.41e-05
                    time_add_parent:2.1236e-05
                    num_neighbors:745
                    time_add_neighbors_to_o:0.000392333
        Stage2:
            total_Stage2:0.00632998
            num_len_path:69
            time_expanding_s:5.614e-05
            timing_AStarSearchUntil:
                total_astar_search_until:0.00625587
                num_values_f_less_fmax:392
                ASU Exp:
                    total_ASUExp:0.00625444
                    time_top_o:0.00013966
                    time_check_in_c:8.8638e-05
                    time_add_parent:0.0001295
                    num_neighbors:9658
                    time_add_neighbors_to_o:0.00540755
        Stage3:
            total_Stage3:0.00438879
            num_until_goal_expanded:455
            timing_S3Exp:
                total_S3Exp: 0.00300068
                time_top_o: 0.000135991
                time_check_in_c: 7.4117e-05
                time_add_parent: 0.000123148
                num_neighbors: 3856
                time_add_neighbors_to_o: 0.00212428
    timing_PIOW_overlapping:
        total_PIOW: 4.643e-06
        num_windows: 56
        time_check_overlap: 1.929e-06
        num_overlapping_windows: 0
        time_merge_windows: 0
        time_remove_window: 0
        time_remove_window: 0
        timing_PlanIn:
            total_PlanIn:0
            num_until_goal_expanded:0
            timing_expansions:
                total_S3Exp: 0
                time_top_o: 0
                time_check_in_c: 0
                time_add_parent: 0
                num_neighbors: 0
                time_add_neighbors_to_o: 0
    num_new_collisions: 2
    timing_PIOW_new_collisions:
        total_PIOW: 0.000341202
        num_windows: 2
        time_check_overlap: 1.54e-07
        num_overlapping_windows: 0
        time_merge_windows: 0
        time_remove_window: 0
        time_remove_window: 6.75e-07
        timing_PlanIn:
            total_PlanIn:0.000336532
            num_until_goal_expanded:32
            timing_expansions:
                total_S3Exp: 0.000330688
                time_top_o: 6.584e-06
                time_check_in_c: 8.093e-06
                time_add_parent: 1.2425e-05
                num_neighbors: 372
                time_add_neighbors_to_o: 0.000240096
    num_windows_should_quit: 0
    time_should_quit: 1.59e-06
    time_remove_window: 0
Complete!
