Total time: 0.918177
is_optimal: true
optimality_bound: 1
successive_bounds: [1.0019, 1.0019, 1.0019, 1.0019, 1.0019, 1.0019, 1.0019, 1.00136, 1.00136, 1.00136, 1.00136, 1.00136, 1.00136, 1.00081, 1.00081, 1.00054, 1.00054, 1.00054, 1.00054, 1.00054, 1.00054, 1, 1]
successive_runtimes: [0.138415, 0.156478, 0.197778, 0.230286, 0.259065, 0.29257, 0.330878, 0.372372, 0.406743, 0.485052, 0.533727, 0.585249, 0.64001, 0.695622, 0.75271, 0.800863, 0.848821, 0.863225, 0.877375, 0.892173, 0.9071, 0.918177]
num_agents: 40
time_individual_plan: 0.0249432
time_first_plan: 0.112451
num_max_agents_in_window_first_iteration: 2
num_recWAMPF: 22
timing_recWAMPF:
    total_RecWAMPF: 0.892205
    num_windows: 205
    num_max_agents_in_window: 2
    timing_gari:
        total_GARI: 0.765649
        time_path_btw_starts: 0.000786167
        Stage1:
            total_Stage1:0.176441
            time_add_x_to_o: 0.0617792
            time_clear_x: 0.00941935
            timing_AStarSearchUntil:
                total_astar_search_until:0.105223
                num_values_f_less_fmax:29764
                ASU Exp:
                    total_ASUExp:0.105215
                    time_top_o:0.0113429
                    time_check_in_c:0.00784409
                    time_add_parent:0.00495958
                    num_neighbors:89336
                    time_add_neighbors_to_o:0.065758
        Stage2:
            total_Stage2:0.00974551
            num_len_path:193
            time_expanding_s:0.000267603
            timing_AStarSearchUntil:
                total_astar_search_until:0.00936022
                num_values_f_less_fmax:476
                ASU Exp:
                    total_ASUExp:0.0093547
                    time_top_o:0.000188009
                    time_check_in_c:0.000184075
                    time_add_parent:0.000318122
                    num_neighbors:11149
                    time_add_neighbors_to_o:0.00771946
        Stage3:
            total_Stage3:0.578599
            num_until_goal_expanded:19317
            timing_S3Exp:
                total_S3Exp: 0.199208
                time_top_o: 0.00898116
                time_check_in_c: 0.00527072
                time_add_parent: 0.0108457
                num_neighbors: 186080
                time_add_neighbors_to_o: 0.140728
    timing_PIOW_overlapping:
        total_PIOW: 4.5488e-05
        num_windows: 480
        time_check_overlap: 2.9517e-05
        num_overlapping_windows: 0
        time_merge_windows: 0
        time_remove_window: 0
        time_remove_window: 0
        timing_PlanIn:
            total_PlanIn:0
            num_until_goal_expanded:0
            timing_expansions:
                total_S3Exp: 0
                time_top_o: 0
                time_check_in_c: 0
                time_add_parent: 0
                num_neighbors: 0
                time_add_neighbors_to_o: 0
    num_new_collisions: 5
    timing_PIOW_new_collisions:
        total_PIOW: 0.110653
        num_windows: 20
        time_check_overlap: 1.75e-06
        num_overlapping_windows: 0
        time_merge_windows: 0
        time_remove_window: 0
        time_remove_window: 3.487e-06
        timing_PlanIn:
            total_PlanIn:0.110636
            num_until_goal_expanded:4581
            timing_expansions:
                total_S3Exp: 0.110584
                time_top_o: 0.00202145
                time_check_in_c: 0.00175709
                time_add_parent: 0.00382329
                num_neighbors: 95982
                time_add_neighbors_to_o: 0.0887041
    num_windows_should_quit: 1
    time_should_quit: 1.5675e-05
    time_remove_window: 4.05e-07
Complete!
