Total time: 0.0105362
is_optimal: true
optimality_bound: 1
successive_bounds: [1.00071, 1.00071, 1.00071, 1.00071, 1.00071, 1.00071, 1.00071, 1.00071, 1.00071, 1.00071, 1.00071, 1.00071, 1, 1]
successive_runtimes: [0.00299751, 0.00316163, 0.00331169, 0.00346541, 0.0036202, 0.00378068, 0.00394242, 0.00411153, 0.00427694, 0.00444444, 0.0046127, 0.00478806, 0.0105362]
num_agents: 20
time_individual_plan: 0.00224371
time_first_plan: 0.000179442
num_max_agents_in_window_first_iteration: 2
num_recWAMPF: 13
timing_recWAMPF:
    total_RecWAMPF: 0.00771621
    num_windows: 25
    num_max_agents_in_window: 2
    timing_gari:
        total_GARI: 0.00646508
        time_path_btw_starts: 6.5451e-05
        Stage1:
            total_Stage1:9.6888e-05
            time_add_x_to_o: 8.4136e-05
            time_clear_x: 1.0131e-05
            timing_AStarSearchUntil:
                total_astar_search_until:1.274e-06
                num_values_f_less_fmax:0
                ASU Exp:
                    total_ASUExp:5.4e-07
                    time_top_o:0
                    time_check_in_c:0
                    time_add_parent:0
                    num_neighbors:0
                    time_add_neighbors_to_o:0
        Stage2:
            total_Stage2:0.00564821
            num_len_path:37
            time_expanding_s:1.3572e-05
            timing_AStarSearchUntil:
                total_astar_search_until:0.00562761
                num_values_f_less_fmax:372
                ASU Exp:
                    total_ASUExp:0.00562703
                    time_top_o:8.7303e-05
                    time_check_in_c:8.768e-05
                    time_add_parent:0.000116117
                    num_neighbors:9665
                    time_add_neighbors_to_o:0.00495861
        Stage3:
            total_Stage3:0.000650054
            num_until_goal_expanded:23
            timing_S3Exp:
                total_S3Exp: 0.00026073
                time_top_o: 2.75e-06
                time_check_in_c: 1.86e-06
                time_add_parent: 3.426e-06
                num_neighbors: 330
                time_add_neighbors_to_o: 0.000189039
    timing_PIOW_overlapping:
        total_PIOW: 2.73e-07
        num_windows: 12
        time_check_overlap: 0
        num_overlapping_windows: 0
        time_merge_windows: 0
        time_remove_window: 0
        time_remove_window: 0
        timing_PlanIn:
            total_PlanIn:0
            num_until_goal_expanded:0
            timing_expansions:
                total_S3Exp: 0
                time_top_o: 0
                time_check_in_c: 0
                time_add_parent: 0
                num_neighbors: 0
                time_add_neighbors_to_o: 0
    num_new_collisions: 1
    timing_PIOW_new_collisions:
        total_PIOW: 6.0463e-05
        num_windows: 0
        time_check_overlap: 0
        num_overlapping_windows: 0
        time_merge_windows: 0
        time_remove_window: 0
        time_remove_window: 3.16e-07
        timing_PlanIn:
            total_PlanIn:5.8416e-05
            num_until_goal_expanded:4
            timing_expansions:
                total_S3Exp: 5.5152e-05
                time_top_o: 8.59e-07
                time_check_in_c: 1.319e-06
                time_add_parent: 1.681e-06
                num_neighbors: 80
                time_add_neighbors_to_o: 4.2067e-05
    num_windows_should_quit: 0
    time_should_quit: 6.06e-07
    time_remove_window: 0
Complete!
