Total time: 7.91102
is_optimal: false
optimality_bound: 1.00308
successive_bounds: [1.00493, 1.00493, 1.00431, 1.00431, 1.00431, 1.004, 1.004, 1.00339, 1.00339, 1.00339, 1.00339, 1.00308]
successive_runtimes: [0.00935257, 0.0117334, 0.0173615, 0.0200948, 0.0235359, 0.0267642, 0.0292146, 0.0365956, 0.0400623, 0.0430562, 0.0461233, 7.91102]
num_agents: 50
time_individual_plan: 0.00536335
time_first_plan: 0.00336959
num_max_agents_in_window_first_iteration: 2
num_recWAMPF: 12
timing_recWAMPF:
    total_RecWAMPF: 7.90503
    num_windows: 145
    num_max_agents_in_window: 5
    timing_gari:
        total_GARI: 0.0275008
        time_path_btw_starts: 0.000491735
        Stage1:
            total_Stage1:0.00817828
            time_add_x_to_o: 0.00543834
            time_clear_x: 0.000689591
            timing_AStarSearchUntil:
                total_astar_search_until:0.00204351
                num_values_f_less_fmax:291
                ASU Exp:
                    total_ASUExp:0.00204013
                    time_top_o:7.9327e-05
                    time_check_in_c:0.000102827
                    time_add_parent:1.8036e-05
                    num_neighbors:4478
                    time_add_neighbors_to_o:0.00164895
        Stage2:
            total_Stage2:0.00914877
            num_len_path:131
            time_expanding_s:6.3094e-05
            timing_AStarSearchUntil:
                total_astar_search_until:0.00905091
                num_values_f_less_fmax:548
                ASU Exp:
                    total_ASUExp:0.00904799
                    time_top_o:0.000148591
                    time_check_in_c:0.000107822
                    time_add_parent:0.000180831
                    num_neighbors:19529
                    time_add_neighbors_to_o:0.0080059
        Stage3:
            total_Stage3:0.00966297
            num_until_goal_expanded:320
            timing_S3Exp:
                total_S3Exp: 0.00464475
                time_top_o: 6.1606e-05
                time_check_in_c: 3.9986e-05
                time_add_parent: 7.4122e-05
                num_neighbors: 7701
                time_add_neighbors_to_o: 0.00394919
    timing_PIOW_overlapping:
        total_PIOW: 1.34927
        num_windows: 510
        time_check_overlap: 1.4728e-05
        num_overlapping_windows: 8
        time_merge_windows: 8.665e-06
        time_remove_window: 1.714e-06
        time_remove_window: 8.248e-06
        timing_PlanIn:
            total_PlanIn:1.34922
            num_until_goal_expanded:4025
            timing_expansions:
                total_S3Exp: 1.3492
                time_top_o: 0.00282418
                time_check_in_c: 0.00113103
                time_add_parent: 0.00214912
                num_neighbors: 1961351
                time_add_neighbors_to_o: 1.28564
    num_new_collisions: 13
    timing_PIOW_new_collisions:
        total_PIOW: 6.5176
        num_windows: 118
        time_check_overlap: 3.734e-06
        num_overlapping_windows: 1
        time_merge_windows: 0
        time_remove_window: 1.39429
        time_remove_window: 6.446e-06
        timing_PlanIn:
            total_PlanIn:6.51757
            num_until_goal_expanded:4754
            timing_expansions:
                total_S3Exp: 6.51755
                time_top_o: 0.00498558
                time_check_in_c: 0.0012608
                time_add_parent: 0.00274012
                num_neighbors: 8684548
                time_add_neighbors_to_o: 6.2804
    num_windows_should_quit: 0
    time_should_quit: 5.061e-06
    time_remove_window: 0
Complete!
