Total time: 0.174382
is_optimal: true
optimality_bound: 1
successive_bounds: [1.02494, 1.02341, 1.02341, 1.02341, 1.02341, 1.02341, 1.02341, 1.02341, 1.02341, 1.02341, 1.02341, 1.02341, 1.02341, 1.02341, 1.02341, 1.02341, 1.02341, 1.02341, 1.02341, 1.02341, 1.02341, 1.02341, 1.02341, 1.02341, 1.02341, 1.02341, 1.02341, 1.02341, 1.02341, 1.02341, 1.02341, 1.02341, 1]
successive_runtimes: [0.0749316, 0.148334, 0.149722, 0.150625, 0.151515, 0.152392, 0.153306, 0.154204, 0.155066, 0.155997, 0.156852, 0.157695, 0.158534, 0.159423, 0.160253, 0.161081, 0.161904, 0.162725, 0.163549, 0.164372, 0.165186, 0.165989, 0.166793, 0.167591, 0.168396, 0.169257, 0.170051, 0.170954, 0.171857, 0.172774, 0.173586, 0.174382]
num_agents: 40
time_individual_plan: 0.00558582
time_first_plan: 0.06881
num_max_agents_in_window_first_iteration: 3
num_recWAMPF: 32
timing_recWAMPF:
    total_RecWAMPF: 0.168255
    num_windows: 70
    num_max_agents_in_window: 3
    timing_gari:
        total_GARI: 0.0125717
        time_path_btw_starts: 0.00010077
        Stage1:
            total_Stage1:0.000375313
            time_add_x_to_o: 0.000332425
            time_clear_x: 3.6322e-05
            timing_AStarSearchUntil:
                total_astar_search_until:3.108e-06
                num_values_f_less_fmax:0
                ASU Exp:
                    total_ASUExp:1.502e-06
                    time_top_o:0
                    time_check_in_c:0
                    time_add_parent:0
                    num_neighbors:0
                    time_add_neighbors_to_o:0
        Stage2:
            total_Stage2:0.00110744
            num_len_path:35
            time_expanding_s:2.0473e-05
            timing_AStarSearchUntil:
                total_astar_search_until:0.00106723
                num_values_f_less_fmax:40
                ASU Exp:
                    total_ASUExp:0.0010659
                    time_top_o:1.3083e-05
                    time_check_in_c:9.036e-06
                    time_add_parent:1.6981e-05
                    num_neighbors:3254
                    time_add_neighbors_to_o:0.000954002
        Stage3:
            total_Stage3:0.0109744
            num_until_goal_expanded:421
            timing_S3Exp:
                total_S3Exp: 0.00231626
                time_top_o: 9.2337e-05
                time_check_in_c: 5.7145e-05
                time_add_parent: 9.7443e-05
                num_neighbors: 2579
                time_add_neighbors_to_o: 0.00131896
    timing_PIOW_overlapping:
        total_PIOW: 0.0726937
        num_windows: 65
        time_check_overlap: 7.8e-07
        num_overlapping_windows: 6
        time_merge_windows: 7.437e-06
        time_remove_window: 1.196e-06
        time_remove_window: 7.102e-06
        timing_PlanIn:
            total_PlanIn:0.0726738
            num_until_goal_expanded:1774
            timing_expansions:
                total_S3Exp: 0.0726529
                time_top_o: 0.000364481
                time_check_in_c: 0.000322698
                time_add_parent: 0.000485659
                num_neighbors: 155345
                time_add_neighbors_to_o: 0.0651828
    num_new_collisions: 8
    timing_PIOW_new_collisions:
        total_PIOW: 0.0666134
        num_windows: 57
        time_check_overlap: 1.783e-06
        num_overlapping_windows: 1
        time_merge_windows: 0
        time_remove_window: 0.00844907
        time_remove_window: 2.278e-06
        timing_PlanIn:
            total_PlanIn:0.0665986
            num_until_goal_expanded:1688
            timing_expansions:
                total_S3Exp: 0.0665831
                time_top_o: 0.00033659
                time_check_in_c: 0.000305418
                time_add_parent: 0.000464222
                num_neighbors: 146170
                time_add_neighbors_to_o: 0.0594561
    num_windows_should_quit: 1
    time_should_quit: 3.091e-06
    time_remove_window: 2.78e-07
Complete!
