Total time: 0.0263718
is_optimal: true
optimality_bound: 1
successive_bounds: [1.00289, 1.00289, 1.00289, 1.00289, 1.00289, 1.00289, 1.00289, 1.00289, 1.00289, 1.00289, 1.00289, 1.00289, 1.00289, 1.00289, 1.00289, 1.00289, 1.00289, 1.00289, 1.00289, 1.00289, 1.00289, 1, 1]
successive_runtimes: [0.00244384, 0.00257874, 0.0027103, 0.0028409, 0.0029733, 0.00311245, 0.0032596, 0.00341595, 0.00355453, 0.0036906, 0.00383992, 0.00398392, 0.0041299, 0.00427151, 0.00448082, 0.00463383, 0.00479998, 0.00496441, 0.00513367, 0.00530775, 0.00548583, 0.0263718]
num_agents: 10
time_individual_plan: 0.00163363
time_first_plan: 0.000172062
num_max_agents_in_window_first_iteration: 2
num_recWAMPF: 22
timing_recWAMPF:
    total_RecWAMPF: 0.0240958
    num_windows: 43
    num_max_agents_in_window: 2
    timing_gari:
        total_GARI: 0.0235361
        time_path_btw_starts: 0.000110888
        Stage1:
            total_Stage1:0.000262023
            time_add_x_to_o: 0.000228206
            time_clear_x: 2.8957e-05
            timing_AStarSearchUntil:
                total_astar_search_until:2.186e-06
                num_values_f_less_fmax:0
                ASU Exp:
                    total_ASUExp:1.167e-06
                    time_top_o:0
                    time_check_in_c:0
                    time_add_parent:0
                    num_neighbors:0
                    time_add_neighbors_to_o:0
        Stage2:
            total_Stage2:0.0211498
            num_len_path:58
            time_expanding_s:2.4989e-05
            timing_AStarSearchUntil:
                total_astar_search_until:0.0211119
                num_values_f_less_fmax:1432
                ASU Exp:
                    total_ASUExp:0.0211109
                    time_top_o:0.000553667
                    time_check_in_c:0.000311101
                    time_add_parent:0.000423678
                    num_neighbors:34385
                    time_add_neighbors_to_o:0.0181852
        Stage3:
            total_Stage3:0.00200572
            num_until_goal_expanded:48
            timing_S3Exp:
                total_S3Exp: 0.000361762
                time_top_o: 7.891e-06
                time_check_in_c: 5.525e-06
                time_add_parent: 1.1273e-05
                num_neighbors: 300
                time_add_neighbors_to_o: 0.000192647
    timing_PIOW_overlapping:
        total_PIOW: 7.71e-07
        num_windows: 21
        time_check_overlap: 0
        num_overlapping_windows: 0
        time_merge_windows: 0
        time_remove_window: 0
        time_remove_window: 0
        timing_PlanIn:
            total_PlanIn:0
            num_until_goal_expanded:0
            timing_expansions:
                total_S3Exp: 0
                time_top_o: 0
                time_check_in_c: 0
                time_add_parent: 0
                num_neighbors: 0
                time_add_neighbors_to_o: 0
    num_new_collisions: 1
    timing_PIOW_new_collisions:
        total_PIOW: 0.000140185
        num_windows: 0
        time_check_overlap: 0
        num_overlapping_windows: 0
        time_merge_windows: 0
        time_remove_window: 0
        time_remove_window: 2.73e-07
        timing_PlanIn:
            total_PlanIn:0.00013824
            num_until_goal_expanded:8
            timing_expansions:
                total_S3Exp: 0.000134877
                time_top_o: 2.036e-06
                time_check_in_c: 2.504e-06
                time_add_parent: 4.024e-06
                num_neighbors: 160
                time_add_neighbors_to_o: 0.000107136
    num_windows_should_quit: 0
    time_should_quit: 1.501e-06
    time_remove_window: 0
Complete!
