Total time: 0.00738723
is_optimal: true
optimality_bound: 1
successive_bounds: [1.00152, 1.00152, 1.00152, 1.00152, 1.00152, 1.00152, 1.00152, 1.00152, 1.00152, 1.00152, 1.00152, 1.00152, 1.00152, 1.00152, 1.00152, 1.00152, 1.00152, 1.00152, 1, 1]
successive_runtimes: [0.00358874, 0.00379633, 0.00400229, 0.00420122, 0.00440829, 0.00461694, 0.00483311, 0.00505022, 0.00527494, 0.00546408, 0.00563062, 0.00579489, 0.00598362, 0.0061503, 0.0063189, 0.00648968, 0.00666257, 0.00683695, 0.00738721]
num_agents: 20
time_individual_plan: 0.00261117
time_first_plan: 0.000257888
num_max_agents_in_window_first_iteration: 2
num_recWAMPF: 19
timing_recWAMPF:
    total_RecWAMPF: 0.00405248
    num_windows: 37
    num_max_agents_in_window: 2
    timing_gari:
        total_GARI: 0.0025253
        time_path_btw_starts: 7.2182e-05
        Stage1:
            total_Stage1:0.000207683
            time_add_x_to_o: 0.000182464
            time_clear_x: 2.0518e-05
            timing_AStarSearchUntil:
                total_astar_search_until:2.135e-06
                num_values_f_less_fmax:0
                ASU Exp:
                    total_ASUExp:1.039e-06
                    time_top_o:0
                    time_check_in_c:0
                    time_add_parent:0
                    num_neighbors:0
                    time_add_neighbors_to_o:0
        Stage2:
            total_Stage2:0.000627835
            num_len_path:26
            time_expanding_s:1.3471e-05
            timing_AStarSearchUntil:
                total_astar_search_until:0.000603023
                num_values_f_less_fmax:42
                ASU Exp:
                    total_ASUExp:0.000602102
                    time_top_o:1.2692e-05
                    time_check_in_c:1.0462e-05
                    time_add_parent:1.9501e-05
                    num_neighbors:1050
                    time_add_neighbors_to_o:0.000497085
        Stage3:
            total_Stage3:0.00161109
            num_until_goal_expanded:87
            timing_S3Exp:
                total_S3Exp: 0.000917747
                time_top_o: 1.9954e-05
                time_check_in_c: 1.4235e-05
                time_add_parent: 2.2664e-05
                num_neighbors: 1106
                time_add_neighbors_to_o: 0.000673996
    timing_PIOW_overlapping:
        total_PIOW: 8.85e-07
        num_windows: 18
        time_check_overlap: 0
        num_overlapping_windows: 0
        time_merge_windows: 0
        time_remove_window: 0
        time_remove_window: 0
        timing_PlanIn:
            total_PlanIn:0
            num_until_goal_expanded:0
            timing_expansions:
                total_S3Exp: 0
                time_top_o: 0
                time_check_in_c: 0
                time_add_parent: 0
                num_neighbors: 0
                time_add_neighbors_to_o: 0
    num_new_collisions: 1
    timing_PIOW_new_collisions:
        total_PIOW: 0.000176015
        num_windows: 0
        time_check_overlap: 0
        num_overlapping_windows: 0
        time_merge_windows: 0
        time_remove_window: 0
        time_remove_window: 4.33e-07
        timing_PlanIn:
            total_PlanIn:0.000173684
            num_until_goal_expanded:10
            timing_expansions:
                total_S3Exp: 0.000170449
                time_top_o: 2.766e-06
                time_check_in_c: 2.617e-06
                time_add_parent: 4.816e-06
                num_neighbors: 210
                time_add_neighbors_to_o: 0.000136764
    num_windows_should_quit: 0
    time_should_quit: 1.34e-06
    time_remove_window: 0
Complete!
