Total time: 3.94969
is_optimal: true
optimality_bound: 1
successive_bounds: [1.00241, 1.00172, 1.00103, 1.00103, 1.00103, 1.00103, 1.00103, 1.00103, 1.00103, 1.00069, 1.00069, 1.00069, 1.00069, 1.00069, 1.00069, 1.00069, 1.00069, 1.00069, 1.00069, 1, 1]
successive_runtimes: [0.0132385, 0.0158993, 0.0180587, 0.0200895, 0.0222267, 0.0242688, 1.34972, 2.41711, 2.54667, 2.67563, 2.80299, 2.92961, 3.05645, 3.18464, 3.3116, 3.43871, 3.56618, 3.69415, 3.82179, 3.94969]
num_agents: 50
time_individual_plan: 0.00649054
time_first_plan: 0.00622051
num_max_agents_in_window_first_iteration: 2
num_recWAMPF: 20
timing_recWAMPF:
    total_RecWAMPF: 3.94266
    num_windows: 256
    num_max_agents_in_window: 5
    timing_gari:
        total_GARI: 2.59874
        time_path_btw_starts: 0.000832944
        Stage1:
            total_Stage1:0.777464
            time_add_x_to_o: 0.646851
            time_clear_x: 0.123894
            timing_AStarSearchUntil:
                total_astar_search_until:0.00670348
                num_values_f_less_fmax:2479
                ASU Exp:
                    total_ASUExp:0.00669719
                    time_top_o:0.000784425
                    time_check_in_c:0.000598359
                    time_add_parent:0.000365913
                    num_neighbors:11637
                    time_add_neighbors_to_o:0.00414423
        Stage2:
            total_Stage2:0.0355685
            num_len_path:226
            time_expanding_s:0.00077664
            timing_AStarSearchUntil:
                total_astar_search_until:0.0346761
                num_values_f_less_fmax:583
                ASU Exp:
                    total_ASUExp:0.0346708
                    time_top_o:0.000197293
                    time_check_in_c:0.000151014
                    time_add_parent:0.000209293
                    num_neighbors:63405
                    time_add_neighbors_to_o:0.0301776
        Stage3:
            total_Stage3:1.78466
            num_until_goal_expanded:2069
            timing_S3Exp:
                total_S3Exp: 0.17704
                time_top_o: 0.000480757
                time_check_in_c: 0.000244847
                time_add_parent: 0.000453077
                num_neighbors: 11005
                time_add_neighbors_to_o: 0.00406746
    timing_PIOW_overlapping:
        total_PIOW: 1.32376
        num_windows: 841
        time_check_overlap: 3.4794e-05
        num_overlapping_windows: 2
        time_merge_windows: 3.899e-06
        time_remove_window: 1.352e-06
        time_remove_window: 3.801e-06
        timing_PlanIn:
            total_PlanIn:1.32369
            num_until_goal_expanded:1334
            timing_expansions:
                total_S3Exp: 1.32369
                time_top_o: 0.00091248
                time_check_in_c: 0.00034015
                time_add_parent: 0.000582338
                num_neighbors: 2101848
                time_add_neighbors_to_o: 1.26649
    num_new_collisions: 9
    timing_PIOW_new_collisions:
        total_PIOW: 0.00389346
        num_windows: 74
        time_check_overlap: 2.364e-06
        num_overlapping_windows: 1
        time_merge_windows: 0
        time_remove_window: 0.0148753
        time_remove_window: 3.816e-06
        timing_PlanIn:
            total_PlanIn:0.003878
            num_until_goal_expanded:329
            timing_expansions:
                total_S3Exp: 0.00385601
                time_top_o: 5.449e-05
                time_check_in_c: 5.7072e-05
                time_add_parent: 8.3637e-05
                num_neighbors: 5928
                time_add_neighbors_to_o: 0.0031189
    num_windows_should_quit: 0
    time_should_quit: 1.3367e-05
    time_remove_window: 0
Complete!
