Total time: 0.519467
is_optimal: true
optimality_bound: 1
successive_bounds: [1.00106, 1.00106, 1.00106, 1.00106, 1.00106, 1.00106, 1.00106, 1.00106, 1.00106, 1.00106, 1.00106, 1.00106, 1.00106, 1.00106, 1, 1]
successive_runtimes: [0.0147943, 0.0178862, 0.0206648, 0.0233873, 0.0259657, 0.028514, 0.0309936, 0.0335263, 0.0362621, 0.043241, 0.0462956, 0.052487, 0.0569599, 0.0598392, 0.519467]
num_agents: 30
time_individual_plan: 0.0112502
time_first_plan: 0.00244541
num_max_agents_in_window_first_iteration: 2
num_recWAMPF: 15
timing_recWAMPF:
    total_RecWAMPF: 0.507111
    num_windows: 114
    num_max_agents_in_window: 3
    timing_gari:
        total_GARI: 0.0422301
        time_path_btw_starts: 0.000411515
        Stage1:
            total_Stage1:0.0103796
            time_add_x_to_o: 0.00497637
            time_clear_x: 0.000702661
            timing_AStarSearchUntil:
                total_astar_search_until:0.00469013
                num_values_f_less_fmax:357
                ASU Exp:
                    total_ASUExp:0.00468548
                    time_top_o:0.000189341
                    time_check_in_c:0.000235796
                    time_add_parent:0.000179313
                    num_neighbors:4506
                    time_add_neighbors_to_o:0.00359861
        Stage2:
            total_Stage2:0.0115447
            num_len_path:83
            time_expanding_s:0.000106687
            timing_AStarSearchUntil:
                total_astar_search_until:0.0113786
                num_values_f_less_fmax:454
                ASU Exp:
                    total_ASUExp:0.0113744
                    time_top_o:0.000232811
                    time_check_in_c:0.000185997
                    time_add_parent:0.000421281
                    num_neighbors:10561
                    time_add_neighbors_to_o:0.00935562
        Stage3:
            total_Stage3:0.0198452
            num_until_goal_expanded:1123
            timing_S3Exp:
                total_S3Exp: 0.0144098
                time_top_o: 0.000496259
                time_check_in_c: 0.000352026
                time_add_parent: 0.000621446
                num_neighbors: 10671
                time_add_neighbors_to_o: 0.0101593
    timing_PIOW_overlapping:
        total_PIOW: 0.457215
        num_windows: 221
        time_check_overlap: 1.4161e-05
        num_overlapping_windows: 1
        time_merge_windows: 3.224e-06
        time_remove_window: 5.41e-07
        time_remove_window: 3.137e-06
        timing_PlanIn:
            total_PlanIn:0.457183
            num_until_goal_expanded:5660
            timing_expansions:
                total_S3Exp: 0.457179
                time_top_o: 0.00527122
                time_check_in_c: 0.0022004
                time_add_parent: 0.00462699
                num_neighbors: 507044
                time_add_neighbors_to_o: 0.407971
    num_new_collisions: 4
    timing_PIOW_new_collisions:
        total_PIOW: 0.00169489
        num_windows: 12
        time_check_overlap: 8.85e-07
        num_overlapping_windows: 0
        time_merge_windows: 0
        time_remove_window: 0
        time_remove_window: 2.837e-06
        timing_PlanIn:
            total_PlanIn:0.00168076
            num_until_goal_expanded:85
            timing_expansions:
                total_S3Exp: 0.00166299
                time_top_o: 2.3817e-05
                time_check_in_c: 4.0363e-05
                time_add_parent: 7.9793e-05
                num_neighbors: 924
                time_add_neighbors_to_o: 0.00120677
    num_windows_should_quit: 0
    time_should_quit: 7.534e-06
    time_remove_window: 0
Complete!
