Total time: 0.0523634
is_optimal: true
optimality_bound: 1
successive_bounds: [1.00306, 1.00306, 1.00306, 1.00306, 1.00306, 1.00306, 1.00306, 1.00306, 1.00306, 1.00306, 1.00306, 1.00306, 1.00306, 1.00306, 1.00306, 1.00306, 1.00306, 1.00306, 1.00306, 1.00306, 1.00306, 1.00306, 1.00306, 1.00306, 1.00306, 1.00306, 1, 1]
successive_runtimes: [0.0023096, 0.00268638, 0.00304022, 0.00339601, 0.00373772, 0.0040776, 0.00442441, 0.00477532, 0.00514791, 0.00556974, 0.00609815, 0.00665475, 0.00718156, 0.00777433, 0.00842628, 0.00920025, 0.00997792, 0.01086, 0.0118517, 0.0131492, 0.0146366, 0.0161443, 0.0216591, 0.0290082, 0.0367539, 0.0441477, 0.0523634]
num_agents: 10
time_individual_plan: 0.00148521
time_first_plan: 0.000297309
num_max_agents_in_window_first_iteration: 2
num_recWAMPF: 27
timing_recWAMPF:
    total_RecWAMPF: 0.0503478
    num_windows: 53
    num_max_agents_in_window: 2
    timing_gari:
        total_GARI: 0.0494919
        time_path_btw_starts: 0.000100275
        Stage1:
            total_Stage1:0.0360488
            time_add_x_to_o: 0.0110504
            time_clear_x: 0.00193352
            timing_AStarSearchUntil:
                total_astar_search_until:0.0230616
                num_values_f_less_fmax:5448
                ASU Exp:
                    total_ASUExp:0.0230603
                    time_top_o:0.00165213
                    time_check_in_c:0.000936091
                    time_add_parent:0.000669454
                    num_neighbors:44893
                    time_add_neighbors_to_o:0.0165587
        Stage2:
            total_Stage2:0.00524253
            num_len_path:55
            time_expanding_s:1.9991e-05
            timing_AStarSearchUntil:
                total_astar_search_until:0.00520782
                num_values_f_less_fmax:386
                ASU Exp:
                    total_ASUExp:0.00520662
                    time_top_o:0.000105388
                    time_check_in_c:8.2144e-05
                    time_add_parent:0.000127003
                    num_neighbors:10831
                    time_add_neighbors_to_o:0.00449287
        Stage3:
            total_Stage3:0.00809123
            num_until_goal_expanded:1031
            timing_S3Exp:
                total_S3Exp: 0.00462655
                time_top_o: 0.000236013
                time_check_in_c: 0.000144729
                time_add_parent: 0.000287189
                num_neighbors: 8293
                time_add_neighbors_to_o: 0.00292545
    timing_PIOW_overlapping:
        total_PIOW: 6.62e-07
        num_windows: 26
        time_check_overlap: 0
        num_overlapping_windows: 0
        time_merge_windows: 0
        time_remove_window: 0
        time_remove_window: 0
        timing_PlanIn:
            total_PlanIn:0
            num_until_goal_expanded:0
            timing_expansions:
                total_S3Exp: 0
                time_top_o: 0
                time_check_in_c: 0
                time_add_parent: 0
                num_neighbors: 0
                time_add_neighbors_to_o: 0
    num_new_collisions: 1
    timing_PIOW_new_collisions:
        total_PIOW: 0.000260889
        num_windows: 0
        time_check_overlap: 0
        num_overlapping_windows: 0
        time_merge_windows: 0
        time_remove_window: 0
        time_remove_window: 2.73e-07
        timing_PlanIn:
            total_PlanIn:0.00025943
            num_until_goal_expanded:40
            timing_expansions:
                total_S3Exp: 0.000241285
                time_top_o: 5.179e-06
                time_check_in_c: 7.679e-06
                time_add_parent: 2.3966e-05
                num_neighbors: 302
                time_add_neighbors_to_o: 0.000137497
    num_windows_should_quit: 0
    time_should_quit: 1.296e-06
    time_remove_window: 0
Complete!
