Total time: 0.017472
is_optimal: true
optimality_bound: 1
successive_bounds: [1.00284, 1.00284, 1.00284, 1.00284, 1.00284, 1.00284, 1.00284, 1.00284, 1.00284, 1.00284, 1.00284, 1.00284, 1.00284, 1.00284, 1.00284, 1.00284, 1.00284, 1.00284, 1.00284, 1, 1]
successive_runtimes: [0.00205114, 0.00215334, 0.00225086, 0.00234903, 0.00244878, 0.0025548, 0.0026662, 0.00278074, 0.00289825, 0.00301857, 0.00314858, 0.00333067, 0.0034565, 0.00359325, 0.00372834, 0.00385818, 0.0039944, 0.00413621, 0.00428493, 0.0174719]
num_agents: 10
time_individual_plan: 0.00138012
time_first_plan: 0.000140107
num_max_agents_in_window_first_iteration: 2
num_recWAMPF: 20
timing_recWAMPF:
    total_RecWAMPF: 0.0155585
    num_windows: 39
    num_max_agents_in_window: 2
    timing_gari:
        total_GARI: 0.0149435
        time_path_btw_starts: 8.5584e-05
        Stage1:
            total_Stage1:0.000207751
            time_add_x_to_o: 0.000184099
            time_clear_x: 1.996e-05
            timing_AStarSearchUntil:
                total_astar_search_until:1.605e-06
                num_values_f_less_fmax:0
                ASU Exp:
                    total_ASUExp:7.01e-07
                    time_top_o:0
                    time_check_in_c:0
                    time_add_parent:0
                    num_neighbors:0
                    time_add_neighbors_to_o:0
        Stage2:
            total_Stage2:0.0135719
            num_len_path:55
            time_expanding_s:2.0265e-05
            timing_AStarSearchUntil:
                total_astar_search_until:0.0135423
                num_values_f_less_fmax:1058
                ASU Exp:
                    total_ASUExp:0.0135415
                    time_top_o:0.000309668
                    time_check_in_c:0.0002044
                    time_add_parent:0.00027899
                    num_neighbors:26349
                    time_add_neighbors_to_o:0.011652
        Stage3:
            total_Stage3:0.00107298
            num_until_goal_expanded:37
            timing_S3Exp:
                total_S3Exp: 0.000174542
                time_top_o: 4.836e-06
                time_check_in_c: 2.83e-06
                time_add_parent: 8.305e-06
                num_neighbors: 87
                time_add_neighbors_to_o: 5.8537e-05
    timing_PIOW_overlapping:
        total_PIOW: 4.57e-07
        num_windows: 19
        time_check_overlap: 0
        num_overlapping_windows: 0
        time_merge_windows: 0
        time_remove_window: 0
        time_remove_window: 0
        timing_PlanIn:
            total_PlanIn:0
            num_until_goal_expanded:0
            timing_expansions:
                total_S3Exp: 0
                time_top_o: 0
                time_check_in_c: 0
                time_add_parent: 0
                num_neighbors: 0
                time_add_neighbors_to_o: 0
    num_new_collisions: 1
    timing_PIOW_new_collisions:
        total_PIOW: 0.000103603
        num_windows: 0
        time_check_overlap: 0
        num_overlapping_windows: 0
        time_merge_windows: 0
        time_remove_window: 0
        time_remove_window: 3.2e-07
        timing_PlanIn:
            total_PlanIn:0.000102018
            num_until_goal_expanded:8
            timing_expansions:
                total_S3Exp: 9.8949e-05
                time_top_o: 1.639e-06
                time_check_in_c: 1.844e-06
                time_add_parent: 2.958e-06
                num_neighbors: 139
                time_add_neighbors_to_o: 7.7253e-05
    num_windows_should_quit: 0
    time_should_quit: 1.143e-06
    time_remove_window: 0
Complete!
