Total time: 3.88278
is_optimal: true
optimality_bound: 1
successive_bounds: [1.00921, 1.00283, 1.00283, 1.00283, 1.00283, 1.00283, 1.00283, 1.00142, 1.00142, 1.00142, 1.00142, 1.00142, 1.00142, 1.00142, 1.00142, 1.00142, 1.00142, 1.00142, 1, 1]
successive_runtimes: [0.0124836, 0.216661, 0.285909, 0.411849, 0.565329, 0.779277, 0.998331, 1.27026, 1.42777, 1.52069, 1.6279, 1.76267, 1.92683, 2.15721, 2.38443, 2.6644, 3.00857, 3.37193, 3.88278]
num_agents: 20
time_individual_plan: 0.0027308
time_first_plan: 0.0090148
num_max_agents_in_window_first_iteration: 3
num_recWAMPF: 19
timing_recWAMPF:
    total_RecWAMPF: 3.8793
    num_windows: 39
    num_max_agents_in_window: 4
    timing_gari:
        total_GARI: 3.81653
        time_path_btw_starts: 0.000167457
        Stage1:
            total_Stage1:2.66901
            time_add_x_to_o: 0.603698
            time_clear_x: 0.357033
            timing_AStarSearchUntil:
                total_astar_search_until:1.70827
                num_values_f_less_fmax:49939
                ASU Exp:
                    total_ASUExp:1.70826
                    time_top_o:0.0618888
                    time_check_in_c:0.025963
                    time_add_parent:0.0174618
                    num_neighbors:2653733
                    time_add_neighbors_to_o:1.5409
        Stage2:
            total_Stage2:0.0335232
            num_len_path:36
            time_expanding_s:5.0501e-05
            timing_AStarSearchUntil:
                total_astar_search_until:0.0334342
                num_values_f_less_fmax:254
                ASU Exp:
                    total_ASUExp:0.0334331
                    time_top_o:0.000229631
                    time_check_in_c:7.639e-05
                    time_add_parent:0.000140543
                    num_neighbors:44982
                    time_add_neighbors_to_o:0.032468
        Stage3:
            total_Stage3:1.11368
            num_until_goal_expanded:11948
            timing_S3Exp:
                total_S3Exp: 0.268635
                time_top_o: 0.00926535
                time_check_in_c: 0.00325068
                time_add_parent: 0.00865103
                num_neighbors: 389559
                time_add_neighbors_to_o: 0.227667
    timing_PIOW_overlapping:
        total_PIOW: 0.0102732
        num_windows: 22
        time_check_overlap: 2.79e-07
        num_overlapping_windows: 1
        time_merge_windows: 1.984e-06
        time_remove_window: 2.99e-07
        time_remove_window: 1.914e-06
        timing_PlanIn:
            total_PlanIn:0.0102663
            num_until_goal_expanded:179
            timing_expansions:
                total_S3Exp: 0.0102627
                time_top_o: 5.2658e-05
                time_check_in_c: 3.8135e-05
                time_add_parent: 5.7202e-05
                num_neighbors: 19111
                time_add_neighbors_to_o: 0.00924716
    num_new_collisions: 4
    timing_PIOW_new_collisions:
        total_PIOW: 0.0506706
        num_windows: 6
        time_check_overlap: 4.83e-07
        num_overlapping_windows: 2
        time_merge_windows: 0
        time_remove_window: 3.84853
        time_remove_window: 1.372e-06
        timing_PlanIn:
            total_PlanIn:0.0506585
            num_until_goal_expanded:642
            timing_expansions:
                total_S3Exp: 0.0506467
                time_top_o: 0.00021966
                time_check_in_c: 0.000150731
                time_add_parent: 0.000207198
                num_neighbors: 75794
                time_add_neighbors_to_o: 0.0465367
    num_windows_should_quit: 0
    time_should_quit: 3.147e-06
    time_remove_window: 0
Complete!
