Total time: 0.00994693
is_optimal: true
optimality_bound: 1
successive_bounds: [1.00109, 1.00109, 1.00109, 1.00109, 1.00109, 1.00109, 1.00109, 1, 1]
successive_runtimes: [0.00413625, 0.0047253, 0.00536685, 0.00607677, 0.00695456, 0.00786068, 0.00890327, 0.00994691]
num_agents: 30
time_individual_plan: 0.00307923
time_first_plan: 0.000488305
num_max_agents_in_window_first_iteration: 2
num_recWAMPF: 8
timing_recWAMPF:
    total_RecWAMPF: 0.00629748
    num_windows: 15
    num_max_agents_in_window: 2
    timing_gari:
        total_GARI: 0.00448633
        time_path_btw_starts: 3.1834e-05
        Stage1:
            total_Stage1:0.00280952
            time_add_x_to_o: 0.00102731
            time_clear_x: 0.000142173
            timing_AStarSearchUntil:
                total_astar_search_until:0.00163908
                num_values_f_less_fmax:536
                ASU Exp:
                    total_ASUExp:0.0016387
                    time_top_o:0.000124532
                    time_check_in_c:7.7448e-05
                    time_add_parent:0.000117607
                    num_neighbors:2971
                    time_add_neighbors_to_o:0.00107487
        Stage2:
            total_Stage2:0.000444385
            num_len_path:14
            time_expanding_s:5.292e-06
            timing_AStarSearchUntil:
                total_astar_search_until:0.000434924
                num_values_f_less_fmax:35
                ASU Exp:
                    total_ASUExp:0.000434582
                    time_top_o:8.058e-06
                    time_check_in_c:6.822e-06
                    time_add_parent:8.319e-06
                    num_neighbors:1032
                    time_add_neighbors_to_o:0.000376275
        Stage3:
            total_Stage3:0.00119825
            num_until_goal_expanded:160
            timing_S3Exp:
                total_S3Exp: 0.000911922
                time_top_o: 3.4591e-05
                time_check_in_c: 2.2606e-05
                time_add_parent: 4.6507e-05
                num_neighbors: 1748
                time_add_neighbors_to_o: 0.000652935
    timing_PIOW_overlapping:
        total_PIOW: 1.87e-07
        num_windows: 7
        time_check_overlap: 0
        num_overlapping_windows: 0
        time_merge_windows: 0
        time_remove_window: 0
        time_remove_window: 0
        timing_PlanIn:
            total_PlanIn:0
            num_until_goal_expanded:0
            timing_expansions:
                total_S3Exp: 0
                time_top_o: 0
                time_check_in_c: 0
                time_add_parent: 0
                num_neighbors: 0
                time_add_neighbors_to_o: 0
    num_new_collisions: 1
    timing_PIOW_new_collisions:
        total_PIOW: 0.000213361
        num_windows: 0
        time_check_overlap: 0
        num_overlapping_windows: 0
        time_merge_windows: 0
        time_remove_window: 0
        time_remove_window: 3.43e-07
        timing_PlanIn:
            total_PlanIn:0.000211784
            num_until_goal_expanded:25
            timing_expansions:
                total_S3Exp: 0.000208762
                time_top_o: 3.764e-06
                time_check_in_c: 5.038e-06
                time_add_parent: 7.493e-06
                num_neighbors: 313
                time_add_neighbors_to_o: 0.000150903
    num_windows_should_quit: 0
    time_should_quit: 4.97e-07
    time_remove_window: 0
Complete!
