Total time: 0.106962
is_optimal: true
optimality_bound: 1
successive_bounds: [1.00218, 1.00218, 1.00218, 1.00218, 1.00218, 1.00218, 1.00218, 1.00109, 1.00109, 1.00109, 1.00109, 1, 1]
successive_runtimes: [0.0181528, 0.0207839, 0.0232349, 0.0319028, 0.0381804, 0.0411017, 0.0438004, 0.0633679, 0.0791376, 0.091202, 0.0995293, 0.106962]
num_agents: 30
time_individual_plan: 0.0113616
time_first_plan: 0.00545515
num_max_agents_in_window_first_iteration: 2
num_recWAMPF: 12
timing_recWAMPF:
    total_RecWAMPF: 0.0942585
    num_windows: 121
    num_max_agents_in_window: 3
    timing_gari:
        total_GARI: 0.0782341
        time_path_btw_starts: 0.000695959
        Stage1:
            total_Stage1:0.0347353
            time_add_x_to_o: 0.0157545
            time_clear_x: 0.00222894
            timing_AStarSearchUntil:
                total_astar_search_until:0.0167382
                num_values_f_less_fmax:1363
                ASU Exp:
                    total_ASUExp:0.0167328
                    time_top_o:0.00101379
                    time_check_in_c:0.000705158
                    time_add_parent:0.000540388
                    num_neighbors:13810
                    time_add_neighbors_to_o:0.0129186
        Stage2:
            total_Stage2:0.0269826
            num_len_path:138
            time_expanding_s:0.000223225
            timing_AStarSearchUntil:
                total_astar_search_until:0.0266854
                num_values_f_less_fmax:735
                ASU Exp:
                    total_ASUExp:0.0266809
                    time_top_o:0.000465114
                    time_check_in_c:0.000365837
                    time_add_parent:0.000752203
                    num_neighbors:21528
                    time_add_neighbors_to_o:0.0227516
        Stage3:
            total_Stage3:0.0157652
            num_until_goal_expanded:266
            timing_S3Exp:
                total_S3Exp: 0.00538136
                time_top_o: 0.000112324
                time_check_in_c: 0.000106325
                time_add_parent: 0.000194316
                num_neighbors: 2350
                time_add_neighbors_to_o: 0.00271709
    timing_PIOW_overlapping:
        total_PIOW: 0.00634968
        num_windows: 313
        time_check_overlap: 2.9371e-05
        num_overlapping_windows: 1
        time_merge_windows: 3.347e-06
        time_remove_window: 4.35e-07
        time_remove_window: 3.235e-06
        timing_PlanIn:
            total_PlanIn:0.00629415
            num_until_goal_expanded:70
            timing_expansions:
                total_S3Exp: 0.00628855
                time_top_o: 3.347e-05
                time_check_in_c: 3.5559e-05
                time_add_parent: 8.0372e-05
                num_neighbors: 3582
                time_add_neighbors_to_o: 0.00554158
    num_new_collisions: 6
    timing_PIOW_new_collisions:
        total_PIOW: 0.00425887
        num_windows: 30
        time_check_overlap: 3.926e-06
        num_overlapping_windows: 0
        time_merge_windows: 0
        time_remove_window: 0
        time_remove_window: 4.702e-06
        timing_PlanIn:
            total_PlanIn:0.00423197
            num_until_goal_expanded:127
            timing_expansions:
                total_S3Exp: 0.00420465
                time_top_o: 6.0134e-05
                time_check_in_c: 7.7704e-05
                time_add_parent: 0.000157516
                num_neighbors: 1963
                time_add_neighbors_to_o: 0.00323833
    num_windows_should_quit: 0
    time_should_quit: 8.786e-06
    time_remove_window: 0
Complete!
