Total time: 0.0107066
is_optimal: true
optimality_bound: 1
successive_bounds: [1.00273, 1.00273, 1.00273, 1.00273, 1.00273, 1.00273, 1.00273, 1.00273, 1.00273, 1.00273, 1.00273, 1.00273, 1.00273, 1.00273, 1.00273, 1.00273, 1.00273, 1.00273, 1.00273, 1.00273, 1.00273, 1.00273, 1.00273, 1.00273, 1.00273, 1, 1]
successive_runtimes: [0.00239291, 0.00257176, 0.00273622, 0.00292402, 0.00311097, 0.00329943, 0.00349267, 0.00370667, 0.00398757, 0.00417885, 0.00442994, 0.00471202, 0.00499972, 0.0052453, 0.00554843, 0.00587716, 0.00618604, 0.00649443, 0.00682253, 0.00723348, 0.00779512, 0.00825529, 0.00870648, 0.00918194, 0.00967139, 0.0107066]
num_agents: 10
time_individual_plan: 0.00168173
time_first_plan: 0.000185224
num_max_agents_in_window_first_iteration: 2
num_recWAMPF: 26
timing_recWAMPF:
    total_RecWAMPF: 0.00849574
    num_windows: 51
    num_max_agents_in_window: 2
    timing_gari:
        total_GARI: 0.00775721
        time_path_btw_starts: 0.000105331
        Stage1:
            total_Stage1:0.0022786
            time_add_x_to_o: 0.00102884
            time_clear_x: 0.000107402
            timing_AStarSearchUntil:
                total_astar_search_until:0.00113966
                num_values_f_less_fmax:132
                ASU Exp:
                    total_ASUExp:0.00113859
                    time_top_o:5.0755e-05
                    time_check_in_c:3.0393e-05
                    time_add_parent:3.2927e-05
                    num_neighbors:2350
                    time_add_neighbors_to_o:0.000877971
        Stage2:
            total_Stage2:0.00206305
            num_len_path:51
            time_expanding_s:1.7761e-05
            timing_AStarSearchUntil:
                total_astar_search_until:0.00203163
                num_values_f_less_fmax:184
                ASU Exp:
                    total_ASUExp:0.0020306
                    time_top_o:4.2152e-05
                    time_check_in_c:3.3148e-05
                    time_add_parent:5.0072e-05
                    num_neighbors:4541
                    time_add_neighbors_to_o:0.0017213
        Stage3:
            total_Stage3:0.00330157
            num_until_goal_expanded:121
            timing_S3Exp:
                total_S3Exp: 0.00123473
                time_top_o: 2.4771e-05
                time_check_in_c: 1.7037e-05
                time_add_parent: 3.1552e-05
                num_neighbors: 1531
                time_add_neighbors_to_o: 0.00091479
    timing_PIOW_overlapping:
        total_PIOW: 6.02e-07
        num_windows: 25
        time_check_overlap: 0
        num_overlapping_windows: 0
        time_merge_windows: 0
        time_remove_window: 0
        time_remove_window: 0
        timing_PlanIn:
            total_PlanIn:0
            num_until_goal_expanded:0
            timing_expansions:
                total_S3Exp: 0
                time_top_o: 0
                time_check_in_c: 0
                time_add_parent: 0
                num_neighbors: 0
                time_add_neighbors_to_o: 0
    num_new_collisions: 1
    timing_PIOW_new_collisions:
        total_PIOW: 0.000152198
        num_windows: 0
        time_check_overlap: 0
        num_overlapping_windows: 0
        time_merge_windows: 0
        time_remove_window: 0
        time_remove_window: 3.25e-07
        timing_PlanIn:
            total_PlanIn:0.000150464
            num_until_goal_expanded:12
            timing_expansions:
                total_S3Exp: 0.000147157
                time_top_o: 2.229e-06
                time_check_in_c: 2.59e-06
                time_add_parent: 4.096e-06
                num_neighbors: 236
                time_add_neighbors_to_o: 0.000116845
    num_windows_should_quit: 0
    time_should_quit: 1.173e-06
    time_remove_window: 0
Complete!
