Total time: 0.333084
is_optimal: false
optimality_bound: 1.00354
successive_bounds: [1.00591, 1.00512, 1.00472, 1.00394, 1.00394, 1.00394, 1.00394, 1.00394, 1.00394, 1.00354, 1.00354, 1.00354, 1.00354, 1.00354, 1.00354, 1.00354, 1.00354, 1.00354, 1.00354, 1.00354, 1.00354, 1.00354, 1.00354, 1.00354, 1.00354, 1.00354, 1.00354, 1.00354, 1.00354, 1.00354, 1.00354, 1.00354, 1.00354]
successive_runtimes: [0.0161088, 0.076902, 0.0801686, 0.0853575, 0.0868185, 0.0914815, 0.0972314, 0.118188, 0.135973, 0.153973, 0.165806, 0.1736, 0.180817, 0.188216, 0.199181, 0.208421, 0.216128, 0.223878, 0.230827, 0.237844, 0.244873, 0.252048, 0.259185, 0.266335, 0.273504, 0.280675, 0.287913, 0.295076, 0.302533, 0.310457, 0.31819, 0.325681, 0.333084]
num_agents: 40
time_individual_plan: 0.00443147
time_first_plan: 0.0111624
num_max_agents_in_window_first_iteration: 3
num_recWAMPF: 33
timing_recWAMPF:
    total_RecWAMPF: 0.328131
    num_windows: 273
    num_max_agents_in_window: 3
    timing_gari:
        total_GARI: 0.303283
        time_path_btw_starts: 0.000930578
        Stage1:
            total_Stage1:0.0903393
            time_add_x_to_o: 0.0269118
            time_clear_x: 0.00326214
            timing_AStarSearchUntil:
                total_astar_search_until:0.0601481
                num_values_f_less_fmax:2043
                ASU Exp:
                    total_ASUExp:0.0601416
                    time_top_o:0.000883257
                    time_check_in_c:0.000372364
                    time_add_parent:0.000572114
                    num_neighbors:143352
                    time_add_neighbors_to_o:0.0557265
        Stage2:
            total_Stage2:0.0200813
            num_len_path:235
            time_expanding_s:0.000263995
            timing_AStarSearchUntil:
                total_astar_search_until:0.0196932
                num_values_f_less_fmax:850
                ASU Exp:
                    total_ASUExp:0.0196877
                    time_top_o:0.000269956
                    time_check_in_c:0.000178111
                    time_add_parent:0.00026737
                    num_neighbors:41666
                    time_add_neighbors_to_o:0.0178561
        Stage3:
            total_Stage3:0.191876
            num_until_goal_expanded:1221
            timing_S3Exp:
                total_S3Exp: 0.0320291
                time_top_o: 0.000339414
                time_check_in_c: 0.000190716
                time_add_parent: 0.000360887
                num_neighbors: 60526
                time_add_neighbors_to_o: 0.0281002
    timing_PIOW_overlapping:
        total_PIOW: 0.00235545
        num_windows: 606
        time_check_overlap: 3.0614e-05
        num_overlapping_windows: 4
        time_merge_windows: 4.148e-06
        time_remove_window: 6.17e-07
        time_remove_window: 3.973e-06
        timing_PlanIn:
            total_PlanIn:0.00229993
            num_until_goal_expanded:104
            timing_expansions:
                total_S3Exp: 0.00229293
                time_top_o: 1.4906e-05
                time_check_in_c: 1.8652e-05
                time_add_parent: 2.7202e-05
                num_neighbors: 3739
                time_add_neighbors_to_o: 0.00201001
    num_new_collisions: 9
    timing_PIOW_new_collisions:
        total_PIOW: 0.00971135
        num_windows: 72
        time_check_overlap: 2.112e-06
        num_overlapping_windows: 1
        time_merge_windows: 0
        time_remove_window: 0.00637746
        time_remove_window: 4.724e-06
        timing_PlanIn:
            total_PlanIn:0.00969432
            num_until_goal_expanded:340
            timing_expansions:
                total_S3Exp: 0.00967438
                time_top_o: 7.8927e-05
                time_check_in_c: 6.1095e-05
                time_add_parent: 9.2024e-05
                num_neighbors: 19786
                time_add_neighbors_to_o: 0.0085072
    num_windows_should_quit: 1
    time_should_quit: 1.6652e-05
    time_remove_window: 2.51e-07
Complete!
