Total time: 0.125029
is_optimal: true
optimality_bound: 1
successive_bounds: [1.00332, 1.00332, 1.00332, 1.00332, 1.00237, 1.00237, 1.00237, 1.00237, 1.00237, 1.00237, 1.00237, 1.00237, 1.00237, 1.00237, 1.00142, 1.00142, 1.00142, 1.00095, 1.00095, 1.00095, 1.00095, 1.00095, 1.00095, 1.00095, 1.00095, 1.00095, 1.00095, 1.00095, 1, 1]
successive_runtimes: [0.00507661, 0.00582381, 0.00662709, 0.00738265, 0.00848877, 0.0105129, 0.0125912, 0.0157946, 0.0181872, 0.0199558, 0.0217435, 0.023585, 0.0253982, 0.0272592, 0.037408, 0.0461674, 0.0505756, 0.0542673, 0.0579209, 0.0614939, 0.0650454, 0.0689944, 0.0732703, 0.0784109, 0.0835869, 0.0892748, 0.0956209, 0.102195, 0.125029]
num_agents: 30
time_individual_plan: 0.00367547
time_first_plan: 0.000875505
num_max_agents_in_window_first_iteration: 2
num_recWAMPF: 29
timing_recWAMPF:
    total_RecWAMPF: 0.120823
    num_windows: 198
    num_max_agents_in_window: 3
    timing_gari:
        total_GARI: 0.0938042
        time_path_btw_starts: 0.000576995
        Stage1:
            total_Stage1:0.0421631
            time_add_x_to_o: 0.0178092
            time_clear_x: 0.00267056
            timing_AStarSearchUntil:
                total_astar_search_until:0.0216724
                num_values_f_less_fmax:5000
                ASU Exp:
                    total_ASUExp:0.0216676
                    time_top_o:0.00155504
                    time_check_in_c:0.000908072
                    time_add_parent:0.000914343
                    num_neighbors:42814
                    time_add_neighbors_to_o:0.0158801
        Stage2:
            total_Stage2:0.00802638
            num_len_path:160
            time_expanding_s:0.000177962
            timing_AStarSearchUntil:
                total_astar_search_until:0.00778854
                num_values_f_less_fmax:581
                ASU Exp:
                    total_ASUExp:0.00778426
                    time_top_o:0.000152361
                    time_check_in_c:0.000115254
                    time_add_parent:0.000155026
                    num_neighbors:17608
                    time_add_neighbors_to_o:0.00672457
        Stage3:
            total_Stage3:0.0426512
            num_until_goal_expanded:1958
            timing_S3Exp:
                total_S3Exp: 0.016732
                time_top_o: 0.00049106
                time_check_in_c: 0.000296161
                time_add_parent: 0.000545003
                num_neighbors: 24837
                time_add_neighbors_to_o: 0.0123391
    timing_PIOW_overlapping:
        total_PIOW: 0.00842325
        num_windows: 348
        time_check_overlap: 1.282e-05
        num_overlapping_windows: 1
        time_merge_windows: 1.22e-06
        time_remove_window: 1.53e-07
        time_remove_window: 1.171e-06
        timing_PlanIn:
            total_PlanIn:0.00839757
            num_until_goal_expanded:136
            timing_expansions:
                total_S3Exp: 0.0083955
                time_top_o: 3.3298e-05
                time_check_in_c: 2.375e-05
                time_add_parent: 3.7396e-05
                num_neighbors: 13364
                time_add_neighbors_to_o: 0.00777009
    num_new_collisions: 5
    timing_PIOW_new_collisions:
        total_PIOW: 0.0120508
        num_windows: 19
        time_check_overlap: 9.76e-07
        num_overlapping_windows: 1
        time_merge_windows: 0
        time_remove_window: 0.114806
        time_remove_window: 1.479e-06
        timing_PlanIn:
            total_PlanIn:0.012041
            num_until_goal_expanded:265
            timing_expansions:
                total_S3Exp: 0.0120305
                time_top_o: 6.5949e-05
                time_check_in_c: 5.676e-05
                time_add_parent: 7.3656e-05
                num_neighbors: 19994
                time_add_neighbors_to_o: 0.0109498
    num_windows_should_quit: 0
    time_should_quit: 6.677e-06
    time_remove_window: 0
Complete!
