Total time: 2.87856
is_optimal: false
optimality_bound: 1.00278
successive_bounds: [1.00473, 1.00473, 1.00473, 1.00473, 1.00473, 1.00389, 1.00389, 1.00334, 1.00334, 1.00334, 1.00278]
successive_runtimes: [0.0296969, 0.0408567, 0.0541317, 0.0725666, 0.0832695, 0.140165, 0.425111, 0.885131, 1.41344, 2.04032, 2.87856]
num_agents: 50
time_individual_plan: 0.021997
time_first_plan: 0.00659151
num_max_agents_in_window_first_iteration: 2
num_recWAMPF: 11
timing_recWAMPF:
    total_RecWAMPF: 2.85545
    num_windows: 199
    num_max_agents_in_window: 4
    timing_gari:
        total_GARI: 2.78829
        time_path_btw_starts: 0.00114521
        Stage1:
            total_Stage1:2.25956
            time_add_x_to_o: 0.555934
            time_clear_x: 0.258816
            timing_AStarSearchUntil:
                total_astar_search_until:1.44479
                num_values_f_less_fmax:8120
                ASU Exp:
                    total_ASUExp:1.44478
                    time_top_o:0.0129181
                    time_check_in_c:0.0263863
                    time_add_parent:0.00379429
                    num_neighbors:2526727
                    time_add_neighbors_to_o:1.3773
        Stage2:
            total_Stage2:0.0191895
            num_len_path:189
            time_expanding_s:0.000183473
            timing_AStarSearchUntil:
                total_astar_search_until:0.0188744
                num_values_f_less_fmax:412
                ASU Exp:
                    total_ASUExp:0.0188669
                    time_top_o:0.000185276
                    time_check_in_c:0.000140274
                    time_add_parent:0.000211715
                    num_neighbors:27655
                    time_add_neighbors_to_o:0.017507
        Stage3:
            total_Stage3:0.507911
            num_until_goal_expanded:1965
            timing_S3Exp:
                total_S3Exp: 0.125396
                time_top_o: 0.00114112
                time_check_in_c: 0.000456076
                time_add_parent: 0.000905395
                num_neighbors: 182976
                time_add_neighbors_to_o: 0.119023
    timing_PIOW_overlapping:
        total_PIOW: 0.0457839
        num_windows: 914
        time_check_overlap: 5.7746e-05
        num_overlapping_windows: 1
        time_merge_windows: 1.929e-06
        time_remove_window: 6.13e-07
        time_remove_window: 1.875e-06
        timing_PlanIn:
            total_PlanIn:0.0456751
            num_until_goal_expanded:192
            timing_expansions:
                total_S3Exp: 0.0456713
                time_top_o: 9.3372e-05
                time_check_in_c: 5.1758e-05
                time_add_parent: 7.4213e-05
                num_neighbors: 77915
                time_add_neighbors_to_o: 0.0427643
    num_new_collisions: 12
    timing_PIOW_new_collisions:
        total_PIOW: 0.00816822
        num_windows: 128
        time_check_overlap: 8.616e-06
        num_overlapping_windows: 2
        time_merge_windows: 0
        time_remove_window: 0.176477
        time_remove_window: 8.246e-06
        timing_PlanIn:
            total_PlanIn:0.0081196
            num_until_goal_expanded:203
            timing_expansions:
                total_S3Exp: 0.00807583
                time_top_o: 6.7311e-05
                time_check_in_c: 6.5639e-05
                time_add_parent: 0.00011002
                num_neighbors: 7808
                time_add_neighbors_to_o: 0.00690538
    num_windows_should_quit: 0
    time_should_quit: 1.6933e-05
    time_remove_window: 0
Complete!
