Total time: 5.49105
is_optimal: false
optimality_bound: 1.0021
successive_bounds: [1.0042, 1.00315, 1.00315, 1.00315, 1.00315, 1.00315, 1.00315, 1.00315, 1.00315, 1.00315, 1.0021, 1.0021, 1.0021, 1.0021, 1.0021, 1.0021, 1.0021]
successive_runtimes: [0.00568155, 0.00668686, 0.0075834, 0.00851399, 0.00943353, 0.0103261, 0.0112332, 0.0122236, 0.0131539, 0.0140161, 0.360149, 0.694569, 1.56911, 3.22896, 4.13078, 4.8725, 5.49105]
num_agents: 30
time_individual_plan: 0.00387263
time_first_plan: 0.0012227
num_max_agents_in_window_first_iteration: 2
num_recWAMPF: 17
timing_recWAMPF:
    total_RecWAMPF: 5.48659
    num_windows: 91
    num_max_agents_in_window: 3
    timing_gari:
        total_GARI: 5.13606
        time_path_btw_starts: 0.000211151
        Stage1:
            total_Stage1:1.04755
            time_add_x_to_o: 0.453868
            time_clear_x: 0.134368
            timing_AStarSearchUntil:
                total_astar_search_until:0.459307
                num_values_f_less_fmax:23374
                ASU Exp:
                    total_ASUExp:0.459304
                    time_top_o:0.0257516
                    time_check_in_c:0.0243948
                    time_add_parent:0.00339063
                    num_neighbors:766396
                    time_add_neighbors_to_o:0.38981
        Stage2:
            total_Stage2:0.00243121
            num_len_path:82
            time_expanding_s:4.2271e-05
            timing_AStarSearchUntil:
                total_astar_search_until:0.0023604
                num_values_f_less_fmax:155
                ASU Exp:
                    total_ASUExp:0.0023584
                    time_top_o:3.939e-05
                    time_check_in_c:4.0797e-05
                    time_add_parent:4.4113e-05
                    num_neighbors:4629
                    time_add_neighbors_to_o:0.00205814
        Stage3:
            total_Stage3:4.08583
            num_until_goal_expanded:36794
            timing_S3Exp:
                total_S3Exp: 2.63398
                time_top_o: 0.0460261
                time_check_in_c: 0.00964887
                time_add_parent: 0.0208734
                num_neighbors: 4164268
                time_add_neighbors_to_o: 2.49741
    timing_PIOW_overlapping:
        total_PIOW: 0.345687
        num_windows: 164
        time_check_overlap: 4.98e-06
        num_overlapping_windows: 3
        time_merge_windows: 6.027e-06
        time_remove_window: 7.12e-07
        time_remove_window: 5.862e-06
        timing_PlanIn:
            total_PlanIn:0.345664
            num_until_goal_expanded:6351
            timing_expansions:
                total_S3Exp: 0.345654
                time_top_o: 0.00390148
                time_check_in_c: 0.00120893
                time_add_parent: 0.00217711
                num_neighbors: 678973
                time_add_neighbors_to_o: 0.312195
    num_new_collisions: 4
    timing_PIOW_new_collisions:
        total_PIOW: 0.000578556
        num_windows: 12
        time_check_overlap: 4.49e-07
        num_overlapping_windows: 0
        time_merge_windows: 0
        time_remove_window: 0
        time_remove_window: 1.388e-06
        timing_PlanIn:
            total_PlanIn:0.000568264
            num_until_goal_expanded:69
            timing_expansions:
                total_S3Exp: 0.00056059
                time_top_o: 9.565e-06
                time_check_in_c: 1.1982e-05
                time_add_parent: 1.8679e-05
                num_neighbors: 856
                time_add_neighbors_to_o: 0.000409205
    num_windows_should_quit: 0
    time_should_quit: 3.227e-06
    time_remove_window: 0
Complete!
