Total time: 0.606432
is_optimal: true
optimality_bound: 1
successive_bounds: [1.00543, 1.00543, 1.00543, 1.00543, 1.00543, 1.00543, 1.00543, 1.00346, 1.00296, 1.00296, 1.00198, 1.00099, 1.00099, 1.00099, 1.00099, 1.00099, 1, 1]
successive_runtimes: [0.00515214, 0.00610111, 0.00697791, 0.00794168, 0.00885381, 0.0103558, 0.0116264, 0.0845682, 0.190298, 0.259276, 0.32418, 0.393694, 0.435289, 0.477056, 0.519376, 0.562045, 0.606432]
num_agents: 30
time_individual_plan: 0.00332124
time_first_plan: 0.00124382
num_max_agents_in_window_first_iteration: 2
num_recWAMPF: 17
timing_recWAMPF:
    total_RecWAMPF: 0.60252
    num_windows: 192
    num_max_agents_in_window: 4
    timing_gari:
        total_GARI: 0.526214
        time_path_btw_starts: 0.000866456
        Stage1:
            total_Stage1:0.178563
            time_add_x_to_o: 0.106923
            time_clear_x: 0.0213411
            timing_AStarSearchUntil:
                total_astar_search_until:0.0502856
                num_values_f_less_fmax:680
                ASU Exp:
                    total_ASUExp:0.0502807
                    time_top_o:0.000592502
                    time_check_in_c:0.0104794
                    time_add_parent:0.000266252
                    num_neighbors:83885
                    time_add_neighbors_to_o:0.0373612
        Stage2:
            total_Stage2:0.0180938
            num_len_path:174
            time_expanding_s:0.000568687
            timing_AStarSearchUntil:
                total_astar_search_until:0.0174506
                num_values_f_less_fmax:615
                ASU Exp:
                    total_ASUExp:0.0174467
                    time_top_o:0.000180823
                    time_check_in_c:0.000115903
                    time_add_parent:0.000188165
                    num_neighbors:37747
                    time_add_neighbors_to_o:0.0161808
        Stage3:
            total_Stage3:0.328371
            num_until_goal_expanded:599
            timing_S3Exp:
                total_S3Exp: 0.0296379
                time_top_o: 0.000152184
                time_check_in_c: 9.6221e-05
                time_add_parent: 0.000190833
                num_neighbors: 31470
                time_add_neighbors_to_o: 0.0237417
    timing_PIOW_overlapping:
        total_PIOW: 0.0714937
        num_windows: 571
        time_check_overlap: 2.4324e-05
        num_overlapping_windows: 2
        time_merge_windows: 2.073e-06
        time_remove_window: 6.37e-07
        time_remove_window: 1.975e-06
        timing_PlanIn:
            total_PlanIn:0.0714474
            num_until_goal_expanded:223
            timing_expansions:
                total_S3Exp: 0.0714425
                time_top_o: 8.4723e-05
                time_check_in_c: 4.605e-05
                time_add_parent: 7.1218e-05
                num_neighbors: 126733
                time_add_neighbors_to_o: 0.0676609
    num_new_collisions: 7
    timing_PIOW_new_collisions:
        total_PIOW: 0.000589205
        num_windows: 42
        time_check_overlap: 1.533e-06
        num_overlapping_windows: 0
        time_merge_windows: 0
        time_remove_window: 0
        time_remove_window: 8.12e-06
        timing_PlanIn:
            total_PlanIn:0.000572567
            num_until_goal_expanded:48
            timing_expansions:
                total_S3Exp: 0.000561585
                time_top_o: 7.088e-06
                time_check_in_c: 8.332e-06
                time_add_parent: 1.3196e-05
                num_neighbors: 860
                time_add_neighbors_to_o: 0.00044156
    num_windows_should_quit: 0
    time_should_quit: 9.889e-06
    time_remove_window: 0
Complete!
