Total time: 0.0151243
is_optimal: true
optimality_bound: 1
successive_bounds: [1.00116, 1.00116, 1.00116, 1.00116, 1.00116, 1.00116, 1.00116, 1.00116, 1.00116, 1.00116, 1.00116, 1.00116, 1.00116, 1.00116, 1.00116, 1.00116, 1.00116, 1.00116, 1, 1]
successive_runtimes: [0.004063, 0.00460522, 0.00511719, 0.00566733, 0.00618131, 0.00677889, 0.00730446, 0.00783395, 0.00836092, 0.00888581, 0.00943961, 0.0100342, 0.0107228, 0.0113787, 0.0120819, 0.0127623, 0.0134293, 0.0141026, 0.0151243]
num_agents: 30
time_individual_plan: 0.00291844
time_first_plan: 0.000594024
num_max_agents_in_window_first_iteration: 2
num_recWAMPF: 19
timing_recWAMPF:
    total_RecWAMPF: 0.0116523
    num_windows: 74
    num_max_agents_in_window: 2
    timing_gari:
        total_GARI: 0.00731913
        time_path_btw_starts: 0.000164808
        Stage1:
            total_Stage1:0.00282307
            time_add_x_to_o: 0.00140613
            time_clear_x: 0.000206348
            timing_AStarSearchUntil:
                total_astar_search_until:0.00120666
                num_values_f_less_fmax:599
                ASU Exp:
                    total_ASUExp:0.00120503
                    time_top_o:0.000130676
                    time_check_in_c:9.3493e-05
                    time_add_parent:3.8672e-05
                    num_neighbors:1935
                    time_add_neighbors_to_o:0.000737602
        Stage2:
            total_Stage2:0.00119622
            num_len_path:72
            time_expanding_s:3.2941e-05
            timing_AStarSearchUntil:
                total_astar_search_until:0.00114425
                num_values_f_less_fmax:90
                ASU Exp:
                    total_ASUExp:0.00114272
                    time_top_o:2.1629e-05
                    time_check_in_c:2.271e-05
                    time_add_parent:3.2653e-05
                    num_neighbors:2490
                    time_add_neighbors_to_o:0.000941182
        Stage3:
            total_Stage3:0.0031248
            num_until_goal_expanded:411
            timing_S3Exp:
                total_S3Exp: 0.00196963
                time_top_o: 8.2763e-05
                time_check_in_c: 5.3489e-05
                time_add_parent: 0.000109124
                num_neighbors: 3248
                time_add_neighbors_to_o: 0.00125207
    timing_PIOW_overlapping:
        total_PIOW: 4.499e-06
        num_windows: 72
        time_check_overlap: 2.166e-06
        num_overlapping_windows: 0
        time_merge_windows: 0
        time_remove_window: 0
        time_remove_window: 0
        timing_PlanIn:
            total_PlanIn:0
            num_until_goal_expanded:0
            timing_expansions:
                total_S3Exp: 0
                time_top_o: 0
                time_check_in_c: 0
                time_add_parent: 0
                num_neighbors: 0
                time_add_neighbors_to_o: 0
    num_new_collisions: 2
    timing_PIOW_new_collisions:
        total_PIOW: 0.000234585
        num_windows: 2
        time_check_overlap: 1.09e-07
        num_overlapping_windows: 0
        time_merge_windows: 0
        time_remove_window: 0
        time_remove_window: 6.75e-07
        timing_PlanIn:
            total_PlanIn:0.000231689
            num_until_goal_expanded:30
            timing_expansions:
                total_S3Exp: 0.000226641
                time_top_o: 4.07e-06
                time_check_in_c: 5.818e-06
                time_add_parent: 8.719e-06
                num_neighbors: 318
                time_add_neighbors_to_o: 0.000157891
    num_windows_should_quit: 0
    time_should_quit: 1.508e-06
    time_remove_window: 0
Complete!
