Total time: 0.0174561
is_optimal: true
optimality_bound: 1
successive_bounds: [1.00325, 1.00325, 1.00325, 1.00325, 1.00163, 1.00163, 1.00163, 1.00163, 1.00163, 1.00163, 1, 1]
successive_runtimes: [0.0036533, 0.00397963, 0.00429814, 0.00462121, 0.00506653, 0.00539751, 0.00578878, 0.00612223, 0.00646548, 0.00682998, 0.0174561]
num_agents: 20
time_individual_plan: 0.00260253
time_first_plan: 0.000363223
num_max_agents_in_window_first_iteration: 2
num_recWAMPF: 11
timing_recWAMPF:
    total_RecWAMPF: 0.0141637
    num_windows: 42
    num_max_agents_in_window: 2
    timing_gari:
        total_GARI: 0.0130456
        time_path_btw_starts: 0.000108966
        Stage1:
            total_Stage1:0.000321946
            time_add_x_to_o: 0.000286242
            time_clear_x: 3.1342e-05
            timing_AStarSearchUntil:
                total_astar_search_until:1.943e-06
                num_values_f_less_fmax:0
                ASU Exp:
                    total_ASUExp:9.55e-07
                    time_top_o:0
                    time_check_in_c:0
                    time_add_parent:0
                    num_neighbors:0
                    time_add_neighbors_to_o:0
        Stage2:
            total_Stage2:0.0108509
            num_len_path:51
            time_expanding_s:2.2139e-05
            timing_AStarSearchUntil:
                total_astar_search_until:0.0108173
                num_values_f_less_fmax:740
                ASU Exp:
                    total_ASUExp:0.0108164
                    time_top_o:0.000251382
                    time_check_in_c:0.000161182
                    time_add_parent:0.000228483
                    num_neighbors:18949
                    time_add_neighbors_to_o:0.00938972
        Stage3:
            total_Stage3:0.0017567
            num_until_goal_expanded:84
            timing_S3Exp:
                total_S3Exp: 0.000792258
                time_top_o: 1.6944e-05
                time_check_in_c: 1.1714e-05
                time_add_parent: 1.8512e-05
                num_neighbors: 895
                time_add_neighbors_to_o: 0.000584349
    timing_PIOW_overlapping:
        total_PIOW: 3.115e-06
        num_windows: 40
        time_check_overlap: 1.441e-06
        num_overlapping_windows: 0
        time_merge_windows: 0
        time_remove_window: 0
        time_remove_window: 0
        timing_PlanIn:
            total_PlanIn:0
            num_until_goal_expanded:0
            timing_expansions:
                total_S3Exp: 0
                time_top_o: 0
                time_check_in_c: 0
                time_add_parent: 0
                num_neighbors: 0
                time_add_neighbors_to_o: 0
    num_new_collisions: 2
    timing_PIOW_new_collisions:
        total_PIOW: 0.000232033
        num_windows: 2
        time_check_overlap: 1.43e-07
        num_overlapping_windows: 0
        time_merge_windows: 0
        time_remove_window: 0
        time_remove_window: 7.49e-07
        timing_PlanIn:
            total_PlanIn:0.000228637
            num_until_goal_expanded:16
            timing_expansions:
                total_S3Exp: 0.000223261
                time_top_o: 3.462e-06
                time_check_in_c: 3.564e-06
                time_add_parent: 6.548e-06
                num_neighbors: 320
                time_add_neighbors_to_o: 0.000177375
    num_windows_should_quit: 0
    time_should_quit: 1.353e-06
    time_remove_window: 0
Complete!
