Total time: 0.331224
is_optimal: true
optimality_bound: 1
successive_bounds: [1.00477, 1.00477, 1.00477, 1.00404, 1.0033, 1.0033, 1.00257, 1.0022, 1.00147, 1.00147, 1.00147, 1.00147, 1.00073, 1.00073, 1.00073, 1.00073, 1.00073, 1.00073, 1.00073, 1.00073, 1.00073, 1.00073, 1.00073, 1.00073, 1.00073, 1.00073, 1, 1]
successive_runtimes: [0.0130005, 0.0159228, 0.019401, 0.0231447, 0.044056, 0.0659348, 0.0784691, 0.0931812, 0.106254, 0.121869, 0.139661, 0.155152, 0.168387, 0.182773, 0.193533, 0.207411, 0.218264, 0.227818, 0.237374, 0.247983, 0.257182, 0.267367, 0.281135, 0.292333, 0.303799, 0.315278, 0.331224]
num_agents: 40
time_individual_plan: 0.00986998
time_first_plan: 0.00244025
num_max_agents_in_window_first_iteration: 2
num_recWAMPF: 27
timing_recWAMPF:
    total_RecWAMPF: 0.32064
    num_windows: 325
    num_max_agents_in_window: 4
    timing_gari:
        total_GARI: 0.290471
        time_path_btw_starts: 0.00113312
        Stage1:
            total_Stage1:0.0711058
            time_add_x_to_o: 0.0419221
            time_clear_x: 0.00693126
            timing_AStarSearchUntil:
                total_astar_search_until:0.0222246
                num_values_f_less_fmax:10931
                ASU Exp:
                    total_ASUExp:0.0222141
                    time_top_o:0.00384605
                    time_check_in_c:0.00218036
                    time_add_parent:0.00132787
                    num_neighbors:21019
                    time_add_neighbors_to_o:0.0106591
        Stage2:
            total_Stage2:0.0163264
            num_len_path:281
            time_expanding_s:0.000208862
            timing_AStarSearchUntil:
                total_astar_search_until:0.0159094
                num_values_f_less_fmax:719
                ASU Exp:
                    total_ASUExp:0.0159012
                    time_top_o:0.000333268
                    time_check_in_c:0.000218526
                    time_add_parent:0.000319094
                    num_neighbors:25146
                    time_add_neighbors_to_o:0.0134422
        Stage3:
            total_Stage3:0.201812
            num_until_goal_expanded:5954
            timing_S3Exp:
                total_S3Exp: 0.0848955
                time_top_o: 0.00232732
                time_check_in_c: 0.00135811
                time_add_parent: 0.00261496
                num_neighbors: 85732
                time_add_neighbors_to_o: 0.0677339
    timing_PIOW_overlapping:
        total_PIOW: 0.00275616
        num_windows: 982
        time_check_overlap: 5.5826e-05
        num_overlapping_windows: 1
        time_merge_windows: 1.932e-06
        time_remove_window: 2.53e-07
        time_remove_window: 1.863e-06
        timing_PlanIn:
            total_PlanIn:0.0026568
            num_until_goal_expanded:52
            timing_expansions:
                total_S3Exp: 0.00265422
                time_top_o: 1.6491e-05
                time_check_in_c: 1.1784e-05
                time_add_parent: 1.8829e-05
                num_neighbors: 3723
                time_add_neighbors_to_o: 0.00238044
    num_new_collisions: 8
    timing_PIOW_new_collisions:
        total_PIOW: 0.0155468
        num_windows: 53
        time_check_overlap: 2.164e-06
        num_overlapping_windows: 1
        time_merge_windows: 0
        time_remove_window: 0.0296541
        time_remove_window: 2.737e-06
        timing_PlanIn:
            total_PlanIn:0.015526
            num_until_goal_expanded:209
            timing_expansions:
                total_S3Exp: 0.0155084
                time_top_o: 4.7211e-05
                time_check_in_c: 4.9975e-05
                time_add_parent: 7.5328e-05
                num_neighbors: 22767
                time_add_neighbors_to_o: 0.0141902
    num_windows_should_quit: 0
    time_should_quit: 2.508e-05
    time_remove_window: 0
Complete!
