Total time: 6.9635
is_optimal: false
optimality_bound: 1.0021
successive_bounds: [1.0042, 1.00315, 1.00315, 1.00315, 1.00315, 1.00315, 1.00315, 1.00315, 1.00315, 1.00315, 1.0021, 1.0021, 1.0021, 1.0021, 1.0021, 1.0021, 1.0021]
successive_runtimes: [0.00781536, 0.00939706, 0.0105759, 0.0116613, 0.0127747, 0.013998, 0.0152493, 0.0164306, 0.0176108, 0.0186815, 0.539182, 0.991227, 2.2198, 4.27612, 5.33065, 6.22947, 6.9635]
num_agents: 30
time_individual_plan: 0.00522713
time_first_plan: 0.00177564
num_max_agents_in_window_first_iteration: 2
num_recWAMPF: 17
timing_recWAMPF:
    total_RecWAMPF: 6.95745
    num_windows: 91
    num_max_agents_in_window: 3
    timing_gari:
        total_GARI: 6.43222
        time_path_btw_starts: 0.000301693
        Stage1:
            total_Stage1:1.29938
            time_add_x_to_o: 0.537739
            time_clear_x: 0.167804
            timing_AStarSearchUntil:
                total_astar_search_until:0.593832
                num_values_f_less_fmax:23374
                ASU Exp:
                    total_ASUExp:0.593828
                    time_top_o:0.0335962
                    time_check_in_c:0.0293678
                    time_add_parent:0.00434186
                    num_neighbors:766396
                    time_add_neighbors_to_o:0.506826
        Stage2:
            total_Stage2:0.00335378
            num_len_path:82
            time_expanding_s:6.2833e-05
            timing_AStarSearchUntil:
                total_astar_search_until:0.00324827
                num_values_f_less_fmax:155
                ASU Exp:
                    total_ASUExp:0.00324571
                    time_top_o:5.8417e-05
                    time_check_in_c:6.0103e-05
                    time_add_parent:6.6976e-05
                    num_neighbors:4629
                    time_add_neighbors_to_o:0.00279819
        Stage3:
            total_Stage3:5.12916
            num_until_goal_expanded:36794
            timing_S3Exp:
                total_S3Exp: 3.40392
                time_top_o: 0.0624175
                time_check_in_c: 0.0141985
                time_add_parent: 0.0266556
                num_neighbors: 4164268
                time_add_neighbors_to_o: 3.22462
    timing_PIOW_overlapping:
        total_PIOW: 0.520008
        num_windows: 164
        time_check_overlap: 8.656e-06
        num_overlapping_windows: 3
        time_merge_windows: 6.66e-06
        time_remove_window: 9.83e-07
        time_remove_window: 6.442e-06
        timing_PlanIn:
            total_PlanIn:0.519975
            num_until_goal_expanded:6351
            timing_expansions:
                total_S3Exp: 0.519963
                time_top_o: 0.00702376
                time_check_in_c: 0.00210051
                time_add_parent: 0.00368949
                num_neighbors: 678973
                time_add_neighbors_to_o: 0.469776
    num_new_collisions: 4
    timing_PIOW_new_collisions:
        total_PIOW: 0.00104537
        num_windows: 12
        time_check_overlap: 1.222e-06
        num_overlapping_windows: 0
        time_merge_windows: 0
        time_remove_window: 0
        time_remove_window: 2.897e-06
        timing_PlanIn:
            total_PlanIn:0.00101949
            num_until_goal_expanded:69
            timing_expansions:
                total_S3Exp: 0.00100417
                time_top_o: 1.7701e-05
                time_check_in_c: 2.2179e-05
                time_add_parent: 3.5245e-05
                num_neighbors: 856
                time_add_neighbors_to_o: 0.000726656
    num_windows_should_quit: 0
    time_should_quit: 5.251e-06
    time_remove_window: 0
Complete!
